10 0.04 4.5055 14.887278350515464 2.041070049641478 5.733938634940513 0.0
10 0.04 8.002 13.673187050359711 1.8 6.879540212209749 0.0
10 0.04 9.001 13.720496 1.8 6.35300875273523 0.0
10 0.06 5.5045 16.40648322147651 1.9740854027861903 7.521674876847291 0.0
10 0.08 5.5045 18.836844221105526 2.1224627124523066 7.837885419706254 0.0
10 0.1 5.005 20.55137305699482 2.1580331125827814 8.827855814914274 0.0
10 0.12 0.01 35.25876543209876 5.498543983822042 7.791865274768564 0.9496176052719083
10 0.16 3.5065 28.278677966101696 2.9122979552093473 8.257594654788418 0.32220414802765324
10 0.16 9.5005 21.96 1.8 9.0 0.0
10 0.18 3.5065 30.10369938650307 2.9687420679357968 8.602788369876073 0.2750326228795125
10 0.18 9.5005 23.58 1.8 9.0 0.0
10 0.22 1.5085 36.164822916666665 3.9594794188861986 6.795936739659367 0.8753030076313032
10 0.22 3.5065 33.5942213740458 3.1342340532395783 8.80465307079231 0.2522655899506502
10 0.22 9.5005 26.82 1.8 9.0 0.0
10 0.24 4.006 34.123624413145535 2.7776312968917467 8.932145910515816 0.0
10 0.26 2.008 38.7065878962536 3.840940975192472 6.989057683839718 0.8414026072889903
10 0.26 7.003 30.06 1.8 9.0 0.0
10 0.28 7.5025 32.30510247349823 1.9736395759717313 9.0 0.0
10 0.3 2.008 41.83483766233766 3.964619911721432 7.207663551401868 0.8481920029146551
10 0.3 7.003 33.74866652305041 1.9281904351572599 9.0 0.0
10 0.34 5.5045 37.93665470852018 2.2232286995515698 9.0 0.0
10 0.38 0.01 51.554419565217394 5.505608568646543 7.791356275303643 0.9497755009793581
10 0.4 3.5065 48.00761092150171 3.716364653243848 8.892554151624548 0.2979359730412802
10 0.4 9.5005 41.4 1.8 9.0 0.0
10 0.42 2.008 51.122934831460675 4.320994336060416 7.59337552742616 0.8583581201665674
10 0.42 2.5075 50.61711643835616 4.148440181726401 8.162462311557789 0.7943868739205526
10 0.42 7.003 43.7096889596603 2.037823779193206 9.0 0.0
10 0.44 6.004 46.44264904552129 2.443357558139535 8.949713371952692 0.0
10 0.44 8.5015 45.4154918699187 2.0769613821138213 9.0 0.0
10 0.46 5.005 48.61469205298013 2.6695786666666668 8.949896287389148 0.0
10 0.48 1.009 56.593591836734696 4.874288288288288 7.5358947368421045 0.9212334593572779
10 0.5 0.5095 58.298277074542895 5.165704274702173 7.674287995741283 0.9379740240407874
10 0.5 2.008 56.74909757473209 4.507660148347943 7.7036662011173185 0.8639428571428571
10 0.5 2.5075 56.387112122465865 4.356274509803922 7.922306295399515 0.8144813000890471
10 0.5 7.003 50.98736800422387 2.3949472016895457 9.0 0.0
10 0.54 6.004 54.66537338501292 2.6371188630490954 9.0 0.0
10 0.54 6.5035 54.382514736842104 2.514136842105263 9.0 0.0
10 0.54 8.5015 53.588611961722485 2.168961722488038 9.0 0.0
10 0.58 1.009 63.504798165137615 5.044437927663734 7.686030753192599 0.9212483462483462
10 0.6 5.005 61.75886977886978 3.73920365535248 8.937546370892195 0.0
10 0.62 5.5045 62.89555 3.584022894521668 8.942346674046146 0.0
10 0.64 5.005 65.1016 3.9848273059731816 8.92071639235087 0.0
10 0.68 3.5065 68.88444155844155 4.575438756855576 8.477687245377624 0.6975136116152448
10 0.68 9.5005 65.17778929577464 2.4861183098591546 9.0 0.0
10 0.7 6.004 69.25275862068966 4.033573180703189 8.924071796273518 0.0
10 0.7 6.5035 68.99057344064386 3.941447432762836 8.9200316668266 0.0
10 0.7 8.5015 67.79822245322245 3.1855092143549952 8.946704825248617 0.0
10 0.72 5.005 71.13225503355704 4.366403812824957 8.803825329566855 0.38903958944281497
10 0.74 5.5045 72.53106787330317 4.369468954248366 8.744371165644171 0.35046765393608703
10 0.76 1.5085 75.29469950738917 5.234372549019608 7.836569070544311 0.9071269363646495
10 0.76 10.0 71.98893650793651 2.990780423280423 8.948944708224843 0.0
10 0.8 5.5045 76.68387710314558 4.600413669064748 8.365791476407914 0.5887737478411051
10 0.84 7.5025 79.26526750629723 4.5621976919217255 8.583012259194396 0.4659724447292532
10 0.84 8.002 79.22817550274223 4.499489361702127 8.43768556005398 0.3998199495858838
10 0.84 9.001 79.05999374674309 4.32342886920271 8.82931899641577 0.09663956639566357
10 0.88 7.5025 82.07371853228054 4.781457753017642 8.2728184991274 0.6870046948356806
10 0.88 8.002 82.04758848614073 4.736632924880127 8.1932720232333 0.644323516858728
10 0.88 9.001 81.98364676198486 4.6335239697224555 8.323579545454546 0.5615101289134437
10 0.9 0.01 89.71518518518519 5.517966417910448 7.800707186544343 0.9496693341386079
10 0.9 3.007 83.96084019769357 5.388168853394181 7.924922552664189 0.8872556314685788
10 0.92 0.5095 87.27023376623376 5.611872871736662 7.905062737087832 0.9371744129066305
10 0.92 2.008 85.55796583442839 5.556580381471389 7.953834788448623 0.9109335755891625
10 0.92 2.5075 85.46246371681416 5.52066765578635 7.946376612681855 0.9038423815842612
10 0.92 7.003 84.85007605070047 5.113982655103403 7.889924535998368 0.8203406273579821
10 0.96 10.0 87.46036224098235 5.301504221028396 7.949120769741207 0.8627891660492302
10 0.98 2.008 89.6260834914611 5.7307375099127675 7.9914862092546155 0.922468251383914
10 0.98 7.003 88.76115286624204 5.603460721868364 7.980858044164037 0.9055105164691876
10 1.0 1.5085 90.73735678124167 5.782897009966777 8.004955223880597 0.9279140175597941
10 1.0 3.5065 90.0 5.812165605095541 8.06679731243001 0.923037495382342
10 1.02 2.008 92.32150256410256 5.877739791073124 8.080187637969095 0.925007874015748
10 1.02 2.5075 91.37983855421686 5.892623097582811 8.150942435048394 0.9232112416493895
10 1.02 7.003 91.34608624535316 6.031586489252815 8.33913560666138 0.9185624938923092
10 1.08 1.5085 96.35019957537155 5.976447457627119 8.268670469504169 0.9232112416493895
10 1.08 3.5065 95.33539214423696 6.227339246119734 8.433865489130435 0.9126421720215944
10 1.08 10.0 95.02347634478289 7.126196513470681 8.836083792289536 0.8550191370911621
10 1.12 3.5065 97.90004922279793 6.490096916299559 8.621462639109698 0.902748278678959
10 1.12 9.5005 97.21375641025641 7.652148288973383 8.910024832649535 0.759251769464105
10 1.16 4.006 100.28423354958295 6.855085388994307 8.766372301654052 0.8831779631317025
10 1.18 6.004 100.91331172069826 7.53640434192673 8.898619221411192 0.7836859182349123
10 1.18 6.5035 100.77051235955057 7.716232980332829 8.9134406647624 0.7460460155416729
10 1.22 5.5045 103.02956243550052 7.742158940397351 8.918622137590939 0.7294757344586916
10 1.24 7.5025 103.16690651558073 8.335022399203584 8.945594907785212 0.17244289970208504
10 1.24 8.002 103.00135418583257 8.431776960784314 8.946482355585525 0.0
10 1.24 9.001 102.70082070240295 8.576552478134111 8.948641069887834 0.0
10 1.26 3.007 106.60150778816198 7.134096848578017 8.836662093296747 0.8590886033141697
10 1.28 2.008 108.19885305591677 6.7258868501529046 8.716836561331974 0.8930574270131536
10 1.28 7.003 105.07555 8.474812164579607 8.947318013718116 0.0
10 1.3 4.006 107.86406735751295 7.707857142857143 8.915622943350376 0.7317399002092386
10 1.3 5.005 107.13346652267818 8.057243280496209 8.935521683624124 0.5363838664812237
10 1.34 6.5035 107.89301176470589 8.662518440463646 8.948882073301641 0.0
10 1.38 4.006 111.61178619425779 8.183095673369897 8.936579147640792 0.5137981330221701
10 1.38 5.005 110.66374542682927 8.407044129891757 8.946296117286934 0.0
10 1.4 7.5025 109.7876494486361 8.932412814274128 9.0 0.0
10 1.4 8.002 109.41369826435246 8.95184339786189 9.0 0.0
10 1.4 9.001 109.17033542523264 8.920481870229008 9.0 0.0
10 1.42 1.5085 117.15122357343311 6.84849609375 8.766208444382102 0.8837402343749999
10 1.42 3.5065 114.09752038834951 8.060080906148867 8.934623833058758 0.5604694092827003
10 1.44 2.008 117.44199266055045 7.268340573414422 8.861936713055004 0.8432226507384065
10 1.44 2.5075 116.67277513711151 7.597448004496908 8.902855977152182 0.7767015005359056
10 1.44 7.003 111.49128878990349 8.949813309244204 9.0 0.0
10 1.46 1.5085 119.46355555555554 6.92631329113924 8.785688568856886 0.87520964360587
10 1.46 10.0 111.54824619437939 8.977179434517698 9.0 0.0
10 1.48 0.01 135.27587654320988 5.542038327526132 7.831188395015808 0.9492648625612614
10 1.48 3.007 117.66245045045045 8.008639269406393 8.9339397542608 0.5821759839558784
10 1.5 9.5005 112.95425548589341 8.98711530284875 9.0 0.0
10 1.52 0.5095 126.8554739039666 6.181508620689655 8.336504777070063 0.9231793879056047
10 1.52 1.009 124.3098192893401 6.665254074784276 8.699205919509113 0.8981608212147134
10 1.56 0.01 141.3137142857143 5.541517615176152 7.828422591847925 0.9492324093816631
10 1.56 3.007 121.33798204667863 8.198798128823316 8.941238894373148 0.3640976726440287
10 1.6 7.5025 117.54761121209222 8.984935147105347 9.0 0.0
10 1.6 8.002 117.52482077542062 8.98639039725636 9.0 0.0
10 1.62 1.5085 128.41199128540305 7.371221653255303 8.878653076083 0.8247239457356188
10 1.62 10.0 117.9 9.0 9.0 0.0
10 1.64 0.01 147.53919444444443 5.53448395490026 7.814610389610389 0.9492014629686071
10 1.64 3.007 124.74775870858115 8.462062588904693 8.946482355585525 0.0
10 1.66 5.005 121.75150798258346 8.957644218551462 9.0 0.0
10 1.68 8.5015 121.0373113490364 8.988370778677087 9.0 0.0
10 1.7 4.006 124.87077191235059 8.79274671375319 8.94990381725278 0.0
10 1.76 5.5045 125.51570097629009 8.980601722532588 9.0 0.0
10 1.78 0.5095 143.0446081081081 6.438596858638744 8.562086179716237 0.9127245117034088
10 1.78 1.009 139.5061623931624 7.0918041237113405 8.829893855888956 0.8617649498216803
10 1.78 2.5075 132.0717451171875 8.425217391304347 8.94677120592744 0.0
10 1.82 5.5045 128.38848181365222 8.984261567516524 9.0 0.0
10 1.84 1.5085 139.77143300110743 7.850502463054187 8.92179156304256 0.7032757699839771
10 1.84 3.5065 131.32141621621622 8.79083093179635 8.949951954837548 0.0
10 1.84 9.5005 127.8 9.0 9.0 0.0
10 1.86 6.004 129.62590100250625 8.987793767622396 9.0 0.0
10 1.86 6.5035 129.28494441227562 8.98863019305546 9.0 0.0
10 1.86 8.5015 128.7 9.0 9.0 0.0
10 1.92 6.5035 131.4 9.0 9.0 0.0
10 1.92 9.5005 131.4 9.0 9.0 0.0
10 1.94 1.5085 144.38911155378486 7.973322563274098 8.929463794489822 0.621548592188919
10 1.94 10.0 132.3 9.0 9.0 0.0
10 1.96 3.5065 135.99788263473056 8.973994382899049 9.0 0.0
10 1.96 9.5005 133.2 9.0 9.0 0.0
10 2.0 6.004 135.0102731591449 8.989467930489731 9.0 0.0
10 2.0 6.5035 135.33676880222842 8.989184646831706 9.0 0.0
10 2.0 8.5015 135.0 8.989924434772096 9.0 0.0
12 0.0 2.008 15.765197095435685 2.627532849241831 5.15993993993994 0.0
12 0.0 7.003 11.0 1.83333333333 4.251089845826687 0.0
12 0.02 2.008 20.70121153846154 2.9040247287389334 5.836978552910677 0.37600149756645423
12 0.02 7.003 15.336530316742081 1.889727948392129 6.849548215079247 0.0
12 0.04 3.007 21.824070588235294 2.5849531835222983 5.90710635579687 0.0
12 0.06 4.006 23.92048623853211 2.4294085518088253 7.918110403397027 0.0
12 0.1 3.5065 30.986282894736842 2.8504392570251214 8.72610198789974 0.0
12 0.1 9.5005 23.1 1.83333333333 11.0 0.0
12 0.12 1.009 41.04344055944056 4.621622037552448 7.681457160725453 0.8879529411764705
12 0.14 4.006 35.75216239316239 2.808461089207765 10.851730273107375 0.0
12 0.16 7.5025 31.082970157987127 1.9767797932509497 11.0 0.0
12 0.18 7.5025 33.408021632251724 1.9609800065544474 11.0 0.0
12 0.18 8.002 32.78 1.83333333333 11.0 0.0
12 0.2 5.5045 35.8228328461334 1.9630901762770543 11.0 0.0
12 0.22 7.5025 37.62 1.83333333333 11.0 0.0
12 0.22 8.002 37.62 1.83333333333 11.0 0.0
12 0.24 10.0 40.04 1.83333333333 11.0 0.0
12 0.28 0.01 65.7217302631579 6.505205278592479 9.230010330578512 0.9497103373363104
12 0.34 4.006 56.58499840255591 2.878276729557314 10.949532172596518 0.0
12 0.36 5.5045 56.442622923238694 2.3235997195904665 11.0 0.0
12 0.38 0.5095 72.47575337837839 5.88888228299421 8.813313809416535 0.9357231006556113
12 0.38 1.009 71.10963157894737 5.438904407199274 8.610770303241548 0.9164435754750088
12 0.4 7.5025 59.988640627007584 1.9968446186131537 11.0 0.0
12 0.4 8.002 60.82059305501366 2.2279425152824532 11.0 0.0
12 0.42 8.5015 61.82 1.83333333333 11.0 0.0
12 0.44 5.5045 66.62449382716049 2.5430041152271974 11.0 0.0
12 0.46 1.5085 78.67388732394366 5.322438524587266 8.689755607633076 0.8921997283487484
12 0.46 3.5065 76.215824933687 4.481977370689295 10.873264390540644 0.375767790262172
12 0.46 9.5005 67.56324142480211 2.112111550867091 11.0 0.0
12 0.48 6.5035 70.95221282401091 2.4334015461560123 11.0 0.0
12 0.48 9.5005 69.08 1.83333333333 11.0 0.0
12 0.5 6.004 73.96059350132626 2.6535311671118236 11.0 0.0
12 0.5 8.5015 72.34978718876357 2.116595729590187 11.0 0.0
12 0.52 3.5065 82.68116814159292 4.660662957814989 10.847455610470437 0.4528233749179249
12 0.52 9.5005 74.86700527505651 2.1621546093978674 11.0 0.0
12 0.54 5.5045 79.42894982896237 2.952518053970924 11.0 0.0
12 0.58 9.5005 82.56152394366197 2.381557120498414 11.0 0.0
12 0.6 3.5065 91.57909926470587 4.970625558533818 9.90918287937743 0.6181672394043526
12 0.6 9.5005 84.26560747663552 2.1106697819336775 11.0 0.0
12 0.62 4.006 93.45172614107884 4.889736707564257 10.71199239675134 0.4401410816257975
12 0.64 3.5065 95.96424883359253 5.105009572433498 9.258026407227241 0.6428755088922218
12 0.64 9.5005 90.10549320843091 2.6043950039052883 11.0 0.0
12 0.68 7.5025 95.75219642857142 3.120935639883371 11.0 0.0
12 0.7 5.5045 101.32474768280123 4.818921920379952 10.762679766481561 0.0
12 0.72 3.5065 104.43281670533642 5.403253012046258 9.282588235294117 0.7513872315035799
12 0.72 9.5005 99.87320074349442 2.8769052044585046 11.0 0.0
12 0.74 4.006 106.2478577586207 5.345117322288138 8.950381277938469 0.7016824771791658
12 0.76 4.5055 108.16267336683417 5.309525129339821 9.472772630078403 0.6533485856905157
12 0.76 9.001 105.16175950668037 3.3623329907475035 10.949834457019023 0.0
12 0.78 7.003 109.52425123762376 4.915520769386483 10.746894457099469 0.022463343108503973
12 0.8 4.006 112.44533199195172 5.602135802471179 9.052847873107426 0.7684817335741074
12 0.82 7.003 113.93018250235184 5.167025929400382 9.452561071710008 0.37600149756645423
12 0.84 0.01 120.72077611940298 6.529107065453552 9.262654779593857 0.9497785277367644
12 0.86 0.5095 120.57594318181818 6.520656370656783 9.381375985977213 0.9395926207821391
12 0.86 1.009 119.8338431372549 6.449762808348141 9.403011026293468 0.9293621529985167
12 0.86 2.008 119.15211363636364 6.256641245630494 9.295467836257309 0.9059212011740799
12 0.86 2.5075 118.99381316348196 6.168534136549444 9.26967299578059 0.8928373947148459
12 0.88 0.01 125.19715789473685 6.530246913580852 9.305195424213537 0.9497406670285266
12 0.92 6.004 124.37348148148148 6.0241591928255955 9.231109865470852 0.852138041163946
12 0.92 8.5015 124.20461488673139 5.752332793958914 8.978418230563003 0.7842738804038312
12 0.94 2.008 126.99641448692152 6.53896631823539 9.521660135375846 0.9217952327327327
12 0.94 7.003 126.27810552763819 6.097473478505579 9.256062231759657 0.8643525677545373
12 0.96 4.5055 128.28871409395973 6.477263723825239 9.486251424230915 0.9088786835055491
12 1.0 7.5025 132.0 6.794206136429569 9.69900601621763 0.9295234470802147
12 1.0 8.002 132.0 6.804982964222672 9.709761663286004 0.9299028472893973
12 1.0 9.001 132.0 6.806968896711336 9.700992802184164 0.9301818029490616
12 1.04 2.008 136.82809230769232 6.947026759166433 9.755012502841554 0.9297225501770956
12 1.04 7.003 135.91864836601306 7.3773546725508945 9.927667984189723 0.9199009996155324
12 1.06 0.5095 140.2852156862745 6.749307116104896 9.617150635208711 0.9393022324192432
12 1.06 2.008 138.16043181818182 7.032145833333976 9.792301202278 0.9284800892550634
12 1.06 2.5075 137.99762985074628 7.0953135651007475 9.834712685218648 0.9267513404236617
12 1.08 7.5025 139.54354565701558 8.101004426287345 10.493865775888247 0.8917446089893478
12 1.08 8.002 139.51343850720951 8.177414714347334 10.563233752620544 0.8869344006512447
12 1.08 9.001 139.421521023766 8.338453434467903 10.65406807804068 0.8742303048596438
12 1.12 7.5025 142.87809503695883 8.779493017606592 10.794564279551338 0.838153039425131
12 1.14 4.006 145.2855355987055 8.042544934641374 10.465458627325209 0.8976668508626512
12 1.14 5.005 145.045747318236 8.317534435259006 10.667126023567006 0.8778616444379305
12 1.2 2.008 151.46225888324872 7.641728739915932 10.064702581369248 0.9134855956397612
12 1.2 7.003 148.84194508009153 9.617814757484297 10.920093009876306 0.6028830116750058
12 1.24 0.01 164.82 6.5571950171832745 9.292932692307692 0.9495367566912922
12 1.24 3.007 154.3104268846503 8.376881067958703 10.657057613168725 0.8733414393190971
12 1.26 5.005 154.1589882629108 9.471405335067743 10.9125 0.6599959200326396
12 1.3 1.5085 161.03893886966551 7.774710884352753 10.175717111770524 0.9091221374045801
12 1.3 10.0 153.40012960436562 10.823900236582542 11.0 0.0
12 1.32 5.005 158.14449870129872 9.8049999999978 10.935459262701363 0.4112681031437652
12 1.38 1.5085 168.08672391505078 8.023540609137527 10.439952956989247 0.8967476149176062
12 1.38 10.0 158.16987533016376 10.981157011708799 11.0 0.0
12 1.4 0.01 182.34350364963504 6.571203037571368 9.280378824672171 0.9494295770374416
12 1.4 3.007 166.5478241758242 9.31324311820242 10.889615206305054 0.7282849690251059
12 1.42 7.5025 162.03171737823212 10.944421101762927 10.949890261868255 0.0
12 1.42 8.002 161.92578714859437 10.788709504669924 11.0 0.0
12 1.42 9.001 160.6020754491018 10.986312720700226 11.0 0.0
12 1.46 4.5055 167.53011706349204 10.387660786453093 10.947616054310588 0.0
12 1.46 8.002 164.164940397351 10.81313384717273 11.0 0.0
12 1.46 9.001 163.43448801009677 10.817707337168919 11.0 0.0
12 1.48 1.009 178.3209209039548 7.8267484489535 10.2515940727436 0.9076876211575741
12 1.52 6.004 169.06052530120482 10.792844923428248 10.949933914088314 0.0
12 1.52 6.5035 168.20861715481172 10.809517889779578 10.94997899159664 0.0
12 1.52 8.5015 167.26200097181732 10.981360576166619 11.0 0.0
12 1.54 0.5095 186.47670466321244 7.330165289252991 9.911414766722029 0.9258420467185762
12 1.54 1.009 183.79697016861218 7.954964192707433 10.386340206185567 0.9007089241034195
12 1.54 2.5075 177.66516666666666 9.521913256383788 10.916317718531907 0.6331278890600923
12 1.56 1.009 185.66883441981747 8.013077613279759 10.419268292682927 0.8984833719088805
12 1.58 4.5055 174.76438465877044 10.617551193528902 10.949897793542958 0.0
12 1.6 0.01 204.51022556390978 6.579980506824212 9.327998176014592 0.949311152337216
12 1.62 4.5055 177.24558785465405 10.728271558253775 10.949935417980836 0.0
12 1.62 8.002 172.92 11.0 11.0 0.0
12 1.62 9.001 173.38486503527997 10.989585598418293 11.0 0.0
12 1.64 1.009 192.53558563535913 8.170536562206408 10.578370857576523 0.886757711645604
12 1.66 1.5085 191.15732 8.945387045812494 10.838841616708567 0.812075769534333
12 1.66 3.5065 181.78420973154363 10.49022320919973 10.949077299113963 0.0
12 1.66 10.0 175.56 11.0 11.0 0.0
12 1.68 5.5045 179.16496480092326 10.910450247134465 11.0 0.0
12 1.7 1.5085 194.10881278538812 9.065687285224682 10.861027265905111 0.7896643109540635
12 1.7 10.0 178.7504435328804 10.989120615149458 11.0 0.0
12 1.72 4.006 184.36241422594142 10.728805350561982 10.949959467979705 0.0
12 1.72 5.005 182.1727419519673 10.905128642968275 11.0 0.0
12 1.76 4.006 186.0326462633452 10.764095214351292 11.0 0.0
12 1.78 6.004 184.84746684502196 10.97983277672507 11.0 0.0
12 1.78 6.5035 184.12327029869581 10.988341167909473 11.0 0.0
12 1.78 8.5015 183.48 11.0 11.0 0.0
12 1.8 2.008 197.299202965709 9.878288987432894 10.936151547655532 0.38903958944281497
12 1.8 7.003 185.2089853372434 10.990717038718458 11.0 0.0
12 1.82 4.006 190.21559663449642 10.807137289268775 10.949996999879994 0.0
12 1.84 7.5025 187.44 11.0 11.0 0.0
12 1.84 8.002 187.81718082644628 10.99083495551193 11.0 0.0
12 1.84 9.001 187.44 11.0 11.0 0.0
12 1.86 5.5045 190.1149982174688 10.96211356609535 11.0 0.0
12 1.88 3.5065 194.4402896355892 10.923811482888402 11.0 0.0
12 1.88 9.5005 190.08 11.0 11.0 0.0
12 1.94 4.5055 196.38732455395072 10.952466917626815 11.0 0.0
12 1.94 9.001 194.04 11.0 11.0 0.0
12 1.96 7.5025 195.36 10.99149651533998 11.0 0.0
12 1.98 0.5095 226.41787213114753 7.851823826151479 10.284678111587983 0.9077744577246569
12 1.98 2.008 208.82536043360432 10.295419450612865 10.945386329379383 0.0
12 1.98 2.5075 204.7330009082652 10.609437663491809 10.949667814217552 0.0
12 2.0 5.5045 198.90436757174606 10.98754781542994 11.0 0.0
14 0.04 5.005 25.09951724137931 2.2508451561523484 8.685721393034825 0.0
14 0.06 10.0 23.14 1.85714285714 13.0 0.0
14 0.08 2.008 40.88722857142857 3.7959706959708974 7.564186046511628 0.6896853472351516
14 0.08 7.003 26.52 1.85714285714 13.0 0.0
14 0.1 7.5025 30.960834214545883 1.983094291394152 12.932856624904323 0.0
14 0.1 8.002 29.9 1.85714285714 13.0 0.0
14 0.12 6.5035 33.985289338892194 1.9716378796897245 13.0 0.0
14 0.14 1.5085 55.11274452554744 4.684803207000781 8.331762652705061 0.8404155495978551
14 0.14 10.0 36.66 1.85714285714 13.0 0.0
14 0.16 0.01 73.63609103840683 7.543968658893007 10.75161207778915 0.9496236965392172
14 0.18 0.01 76.19470409711684 7.524256559767249 10.765527215356297 0.9496556515435268
14 0.2 4.006 51.15771653543307 2.5997483221496456 12.949134800256356 0.0
14 0.22 0.01 81.37666108786611 7.535499462943782 10.748511335700629 0.9496510890251638
14 0.24 4.5055 57.72949019607843 2.5748179271723646 12.949872176606815 0.0
14 0.28 0.5095 84.34721666666667 6.52687033501182 9.890463276836158 0.9314932796251387
14 0.28 1.009 81.29853125 5.849642857140375 9.384955312810327 0.9077795606706136
14 0.28 2.5075 76.76146666666668 4.785341716149295 10.9025 0.751090203106332
14 0.32 4.006 73.1976732863549 3.1322855331125288 12.949823885359907 0.0
14 0.34 1.5085 88.66043333333333 5.586374407584666 9.355226293103447 0.8807455638236977
14 0.34 10.0 70.46 1.85714285714 13.0 0.0
14 0.36 4.006 80.17205405405406 3.202352437981063 12.9496526099565 0.0
14 0.38 6.004 79.52340610545791 2.387881591117092 13.0 0.0
14 0.38 6.5035 77.22 1.85714285714 13.0 0.0
14 0.38 8.5015 77.22 1.85714285714 13.0 0.0
14 0.4 0.01 104.5511859443631 7.520819047619464 10.756374606505771 0.9497482437362438
14 0.42 5.5045 86.01801476793248 2.3591169379115886 13.0 0.0
14 0.44 4.006 94.47115844155844 3.6111664820989375 12.94969819520734 0.0
14 0.46 7.5025 92.63441949910555 2.3583120367975754 13.0 0.0
14 0.46 8.002 91.27951331719129 1.9998712479341993 13.0 0.0
14 0.46 9.001 90.98384402764067 1.9216518591626317 13.0 0.0
14 0.5 5.5045 101.71566446181599 3.0616184176629453 13.0 0.0
14 0.52 7.5025 102.88054520166898 2.4525432147814867 13.0 0.0
14 0.54 4.006 115.376866807611 5.092372965959719 12.893827239138744 0.045964510589581724
14 0.56 4.006 118.69431683168318 5.2459039096600035 12.80925841153582 0.2454956994114981
14 0.6 7.5025 117.32581081081081 2.902075289573331 13.0 0.0
14 0.64 7.5025 123.6356114832536 2.839528366368495 13.0 0.0
14 0.66 0.5095 137.77548529411766 7.16790920449973 10.568158284023669 0.9391848500328395
14 0.66 2.008 135.7405267665953 6.337475640830208 9.956443755535872 0.870547572815534
14 0.66 2.5075 135.3678923076923 6.151815126052829 9.956294830571357 0.8337290502793295
14 0.68 0.01 141.3532442159383 7.557534013606593 10.779738058551617 0.9498284166164961
14 0.7 4.006 139.93638138138138 5.808936775322239 10.01695957820738 0.6114012590347399
14 0.72 7.5025 138.4028811188811 3.753289567577617 12.949649568001933 0.0
14 0.74 7.003 142.17012201154162 4.114980567662174 12.949150318821125 0.0
14 0.76 3.007 149.36029113924053 6.379037846479457 10.17718078381795 0.8513036420817692
14 0.78 4.5055 151.4785409252669 6.0775829606981855 10.150225835591689 0.6799731182795697
14 0.8 10.0 151.13810404624277 3.9557886044582404 12.948907145703688 0.0
14 0.82 4.5055 157.30297788697789 6.281161585969244 10.04661266568483 0.7626121635094715
14 0.84 0.5095 162.23281720430109 7.435735800342949 10.767715709415159 0.9411143301300169
14 0.84 1.009 161.71659649122807 7.307413344015383 10.714289940828403 0.9319241922966957
14 0.86 6.004 162.6770906122449 6.252550607284822 10.018609406952965 0.7139694525484811
14 0.86 6.5035 162.59791362126245 6.1570955534553145 10.182781026640676 0.6855283018867924
14 0.86 8.5015 162.3167 5.892467292187621 10.46130895091434 0.4327093260721577
14 0.88 0.5095 167.78246153846155 7.57142857143 11.0 1.0
14 0.88 1.009 167.13418181818182 7.414862466724117 10.776887637573585 0.9339606941912988
14 0.9 3.5065 168.82897356143081 6.9983309239058675 10.5749625748503 0.8916953668204561
14 0.9 9.5005 168.08005546751187 6.1119877745098234 9.98172504169645 0.6324807056229326
14 0.92 5.5045 171.33718218623483 6.863353201304708 10.466980286738352 0.8692989335006273
14 0.96 3.007 176.93351658767773 7.507092555332133 10.85301446051168 0.9247777226158775
14 1.0 0.01 186.9553633217993 7.546727574751765 10.771352583586626 0.9498117980065645
14 1.0 3.007 182.0 7.785408420295799 10.948047740835465 0.935982331476858
14 1.02 5.5045 184.7556440329218 8.070066225166965 11.189584457636265 0.9323524636739995
14 1.06 6.004 190.0347673076923 8.748500624742267 11.748022973271482 0.9198933000096126
14 1.06 6.5035 190.02244444444443 8.821913236928825 11.776030502885408 0.9171043469611061
14 1.06 8.5015 189.88976149068324 9.179821428572438 11.913707077785563 0.9057189727344722
14 1.08 0.01 199.53737931034485 7.54999140450504 10.7799699172725 0.9497436979857676
14 1.08 3.007 192.9280425531915 8.400764396125075 11.53521754025351 0.927801602772363
14 1.1 2.008 195.7518133802817 8.290252626868151 11.441413738019168 0.9299823559065703
14 1.1 2.5075 195.60583601286174 8.442659947413402 11.545342237061769 0.9274180202935156
14 1.1 7.003 194.7666628830874 9.641167247389582 12.271547202797203 0.8806858042809077
14 1.12 0.01 205.084 7.561863962232397 10.800371655104064 0.9497558181598938
14 1.14 1.5085 201.38286250000002 8.33603552531796 11.498813496477567 0.929876304274655
14 1.14 10.0 198.06711278195488 11.263627062278728 12.906919468334637 0.5838451935081147
14 1.16 4.5055 202.41202992518703 9.68143796992844 12.312133718530747 0.8777899985335093
14 1.22 7.003 206.95698895705522 11.4464396973957 12.919843216467081 0.4771957340025092
14 1.24 1.009 215.15690395480226 8.38344671201581 11.491941923774954 0.9289374946704186
14 1.26 1.5085 216.90095833333334 8.820158730157722 11.78843661401377 0.9178560867422375
14 1.26 3.5065 214.1650163934426 10.205953711110995 12.67712127082526 0.8338119453584604
14 1.26 9.5005 208.4560213385063 12.34149705797486 12.949775500979358 0.0
14 1.3 8.002 213.08766272189348 12.229833700669257 12.948645817285472 0.0
14 1.3 9.001 211.97233308877475 12.556454472737562 12.949667814217552 0.0
14 1.32 1.5085 224.29974 9.05577949022044 11.895541501976284 0.9097617758527341
14 1.32 3.5065 220.2717956577267 10.687398573893606 12.83577692383486 0.7608065442020665
14 1.32 10.0 213.06488888888887 12.819397137394109 13.0 0.0
14 1.36 4.006 223.23226424870467 11.263057025274025 12.909221132897603 0.5612792840221109
14 1.38 4.5055 223.91029812206574 11.74093971325289 12.935794907353904 0.22587087784486728
14 1.38 8.002 219.1444034883721 12.706699637869423 13.0 0.0
14 1.38 9.001 217.6425478114478 12.974769524205634 13.0 0.0
14 1.4 1.009 235.5866909975669 8.819064872324788 11.769356846473029 0.918162623981145
14 1.42 0.01 249.38333333333333 7.577120359956548 10.788034398034398 0.9495077100184798
14 1.44 5.5045 226.72085769478429 12.377631033065425 12.949837476674894 0.0
14 1.46 0.01 255.12511111111112 7.567743506494861 10.801613680154142 0.9495015906680806
14 1.46 3.007 234.752202342918 11.223589375459236 12.902183226715183 0.5866319444444442
14 1.48 9.5005 225.68 12.992719322384142 13.0 0.0
14 1.54 6.004 234.58222939866369 12.795824289007092 13.0 0.0
14 1.54 6.5035 233.8278411464659 12.853943679479947 13.0 0.0
14 1.54 8.5015 232.71457349049794 12.913038714363976 13.0 0.0
14 1.56 3.5065 242.27975213675214 11.967153361334683 12.944235144539615 0.0
14 1.56 9.5005 232.96 13.0 13.0 0.0
14 1.6 0.5095 264.03539295392955 8.558338948788228 11.627233676975944 0.9272151622341587
14 1.6 1.009 259.98267558528426 9.410477280155124 11.991232174688056 0.8947258716523496
14 1.62 0.01 279.26176086956525 7.584381826126633 10.792611940298507 0.9494510493752274
14 1.62 3.007 249.063447042641 11.982370584309308 12.943073297356376 0.0
14 1.64 3.5065 248.37281415929203 12.281491879976393 12.948855406898245 0.0
14 1.64 9.5005 240.85463305322128 12.987225709529941 13.0 0.0
14 1.66 7.5025 243.32347249038006 12.844004855670613 13.0 0.0
14 1.66 8.002 242.78380126364158 12.849583886976987 13.0 0.0
14 1.66 9.001 243.35150826901875 12.84637932923486 13.0 0.0
14 1.68 4.006 249.96617871222077 12.673245556289006 12.949884234897915 0.0
14 1.7 4.5055 250.58227748691098 12.689740959227235 12.94997598895492 0.0
14 1.7 8.002 246.93606997330335 12.848060963675703 13.0 0.0
14 1.7 9.001 245.7 13.0 13.0 0.0
14 1.72 1.5085 268.8858054054054 10.594305555533847 12.802453478724665 0.7775360384410036
14 1.72 10.0 247.52 13.0 13.0 0.0
14 1.74 0.5095 282.06276300578037 8.761964534769783 11.743747126436782 0.9214561734213006
14 1.74 2.008 266.09239089968975 11.351972789121238 12.91609866599547 0.5189898989898988
14 1.74 2.5075 262.2197318573186 11.91127404601564 12.94080059671805 0.0
14 1.74 7.003 250.84084720327422 12.846803719495034 13.0 0.0
14 1.76 10.0 251.16 13.0 13.0 0.0
14 1.78 5.5045 255.0838203125 12.987698904728692 13.0 0.0
14 1.8 4.5055 257.8152315943442 12.962067866803977 13.0 0.0
14 1.82 7.003 257.6737682458387 12.905515872987527 13.0 0.0
14 1.84 0.01 311.32 7.71428571429 11.0 1.0
14 1.88 7.5025 262.08 13.0 13.0 0.0
14 1.9 0.5095 301.717 9.006907613344877 11.855189741812511 0.9141053391053391
14 1.9 2.008 280.023303650935 11.698808305317437 12.93955757026292 0.0862390350877189
14 1.9 2.5075 275.4156703470032 12.272472039654334 12.949091297840496 0.0
14 1.94 3.007 275.3868424842484 12.77777619046508 12.949920374988732 0.0
14 1.98 6.004 271.8669669895946 12.991422910660251 13.0 0.0
14 1.98 6.5035 271.85897419830445 12.991468396156248 13.0 0.0
14 1.98 8.5015 271.18 13.0 13.0 0.0
14 2.0 4.006 274.9554670066943 12.989672074257333 13.0 0.0
16 0.04 3.5065 34.182729411764704 2.7924672067901235 9.196450939457202 0.0
16 0.04 9.5005 24.0 1.875 15.0 0.0
16 0.06 4.5055 37.666598130841116 2.51598113964687 11.774596598342782 0.0
16 0.1 0.01 85.47595435684647 8.5125 12.102798507462687 0.9495596646793572
16 0.14 4.5055 50.73939600665557 2.3496917808219178 14.93667071965955 0.0
16 0.14 8.002 46.5 1.875 15.0 0.0
16 0.14 9.001 46.5 1.875 15.0 0.0
16 0.16 0.5095 86.42408771929824 7.076643786127168 10.856845708267508 0.9248895899053627
16 0.16 1.009 80.0380579710145 6.050466160220994 9.873865374808771 0.8899432118330691
16 0.16 2.5075 71.58911627906976 4.523974288840263 9.812807606263982 0.6900316161428305
16 0.18 0.5095 90.69247272727273 7.141838103756708 10.897085700172882 0.9255970715593054
16 0.18 1.009 84.54491891891892 6.153125 10.0 1.0
16 0.2 1.5085 85.21304 5.592573051948052 9.670875232774673 0.8581893984514591
16 0.2 10.0 60.0 1.875 15.0 0.0
16 0.22 0.5095 98.25637837837839 7.217670612813371 10.942040726954236 0.9275032622879512
16 0.22 1.009 93.11159259259259 6.30496115819209 10.327237569060774 0.8988775634024997
16 0.24 3.007 89.07533944954129 4.733302364864865 14.846909157711032 0.388366972477064
16 0.26 4.006 79.16992752293578 2.8327580275229356 15.0 0.0
16 0.28 6.004 78.72 2.0 15.0 0.0
16 0.28 6.5035 79.36675517860056 2.1122838851737074 15.0 0.0
16 0.28 8.5015 79.09156097560975 2.064507113821138 15.0 0.0
16 0.3 4.006 88.88005917159764 3.0142962806424345 15.0 0.0
16 0.32 1.5085 111.10227096774193 6.093424227799228 10.279241765071472 0.8758325262608955
16 0.32 10.0 87.0 1.875 15.0 0.0
16 0.34 4.5055 97.9649254658385 3.099417701863354 15.0 0.0
16 0.34 9.001 91.5 1.875 15.0 0.0
16 0.36 1.5085 119.54772413793104 6.248637629276054 10.42010498687664 0.8795997977317055
16 0.36 10.0 96.0 1.875 15.0 0.0
16 0.4 0.5095 132.9676530612245 7.602709125475285 11.437869003690036 0.934327593679814
16 0.4 1.009 129.73397959183674 6.883798363095238 10.7907463592233 0.9126375930391026
16 0.42 4.006 117.41239252336449 3.5802570093457944 15.0 0.0
16 0.44 10.0 114.45735488837568 1.9770881447267128 15.0 0.0
16 0.46 0.01 147.60723772102162 8.53510397830018 12.118278894472361 0.9497876058205043
16 0.5 4.006 137.90927051671733 4.435259433962264 14.947311352069041 0.0
16 0.56 1.5085 159.56971186440677 6.962807950727884 10.934447746409113 0.8959028168134407
16 0.56 10.0 142.21000811508668 2.2187523054223535 15.0 0.0
16 0.6 0.01 171.52548551959114 8.533006108202443 12.138801452784504 0.9498374766748932
16 0.62 4.5055 166.87725827814572 5.7797820512820515 14.856356114797897 0.01144721233689162
16 0.64 0.01 178.7166075949367 8.574635736196319 12.103463203463203 0.9498269062885698
16 0.66 6.004 169.25360368011323 3.9902954706298654 15.0 0.0
16 0.66 6.5035 168.55236565656566 3.732487373737374 15.0 0.0
16 0.66 8.5015 166.57271064814816 3.0046730324074074 15.0 0.0
16 0.68 0.5095 184.31864503042596 8.099090608465609 11.857897371714643 0.9402166505254851
16 0.68 1.009 183.37610152284265 7.722084330143541 11.596808111152836 0.9265479705610153
16 0.68 2.5075 181.2405 6.8821822308690015 10.998901355773725 0.8412213013241878
16 0.7 7.003 177.27820116054158 3.865917150225661 15.0 0.0
16 0.72 0.01 192.44573333333332 8.559196993670886 12.121023427866831 0.9498646372277704
16 0.74 4.5055 191.34676879432624 6.47207266566265 11.243563579277865 0.608019755409219
16 0.76 5.005 195.01270234113713 6.458846324180691 10.946527561507319 0.5544774124565622
16 0.8 4.5055 203.05917525773197 6.852469512195122 11.241887304820095 0.7357799619530754
16 0.8 9.001 199.4163425925926 4.635167050691244 14.947671972622523 0.0
16 0.84 6.5035 210.17270666666667 6.652004977876106 10.939324894514767 0.6020296084049664
16 0.86 5.5045 214.30795348837208 7.009034017971759 11.110624999999999 0.7686103012633624
16 0.88 6.5035 217.99193086419754 7.027260147601476 10.996244225748143 0.7574650756693829
16 0.9 7.5025 221.67065747613998 7.0797076180257505 11.19114010989011 0.7716223622910385
16 0.92 4.006 225.91877695716394 7.875055066079295 11.798726680485638 0.900856581999881
16 0.96 5.005 233.03074796747967 8.184759810554803 11.940390946502058 0.9186777262747011
16 0.98 4.006 236.57476573426575 8.512913763066202 12.242642140468227 0.9328836628679579
16 0.98 5.005 236.55878780177892 8.472287436548223 12.155520898315658 0.9308078711391564
16 1.0 1.009 240.85067379182155 8.723736149584488 12.408433179723502 0.9429563967417345
16 1.02 4.006 243.65576626506024 9.01317681895093 12.674690976514215 0.9374784304899092
16 1.06 5.5045 250.6429865470852 9.831032608695653 13.11355728854229 0.9244846178242943
16 1.08 1.009 255.47963636363636 8.979756493506493 12.657609046849757 0.940059699345465
16 1.1 8.5015 256.373710106383 11.452942176870748 14.331716118684843 0.8506808815624439
16 1.12 0.5095 263.68165 8.86875 12.543493690851735 0.9425671950379049
16 1.12 1.009 262.57224710424714 9.080851449275363 12.745426744509313 0.9383708031356308
16 1.12 2.5075 261.40362075134163 9.690242448330684 13.055395232120452 0.9269567885003067
16 1.14 8.002 261.9425135520685 12.18517228739003 14.739659481412058 0.7628486055776892
16 1.14 9.001 261.5826519524618 12.547333115183246 14.8178868006993 0.6876499250374811
16 1.18 2.008 271.85344855967077 9.881792534722223 13.236064718162838 0.9226696979538811
16 1.18 2.5075 271.5 10.25 14.0 1.0
16 1.18 7.003 267.6223036211699 12.539981343283582 14.841508178014454 0.6895119225037256
16 1.22 4.5055 275.14587483702735 11.839246849942725 14.613384365576433 0.8083371665133394
16 1.24 9.5005 272.5582087649402 14.189094311377245 14.948669541114874 0.0
16 1.26 7.5025 276.58103815028903 13.706888385502472 14.94256125719406 0.0
16 1.26 8.002 276.05299811320754 13.96418352601156 14.945787795992715 0.0
16 1.26 9.001 275.1399285714286 14.318870272063702 14.949013429594054 0.0
16 1.28 4.006 283.85439285714284 12.11476787620064 14.746702127659574 0.7586591369823341
16 1.3 0.01 301.86608333333334 8.564305124223603 12.142778793418646 0.9497224736048265
16 1.3 3.007 288.7842642140468 11.638663249211357 14.48637904468413 0.8350291992477481
16 1.32 7.5025 283.304657648283 14.19947421981004 14.948929063888464 0.0
16 1.32 8.002 282.9168449328449 14.231934006575857 14.949240140094412 0.0
16 1.32 9.001 281.4601643835616 14.574468174204355 14.949972985952696 0.0
16 1.34 0.5095 302.5835714285714 9.26791801948052 12.815612020522844 0.9373444607345588
16 1.34 2.008 297.1188990042674 10.947420360110803 13.932245068074465 0.8830632147618045
16 1.34 2.5075 295.4141612149533 11.474020467836258 14.316365873666939 0.8475532790633861
16 1.34 7.003 286.04611370558376 14.325256849315068 14.948908711912207 0.0
16 1.36 1.5085 302.2110949913644 10.544305555555555 13.738710417622762 0.9045308740978347
16 1.36 10.0 285.7601692650334 14.613109894259818 15.0 0.0
16 1.38 0.01 316.71116981132076 8.578110859728506 12.18631156930126 0.949693640397211
16 1.38 3.007 299.4423495934959 12.296767563527654 14.770868847951608 0.7458523940225678
16 1.4 9.5005 289.95330798479085 14.752376397881106 15.0 0.0
16 1.42 1.009 313.86817292006526 10.099773361227337 13.475505532239604 0.9182950144614932
16 1.44 4.006 303.19716198704106 13.565677405119153 14.93130409694172 0.11439957492029718
16 1.5 0.5095 330.44991007194244 9.526802694136292 12.932233363719234 0.93229475565666
16 1.5 2.008 319.8118700265252 11.84577489481066 14.607465850211964 0.8090617481956696
16 1.5 2.5075 316.86520314547835 12.54596717877095 14.8341592039801 0.684755059580102
16 1.5 7.003 302.47887041284406 14.859534370128424 15.0 0.0
16 1.54 5.5045 310.3368957446808 14.60782215698393 14.949802728669097 0.0
16 1.56 7.5025 308.7213189901207 14.920994501327266 15.0 0.0
16 1.58 5.005 316.0054466403162 14.439903492647058 14.949876699145916 0.0
16 1.6 6.004 315.43718320910165 14.848800616197183 15.0 0.0
16 1.6 6.5035 315.4844325481799 14.710157295850067 15.0 0.0
16 1.64 7.5025 319.1158787878788 14.959101393796624 15.0 0.0
16 1.66 0.01 370.4816 8.590017006802722 12.160228640192539 0.9495275876688268
16 1.66 3.007 332.0599334049409 13.821594616639478 14.943745781017956 0.0
16 1.68 10.0 321.6 15.0 15.0 0.0
16 1.7 3.007 337.0852526595745 14.120839148639218 14.946595533339742 0.0
16 1.72 8.002 326.4 15.0 15.0 0.0
16 1.72 9.001 326.4 15.0 15.0 0.0
16 1.74 6.004 328.8 15.0 15.0 0.0
16 1.74 6.5035 328.8 15.0 15.0 0.0
16 1.74 8.5015 328.8 15.0 15.0 0.0
16 1.76 4.5055 335.41729904974846 14.711210668404394 15.0 0.0
16 1.82 4.5055 340.7620077837838 14.815440966266438 15.0 0.0
16 1.84 1.009 377.99096147403685 11.37925755033557 14.273452484742807 0.851492470818854
16 1.86 2.008 363.56485471898196 13.39157258064516 14.933281293783276 0.16831337325349266
16 1.86 7.003 345.68194325452015 14.8587819165499 15.0 0.0
16 1.9 6.004 349.70337971014493 14.863301561008479 15.0 0.0
16 1.9 6.5035 348.9 14.875 15.0 0.0
16 1.9 8.5015 348.0 15.0 15.0 0.0
16 1.92 0.5095 400.289721021611 10.264579722703639 13.58937212863706 0.913731884057971
16 1.92 2.008 370.6541655629139 13.6764125 14.93931549244493 0.0
16 1.92 2.5075 364.53687804878047 14.171677927927927 14.94876421764525 0.0
16 1.92 7.003 350.4 15.0 15.0 0.0
16 1.94 5.005 355.12887210031346 14.871011845090488 15.0 0.0
16 1.96 0.5095 406.68045714285716 10.288153120464441 13.642273795534665 0.9116558889006678
16 1.96 1.009 394.296291005291 11.816780634573304 14.587450495049504 0.81505770084332
16 1.96 2.5075 369.25909250243427 14.249356889414548 14.948910278024707 0.0
16 1.98 5.5045 360.16751060433296 14.832421316165952 15.0 0.0
18 0.0 4.006 17.942530094582974 1.9936144549537278 5.379717156680313 0.0
18 0.0 5.005 17.858607219827586 1.984289691092111 4.666333982473223 0.0
18 0.02 4.006 30.98203827751196 2.453151041662919 7.358094831268688 0.0
18 0.04 7.5025 28.56 1.88888888889 17.0 0.0
18 0.06 3.007 52.09228888888889 3.5191666666682 9.103491827637443 0.03211382113821096
18 0.1 0.5095 93.62176136363635 7.712314979280556 11.882693362589139 0.9197853498893059
18 0.1 1.009 82.58293478260869 6.290897777774869 10.587705592105262 0.8679737008871989
18 0.14 3.007 81.27025396825397 4.43818151732829 14.971232876712328 0.4256719503790487
18 0.16 6.004 63.24 1.88888888889 17.0 0.0
18 0.16 6.5035 63.24 1.88888888889 17.0 0.0
18 0.16 8.5015 63.24 1.88888888889 17.0 0.0
18 0.18 6.004 71.45287659574468 2.218546964190861 17.0 0.0
18 0.18 6.5035 70.4868034469649 2.087642743490302 17.0 0.0
18 0.18 8.5015 69.02 1.88888888889 17.0 0.0
18 0.2 4.5055 78.61893100097181 2.419295972353004 17.0 0.0
18 0.2 9.001 74.8 1.88888888889 17.0 0.0
18 0.22 6.004 81.30999130635482 1.9928762544665704 17.0 0.0
18 0.22 6.5035 81.25254207306993 1.9846926030015675 17.0 0.0
18 0.24 5.005 89.15332190847128 2.297269284861249 17.0 0.0
18 0.26 1.5085 123.78347540983607 6.418133233900865 10.88606334841629 0.8632395175186673
18 0.28 5.5045 101.1848947368421 2.3927306692618298 17.0 0.0
18 0.3 1.5085 134.91980392156864 6.6283088235331284 10.997071702244115 0.8690010217715947
18 0.32 4.5055 117.49043298969072 3.19778316824814 17.0 0.0
18 0.32 8.002 110.16 2.0 17.0 0.0
18 0.32 9.001 109.48 1.88888888889 17.0 0.0
18 0.34 3.007 140.3681323529412 5.745811685354834 16.622662440570522 0.5286481900452487
18 0.36 4.5055 128.09329055258468 3.113418498711482 17.0 0.0
18 0.36 9.001 121.04 1.88888888889 17.0 0.0
18 0.4 6.004 136.58883589329022 2.6275622024648757 17.0 0.0
18 0.4 6.5035 135.24409908110266 2.3785368668670808 17.0 0.0
18 0.4 8.5015 132.6 1.88888888889 17.0 0.0
18 0.44 4.5055 151.69370520741396 3.383671668133851 17.0 0.0
18 0.44 9.001 144.16 1.88888888889 17.0 0.0
18 0.46 1.009 179.38122222222222 7.792574613450474 11.99837037037037 0.9163681067790657
18 0.48 0.5095 187.43651351351352 8.616310794784383 12.829655756207675 0.9361368687255728
18 0.48 2.008 180.50900000000001 6.957638888889313 11.616586852416194 0.8499684940138625
18 0.48 2.5075 179.0531224489796 6.649335503122574 11.851308615049073 0.7793034957627117
18 0.52 0.5095 197.02074820143883 8.660505896961807 12.82853591160221 0.9372737194685935
18 0.52 1.009 194.16215238095236 7.974526100904308 12.309331084879146 0.9196073702488906
18 0.52 2.5075 189.54866666666666 6.844456239680725 11.629737470167065 0.7923374034388238
18 0.54 4.5055 190.21214404432132 5.868007501173378 16.923898452125474 0.0
18 0.56 4.5055 189.572206185567 4.555270224912109 16.94881614101895 0.0
18 0.56 8.002 182.22678476190478 2.744137566140125 17.0 0.0
18 0.56 9.001 181.74736395348836 2.623071705430126 17.0 0.0
18 0.58 0.5095 211.08 8.88888888889 13.0 1.0
18 0.58 2.008 206.03100383141762 7.366728138923642 11.848185731857319 0.8644518542615484
18 0.58 2.5075 204.92371535580526 7.072171602125322 11.781155778894473 0.8066024599675098
18 0.6 0.5095 215.7073611111111 8.840345019478502 12.92561475409836 0.9386407981445348
18 0.6 1.009 213.73858333333334 8.257605711145144 12.575032566217976 0.9231864687989676
18 0.6 2.5075 209.98882051282052 7.154082491580951 11.87744163104242 0.8207463970746396
18 0.64 0.5095 225.24055319148937 8.949816425121275 13.020014662756598 0.9395685279187816
18 0.64 1.009 223.52331964809386 8.395075555551605 12.69726603575184 0.9244024130267157
18 0.64 2.5075 220.23974436090228 7.357900383138183 11.98728307254623 0.8254581631584458
18 0.66 5.5045 215.48943321718932 4.421383404306019 17.0 0.0
18 0.68 6.004 221.85564757709253 4.775971934669827 16.947362935826174 0.0
18 0.68 6.5035 220.4066276303751 4.2724712818921615 16.948555466386814 0.0
18 0.68 8.5015 217.3810267591675 3.229523180264195 17.0 0.0
18 0.7 4.5055 232.96455357142858 6.836966007104624 11.960724233983287 0.4855864197530862
18 0.72 0.5095 243.55104237288137 9.110176991149341 13.201385542168675 0.9411288898308078
18 0.72 1.009 242.56867114093959 8.664985069938915 12.85224959828602 0.9295294067904105
18 0.76 3.5065 249.09555239786857 7.531284205169869 11.97734276332407 0.8008007649097645
18 0.76 9.5005 240.68283428571428 3.7605714285738228 17.0 0.0
18 0.78 4.006 253.73961111111112 7.504053354053678 12.077995795374912 0.7671556300642637
18 0.78 5.005 252.92403348554032 7.102483558323654 11.921875954781546 0.5975126780970779
18 0.8 3.007 259.3602669902912 7.990822949117433 12.422425742574257 0.8627213573840704
18 0.82 4.006 263.64376165803105 7.735233228514178 12.258410924891372 0.8141503122212309
18 0.82 5.005 263.1269710982659 7.4588888888856 11.99110583267353 0.719552414605418
18 0.94 4.006 292.54319205298015 8.925920165889803 13.184960098219767 0.9180298037672748
18 0.94 5.005 292.42130241935484 8.753959731546086 12.975371598445003 0.9084783921805502
18 0.96 1.5085 297.6679534883721 9.501635145784213 13.6519809244314 0.9398346689769691
18 0.96 3.5065 297.1442973621103 9.236253968251605 13.475552548488949 0.9303481131681224
18 0.98 1.5085 302.3296299559471 9.586459653574055 13.718027103687362 0.9422587909232635
18 1.0 6.5035 306.0 9.70617904336791 13.796077878103837 0.9427211492198776
18 1.0 9.5005 306.0 9.731746031748715 13.838746666666667 0.9428037062457103
18 1.02 1.5085 311.57889171974523 9.8230689797622 13.85337854810349 0.9430694083891241
18 1.04 4.006 315.2360415430267 10.300904392734768 14.257533512064343 0.9370153427556496
18 1.04 5.005 315.1877337367625 10.4646519050186 14.418259309107222 0.9347492463688681
18 1.08 9.5005 322.88336231884057 12.566744776454183 15.864939285103471 0.8699617695248497
18 1.1 5.5045 327.77886535552193 11.846287519762607 15.426362112321877 0.9035586159009373
18 1.12 6.004 331.42066 12.476348278083742 15.822465701219512 0.8763667383725242
18 1.12 6.5035 331.25952772808586 12.648950258433038 15.903267067344737 0.8658483580167418
18 1.12 8.5015 330.2790693069307 13.403488174198209 16.412513218188227 0.800895950304623
18 1.14 0.01 342.8974285714286 9.581832437280168 13.685072065888813 0.9498344570190224
18 1.14 3.007 337.17046938775513 11.351236820727244 14.946279271465741 0.9183270446415446
18 1.16 5.005 339.5381593495935 12.709526411686607 15.91447425670776 0.8615582689592158
18 1.18 8.5015 339.6839887850467 14.723909465048186 16.895169507516197 0.43901043419723973
18 1.2 4.006 347.8443115942029 12.6078172435122 15.895572916666666 0.8618451591511935
18 1.26 0.01 371.87816216216214 9.581912637832849 13.653576388888888 0.9497330880357089
18 1.28 1.5085 368.42805625 11.320445134543526 14.939165472779369 0.9190922330097087
18 1.32 0.01 386.4019449541284 9.583817340071501 13.672404463983767 0.9497391514128042
18 1.32 3.007 371.26033684210523 13.189753086400778 16.2499099909991 0.8159359469906129
18 1.34 6.004 366.1155438596491 15.703467887392671 16.94342114196483 0.0
18 1.34 8.5015 362.05109803921573 16.511157481728205 16.94993842549485 0.0
18 1.36 4.5055 372.81131275167786 14.98399629972408 16.908648944916415 0.3055416666666664
18 1.36 8.002 365.1350435497124 16.52193460492218 16.949992499024873 0.0
18 1.36 9.001 364.5528863035431 16.725947694153103 17.0 0.0
18 1.42 6.5035 375.98595021337127 16.864515515792554 16.94971640620286 0.0
18 1.42 9.5005 371.44091130945657 16.8753832814853 17.0 0.0
18 1.44 1.5085 400.0705476923077 12.28088260942595 15.75874188493396 0.8859986320109439
18 1.46 3.5065 391.5349908735333 14.8910686728504 16.904569138276553 0.35524177949709834
18 1.46 9.5005 377.9226058960434 16.879030025565758 17.0 0.0
18 1.5 6.004 387.4277267818575 16.66819855361635 17.0 0.0
18 1.5 6.5035 386.2711498111624 16.977874684722774 17.0 0.0
18 1.5 8.5015 384.6100047080979 16.76385589470946 17.0 0.0
18 1.52 2.008 411.05813745704467 13.403091449966158 16.45956549935149 0.7958976242958608
18 1.52 2.5075 406.49902893890675 14.209539842852221 16.807184173993523 0.6404099244875943
18 1.58 1.5085 426.24057404021937 12.928419123778605 15.98885524630255 0.842867917413029
18 1.58 3.5065 408.5341633165829 15.631499687926986 16.943444180522565 0.0
18 1.62 3.5065 414.21470726495727 15.69911042685414 16.94573307719858 0.0
18 1.62 9.5005 400.86 17.0 17.0 0.0
18 1.66 1.009 447.07599304347826 12.233375986327696 15.709321031464395 0.8870187093275488
18 1.68 4.5055 418.16473851590104 16.57562001533797 16.949975988954918 0.0
18 1.68 9.001 410.04 17.0 17.0 0.0
18 1.7 5.005 420.0844527896996 16.752561425829633 17.0 0.0
18 1.72 0.01 482.50927102803735 9.601063164481788 13.683175994605529 0.9495046505286757
18 1.72 3.007 431.739240188383 15.915735509529247 16.945856479225547 0.0
18 1.74 5.5045 422.67101903171954 16.860402673106986 17.0 0.0
18 1.76 3.007 437.6397062937063 16.142461612849978 16.94778835912537 0.0
18 1.78 2.008 451.78864713715046 14.861518584788246 16.897440157528766 0.3987373737373735
18 1.8 4.006 434.48247482014386 16.718678513100027 17.0 0.0
18 1.8 5.005 429.909874536416 16.98872037465767 17.0 0.0
18 1.84 6.5035 434.52 17.0 17.0 0.0
18 1.88 0.5095 501.33903797468355 11.47687849718374 14.990020052444855 0.9165356302268516
18 1.88 1.009 487.859197301855 13.02167176350446 15.993217221981826 0.8386075336496561
18 1.88 2.5075 459.9169314009662 15.852942143341465 16.94660237721462 0.0
18 1.9 5.5045 444.6 16.8888888889 17.0 0.0
18 1.92 6.004 448.9597647058824 16.88227570856681 17.0 0.0
18 1.92 8.5015 446.76 17.0 17.0 0.0
18 1.94 3.5065 458.6588346303502 16.687661530174516 17.0 0.0
18 1.94 9.5005 449.82 17.0 17.0 0.0
18 1.96 6.004 452.88 17.0 17.0 0.0
18 1.96 6.5035 453.84 16.8888888889 17.0 0.0
18 1.96 8.5015 452.88 17.0 17.0 0.0
18 1.98 4.006 456.6872604730693 16.992962878519897 17.0 0.0
18 2.0 4.5055 462.26899122807015 16.875326905094038 17.0 0.0
20 0.0 1.5085 44.094047619047615 4.409404761904762 8.342429022082019 0.44774685222001304
20 0.02 1.5085 55.819499999999984 4.798349788434415 8.882106567534077 0.6233446327683614
20 0.04 0.01 116.62182035928143 10.557118320610687 14.933525143857894 0.9495856019358742
20 0.06 5.005 40.66 1.9 19.0 0.0
20 0.08 4.006 58.5245349544073 2.633606796116505 17.880009960159363 0.0
20 0.1 6.004 56.56739911308204 2.0630443458980046 19.0 0.0
20 0.1 6.5035 55.1 1.9 19.0 0.0
20 0.1 8.5015 55.1 1.9 19.0 0.0
20 0.12 0.5095 121.38317587939699 8.55735135135135 13.057316202712348 0.9207201636303096
20 0.12 2.008 96.13897872340425 5.378586538461539 10.161111111111111 0.7377753303964757
20 0.12 2.5075 93.14741176470588 4.95976897689769 10.449839640795382 0.6315870910698496
20 0.14 5.005 71.90019291519707 2.1744410366508204 19.0 0.0
20 0.16 5.5045 78.3587258794845 2.0903245094624405 19.0 0.0
20 0.2 3.007 119.1772340425532 4.720589743589744 18.931968651781705 0.0
20 0.24 1.5085 145.26337777777778 6.8800640204865555 11.774048442906574 0.8564427217915589
20 0.24 3.5065 118.05832465923172 3.5224889380530975 18.949495469834247 0.0
20 0.24 9.5005 105.64 1.9 19.0 0.0
20 0.26 4.5055 119.50811374999999 2.79839375 19.0 0.0
20 0.26 8.002 114.0067500675493 2.0549662253445016 19.0 0.0
20 0.26 9.001 112.86 1.9 19.0 0.0
20 0.3 4.5055 134.09273353751914 2.8703905053598775 19.0 0.0
20 0.3 8.002 127.85768602098072 1.9796694315686754 19.0 0.0
20 0.3 9.001 128.0 2.0 19.0 0.0
20 0.32 3.007 165.67033070866142 6.143762057877813 18.597318192800195 0.5283814374646291
20 0.34 5.005 148.27621765295888 2.890336008024072 19.0 0.0
20 0.36 3.007 179.4710487804878 6.345961722488038 17.426689189189187 0.5821759839558784
20 0.38 2.008 189.65449122807016 7.055241116751269 12.090374331550802 0.8255677655677655
20 0.38 2.5075 187.93381967213114 6.742956621004566 12.15499001996008 0.7451918666870508
20 0.42 4.5055 181.25236784409256 3.7331668696711326 19.0 0.0
20 0.42 9.001 170.62 1.9 19.0 0.0
20 0.44 3.007 206.56162745098038 6.752573385518591 13.480990629183399 0.6612398373983739
20 0.46 6.5035 190.1217372531006 2.8373587505741846 19.0 0.0
20 0.48 6.004 197.46447917813245 2.897015226563933 19.0 0.0
20 0.48 8.5015 193.72221201413427 2.1773484642565917 19.0 0.0
20 0.5 4.5055 210.95867875647667 4.1821350210970465 18.94949393939394 0.0
20 0.52 6.004 213.76399090219863 3.3674981046247154 19.0 0.0
20 0.52 6.5035 211.38091681801671 2.8710243370868143 19.0 0.0
20 0.52 8.5015 208.53593964620185 2.27832075962539 19.0 0.0
20 0.56 3.007 245.6583396226415 7.272933930571108 12.620568783068782 0.7065669014084506
20 0.58 6.004 236.0092 3.7164761904761905 19.0 0.0
20 0.58 6.5035 234.64677095808383 3.3920883233532932 19.0 0.0
20 0.58 8.5015 231.3256413043478 2.6013431677018635 19.0 0.0
20 0.6 6.004 243.85347064881566 3.9633676622039133 19.0 0.0
20 0.6 6.5035 241.76131067961165 3.4403276699029126 19.0 0.0
20 0.6 8.5015 239.10953208556148 2.7773830213903743 19.0 0.0
20 0.62 5.005 254.51282965931864 4.935866666666667 18.94846160982096 0.0
20 0.64 6.004 259.0544626865672 4.404017412935324 19.0 0.0
20 0.64 6.5035 257.8537986373959 4.070499621498864 19.0 0.0
20 0.64 8.5015 254.86006808510638 3.23890780141844 19.0 0.0
20 0.66 4.006 276.2437886178862 7.310822102425876 12.889525959367946 0.5307713963963961
20 0.68 5.5045 275.5114782608696 5.323856812933025 18.946209456188477 0.0
20 0.72 6.004 293.3579230769231 6.9803634669151915 13.650540735400144 0.0
20 0.72 6.5035 291.21346201232035 6.269410609037328 18.94345761101876 0.0
20 0.72 8.5015 284.678631043257 3.9566539440203563 19.0 0.0
20 0.74 5.005 300.6911014975042 7.414072398190045 12.858252032520324 0.47206208425720597
20 0.76 7.5025 301.4245169712794 5.247713178294574 18.947046862589357 0.0
20 0.76 8.002 300.1073354632588 4.711389776357827 19.0 0.0
20 0.78 1.5085 317.2798561484919 9.36043630017452 13.976416954164613 0.9216076383989464
20 0.8 5.005 319.8735113484646 7.895220440881764 12.910636004311893 0.6864158043273753
20 0.82 1.5085 329.0526561797753 9.57198319327731 14.182438701126573 0.92631741821397
20 0.9 0.5095 352.84035616438354 10.431795407098122 14.860137821362311 0.9454720931754237
20 0.9 1.009 352.5331642512077 10.25290650406504 14.752977953274103 0.9408069041446177
20 0.9 2.008 352.066137254902 9.911627408993576 14.508054003724395 0.9293681400177989
20 0.9 2.5075 351.8533269230769 9.747328646748683 14.389118303571427 0.9237033646143282
20 0.92 4.5055 357.1618401727862 9.364898911353032 14.023802281368821 0.9034524706018652
20 0.94 1.5085 363.65020111731843 10.307971602434078 14.821454005934719 0.9400295048934945
20 0.96 7.5025 368.63538176197835 9.584590417310665 14.254254677127339 0.9140255854740534
20 0.96 8.002 368.6027552182163 9.50290322580645 14.102797704447632 0.9096590601116591
20 0.96 9.001 368.5578113207547 9.394383164005806 13.956635469162467 0.9037590945836701
20 0.98 4.5055 374.46513865546217 10.295082706766918 14.846418255343732 0.9377260499178
20 0.98 8.002 374.4110980392157 10.052994652406417 14.656895223420648 0.9309311673780614
20 0.98 9.001 374.394507413509 9.970889621087315 14.600537190082644 0.9284493861080106
20 1.02 4.5055 385.7895393700787 11.076218637992831 15.517855540601166 0.941774672489083
20 1.02 9.001 385.7142815057283 11.435838041431262 15.749511494252873 0.937728376611246
20 1.04 1.5085 391.7771935483871 10.941711340206185 15.37094831911691 0.9438026839301369
20 1.1 4.006 407.6400236406619 12.489137323943662 16.627099625977557 0.9214820747161634
20 1.12 5.5045 411.79726 13.594707846410683 17.428577302631577 0.8863329468730818
20 1.14 1.009 420.5431096345515 11.269032846715328 15.68967541436464 0.9402787731116525
20 1.16 1.5085 425.4236752475247 11.760139720558882 15.931262094173295 0.9343767225765808
20 1.16 3.5065 423.11826304801673 13.1653911205074 16.965854086285514 0.9019415190916044
20 1.18 5.5045 425.22256854838713 14.749412698412698 17.9909913003663 0.8120333822036765
20 1.2 1.5085 436.1887339449541 12.020542168674698 16.12315855181024 0.9295174863619063
20 1.22 4.006 436.32766239316237 14.348801996672213 17.846259329977435 0.8413875142748382
20 1.22 5.005 434.2586841046278 15.182101740294511 18.427644230769232 0.7575356415478613
20 1.26 1.009 453.57801117318434 11.816428571428572 15.984984924623115 0.9335340564683362
20 1.28 4.5055 447.3073086419753 15.68502544529262 18.6768082218344 0.6740907313257722
20 1.28 8.002 439.8796272251309 17.937602921646747 18.94771465319823 0.0
20 1.28 9.001 438.2829882352941 18.16423103932584 18.949599322628444 0.0
20 1.3 3.5065 454.6971875 14.981370757180157 18.153959390862944 0.7844691581533686
20 1.3 9.5005 441.3114171833481 18.239178157749585 18.949861620841105 0.0
20 1.32 1.009 469.6447868852459 12.161349557522124 16.24608269858542 0.9287125748502993
20 1.34 5.5045 455.56387984496126 17.14335129310345 18.931156546881454 0.0
20 1.36 3.007 469.0943339731286 15.013252788104088 18.326585858585858 0.7708373435996149
20 1.38 3.5065 470.9213094339623 15.8413298791019 18.747889880502193 0.6336923076923076
20 1.38 9.5005 454.7294178403756 18.74367353835755 19.0 0.0
20 1.44 4.5055 476.1653682758621 17.550851433536057 18.939149324571012 0.0
20 1.44 9.001 465.77106222127844 18.884996849401386 19.0 0.0
20 1.46 7.5025 471.7129102416571 18.578049519294087 19.0 0.0
20 1.48 0.5095 516.4568637532134 11.736046025104603 15.943087508062781 0.9352184390547263
20 1.48 2.008 501.073479245283 14.688759936406994 17.94836935669523 0.8212845807420115
20 1.48 2.5075 496.5114121405751 15.520448222565687 18.587246161466073 0.7073911516853931
20 1.5 5.5045 482.57805933250927 18.4794375 19.0 0.0
20 1.54 2.008 513.5449659090909 15.203825042881645 18.420681265206813 0.7641239739598075
20 1.56 0.5095 538.3646363636364 11.891647819063005 16.019212491513915 0.9318462482109998
20 1.56 2.008 517.5785130890052 15.276387900355871 18.436925675675674 0.7553288314738695
20 1.56 2.5075 511.8490703259005 16.167021563342317 18.821952782822347 0.563805286574195
20 1.58 7.5025 491.8871459459459 18.790218322671517 19.0 0.0
20 1.58 8.002 493.495146911958 18.8727752368507 19.0 0.0
20 1.58 9.001 490.2 19.0 19.0 0.0
20 1.62 7.5025 500.23740926566705 18.890343009444347 19.0 0.0
20 1.64 0.5095 559.585928251121 12.121474747474746 16.28632750397456 0.927979431336963
20 1.64 2.008 533.7747870036101 15.821416122004358 18.73117741935484 0.6477810650887572
20 1.64 2.5075 527.0594972677596 16.6175442043222 18.887118184896714 0.31326740832303224
20 1.66 9.5005 506.06 18.9 19.0 0.0
20 1.68 3.007 528.2127847533633 17.603146766169157 18.94143504690959 0.0
20 1.7 3.5065 527.3188249794578 17.90075548334687 18.949535228752232 0.0
20 1.7 9.5005 513.0 19.0 19.0 0.0
20 1.72 1.009 568.5799849906191 13.827609489051095 17.621858087793143 0.8753496372746989
20 1.74 4.006 532.5266612716763 18.280911561264823 18.949939929116358 0.0
20 1.76 5.005 530.1934776579353 18.682931899641577 19.0 0.0
20 1.8 1.5085 574.8519001919386 15.491309226932668 18.614457552625492 0.7229554521276594
20 1.82 5.005 540.6922230157443 18.728375590889556 19.0 0.0
20 1.88 6.004 547.2 19.0 19.0 0.0
20 1.88 6.5035 547.2 19.0 19.0 0.0
20 1.88 8.5015 547.2 19.0 19.0 0.0
20 1.9 4.006 557.9300000000001 18.499231511641934 19.0 0.0
20 1.92 5.5045 554.8 19.0 19.0 0.0
20 1.94 7.5025 558.6 19.0 19.0 0.0
20 1.94 8.002 558.6 19.0 19.0 0.0
20 1.96 5.5045 564.32 18.794927412727883 19.0 0.0
20 1.98 7.003 566.2 19.0 19.0 0.0
