10 0.0 2.008 12.286039676708302 2.4572079353416605 4.792100919594435 0.20708848715509004
10 0.0 7.003 9.0 1.8 4.038422391857506 0.0
10 0.02 2.008 15.71433613445378 2.639069387755102 5.120593368237347 0.4512018439249257
10 0.02 7.003 11.85169957081545 1.8 5.796508636530687 0.0
10 0.04 3.007 16.393037037037036 2.396477743986729 5.358040770101925 0.010860534124628647
10 0.06 4.006 17.558521739130434 2.2248365122615805 6.191180203045684 0.0
10 0.1 3.5065 22.20010909090909 2.5670117647058825 6.854976569821931 0.0
10 0.1 9.5005 17.1 1.8 9.0 0.0
10 0.12 1.009 29.257056 4.006301075268817 6.649729567307692 0.8915544277441603
10 0.14 4.006 25.70648717948718 2.5783881230116648 8.734263392857143 0.0
10 0.16 7.5025 22.822736493936052 1.912761057314839 8.947122461928934 0.0
10 0.18 7.5025 24.701473333333333 1.9660797279425657 8.946585264237413 0.0
10 0.18 8.002 23.58 1.8 9.0 0.0
10 0.2 5.5045 26.74183513614323 2.121414900888585 8.948794125779594 0.0
10 0.22 7.5025 27.30292952482648 1.9238280832888415 9.0 0.0
10 0.22 8.002 27.369620321973656 1.940928287685553 9.0 0.0
10 0.24 10.0 28.44 1.8 9.0 0.0
10 0.28 0.01 45.343188841201716 5.502267050912584 7.792676923076923 0.9497224736048265
10 0.34 4.006 42.481901785714285 3.16428813559322 8.940359979961354 0.0
10 0.36 5.5045 40.05139793118007 2.391061853493772 9.0 0.0
10 0.38 0.5095 50.309473262032085 5.024697286012526 7.520960392569225 0.9367284184951787
10 0.38 1.009 49.35725 4.67814848762603 7.2991206643869075 0.9181746772055575
10 0.4 7.5025 41.95093317838466 1.9836443927948868 9.0 0.0
10 0.4 8.002 42.40868667917449 2.1362288930581617 9.0 0.0
10 0.42 8.5015 43.02 1.8 9.0 0.0
10 0.44 5.5045 46.435474103585655 2.4412407512805916 9.0 0.0
10 0.46 1.5085 54.48782524271844 4.5890395480225985 7.483758978451716 0.8953340869128359
10 0.46 3.5065 52.7330074906367 3.9390788829005388 8.844842673617576 0.4820696084524547
10 0.46 9.5005 46.644949736522086 1.9425739764896635 9.0 0.0
10 0.48 6.5035 49.13146227013316 2.2813316423589094 9.0 0.0
10 0.48 9.5005 47.88 1.8 9.0 0.0
10 0.5 6.004 51.27244747511979 2.5089789900479174 9.0 0.0
10 0.5 8.5015 49.98936366689053 1.9957454667562122 9.0 0.0
10 0.52 3.5065 57.35579879275654 4.114932759548144 8.77124622563821 0.5547154688752336
10 0.52 9.5005 51.7786862745098 2.074452614379085 9.0 0.0
10 0.54 5.5045 56.26692819148936 3.2382298850574713 8.946888244479144 0.0
10 0.58 9.5005 55.98 1.8 9.0 0.0
10 0.6 3.5065 63.097958015267174 4.336380655226209 8.66752443646519 0.63822444106794
10 0.6 9.5005 58.09016742770167 2.045083713850837 9.0 0.0
10 0.62 4.006 64.36225278810409 4.261106557377049 8.787708572156413 0.4722292590246989
10 0.64 3.5065 66.03822222222222 4.453299565846599 8.327401129943503 0.675676201595641
10 0.64 9.5005 61.852156351791535 2.3623090843286283 9.0 0.0
10 0.68 7.5025 65.87560069244086 2.9222504327755336 8.949866145285005 0.0
10 0.7 5.5045 69.54648820326679 4.19494140625 8.865142810907031 0.0025733093955710787
10 0.72 3.5065 71.66583211678832 4.705125689760883 8.03435689455388 0.7514243102162564
10 0.72 9.5005 68.60350826901875 2.7167916207276734 9.0 0.0
10 0.74 4.006 72.8358368627451 4.649705660377358 8.177344521224086 0.7049566294919454
10 0.76 4.5055 74.14112239800166 4.625089430894309 8.284984984984984 0.6525536793829475
10 0.76 9.001 72.17856198347107 3.1481893004115227 8.948541171385347 0.0
10 0.78 7.003 75.00324837310195 4.301431646932185 8.810516143701683 0.06731952993844391
10 0.8 4.006 77.0072858617131 4.877616822429906 7.899712574850299 0.77449600865918
10 0.82 7.003 77.91654481955763 4.515165217391305 8.620946099613372 0.41784841075794593
10 0.84 0.01 84.83430303030303 5.533803571428571 7.810173650434126 0.9497209568916106
10 0.86 0.5095 83.28660869565218 5.554394409937888 7.880482041587902 0.9370937912813738
10 0.86 1.009 82.32744444444444 5.515990338164251 7.897002109068996 0.9258816204918398
10 0.86 2.008 81.61893548387097 5.378004895960832 7.904109364767518 0.9011564464476337
10 0.86 2.5075 81.46964724409449 5.327054597701149 7.906759012016021 0.8877340697831065
10 0.88 0.01 87.76726315789475 5.5207945736434105 7.803987551060105 0.9496647741000241
10 0.92 6.004 84.8872824742268 5.1907045108971115 7.9561681725981925 0.8424371336736622
10 0.92 8.5015 84.79723016650343 4.99052889324192 7.92955686531325 0.7828120927808182
10 0.94 2.008 86.9107008797654 5.622618328298086 7.956030279702335 0.9147337187292167
10 0.94 7.003 86.18105729166666 5.257170138888889 7.947935702199661 0.8554967920929425
10 0.96 4.5055 87.51974983881367 5.5536469072164945 7.972041732699418 0.9014136992783627
10 1.0 7.5025 90.0 5.793390769230769 8.077131782945736 0.9222113320265098
10 1.0 8.002 90.0 5.808502109704641 8.113928761297181 0.9225187113569802
10 1.0 9.001 90.0 5.80495744680851 8.078662244333886 0.9229449838187702
10 1.04 2.008 93.60292424242424 5.922638230647709 8.184987775061124 0.9234334803381109
10 1.04 7.003 92.66279897567222 6.259941291585127 8.482391304347825 0.9131112501303305
10 1.06 0.5095 97.15595348837209 5.744084177708495 7.9583702064896755 0.9360756337974149
10 1.06 2.008 94.83217073170732 5.966399427344309 8.230517082179132 0.9216702697621957
10 1.06 2.5075 94.07951547169812 6.033220696937698 8.285904027420736 0.918458904109589
10 1.08 7.5025 95.16086588235295 6.784883419689119 8.75391997637679 0.8858581016299136
10 1.08 8.002 95.13486162904809 6.854533459000942 8.761046594982078 0.8807967386639965
10 1.08 9.001 95.0897014694509 6.983669849931787 8.803060380479735 0.8711480479319674
10 1.12 7.5025 97.44583534577387 7.270643382352941 8.862005298890544 0.8340270862378012
10 1.14 4.006 99.08681374999999 6.709770750988142 8.717890995260664 0.8913848159009449
10 1.14 5.005 98.93822120418848 6.955584218512898 8.795897624295861 0.8728680396643783
10 1.2 2.008 103.28577731092437 6.4499130434782606 8.587348353552859 0.9068205959635489
10 1.2 7.003 101.61658482142856 7.943027090694935 8.928940524408441 0.6270530319982097
10 1.24 0.01 116.09969465648855 5.529818511796733 7.812627792502839 0.9494326456310679
10 1.24 3.007 105.3035303030303 6.9866456096020215 8.799144372137864 0.8706078720596226
10 1.26 5.005 105.25939191290824 7.860625514403292 8.924774327495937 0.669895028718558
10 1.3 1.5085 109.91121804511279 6.534517437145174 8.631749889527176 0.9039144471347861
10 1.3 10.0 104.67637802329054 8.949956462993544 8.94994293608842 0.0
10 1.32 5.005 108.04546393588602 8.17217008797654 8.94011354245266 0.4470139349701391
10 1.38 1.5085 114.69642895805143 6.746661157024793 8.72510308428171 0.8921927554980594
10 1.38 10.0 108.21350613079018 8.96359724800699 9.0 0.0
10 1.4 0.01 128.89328571428572 5.544201537147737 7.80780087736029 0.9492617735699717
10 1.4 3.007 113.81044563279858 7.739208819714656 8.9169473789117 0.7273961400065423
10 1.42 7.5025 110.11468764568764 8.974808041112455 9.0 0.0
10 1.42 8.002 110.13071023622047 8.869585289514868 9.0 0.0
10 1.42 9.001 109.99586666666666 8.974215655940593 9.0 0.0
10 1.46 4.5055 114.55716310975609 8.502395644283121 8.947788359125369 0.0
10 1.46 8.002 111.85075247524753 8.97647233201581 9.0 0.0
10 1.46 9.001 111.65605492957746 8.972866096866097 9.0 0.0
10 1.48 1.009 121.77290845070422 6.581429635145197 8.659161554192229 0.9020797837964867
10 1.52 6.004 115.47837761338052 8.961737832874197 8.949974487498874 0.0
10 1.52 6.5035 114.92818198700093 8.981012759170653 9.0 0.0
10 1.52 8.5015 114.15167805953693 8.983266904271874 9.0 0.0
10 1.54 0.5095 128.14334328358208 6.187277664630007 8.361906584992342 0.922204070201643
10 1.54 1.009 125.59810994152046 6.6849816176470584 8.692604205090372 0.8960586217648893
10 1.54 2.5075 121.49875064267351 7.975982367758187 8.927807857235674 0.6519005847953215
10 1.56 1.009 126.87637187127532 6.7568898809523805 8.72277112441783 0.8945993802567507
10 1.58 4.5055 119.18889992119779 8.775605504587157 8.949816331446465 0.0
10 1.6 0.01 144.8431724137931 5.548429602888087 7.821249764728026 0.9491565235959855
10 1.62 4.5055 120.62544837545126 8.877087020648968 8.949987997359418 0.0
10 1.62 8.002 118.4893203125 8.986182225169955 9.0 0.0
10 1.62 9.001 118.420618359375 8.987820081847413 9.0 0.0
10 1.64 1.009 131.46127635327636 6.879590747330961 8.770046909492274 0.8837564513879201
10 1.66 1.5085 130.761736202058 7.41420202020202 8.88687300617661 0.8111388101983003
10 1.66 3.5065 124.20931971286582 8.711145902731513 8.949159625415612 0.0
10 1.66 10.0 119.7 8.989900624128946 9.0 0.0
10 1.68 5.5045 122.41878276374443 8.928066465256798 9.0 0.0
10 1.7 1.5085 132.7 7.6 9.0 1.0
10 1.7 10.0 121.5 9.0 9.0 0.0
10 1.72 4.006 125.77645745654164 8.79794937794938 8.949977490320839 0.0
10 1.72 5.005 124.16956537102473 8.960542140151516 9.0 0.0
10 1.76 4.006 127.29976699029126 8.940939050318923 9.0 0.0
10 1.78 6.004 125.85618839050132 8.988092023005752 9.0 0.0
10 1.78 6.5035 125.26822305882352 8.98931910666795 9.0 0.0
10 1.78 8.5015 125.1 9.0 9.0 0.0
10 1.8 2.008 135.26346443514643 8.171832766164316 8.938479994094198 0.46563000961846723
10 1.8 7.003 126.41958345221113 8.98882496898991 9.0 0.0
10 1.82 4.006 129.93453502747255 8.77049310027599 9.0 0.0
10 1.84 7.5025 127.8 8.989834095760903 9.0 0.0
10 1.84 8.002 127.8 9.0 9.0 0.0
10 1.84 9.001 127.8 8.989771081379649 9.0 0.0
10 1.86 5.5045 129.72094859813083 8.977072701011073 9.0 0.0
10 1.88 3.5065 132.96201876675605 8.915245359776252 8.94999099855977 0.0
10 1.88 9.5005 129.6 9.0 9.0 0.0
10 1.94 4.5055 134.41623130990416 8.97689150779896 9.0 0.0
10 1.94 9.001 132.3 9.0 9.0 0.0
10 1.96 7.5025 133.2 9.0 9.0 0.0
10 1.98 0.5095 154.92998218262807 6.59565159574468 8.65320432792343 0.9027255748803548
10 1.98 2.008 142.66575322580644 8.479860270144387 8.947495589717741 0.0
10 1.98 2.5075 140.61618235995232 8.744442732408835 8.9496480468868 0.0
10 2.0 5.5045 135.0 9.0 9.0 0.0
12 0.04 5.005 19.659774193548387 2.1368015119038493 9.198316498316498 0.0
12 0.06 10.0 18.8 1.83333333333 10.0 0.0
12 0.08 2.008 30.98927607361963 3.443922222221101 6.796091298145506 0.7088225017470299
12 0.08 7.003 21.34761424064894 1.83333333333 10.916748251748253 0.0
12 0.1 7.5025 23.78825098814229 1.933289305153965 10.945199579141185 0.0
12 0.1 8.002 23.87715748095979 1.9581399437403724 10.939958211751144 0.0
12 0.12 6.5035 25.52 1.83333333333 11.0 0.0
12 0.14 1.5085 41.24618897637795 4.168688653320881 7.450375939849624 0.8447414997671169
12 0.14 10.0 27.94 1.83333333333 11.0 0.0
12 0.16 0.01 54.425019847328244 6.527691218130865 9.275 0.9496784517375683
12 0.18 0.01 56.353635581061695 6.539726918076217 9.246359959555106 0.9497103373363104
12 0.2 4.006 38.382561761546725 2.4595473367204406 10.947625930930458 0.0
12 0.22 0.01 60.13252913385826 6.515244191560286 9.287101449275362 0.9496632539035366
12 0.24 4.5055 42.91903676470588 2.415727699528831 10.949564243781396 0.0
12 0.28 0.5095 62.15084770642201 5.73173225308715 8.700368271954673 0.9327319691649514
12 0.28 1.009 59.97365182186235 5.141147497340416 8.264725095264017 0.9096296697934175
12 0.28 2.5075 56.66409230769231 4.240977443609383 9.55208163265306 0.7567926455566903
12 0.32 4.006 54.43405747126437 2.916936208443981 10.948819284507907 0.0
12 0.34 1.5085 65.36376271186441 4.949361861860849 8.371640265712825 0.8862476112476112
12 0.34 10.0 52.63284880717216 1.9577901028204088 11.0 0.0
12 0.36 4.006 61.500249999999994 3.2725961538452495 10.946621188829106 0.0
12 0.38 6.004 58.20638258115598 2.16300607020648 11.0 0.0
12 0.38 6.5035 58.675318353474324 2.28906407351304 11.0 0.0
12 0.38 8.5015 56.98 1.83333333333 11.0 0.0
12 0.4 0.01 76.63647928994082 6.516873848987446 9.218215417106652 0.9497694463699105
12 0.42 5.5045 64.81625903614457 2.6943273092391746 11.0 0.0
12 0.44 4.006 71.9241488372093 3.7994532428336174 10.94517073491677 0.0
12 0.46 7.5025 67.86524516129032 2.205322580646948 11.0 0.0
12 0.46 8.002 67.06282304526749 1.957661433723687 11.0 0.0
12 0.46 9.001 67.68579815180146 2.149937701176293 11.0 0.0
12 0.5 5.5045 74.66830578512396 2.8894352617057777 10.949894781144781 0.0
12 0.52 7.5025 75.60925938009788 2.41988172919905 11.0 0.0
12 0.54 4.006 84.58105289672544 4.574684258007808 10.874438752448395 0.18017707820954218
12 0.56 4.006 86.68766101694916 4.634720263284312 10.851386535889434 0.21084280303030267
12 0.6 7.5025 85.76677456647398 2.7361560693647156 11.0 0.0
12 0.64 7.5025 90.45090669371196 2.764308654495709 11.0 0.0
12 0.66 0.5095 100.67165789473684 6.271664887939368 9.01895213454075 0.9384981549815498
12 0.66 2.008 99.25124137931034 5.645365101946957 8.864607134530193 0.871900699408193
12 0.66 2.5075 98.6771592178771 5.479469696969287 8.970646406174627 0.8314932767162065
12 0.68 0.01 103.50826785714285 6.522362030905525 9.258448187850943 0.9498117980065645
12 0.7 4.006 102.03695145631067 5.179510268565221 9.73514887436456 0.6187785910338516
12 0.72 7.5025 101.67322187500001 3.9382390417928526 10.94366021025589 0.0
12 0.74 7.003 104.95145195288282 4.611107723579458 10.908130305368758 0.0
12 0.76 3.007 108.74848181818182 5.654641485278381 8.961033997183666 0.8276778329197684
12 0.78 4.5055 110.21619337979094 5.392207245153699 9.09648629655657 0.6940150541582522
12 0.8 10.0 110.12947058823529 3.7745588235284293 10.947169392671485 0.0
12 0.82 4.5055 114.41489700996677 5.58920425090899 9.15657894736842 0.7555441478439424
12 0.84 0.5095 118.54297959183674 6.485203324428317 9.341265474552957 0.9393684746625923
12 0.84 1.009 117.8361393728223 6.397683189653126 9.332857142857142 0.9285383526990524
12 0.86 6.004 118.2448907014682 5.562084347122085 9.291129032258064 0.7224479600333055
12 0.86 6.5035 118.17143042071197 5.490796306981927 9.10490390987409 0.6770587095524122
12 0.86 8.5015 117.92351355792933 5.21683100520538 10.127838827838827 0.43673538357553204
12 0.88 0.5095 122.5090480349345 6.560944123315284 9.42435318275154 0.9393927272727273
12 0.88 1.009 121.75270807453417 6.493545197739984 9.425719049604002 0.9305165297869679
12 0.9 3.5065 122.6625608011445 6.18978794643098 9.213415285943345 0.8840798442064264
12 0.9 9.5005 122.07930320150659 5.463726721070628 8.983105560791707 0.6449296974861524
12 0.92 5.5045 124.37595702775292 6.0787648809539565 9.252148541114058 0.8582135261590812
12 0.96 3.007 128.38801190476192 6.582375672044658 9.558130904183535 0.9189072154916557
12 1.0 0.01 137.9898954703833 6.550930735931755 9.295014245014245 0.9497027491927452
12 1.0 3.007 132.0 6.805249699155431 9.684652024345064 0.9310083616193393
12 1.02 5.5045 133.99163954372622 7.014876543210174 9.788234082011128 0.9270558886603352
12 1.06 6.004 137.82745887961858 7.555482977039906 9.982998296422487 0.9144492351914587
12 1.06 6.5035 137.8143598130841 7.615921093509619 10.014370195150798 0.9128614001150206
12 1.06 8.5015 137.72699999999998 7.8813154831175325 10.309569179784589 0.9031382576858255
12 1.08 0.01 147.53314285714285 6.557813163483109 9.304158699808795 0.9496571721992327
12 1.08 3.007 139.89913666352496 7.295180528689359 9.895442319187088 0.9227342265078113
12 1.1 2.008 142.01128415300548 7.192160571671082 9.86384731797545 0.9249774936982355
12 1.1 2.5075 141.88240778688524 7.305677321154546 9.907984507671681 0.9225187113569802
12 1.1 7.003 141.32547146401987 8.272091117665456 10.617904630903254 0.8797561503499025
12 1.12 0.01 151.67476923076924 6.5524901703811285 9.295629453681709 0.9496541307959523
12 1.14 1.5085 146.2715806451613 7.239848308051748 9.868172724241413 0.9262522123893805
12 1.14 10.0 143.76005283018867 9.60116822430109 10.920386911870073 0.6003117505995202
12 1.16 4.5055 146.8396114965312 8.390956826135508 10.665991983967936 0.8749568609798184
12 1.22 7.003 150.26 9.83333333333 11.0 1.0
12 1.24 1.009 156.48377108433735 7.2798080279220185 9.886631802582121 0.9262130334690986
12 1.26 1.5085 157.45856424581004 7.629123951540327 9.988144444444444 0.9148687302073756
12 1.26 3.5065 155.4910975 8.741467221644461 10.79323905222677 0.8354851446056657
12 1.26 9.5005 151.5164425925926 10.554591836745612 10.949484754803903 0.0
12 1.3 8.002 154.47773489932885 10.593970467615184 10.949269495343033 0.0
12 1.3 9.001 153.89559892328398 10.65949343892934 10.949957965531736 0.0
12 1.32 1.5085 162.8485572413793 7.815478235965307 10.254272930648769 0.9074518296407351
12 1.32 3.5065 160.0325690376569 9.175653798259512 10.878084997439837 0.7655507103671402
12 1.32 10.0 154.66803814906393 10.973445814607697 11.0 0.0
12 1.36 4.006 161.9764907063197 9.685232668568593 10.925119058316112 0.5669784359573914
12 1.38 4.5055 162.88601243781093 9.996171933784725 10.938125997698332 0.30380116959064296
12 1.38 8.002 159.1729963536919 10.767382874320365 11.0 0.0
12 1.38 9.001 158.57330079455164 10.908953348610655 11.0 0.0
12 1.4 1.009 171.13624810892586 7.6656597535350235 10.054622802041974 0.9141495827753168
12 1.42 0.01 184.92392982456138 6.557412008282721 9.32118525431638 0.9494265080713679
12 1.44 5.5045 165.06439294710327 10.492660243541955 10.949417298937785 0.0
12 1.46 0.01 189.10436363636362 6.556457023061926 9.281671554252199 0.9494495162415456
12 1.46 3.007 170.63333676470586 9.572803404724135 10.921681311968422 0.6118537494177921
12 1.48 9.5005 164.1400278097518 10.974402567877913 11.0 0.0
12 1.54 6.004 170.32593350548743 10.77130043173184 11.0 0.0
12 1.54 6.5035 169.6209904088844 10.916706646660003 11.0 0.0
12 1.54 8.5015 168.10738862444535 10.986733686738198 11.0 0.0
12 1.56 3.5065 175.60872402804335 10.333287831479947 10.946905163900482 0.0
12 1.56 9.5005 169.47868466846685 10.987602279148938 11.0 0.0
12 1.6 0.5095 192.2170224719101 7.4123074032301135 9.91921917808219 0.9239540083040562
12 1.6 1.009 188.91849362688296 8.112495829164747 10.49661733615222 0.8924293274816057
12 1.62 0.01 207.14043137254902 6.567997616211134 9.348156474820144 0.9492787583688375
12 1.62 3.007 181.30545326633165 10.109323770513667 10.94366021025589 0.020740305522913793
12 1.64 3.5065 180.9295437448896 10.373823042321582 10.948718500969202 0.0
12 1.64 9.5005 174.74877992372984 10.988979038548347 11.0 0.0
12 1.66 7.5025 176.28053297002725 10.956521625702162 11.0 0.0
12 1.66 8.002 175.8803197236181 10.99077805811736 11.0 0.0
12 1.66 9.001 176.0985177250138 10.988558699559748 11.0 0.0
12 1.68 4.006 181.91301420454545 10.785438460530834 10.949947445869245 0.0
12 1.7 4.5055 181.51103271028038 10.811702250741968 11.0 0.0
12 1.7 8.002 178.2 10.99161231555683 11.0 0.0
12 1.7 9.001 178.53219104665826 10.99079028799851 11.0 0.0
12 1.72 1.5085 195.3970147651007 9.106961340905086 10.865469367987732 0.7722776335564967
12 1.72 10.0 180.0981661759058 10.989061495042769 11.0 0.0
12 1.74 0.5095 205.1597938596491 7.542698598131695 9.95970219251964 0.9183670470686193
12 1.74 2.008 193.21717783735477 9.719281045752863 10.92952046684709 0.5033671036948746
12 1.74 2.5075 190.7002606965174 10.19738868834836 10.944091107309383 0.0
12 1.74 7.003 181.40796324240665 10.989971720816285 11.0 0.0
12 1.76 10.0 182.16 10.991237671648827 11.0 0.0
12 1.78 5.5045 184.90474334140436 10.981686225383116 11.0 0.0
12 1.8 4.5055 187.6786327272727 10.83313079121499 11.0 0.0
12 1.82 7.003 186.12 11.0 11.0 0.0
12 1.84 0.01 231.24407843137254 6.560385572140511 9.285082048731974 0.9491254845700681
12 1.88 7.5025 190.08 10.991425646405874 11.0 0.0
12 1.9 0.5095 219.51477459016394 7.746437389770866 10.098593834505138 0.9107284413497589
12 1.9 2.008 203.92415135929463 10.08296556337333 10.942811556409552 0.09221132897603446
12 1.9 2.5075 200.1394179202093 10.432699588463906 10.949123931623932 0.0
12 1.94 3.007 200.53777422680412 10.787207582047069 10.949909839514335 0.0
12 1.98 6.004 196.68 11.0 11.0 0.0
12 1.98 6.5035 196.68 11.0 11.0 0.0
12 1.98 8.5015 196.68 11.0 11.0 0.0
12 2.0 4.006 200.13795546558705 10.9823169308429 11.0 0.0
14 0.04 3.5065 27.534852459016392 2.6642319508481385 6.973908566721581 0.0
14 0.04 9.5005 20.2 1.85714285714 12.0 0.0
14 0.06 4.5055 30.62194117647059 2.504528507774938 8.366522988505746 0.0
14 0.1 0.01 65.77361194029851 7.514491938507977 10.749221019276472 0.9496023706570711
14 0.14 4.5055 39.71188911704312 2.233807048337494 12.94189241013841 0.0
14 0.14 8.002 36.66 1.85714285714 13.0 0.0
14 0.14 9.001 37.24232429290973 1.9538744672598292 13.0 0.0
14 0.16 0.5095 66.89718181818182 6.309723369112627 9.710653676932747 0.9258156407174968
14 0.16 1.009 61.96162962962963 5.41175739154286 8.902769886363636 0.8941239994918053
14 0.16 2.5075 55.52543016759777 4.102568218300607 8.851232741617357 0.6982256020278833
14 0.18 0.5095 69.75434456928839 6.353538577057329 9.762816500711237 0.9273927248965367
14 0.18 1.009 65.27797837837838 5.516237893462795 8.944858828487147 0.8965938702072217
14 0.2 1.5085 65.78083550913838 5.01829185134711 8.70726083964212 0.8602582376121405
14 0.2 10.0 46.8 1.85714285714 13.0 0.0
14 0.22 0.5095 75.73275471698113 6.4207142857127 9.814673495518566 0.9290192070184404
14 0.22 1.009 71.76172000000001 5.646766409269344 9.085666218034993 0.9024465905765291
14 0.24 3.007 68.80176666666667 4.281652126495372 12.807828894269573 0.4319359236537148
14 0.26 4.006 62.09329311885612 2.8159466997203055 12.949731571962843 0.0
14 0.28 6.004 61.66456412478336 2.123921453332511 13.0 0.0
14 0.28 6.5035 61.66791006062466 2.1245853294915125 13.0 0.0
14 0.28 8.5015 60.32 1.85714285714 13.0 0.0
14 0.3 4.006 69.00528287461773 2.9381061598939127 12.949918870192308 0.0
14 0.32 1.5085 85.65714814814815 5.520730100158559 9.405628415300546 0.879312092686459
14 0.32 10.0 67.08 1.85714285714 13.0 0.0
14 0.34 4.5055 74.91607125890737 2.821660445649861 13.0 0.0
14 0.34 9.001 70.46 1.85714285714 13.0 0.0
14 0.36 1.5085 91.81248818897637 5.652173336870258 9.476081672338356 0.8826102267925059
14 0.36 10.0 73.84 1.85714285714 13.0 0.0
14 0.4 0.5095 101.55177852348993 6.764401232192769 9.991862693849102 0.93536164436688
14 0.4 1.009 99.4438348082596 6.180448179272686 9.736091881686596 0.9160817682896127
14 0.42 4.006 90.88190463215258 3.418531667138388 12.949526059174465 0.0
14 0.44 10.0 87.36 1.85714285714 13.0 0.0
14 0.46 0.01 112.33836490250697 7.533327417924358 10.7752997002997 0.9497694463699105
14 0.5 4.006 105.34845041322313 4.010914662895079 12.947495589717741 0.0
14 0.56 1.5085 121.84679069767442 6.265020137404946 9.915845824411134 0.8975158334870564
14 0.56 10.0 108.02055220492866 1.9806987678335959 13.0 0.0
14 0.6 0.01 130.67522842639593 7.527766599598141 10.755775488069414 0.9498072637475155
14 0.62 4.5055 127.48160556844547 5.306048547548847 12.635614341932662 0.16204122674710875
14 0.64 0.01 135.91633667334668 7.5241153342075595 10.768711180124223 0.9497921436317628
14 0.66 6.004 128.97103941908713 3.718924125670918 13.0 0.0
14 0.66 6.5035 128.82235109289618 3.656450039035135 13.0 0.0
14 0.66 8.5015 126.90365764023211 2.8502763194227416 13.0 0.0
14 0.68 0.5095 140.42864935064935 7.211574990106267 10.596062433487052 0.9394235661844879
14 0.68 1.009 139.7623768115942 6.8974296889530615 10.391912108461899 0.9254873032904148
14 0.68 2.5075 138.1715661016949 6.23709817549771 10.116309606081547 0.8365820178448867
14 0.7 7.003 135.17526240115023 3.7025059053136937 12.949689084762134 0.0
14 0.72 0.01 146.71403007518796 7.521294138734966 10.75511646165925 0.949823885359906
14 0.74 4.5055 145.58333916849014 5.8664040434044935 10.03706965572458 0.5931901391261897
14 0.76 5.005 148.30988753056235 5.840905589315767 10.133877233877234 0.5550720768820073
14 0.8 4.5055 154.31628670120898 6.141072560923194 10.11757209926224 0.716836561331974
14 0.8 9.001 151.37319358816276 4.12275197195688 12.948938451640574 0.0
14 0.84 6.5035 159.6867534102833 6.017062248097072 9.851370420624152 0.6089394650398872
14 0.86 5.5045 162.79974530271397 6.354811404808501 10.055991735537189 0.7623752495009979
14 0.88 6.5035 165.51488913282108 6.315113192814413 10.03898891966759 0.7448407838334353
14 0.9 7.5025 168.27585241730281 6.383514603443839 10.373569915254237 0.7646568765885342
14 0.92 4.006 171.51416852146264 7.103500784931426 10.6883654758141 0.8950572975695755
14 0.96 5.005 176.776200270636 7.305656370652484 10.782869884575026 0.9125688506530976
14 0.98 4.006 179.4342186115214 7.582205882354585 10.887939202526649 0.9284155821844263
14 0.98 5.005 179.42356040756914 7.56869704937327 10.90613435237329 0.9260919693139994
14 1.0 1.009 182.91368613138687 7.729982631353913 10.926926515286965 0.9400532316656476
14 1.02 4.006 184.76877726218098 7.963953686360593 11.149857712009107 0.9337348918575064
14 1.06 5.5045 190.08646040126715 8.632161078719843 11.706184513161258 0.9212073937502955
14 1.08 1.009 194.08725925925927 7.95497884803034 11.010653594771242 0.9372288339861404
14 1.1 8.5015 194.50161891117477 10.00086519114714 12.564830287206266 0.8532059186189889
14 1.12 0.5095 200.7674731707317 7.8504942602015575 10.973258645884073 0.9406043975624532
14 1.12 1.009 199.44619701492536 8.040732496965607 11.111223277909739 0.9357726396917148
14 1.12 2.5075 198.26633424657535 8.54799671592871 11.648129067245119 0.9241685245006597
14 1.14 8.002 198.76559621451105 10.635422304505653 12.82159066581032 0.7616275743707093
14 1.14 9.001 198.39171255673222 10.983891878664444 12.878165204678362 0.6920931091815997
14 1.18 2.008 206.24858149779735 8.760349402921044 11.751159586681975 0.9203298279158699
14 1.18 2.5075 205.9090363196126 8.97799539170463 11.85426935091982 0.9117868106277125
14 1.18 7.003 203.05223822714683 10.995643986943207 12.877295148347198 0.6832573166096539
14 1.22 4.5055 208.8502166172107 10.400680272129048 12.765517726505346 0.8097591599132519
14 1.24 9.5005 206.94213775510204 12.205737451755157 12.948466390452044 0.0
14 1.26 7.5025 209.87609867629362 12.027266348590835 12.945489926739926 0.0
14 1.26 8.002 209.53753497536945 12.149952141700703 12.946949103988286 0.0
14 1.26 9.001 208.92174193548388 12.50107496463889 13.0 0.0
14 1.28 4.006 215.45684918793503 10.647240259734431 12.828528806584362 0.7634880090818787
14 1.3 0.01 231.7073333333333 7.565081286753291 10.771123397838652 0.9496343527136468
14 1.3 3.007 219.09191931540343 10.200391156482429 12.661102074013826 0.8363413197172034
14 1.32 7.5025 215.0702514379622 12.464345176170053 12.949626741620577 0.0
14 1.32 8.002 214.64886221009547 12.469348196547335 12.949638918265599 0.0
14 1.32 9.001 213.77820377358492 12.562900661118032 12.949829926853496 0.0
14 1.34 0.5095 230.20472972972973 8.154842083248441 11.327242206235011 0.9355690428328436
14 1.34 2.008 225.84257467532467 9.601551129837343 12.248557258791704 0.8842167419242792
14 1.34 2.5075 224.50381259600616 10.0936694021383 12.629292704626334 0.8481228357936941
14 1.34 7.003 217.1938087431694 12.387694412458703 12.949033698244756 0.0
14 1.36 1.5085 229.4470959752322 9.212439613525948 11.936769714435421 0.9027539529727522
14 1.36 10.0 216.13865836065574 12.840717636356018 13.0 0.0
14 1.38 0.01 243.72299999999998 7.563980463981744 10.779372310807391 0.9495505039803857
14 1.38 3.007 227.41181179422836 10.702979306916903 12.837995723172629 0.7487260666365143
14 1.4 9.5005 220.3007064935065 12.700843927665845 13.0 0.0
14 1.42 1.009 238.2307960199005 8.929918789219712 11.824142335766423 0.9161366609640736
14 1.44 4.006 230.29153164556962 11.926937107814066 12.938836697247707 0.11627783669141001
14 1.5 0.5095 250.90996860282576 8.409403055597496 11.53267154301637 0.9303364681295715
14 1.5 2.008 243.0843005952381 10.441906082844715 12.763521566401817 0.8056326530612244
14 1.5 2.5075 240.73667466986794 11.036206159121212 12.879834174477288 0.6861796271888532
14 1.5 7.003 230.06304347826088 12.777696744352333 13.0 0.0
14 1.54 5.5045 235.36164077669903 12.825131563754375 12.949962472605002 0.0
14 1.56 7.5025 234.39046098654708 12.84551858331663 13.0 0.0
14 1.58 5.005 238.83933785868558 12.59517615948688 12.949986496624156 0.0
14 1.6 6.004 239.4112064570943 12.819331200770833 13.0 0.0
14 1.6 6.5035 238.38458490566038 12.982155437302598 13.0 0.0
14 1.64 7.5025 242.22753231663035 12.845069432836283 13.0 0.0
14 1.66 0.01 285.0166538461538 7.57466606294014 10.8034170153417 0.9494280426009649
14 1.66 3.007 252.65307466063348 11.927298556632355 12.944747223603514 0.0
14 1.68 10.0 243.88 13.0 13.0 0.0
14 1.7 3.007 255.6429107505071 12.268988549610725 12.947271346768325 0.0
14 1.72 8.002 247.52 13.0 13.0 0.0
14 1.72 9.001 247.52 13.0 13.0 0.0
14 1.74 6.004 249.4335859538784 12.992423471008992 13.0 0.0
14 1.74 6.5035 249.34 13.0 13.0 0.0
14 1.74 8.5015 249.34 13.0 13.0 0.0
14 1.76 4.5055 254.90431417153397 12.756593870653733 13.0 0.0
14 1.82 4.5055 260.07534196586226 12.840863628335828 13.0 0.0
14 1.84 1.009 287.26854941373534 10.095008403389848 12.6109477124183 0.8509346212324478
14 1.86 2.008 276.2001342434585 11.719215193421057 12.937327968714747 0.10966880341880303
14 1.86 7.003 260.26 13.0 13.0 0.0
14 1.9 6.004 263.9 13.0 13.0 0.0
14 1.9 6.5035 263.9 12.992812075469542 13.0 0.0
14 1.9 8.5015 263.9 13.0 13.0 0.0
14 1.92 0.5095 304.28920111731844 9.00299979022452 11.875216955941255 0.9132559591964192
14 1.92 2.008 282.1143689974726 11.75767419393486 12.939629817444219 0.017275943396225985
14 1.92 2.5075 277.044123853211 12.359601946049455 12.949321941133544 0.0
14 1.92 7.003 265.72 13.0 13.0 0.0
14 1.94 5.005 269.0843840340104 12.983299431853025 13.0 0.0
14 1.96 0.5095 308.9915656742557 9.09130078637142 11.891529304029303 0.909947049924357
14 1.96 1.009 299.49113544668586 10.397406593425815 12.747622652937613 0.812814465408805
14 1.96 2.5075 280.53269873417725 12.412536633042322 12.949255594458823 0.0
14 1.98 5.5045 272.027011398795 12.988689910693928 13.0 0.0
16 0.0 4.006 16.76898806139852 2.096123507674815 4.777046577275935 0.0
16 0.0 5.005 15.771416898185977 1.9714271122732472 4.8728221108250915 0.0
16 0.02 4.006 25.97384210526316 2.3697156949678564 7.532332095848801 0.0
16 0.04 7.5025 26.488253333333333 1.9346289614057106 12.396997105643994 0.0
16 0.06 3.007 42.340895833333335 3.299835092348285 8.435540287320425 0.0
16 0.1 0.5095 74.54626984126983 6.969734042553191 10.76967387991466 0.9208030411023996
16 0.1 1.009 66.07034188034187 5.711785313901345 9.653717320261437 0.8730810234541577
16 0.14 3.007 65.18068656716419 4.104305366847826 11.393618881118881 0.4820696084524547
16 0.16 6.004 51.84 2.0 15.0 0.0
16 0.16 6.5035 51.0 1.875 15.0 0.0
16 0.16 8.5015 51.0 1.875 15.0 0.0
16 0.18 6.004 55.5 1.875 15.0 0.0
16 0.18 6.5035 56.461739950372205 2.021606699751861 15.0 0.0
16 0.18 8.5015 55.5 1.875 15.0 0.0
16 0.2 4.5055 63.08837129351096 2.357558014611087 15.0 0.0
16 0.2 9.001 60.0 1.875 15.0 0.0
16 0.22 6.004 66.3571611195159 2.172621974281392 15.0 0.0
16 0.22 6.5035 64.5 1.875 15.0 0.0
16 0.24 5.005 71.49507362534949 2.2853739515377445 15.0 0.0
16 0.26 1.5085 98.46913286713287 5.861209677419355 9.922598870056497 0.8674065234685759
16 0.26 10.0 73.5 1.875 15.0 0.0
16 0.28 5.5045 80.63832480995163 2.3330425017277125 15.0 0.0
16 0.3 1.5085 106.99504347826087 6.027623663101604 10.133261802575106 0.8724594429139884
16 0.3 10.0 83.2 2.0 15.0 0.0
16 0.32 4.5055 92.69846214099216 2.9225114229765015 15.0 0.0
16 0.32 8.002 88.78775072334743 2.2036306476741596 15.0 0.0
16 0.32 9.001 87.48064098504838 1.9633531222515392 15.0 0.0
16 0.34 3.007 111.386825 5.306587340529931 14.826674292845258 0.5213383113153358
16 0.36 4.5055 101.35755177743431 2.921396831530139 15.0 0.0
16 0.36 9.001 96.0 1.875 15.0 0.0
16 0.4 6.004 107.61255102040816 2.419281462585034 15.0 0.0
16 0.4 6.5035 107.24676371437327 2.3430757738277657 15.0 0.0
16 0.4 8.5015 106.1978932038835 2.1245610841423948 15.0 0.0
16 0.42 10.0 110.0444652992207 1.9923416593148067 15.0 0.0
16 0.44 4.5055 120.47459294566254 3.320221639656816 14.949969982589902 0.0
16 0.44 9.001 114.0 1.875 15.0 0.0
16 0.46 1.009 141.71757558139535 7.126977040816326 10.974427047878375 0.9177912597415409
16 0.48 0.5095 147.9115744680851 7.732439720812183 11.603203920090463 0.9365839738223879
16 0.48 2.008 142.66914832535886 6.373062609457093 10.727913610431948 0.8491128010139416
16 0.48 2.5075 141.6255358649789 6.1111817147192715 10.694906054279748 0.7910094043887146
16 0.48 7.003 125.35933950617283 2.4421489197530866 15.0 0.0
16 0.5 10.0 127.93035684439245 1.9825892110981114 15.0 0.0
16 0.52 0.5095 155.10698734177217 7.816219599427754 11.666098294884653 0.937681809684053
16 0.52 1.009 153.2336393442623 7.281065891472868 11.043775933609957 0.9199817562052907
16 0.52 2.5075 149.75932420091323 6.235184839432412 10.69579248366013 0.7982935979668401
16 0.54 4.5055 144.27574719521317 3.9821041822255414 14.949651089025163 0.0
16 0.56 4.5055 148.99573543307085 4.1309550989345505 14.949472503486328 0.0
16 0.56 8.002 143.23728281164193 2.510591707852828 15.0 0.0
16 0.56 9.001 141.0 1.875 15.0 0.0
16 0.58 0.5095 166.22997163120567 7.930489130434783 11.782709186658865 0.9384004139409394
16 0.58 2.008 162.45171865443425 6.71748820754717 10.883372434017595 0.8615812640146167
16 0.58 2.5075 161.7632336448598 6.488441639072848 10.81280947255113 0.8095199999999999
16 0.58 7.003 149.2049179331307 2.9776541467650888 15.0 0.0
16 0.6 0.5095 169.84207939508508 7.969619565217391 11.75946992257296 0.9387962690951821
16 0.6 1.009 168.3631 7.476948614318706 11.427211860353898 0.9220476123661194
16 0.6 2.5075 165.50183254344392 6.530551075268817 10.765168539325842 0.8142538727292989
16 0.64 0.5095 177.18626086956522 8.0381038647343 11.794467382328653 0.9393817057646845
16 0.64 1.009 175.97299999999998 7.616393198090692 11.51927659574468 0.9241547212741752
16 0.64 2.5075 173.4745974025974 6.729280018761726 10.932927159490928 0.8211887136573328
16 0.66 5.5045 174.03786437908497 5.689404761904762 14.810429936305733 0.0
16 0.68 6.004 177.51155555555556 5.500668532338309 14.932187321995281 0.0
16 0.68 6.5035 173.24515477497255 3.923888583973655 15.0 0.0
16 0.68 8.5015 171.65940705882355 3.304455882352941 15.0 0.0
16 0.7 4.5055 183.24462848297213 6.224745435393259 11.76466227347611 0.43673538357553204
16 0.72 0.5095 191.55156730769232 8.188961769115442 11.893593503270923 0.9405344655344655
16 0.72 1.009 190.84947651006712 7.8582934336525305 11.742451100244498 0.9285322241756356
16 0.76 3.5065 195.85592509363295 6.881659319899244 11.147498238195912 0.7915322076297685
16 0.76 9.5005 189.25031794871796 3.5678739316239314 15.0 0.0
16 0.78 4.006 199.44856357388315 6.834496386630533 11.120416024653313 0.7570408163265305
16 0.78 5.005 198.8596725663717 6.566145383951683 10.982367829021372 0.6023144834168455
16 0.8 3.007 203.83878531073447 7.28617209631728 11.467539525691699 0.8575226534450333
16 0.82 4.006 207.18765482233502 7.095195018796993 11.246382978723403 0.8078953434762562
16 0.82 5.005 206.80323692307692 6.849898097826087 11.146274217585692 0.7182724814063555
16 0.92 10.0 225.27108975521307 6.971588848594742 11.236797385620914 0.7423160173160172
16 0.94 4.006 229.55142372881355 8.069333964646464 11.880370905587668 0.9124448413532255
16 0.94 5.005 229.4388956884562 7.934864771151179 11.83844351900052 0.9028559771521827
16 0.96 1.5085 233.73979012345677 8.514935344827586 12.262192513368984 0.9374056408908251
16 0.96 3.5065 233.13557101449277 8.342868693402329 11.99621364550942 0.9266546382679105
16 0.98 1.5085 237.3638510638298 8.648422523961662 12.379666666666667 0.9395685279187816
16 0.98 10.0 236.511931787176 8.199573669849931 11.942552326762852 0.9178965517241379
16 1.0 6.5035 240.0 8.736251642575558 12.447136752136752 0.9399344096871847
16 1.0 9.5005 240.0 8.741714743589743 12.495924369747899 0.9398693989465329
16 1.02 1.5085 244.61388188976377 8.827473564954683 12.520244672454616 0.9406382448267264
16 1.02 10.0 243.6030541727672 9.35890625 12.87414979757085 0.9325359239020441
16 1.04 4.006 247.24 9.25 13.0 1.0
16 1.04 5.005 247.2152762973352 9.37295168067227 12.877371808179365 0.932647700638487
16 1.08 9.5005 253.25690267983074 11.260316399286987 14.090725586470267 0.8658483580167418
16 1.1 5.5045 257.1265581395349 10.557496387283237 13.76963043478261 0.9025036560397777
16 1.12 6.004 260.0760958466454 11.091399371069182 13.957864410935393 0.8767142540128707
16 1.12 6.5035 259.90529277566543 11.212516756032171 14.012033195020747 0.8659238999276003
16 1.12 8.5015 259.11150909090907 11.961680074257426 14.65649216817807 0.8004668981204357
16 1.14 0.01 271.1496307692308 8.571539334341907 12.16957796014068 0.949773987463838
16 1.14 3.007 264.5458176470588 10.114115074024227 13.485153328347046 0.9169101151602771
16 1.16 5.005 266.45053625632374 11.312811203319502 14.12646750524109 0.8621992558908639
16 1.18 8.5015 266.67923197903013 13.055423219241444 14.907204498635933 0.4822305063684372
16 1.2 4.006 273.0250590219224 11.261135284810127 14.094184782608695 0.8618222516995523
16 1.26 0.01 293.9012222222222 8.56860599078341 12.119144981412639 0.9497133719526912
16 1.28 1.5085 289.1973919156415 10.123192567567568 13.462442922374429 0.918062042180817
16 1.28 10.0 276.14591011235956 14.551693349753695 14.949935417980836 0.0
16 1.32 0.01 305.513 8.581797316384181 12.159435096153846 0.9496556515435268
16 1.32 3.007 291.52472597864767 11.782496334310851 14.552203116603977 0.8183829138062547
16 1.34 6.004 287.3922091954023 13.901228632478633 14.945275151037562 0.0
16 1.34 8.5015 283.852208 14.531928152492668 15.0 0.0
16 1.36 4.5055 292.51050496141124 13.259790711009174 14.92276287131007 0.32247967479674766
16 1.36 8.002 286.7963610810811 14.601882579933848 14.949957965531736 0.0
16 1.36 9.001 285.7321774491682 14.743891760530783 15.0 0.0
16 1.42 6.5035 295.26722489626553 14.372771129797327 14.949986496624156 0.0
16 1.42 9.5005 292.07369709543565 14.965288653782073 15.0 0.0
16 1.44 1.5085 314.28598068965516 10.89939177852349 13.90898826979472 0.8875143416346088
16 1.44 10.0 293.71213125695215 14.990989641899489 15.0 0.0
16 1.46 3.5065 307.14483095238097 13.297712167689161 14.922098621173172 0.3484362783424548
16 1.46 9.5005 295.20768023598816 14.993415167988875 15.0 0.0
16 1.5 6.004 304.28347493627865 14.856004969000729 15.0 0.0
16 1.5 6.5035 304.4763946711074 14.841293884484712 15.0 0.0
16 1.5 8.5015 301.55689464975177 14.838288546255507 15.0 0.0
16 1.52 2.008 322.48955 12.04761315417256 14.695134443021766 0.7842738804038312
16 1.52 2.5075 319.36852542372884 12.667232510288066 14.853605621431708 0.6506602389436176
16 1.52 7.003 305.43552714423384 14.714209328294107 15.0 0.0
16 1.58 1.5085 334.62823696682466 11.474811484918794 14.360927914110428 0.8452029348936565
16 1.58 3.5065 320.6886736111111 13.857595619987661 14.94450068262795 0.0
16 1.58 10.0 310.0197403846154 14.992369148780309 15.0 0.0
16 1.62 3.5065 324.6159117370892 14.095875336021505 14.94808596791777 0.0
16 1.62 9.5005 314.4 15.0 15.0 0.0
16 1.66 1.009 351.5139795620438 10.88258779264214 13.87571338977736 0.8878851069554689
16 1.68 4.5055 327.6659567418316 14.460131578947369 15.0 0.0
16 1.68 9.001 322.22310747452434 14.984467494222024 15.0 0.0
16 1.7 5.005 325.3246891757696 14.98865140538185 15.0 0.0
16 1.72 0.01 381.95246153846153 8.632443576388889 12.232647385984427 0.9495122985581
16 1.72 3.007 339.2883703703704 14.049454022988506 14.946552719343252 0.0
16 1.74 5.5045 332.85652844500635 14.852544998922182 15.0 0.0
16 1.76 3.007 343.61302439024394 14.168483231707317 14.947860226490647 0.0
16 1.78 2.008 354.87726923076923 13.233123857404022 14.915686968838527 0.3943677325581393
16 1.78 7.003 333.6 15.0 15.0 0.0
16 1.8 4.006 341.90504537205084 14.660392473118279 15.0 0.0
16 1.8 5.005 340.4554748603352 14.74221243246639 15.0 0.0
16 1.84 6.5035 340.8 15.0 15.0 0.0
16 1.88 0.5095 393.97319642857144 10.191000707213579 13.550152697658636 0.9158487327072604
16 1.88 1.009 383.3769798270893 11.599421296296295 14.424084312370422 0.8391681945382611
16 1.88 2.5075 359.72508791208793 14.259607438016529 14.948483911847433 0.0
16 1.9 5.5045 351.0082721893491 14.853090493216952 15.0 0.0
16 1.92 6.004 350.4 15.0 15.0 0.0
16 1.92 8.5015 350.4 15.0 15.0 0.0
16 1.94 3.5065 360.1652817258883 14.71005033557047 15.0 0.0
16 1.94 9.5005 352.8 15.0 15.0 0.0
16 1.96 6.004 355.2 15.0 15.0 0.0
16 1.96 6.5035 355.2 15.0 15.0 0.0
16 1.96 8.5015 355.2 15.0 15.0 0.0
16 1.98 4.006 362.5588936678614 14.712175472040668 15.0 0.0
16 2.0 4.5055 364.23825411334553 14.846736776105791 15.0 0.0
18 0.0 1.5085 36.51153342070773 4.056837046744735 7.828384660081348 0.4783411580594677
18 0.0 10.0 17.0 1.88888888889 3.914348116552752 0.0
18 0.02 1.5085 46.01577215189874 4.389738782648271 8.403565726450239 0.6222348141432456
18 0.02 10.0 23.08 1.88888888889 16.0 0.0
18 0.04 0.01 94.6550497237569 9.529781576450626 13.641270430906388 0.9495825518785165
18 0.06 5.005 38.50436111111111 2.1656166623617144 15.069921875 0.0
18 0.08 4.006 42.19373388305847 1.9940014771888561 16.93079063200731 0.0
18 0.1 6.004 45.9 1.88888888889 17.0 0.0
18 0.1 6.5035 45.9 1.88888888889 17.0 0.0
18 0.1 8.5015 45.9 1.88888888889 17.0 0.0
18 0.12 0.5095 98.64661538461539 7.768739040333892 11.906780551905387 0.9215744400527008
18 0.12 2.008 78.86020689655172 4.978341124296033 9.601204819277108 0.7424354813784576
18 0.12 2.5075 76.19485714285715 4.5405609493020584 9.74044776119403 0.6228332201855622
18 0.12 7.003 52.50658790968682 1.9932560492029483 17.0 0.0
18 0.14 5.005 60.46406265206812 2.2770106785590034 17.0 0.0
18 0.16 5.5045 66.12298875638841 2.2702366079851832 17.0 0.0
18 0.2 3.007 100.15982708933718 4.931596867552608 16.751757521596662 0.45603785900783267
18 0.24 1.5085 118.16954330708661 6.304861111108062 10.81127927927928 0.8617420157610949
18 0.24 3.5065 96.02873345476624 3.287411455168144 16.94962826402321 0.0
18 0.24 9.5005 86.36 1.88888888889 17.0 0.0
18 0.26 4.5055 97.0952655109489 2.632922749395398 17.0 0.0
18 0.26 8.002 92.14 1.88888888889 17.0 0.0
18 0.26 9.001 92.14 1.88888888889 17.0 0.0
18 0.3 4.5055 110.0 2.88888888889 17.0 0.0
18 0.3 8.002 104.4 2.0 17.0 0.0
18 0.3 9.001 105.05804178954182 2.1044510777040073 17.0 0.0
18 0.32 3.007 134.824075 5.655052005946986 16.761388690050108 0.49401942926533066
18 0.34 5.005 118.60981002087682 2.4528299698408103 17.0 0.0
18 0.36 3.007 145.6502909090909 5.834209639368021 16.866791879795397 0.4216863289382371
18 0.38 2.008 154.32452 6.55907013396816 11.179645390070922 0.829091468416735
18 0.38 2.5075 152.750099378882 6.253499406877655 11.691066838046272 0.7497071632377232
18 0.42 4.5055 146.45978817413905 3.4367410295241867 17.0 0.0
18 0.42 9.001 138.38 1.88888888889 17.0 0.0
18 0.44 3.007 167.64097872340423 6.285222425347544 11.694601677148846 0.6534206695778747
18 0.46 6.5035 153.71166775377088 2.6649522127134104 17.0 0.0
18 0.48 6.004 160.54358577075098 2.919569609135631 17.0 0.0
18 0.48 8.5015 157.1266046017699 2.189445427726719 17.0 0.0
18 0.5 4.5055 171.10619419642856 4.023598710317224 17.0 0.0
18 0.52 6.004 173.05740703517588 3.2262516285106724 17.0 0.0
18 0.52 6.5035 171.66952452830188 2.904982529700461 17.0 0.0
18 0.52 8.5015 170.44567986397863 2.621685153702539 17.0 0.0
18 0.56 3.007 198.97303092783505 6.770071684590112 11.834092664092664 0.7120421561852106
18 0.58 6.004 190.79148681541582 3.5215573585773385 17.0 0.0
18 0.58 6.5035 190.32956329113924 3.3993553680222606 17.0 0.0
18 0.58 8.5015 186.45163235294117 2.373447712414566 17.0 0.0
18 0.6 6.004 196.56865724381626 3.6024047899529354 17.0 0.0
18 0.6 6.5035 196.19144910179642 3.497624750498812 17.0 0.0
18 0.6 8.5015 193.36921977367479 2.713672159356976 17.0 0.0
18 0.62 5.005 205.13177843426882 4.50636796323701 16.949905322953924 0.0
18 0.64 6.004 208.96102702702703 4.049699699699202 17.0 0.0
18 0.64 6.5035 207.80447124824684 3.6927380395854317 17.0 0.0
18 0.64 8.5015 205.69363416041546 3.0412451112389283 17.0 0.0
18 0.66 4.006 223.321125 6.78256432370492 11.894164332399626 0.5341811067635549
18 0.68 5.5045 226.62673118279568 6.354076265611186 16.862630841506636 0.0
18 0.72 6.004 236.4549871244635 6.313650487514274 16.897880031860794 0.0
18 0.72 6.5035 232.54587616099073 4.797357623504406 16.947648961899677 0.0
18 0.72 8.5015 229.47694285714286 3.63370748299686 17.0 0.0
18 0.74 5.005 242.79222631578946 6.879504172804348 11.92830429239269 0.4727301486871241
18 0.76 7.5025 246.026202247191 6.211838077745051 16.912135589646265 0.0
18 0.76 8.002 242.01265493910688 4.376229138471655 17.0 0.0
18 0.78 1.5085 256.0337835294118 8.597438732268628 12.860094813162299 0.9203793054029522
18 0.8 5.005 257.9820925925926 7.27234176418502 11.91084985835694 0.6696333002973239
18 0.82 1.5085 265.4237857142857 8.756062837508576 12.919985825655564 0.9239713529787428
18 0.9 0.5095 284.5517207792208 9.452066666662832 13.580761756704236 0.9445800359114185
18 0.9 1.009 284.1825427350427 9.332615995112668 13.576857142857143 0.9395312556688313
18 0.9 2.008 283.7126347305389 9.023348606338063 13.201022248947684 0.9266094231616028
18 0.9 2.5075 283.5456472795497 8.87374155924006 13.001654676258992 0.9201924918597969
18 0.92 4.5055 287.7508686244204 8.579746618733871 12.877533385703064 0.8993477867020955
18 0.94 1.5085 293.07699601593623 9.391612393917537 13.550573802928373 0.9378653444676409
18 0.96 7.5025 296.91664217687077 8.763310657598739 12.956083947309667 0.9091370004906504
18 0.96 8.002 296.90088038277514 8.721477937270196 12.951221281741233 0.9052149681528662
18 0.96 9.001 296.86227548209365 8.616207529847731 12.947008760951189 0.8992626171048654
18 0.98 4.5055 301.5788142164782 9.399443546935514 13.572106708513143 0.9352083657285025
18 0.98 8.002 301.53300611620796 9.181158681615585 13.412119700748129 0.92752532939079
18 0.98 9.001 301.52150093109867 9.118001241463748 13.316334440753044 0.9249876232053648
18 1.02 4.5055 310.658941011236 10.060525321233554 13.973276880661677 0.9401436523612856
18 1.02 9.001 310.60087091222033 10.406998444749346 14.436634571297569 0.9357652137048599
18 1.04 1.5085 316.01013043478264 9.904889762061636 13.901917370463364 0.9418478071246642
18 1.1 4.006 328.3438422818792 11.234240814496275 14.9132902980824 0.920795513947631
18 1.12 5.5045 331.64421719457016 12.195345104314333 15.701519371992909 0.8871640376413241
18 1.14 1.009 338.87441747572814 10.226872852210988 14.130538555691555 0.9392624175503808
18 1.16 1.5085 342.68089795918365 10.625126475585548 14.584503360716953 0.9335393572055187
18 1.16 3.5065 340.8433822152886 11.836008230469075 15.464444444444444 0.9026630847398236
18 1.18 5.5045 342.5850992647059 13.32405624328106 16.355740239659838 0.8070949074074073
18 1.2 1.5085 351.36358458961473 10.866537037050383 14.735902578796562 0.9286332105849104
18 1.22 4.006 351.43556581196583 12.959416624519317 15.969430693069306 0.8405529513058452
18 1.22 5.005 349.8148366972477 13.577698863678593 16.600599089384136 0.7678044023404847
18 1.26 1.009 365.5332910891089 10.664362952548842 14.598430962343096 0.9321928397070789
18 1.28 4.5055 360.586 14.127699329612105 16.775043865568904 0.6899739583333332
18 1.28 8.002 354.6555027995521 15.838545321653573 16.94696260938743 0.0
18 1.28 9.001 353.3961120622568 16.178422431847984 16.94980575214576 0.0
18 1.3 3.5065 366.3777250409165 13.478071804377382 16.503662894580106 0.783066510477678
18 1.3 9.5005 355.91658520900324 16.373699015433797 17.0 0.0
18 1.32 1.009 378.488734375 10.95473325311323 14.789174017642342 0.9278703423205089
18 1.34 5.5045 367.46407337278106 15.371028701298505 16.934216135143668 0.0
18 1.36 3.007 378.04634563106794 13.711251504240668 16.607742998352553 0.774068049342551
18 1.38 3.5065 379.1477100977198 14.273226879546861 16.824981623437992 0.6340140535792708
18 1.38 9.5005 366.7721035683203 16.786347975904224 17.0 0.0
18 1.44 4.5055 384.56122897196263 15.619709194860688 16.93906478502486 0.0
18 1.44 9.001 375.6956762060507 16.767120037878822 17.0 0.0
18 1.46 7.5025 378.8474509415263 16.77758307102609 17.0 0.0
18 1.48 0.5095 416.12802110817944 10.624918566812752 14.584276729559749 0.9339188010467052
18 1.48 2.008 403.7369166666667 13.23296977957225 16.313267408323032 0.8189943527367506
18 1.48 2.5075 400.2841015228426 13.920429586571265 16.710993584185886 0.7121913313762734
18 1.5 5.5045 389.09761208577 16.315545023665127 16.949966978866474 0.0
18 1.54 2.008 413.91533129770994 13.656914809580696 16.5930908203125 0.7721531100478468
18 1.56 0.5095 433.62316634799237 10.789046214377045 14.666340385222608 0.930925442413693
18 1.56 2.008 417.71179797979795 13.75891506692347 16.640409924487596 0.7571824009324009
18 1.56 2.5075 412.847748125937 14.462248104979967 16.86497893713545 0.5717625899280574
18 1.58 7.5025 396.343998305372 16.983753935532032 17.0 0.0
18 1.58 8.002 396.9399605419539 16.7757333282874 17.0 0.0
18 1.58 9.001 395.32 16.8888888889 17.0 0.0
18 1.62 7.5025 402.0212505775076 16.97942345679218 17.0 0.0
18 1.64 0.5095 451.0832749003984 10.935730994158474 14.7292943107221 0.9278109840609841
18 1.64 2.008 430.037499377335 14.158562962947107 16.782557077625572 0.6657240272763737
18 1.64 2.5075 425.09976692913386 14.799903213337858 16.901802863371238 0.3801785050204534
18 1.66 9.5005 407.6089319893051 16.885451304599794 17.0 0.0
18 1.68 3.007 426.19855437100216 15.68276181652848 16.94383866293763 0.0
18 1.7 3.5065 426.0314483821263 16.205731421335848 16.94903213968992 0.0
18 1.7 9.5005 413.1 17.0 17.0 0.0
18 1.72 1.009 458.92956153846154 12.409389911342837 15.793946822553272 0.8780403922142543
18 1.74 4.006 427.63024395373293 16.40067227454525 17.0 0.0
18 1.76 5.005 424.6939323181049 16.85914444802779 17.0 0.0
18 1.8 1.5085 463.09070607553366 13.975086453167428 16.737030609024927 0.7106925880923449
18 1.82 5.005 435.8960392156863 16.758323119866354 17.0 0.0
18 1.88 6.004 440.64 17.0 17.0 0.0
18 1.88 6.5035 441.29365802469135 16.993103862036556 17.0 0.0
18 1.88 8.5015 440.64 17.0 17.0 0.0
18 1.9 4.006 449.46377075098815 16.739228883364035 17.0 0.0
18 1.92 5.5045 448.1299313304721 16.993759641162207 17.0 0.0
18 1.94 7.5025 449.82 17.0 17.0 0.0
18 1.94 8.002 449.82 17.0 17.0 0.0
18 1.96 5.5045 454.61531868906377 16.881419185412167 17.0 0.0
20 0.0 4.5055 19.798217636022514 1.9798217636022515 6.501435836075381 0.0
20 0.0 8.002 19.0 1.9 3.9474889729048517 0.0
20 0.0 9.001 19.0 1.9 4.608572099577266 0.0
20 0.02 4.5055 33.43742680412371 2.2026615646258505 7.9613877020248935 0.0
20 0.02 8.002 26.22 1.9 19.0 0.0
20 0.02 9.001 26.22 1.9 19.0 0.0
20 0.04 0.5095 95.84987755102041 8.333760869565218 12.869913793103448 0.914154004635591
20 0.04 1.009 77.85862857142857 6.4108600000000004 10.896385185185185 0.8393851787607207
20 0.04 2.5075 55.235214285714285 3.8115582655826556 8.513892773892774 0.15180661577608107
20 0.06 1.5085 75.35738888888889 5.3852690863579475 9.894177764013627 0.7412358329451947
20 0.06 3.5065 60.71664285714286 3.4529144178874325 12.642269611576541 0.0
20 0.06 9.5005 40.66 1.9 19.0 0.0
20 0.08 1.5085 84.17669841269841 5.617801302931595 9.990589595375722 0.7740067796610168
20 0.12 6.004 62.32 1.9 19.0 0.0
20 0.12 8.5015 62.32 1.9 19.0 0.0
20 0.14 3.5065 81.10937037037037 3.1800269023827825 18.936477627867976 0.0
20 0.14 9.5005 69.54 1.9 19.0 0.0
20 0.2 5.005 92.8 2.1 19.0 0.0
20 0.24 7.5025 106.13790771777364 1.9655141733912682 19.0 0.0
20 0.24 8.002 105.64 1.9 19.0 0.0
20 0.24 9.001 107.08514967795308 2.0901512734148793 19.0 0.0
20 0.26 0.01 177.1428757894737 10.55338028169014 14.952953838794546 0.9497073023536512
20 0.26 3.007 132.8351924528302 4.378349056603773 18.94347678638044 0.0
20 0.28 2.008 155.8671619047619 6.584946120689655 11.736177644710578 0.8068937550689375
20 0.3 3.007 144.0107980456026 4.184827348066299 18.94803903229829 0.0
20 0.32 5.005 143.32663931623932 3.195094017094017 19.0 0.0
20 0.34 3.5065 155.88132914572864 4.042625628140703 19.0 0.0
20 0.34 9.5005 142.4 2.0 19.0 0.0
20 0.36 5.005 157.5093797101449 3.235840579710145 19.0 0.0
20 0.42 3.007 199.7145025125628 6.6465388397246805 12.927479794268919 0.6421086536396821
20 0.44 5.005 185.4201615875266 3.2536002834868887 19.0 0.0
20 0.48 5.5045 198.63215175375805 3.1215676449534717 19.0 0.0
20 0.52 5.5045 213.62737989778535 3.339037478705281 19.0 0.0
20 0.54 5.005 224.47420197585072 4.190043907793633 19.0 0.0
20 0.56 5.005 230.96034679334917 4.127351543942993 19.0 0.0
20 0.58 5.5045 237.05382768102658 3.9651970669110908 19.0 0.0
20 0.6 5.5045 244.80319109461968 4.200797773654917 19.0 0.0
20 0.62 1.5085 268.7279607843137 8.58041847041847 13.338006756756757 0.9015708970649028
20 0.62 3.5065 264.091225464191 7.346494597839135 12.523405572755417 0.6388515709642468
20 0.64 5.5045 259.8824593202884 4.6340164778578785 19.0 0.0
20 0.7 5.005 287.89908212560385 7.2026068376068375 12.450083939563514 0.26121453900709185
20 0.72 5.5045 293.7572100502513 7.1376944971537 14.216379310344825 0.123711882229232
20 0.74 1.5085 305.3569836065574 9.16208474576271 13.861092564491654 0.9179894700585544
20 0.74 3.5065 302.3965 8.007584615384616 12.875704567541302 0.7789229340761373
20 0.76 0.01 314.46157487922704 10.58956106870229 14.926544117647058 0.9498706689124158
20 0.78 8.002 308.6398101265823 5.505886075949366 18.94511657007376 0.0
20 0.78 9.001 306.62309336941814 4.646860622462787 19.0 0.0
20 0.8 1.5085 323.24026515151513 9.516394422310757 14.091054091539528 0.9241201912132938
20 0.8 3.5065 321.10871866295264 8.476098591549295 13.304269005847953 0.8387948544346648
20 0.8 9.5005 314.239094488189 5.118956692913385 18.948229483754737 0.0
20 0.82 8.002 324.8414228855721 7.297340129749768 12.881146245059288 0.04157561817136243
20 0.82 9.001 324.3433611615245 7.05007226738934 12.652030947775629 0.0
20 0.84 2.008 334.5351746031746 9.439168141592921 14.016729182295574 0.9172607227958697
20 0.84 2.5075 334.0844341085271 9.197597122302158 13.876370565816476 0.9043994493518411
20 0.86 4.5055 338.94623188405797 8.61906497622821 13.47361930294906 0.8422432560340747
20 0.88 2.008 346.2715013850415 9.736317757009346 14.361504667764963 0.9260230803373279
20 0.88 2.5075 346.00817798594846 9.5275 14.110551724137931 0.9170754763918603
20 0.9 6.004 350.75299689440993 8.732180327868852 13.471497351949928 0.8492901709015281
20 0.9 6.5035 350.5979260237781 8.58476125511596 13.429296875 0.8323745348486371
20 0.9 8.5015 350.1673209876543 8.165378881987577 13.058481012658227 0.733242637644046
20 0.92 3.007 357.519169451074 9.775413669064749 14.43451282051282 0.9230481555011774
20 0.94 4.5055 363.06313918629553 9.660582706766917 14.339463387367244 0.917754749568221
20 0.94 8.002 362.64584184514 9.025420098846787 13.801600853788687 0.8787766383009673
20 0.94 9.001 362.5343855072464 8.868739130434783 13.658376034686638 0.866225218717393
20 0.96 0.01 370.78042857142856 10.606865979381443 14.967865538316879 0.9499203749887323
20 0.98 0.01 376.3562 10.593661485319515 14.9564332065339 0.9499474458692453
20 0.98 3.007 374.52290855457227 10.468586723768736 14.880192859004431 0.9407374484426113
20 1.02 3.007 385.8147117988395 10.95156603773585 15.389643211100099 0.9431974643855224
20 1.04 4.5055 391.4344544049459 11.477884940778342 15.790965639810427 0.9375253017467576
20 1.04 8.002 391.19765901639346 12.076125 16.229296235679215 0.9282151778792316
20 1.04 9.001 391.12699405940594 12.27515325670498 16.47027139874739 0.9244503875617606
20 1.06 4.5055 396.9567023809524 11.861907308377898 15.979220034410247 0.932156958521594
20 1.14 3.5065 418.1376307692308 12.81377142857143 16.848922018348624 0.9117774719457972
20 1.14 9.5005 413.54620921985816 15.779099415204678 18.725374855824683 0.6521185556251303
20 1.16 7.5025 418.98525874125875 15.483828828828829 18.60088601532567 0.7119923967513391
20 1.16 8.002 418.4099261862917 15.769624530663329 18.68688709374413 0.6644453392389771
20 1.16 9.001 417.62607299270076 16.264795698924733 18.838466757123474 0.5383102493074791
20 1.18 4.006 427.1550066445183 13.801715867158672 17.576722472633612 0.8763575667655786
20 1.2 4.5055 430.9552012383901 14.392920227920229 17.844974182444062 0.8365820178448867
20 1.2 8.002 426.00219130434783 16.630768421052633 18.892699414150517 0.33278622898318627
20 1.2 9.001 425.10155425219943 16.980920792079207 18.924505141097068 0.0
20 1.22 1.5085 441.5712915851272 12.144205020920502 16.371516880646695 0.9277013837678393
20 1.24 0.5095 449.8410552147239 11.175193370165745 15.629712812960236 0.942035890658691
20 1.24 2.008 445.5145353159851 12.827995951417005 16.818341346153847 0.91288872628443
20 1.24 2.5075 444.27824686940966 13.32466 17.088936170212765 0.8969391540934949
20 1.26 6.5035 439.1280141643059 16.807922636103154 18.90538714804723 0.20972024656235147
20 1.28 3.007 452.0028789237668 14.329875776397516 17.8114181539052 0.8506407384174208
20 1.3 7.5025 444.0994868585732 17.71770930232558 18.947147613762485 0.0
20 1.32 9.5005 444.8641272365805 18.65248859749145 19.0 0.0
20 1.34 4.006 461.07240697674416 15.979404069767442 18.758903515116447 0.6118537494177921
20 1.36 5.005 461.0326052631579 17.118608870967744 18.919985597695632 0.03267556587347607
20 1.38 7.5025 457.64679125683057 18.286130073800738 18.94990231146112 0.0
20 1.4 0.5095 494.6019020172911 11.565985267034991 15.847904662126767 0.9376701570680628
20 1.4 2.008 483.6209482758621 14.123916849015316 17.730971613201014 0.8616502033701335
20 1.4 2.5075 480.21256074766353 14.95094982078853 18.063651685393257 0.8001079395538497
20 1.44 3.007 485.14741944847606 15.787508833922262 18.733711455504075 0.6512450303410754
20 1.48 6.004 477.5899008264463 18.349148521286967 18.94998799735942 0.0
20 1.48 6.5035 476.4609400630915 18.545903927296333 19.0 0.0
20 1.48 8.5015 472.4281874503574 18.893288636546668 19.0 0.0
20 1.5 4.006 489.7754419191919 17.57919069767442 18.940092016821826 0.0
20 1.52 5.5045 486.93435161290324 18.406009577015162 18.949614559085823 0.0
20 1.56 6.004 491.3474054736842 18.771793873751903 19.0 0.0
20 1.56 6.5035 489.8040124455507 18.788166003976144 19.0 0.0
20 1.56 8.5015 486.4 19.0 19.0 0.0
20 1.58 0.01 554.717238938053 10.595594795539032 14.970895522388059 0.9496373965069197
20 1.58 3.007 510.8539692780338 16.903095238095236 18.91652726999549 0.049229891614374945
20 1.6 2.008 525.5235456110155 15.479112582781458 18.591094210009814 0.7094316596931658
20 1.6 2.5075 520.1809915014164 16.2518 18.847035609397945 0.4873269763149798
20 1.64 6.004 506.82134270650266 18.749948948948948 19.0 0.0
20 1.64 6.5035 505.65789021479713 18.594679555084745 19.0 0.0
20 1.64 8.5015 501.6 19.0 19.0 0.0
20 1.68 5.005 513.2612674979218 18.596737050863275 19.0 0.0
20 1.7 7.5025 513.7 18.9 19.0 0.0
20 1.72 3.5065 531.8487313769751 18.107177798682972 18.948400978297887 0.0
20 1.72 9.5005 518.1323359052575 18.892488281954208 19.0 0.0
20 1.76 1.5085 566.3818943248533 15.34728013029316 18.471056807362743 0.7485365117682558
20 1.76 3.5065 538.75469 18.028048477315103 18.949909839514337 0.0
20 1.76 9.5005 525.16 18.9 19.0 0.0
20 1.8 8.002 532.7111744720538 18.990903782131745 19.0 0.0
20 1.8 9.001 532.0 19.0 19.0 0.0
20 1.82 1.5085 578.9187604166667 15.570589147286821 18.64318133162064 0.6985530837402784
20 1.82 3.5065 546.7915477551021 18.297179090029044 19.0 0.0
20 1.86 4.006 552.3413858144972 18.573682299068373 19.0 0.0
20 1.88 5.5045 547.9790296020929 18.991138345384943 19.0 0.0
20 1.9 7.003 552.4906516807589 18.89414885027207 19.0 0.0
20 1.92 4.006 561.8245972944849 18.689473252068463 19.0 0.0
20 1.94 0.01 661.09365 10.626422594142259 14.973311036789298 0.9494510493752274
20 1.98 4.5055 570.5811416772555 18.870375044436543 19.0 0.0
20 2.0 5.005 571.9485189189189 18.8 19.0 0.0
