10 0.0 0.5095 21.96004636785162 4.3920092735703244 6.831564185544768 0.9122650944886034
10 0.0 1.009 17.58366124893071 3.5167322497861417 5.903705870879657 0.8212654155495978
10 0.0 2.5075 11.234396936821952 2.2468793873643906 4.665864527629234 0.0
10 0.02 0.5095 24.342488505747127 4.481518737672584 6.8718623870843745 0.9154259907647029
10 0.02 1.009 20.436027027027027 3.61510593220339 5.9555932751374066 0.8435757860159548
10 0.02 2.5075 14.265199999999997 2.39582775676462 4.931006443694384 0.0822136563876648
10 0.08 0.01 32.64169965075669 5.484726890756303 7.795531496062992 0.9495932254649931
10 0.1 1.5085 25.552172131147543 3.474414261460102 6.066816143497757 0.833179861875688
10 0.1 10.0 17.1 1.8 9.0 0.0
10 0.12 5.005 21.288777251184836 1.9986690486824474 8.906752825332886 0.0
10 0.16 4.5055 26.659937007874017 2.4198543335761107 8.856331350745625 0.0
10 0.16 8.002 21.96 1.8 9.0 0.0
10 0.16 9.001 21.96 1.8 9.0 0.0
10 0.18 4.5055 27.58428387096774 2.376711448598131 8.92826152455559 0.0
10 0.18 9.001 23.58 1.8 9.0 0.0
10 0.22 4.5055 29.467691588785048 2.2519709090909092 8.945219391947411 0.0
10 0.22 9.001 26.82 1.8 9.0 0.0
10 0.24 0.5095 40.57139336492891 4.833182795698924 7.3031160115052725 0.9331876854004649
10 0.24 2.008 36.99496072507553 3.7729061102831594 6.9697696969696965 0.8367900509204856
10 0.24 2.5075 36.412032258064514 3.5635993061578493 7.399570552147239 0.765715490581951
10 0.24 7.003 28.44 1.8 9.0 0.0
10 0.26 6.004 30.709205162547182 1.9754608547424815 9.0 0.0
10 0.26 6.5035 30.63453184235647 1.9552788763125597 9.0 0.0
10 0.26 8.5015 30.06 1.8 9.0 0.0
10 0.28 3.007 39.14441818181818 3.539108716944172 8.625208005396896 0.6352954048140043
10 0.3 6.004 34.54833790670325 2.1561191689533517 8.949989498004621 0.0
10 0.3 6.5035 34.337093437945796 2.0963124108416546 9.0 0.0
10 0.3 8.5015 33.3 1.8 9.0 0.0
10 0.32 5.5045 35.931646613378206 2.097543121581826 9.0 0.0
10 0.38 5.005 42.09448390519986 2.5423629288998937 8.949863129079807 0.0
10 0.4 4.5055 44.39328863796754 2.7779709164693944 8.949010309909138 0.0
10 0.4 9.001 41.95204293224299 1.9840143107476635 9.0 0.0
10 0.42 6.004 44.903849338700404 2.449603220241518 9.0 0.0
10 0.42 6.5035 44.153301777594045 2.1907937164117404 9.0 0.0
10 0.46 10.0 46.626117078825345 1.935598918083462 9.0 0.0
10 0.48 1.5085 56.041643410852714 4.643545851528383 7.506297329613392 0.8972187962506166
10 0.48 3.5065 54.11683958020989 3.9828496437945256 8.856120511049724 0.47996879875194987
10 0.5 6.5035 50.95486351819758 2.381945407279029 9.0 0.0
10 0.5 9.5005 49.5 1.8 9.0 0.0
10 0.52 1.5085 58.81077714285714 4.731531886916502 7.589003083247688 0.8983161491062168
10 0.52 10.0 51.521141274238225 1.9671421975992613 9.0 0.0
10 0.56 5.5045 56.902475849731665 2.953507418397626 8.9496480468868 0.0
10 0.58 1.5085 63.07478048780488 4.851225225225225 7.659900117508813 0.8981110160166279
10 0.58 3.5065 61.70090379008746 4.290170523751523 8.64149279414928 0.6315870910698496
10 0.58 10.0 56.34525813715455 1.9739324462640737 9.0 0.0
10 0.6 1.5085 64.34889534883722 4.9059894657637315 7.694545973729298 0.9000719467593981
10 0.6 10.0 58.25129396984924 2.1256469849246233 9.0 0.0
10 0.64 1.5085 67.206768 4.970383314543405 7.756398919184475 0.8980174998470293
10 0.64 10.0 61.54539433348816 2.1918857408267534 9.0 0.0
10 0.66 0.01 70.5243 5.517690909090909 7.805121713729308 0.9497694463699105
10 0.66 3.007 67.82206722689075 4.627022767075306 7.968245050829321 0.7727123960180007
10 0.68 4.5055 68.38619111709286 4.343586477217051 8.770931830676195 0.39590431315694063
10 0.68 8.002 65.65604831261102 2.7850301953818826 9.0 0.0
10 0.68 9.001 65.35573412994772 2.5973338312173264 9.0 0.0
10 0.72 1.5085 72.62401089918257 5.164237824161923 7.790816109098658 0.9041906185329961
10 0.72 10.0 69.45212582781457 3.3213398692810454 8.946805183199285 0.0
10 0.78 0.5095 77.71282575757576 5.457901960784314 7.838745583038869 0.9371862516017185
10 0.78 2.008 76.3668244680851 5.175576360444705 7.843871866295265 0.8885448709375418
10 0.78 2.5075 76.14399137931035 5.0852003142183815 7.860391911611424 0.8641092539747248
10 0.82 0.5095 80.49197402597403 5.505179487179487 7.870115315900601 0.93700343954341
10 0.82 2.008 79.01814457831325 5.289620048504446 7.885329393359986 0.893603574848388
10 0.82 2.5075 78.8238582278481 5.189878371232153 7.887580142883312 0.8747313040210447
10 0.84 3.007 80.02211891891892 5.167952218430035 7.908197015998562 0.8612239800166527
10 0.88 3.007 82.68570414201184 5.319441509433963 7.922755289022155 0.8789790880046471
10 0.9 4.006 83.75011816838996 5.294864655839134 7.92026594849352 0.8650773091556706
10 0.9 5.005 83.63003448275862 5.173778268063982 7.944550634074618 0.8417790013290297
10 0.92 6.5035 84.87087362954414 5.165874206578188 7.914501397949674 0.8315273425654502
10 0.94 0.5095 88.66824761904762 5.636504237288135 7.912275998306759 0.9373279687147477
10 0.94 1.009 87.72480952380953 5.6448185483870965 7.948013071895424 0.9284063573883161
10 0.94 2.5075 86.81484415584416 5.584788909892879 7.968171175858481 0.9097813142795279
10 0.96 6.004 87.50186518636004 5.493624107850912 7.953970669618151 0.8905287356321838
10 0.96 8.5015 87.47334484885873 5.365120296113511 7.950898479496237 0.8723910879718244
10 0.98 6.004 88.76444378109453 5.633691542288557 7.982590942835932 0.9079578087033355
10 0.98 6.5035 88.762786 5.621659999999999 7.993285872100159 0.9069402568397543
10 0.98 8.5015 88.7579175257732 5.578460606060606 7.964636972193615 0.9012501481218154
10 1.0 4.5055 90.0 5.79794305636258 8.115809018567639 0.9230730176313117
10 1.02 6.004 91.35142874922215 5.990440499671269 8.280974978429681 0.9187530466998147
10 1.02 6.5035 91.35041238471673 5.995178933153275 8.292271762208067 0.9188124117102635
10 1.02 8.5015 91.34304569420036 6.087430617726052 8.365066666666666 0.9178479889589904
10 1.04 0.5095 95.79829090909091 5.726417910447761 7.950584795321637 0.9364097672644028
10 1.04 1.009 93.81980876494023 5.811791530944625 7.99322573561704 0.9296572972060437
10 1.04 2.5075 92.74302481751825 5.96057991513437 8.245837104072399 0.9220876963350785
10 1.06 1.009 95.19192445328032 5.845413687436159 8.075596228508042 0.928779591487907
10 1.08 4.5055 95.28958317399618 6.3821943159286185 8.560932560590095 0.9080441379310344
10 1.1 0.01 105.01514705882353 5.517415094339622 7.800848126232742 0.9495275876688268
10 1.12 4.5055 97.79622372881356 6.712699551569506 8.704013496714616 0.8921648550724637
10 1.12 8.002 97.40952941176471 7.386387636831938 8.875340314136125 0.8229363646021459
10 1.12 9.001 97.270752 7.583635170603674 8.90060233778626 0.7825003262429857
10 1.16 0.5095 103.31681203007518 5.84571727748691 7.988980685497376 0.9333079908767156
10 1.16 2.008 100.71500902378999 6.306326359832636 8.503958333333333 0.9121911385069279
10 1.16 2.5075 100.6212510460251 6.444482412060301 8.591595197255575 0.9055479995466394
10 1.16 7.003 99.62283495145631 7.6306261510128905 8.907697845710805 0.7643574155238229
10 1.18 7.5025 100.50980165289256 7.989323979591837 8.92793583535109 0.6427989712816115
10 1.18 8.002 100.36966532582461 7.96527205493925 8.932555033991584 0.5954611650485435
10 1.2 0.5095 106.1246568627451 5.887792915531335 7.979749501219242 0.932162481175465
10 1.2 1.009 104.4689224952741 6.1050932835820895 8.322204148027653 0.9226983906126802
10 1.2 2.5075 103.07641651031895 6.639111570247933 8.68235182008767 0.8982043608379648
10 1.26 4.006 105.87376799140709 7.4676771300448435 8.889314650019923 0.8029206574435378
10 1.28 6.004 105.66803995299648 8.20284467713787 8.942300768538392 0.3370326173428796
10 1.28 6.5035 105.35292018779343 8.420157109190887 8.94558425022038 0.11861448968799539
10 1.28 8.5015 104.43386682520809 8.688585707146427 8.949559664679358 0.0
10 1.3 2.008 109.44642800318218 6.797002762430939 8.745113931793853 0.8873318461434462
10 1.3 7.003 105.84758716104041 8.567333545715195 8.948655309448261 0.0
10 1.32 4.006 108.84781300219137 7.856609375 8.92363344788087 0.6952459316145546
10 1.34 7.5025 107.26447462406016 8.710919294494923 8.949835966892401 0.0
10 1.34 8.002 107.05696376252891 8.791407290373547 8.949908334084693 0.0
10 1.34 9.001 106.82464656616415 8.919870192307693 8.949963974782348 0.0
10 1.36 5.5045 109.3203909574468 8.5572019195275 8.947639093965003 0.0
10 1.38 2.008 114.23899266055047 7.06508506616257 8.816422513492675 0.8640981735159817
10 1.38 7.003 109.20836255411255 8.75042815512217 8.949731571962843 0.0
10 1.42 4.5055 112.92308737864077 8.4 9.0 0.01304744525547379
10 1.44 6.004 112.27347583243824 8.609083619702176 8.949813309244204 0.0
10 1.44 6.5035 111.96321052631579 8.857668659265585 8.94999099855977 0.0
10 1.44 8.5015 110.59923988005997 8.983139952455616 9.0 0.0
10 1.48 5.005 114.76899 8.578771103258735 8.949335805696569 0.0
10 1.5 7.5025 113.70469550369948 8.970516539890324 9.0 0.0
10 1.5 8.002 113.73356026222895 8.952657292998154 9.0 0.0
10 1.5 9.001 113.26721565315316 8.980762927054478 9.0 0.0
10 1.52 3.5065 118.4767880239521 8.332327119663258 8.945269759957968 0.1444045174537984
10 1.52 9.5005 113.80966945400885 8.988289066891513 9.0 0.0
10 1.56 4.006 119.27096594427245 8.58916634354401 8.949077299113963 0.0
10 1.56 5.005 117.90160946745561 8.782204596956944 8.949959467979705 0.0
10 1.58 6.004 118.13168715697036 8.835143422354106 9.0 0.0
10 1.58 6.5035 117.73323270728356 8.944938883382887 9.0 0.0
10 1.58 8.5015 116.58164221716022 8.987276613611206 9.0 0.0
10 1.6 3.007 123.1048987463838 8.32114463176575 8.943904819601508 0.24583710407239787
10 1.64 4.006 122.60600665715644 8.66777469258231 8.949780040978666 0.0
10 1.64 5.005 121.01358111195735 8.795540638900121 8.949905322953924 0.0
10 1.7 2.008 130.51061964403428 7.956186588921283 8.92955621301775 0.6234297333935832
10 1.7 7.003 121.97056543837357 8.988300986207138 9.0 0.0
10 1.74 0.01 155.60693023255814 5.549884105960265 7.8227466222469 0.949095962372488
10 1.74 3.007 128.92503840472673 8.710842052815147 8.948889911070223 0.0
10 1.78 3.5065 128.8846530172414 8.8861543715847 8.949926393270243 0.0
10 1.78 9.5005 125.5008731408574 8.98885336900184 9.0 0.0
10 1.8 0.5095 144.3873780487805 6.440802469135803 8.56197109067017 0.9117914792273087
10 1.8 1.009 140.60703071672356 7.156641104294478 8.83577692383486 0.8559588626739262
10 1.8 2.5075 132.77717888100867 8.416733275412685 8.947858595338651 0.0
10 1.84 4.5055 129.8870621572212 8.970859340851472 9.0 0.0
10 1.86 7.5025 129.45316025641026 8.983264383974294 9.0 0.0
10 1.88 1.5085 141.61632258064515 7.834151747655584 8.924477774253477 0.6779945904173105
10 1.88 10.0 129.6 9.0 9.0 0.0
10 1.9 0.01 168.05482269503545 5.5500937766410905 7.8253328469815795 0.9489540902269455
10 1.9 3.007 135.22131465517242 8.72909168262072 8.94993692178301 0.0
10 1.92 7.5025 131.4 8.98960651035171 9.0 0.0
10 1.92 8.002 131.4 9.0 9.0 0.0
10 1.92 9.001 131.4 9.0 9.0 0.0
10 1.96 4.5055 134.01625241730278 8.987494278746953 9.0 0.0
10 1.96 8.002 133.2 8.989650718743208 9.0 0.0
10 1.96 9.001 133.2 9.0 9.0 0.0
10 1.98 1.009 150.2897352112676 7.398518117901569 8.884015309672929 0.8162200904179071
12 0.0 6.004 11.0 1.83333333333 4.144404517453799 0.0
12 0.0 6.5035 11.0 1.83333333333 4.553382761816496 0.0
12 0.0 8.5015 11.0 1.83333333333 3.9627161202381807 0.0
12 0.02 6.004 15.603615999999999 1.9569985168697368 5.818090185676392 0.0
12 0.02 6.5035 14.999801886792453 1.83333333333 7.163723030607125 0.0
12 0.02 8.5015 14.624751054852322 1.83333333333 6.791235114926613 0.0
12 0.04 4.006 20.45709090909091 2.301474304968455 7.353305954825462 0.0
12 0.06 2.008 27.716549019607843 3.2718202502835414 6.585600952003173 0.6532043279234289
12 0.06 2.5075 26.4481875 2.9821027534221924 6.415950617283951 0.4412671806905797
12 0.06 7.003 18.26 1.83333333333 11.0 0.0
12 0.08 0.5095 40.31395918367347 5.327772861353821 8.27183908045977 0.9205841711535713
12 0.08 1.009 35.79263387978142 4.445171202808385 7.505109780439121 0.8749474789915966
12 0.08 2.5075 29.622761061946903 3.131253347619122 6.974048640915593 0.527043132803632
12 0.1 4.5055 29.231666666666666 2.4559238625803625 10.89319448894585 0.0
12 0.1 9.001 23.1 1.83333333333 11.0 0.0
12 0.12 1.5085 38.63835294117647 4.095219748860352 7.264260563380281 0.8378223216892089
12 0.12 3.5065 33.99640336134454 2.9674146915441457 9.862119649303764 0.0
12 0.12 9.5005 25.52 1.83333333333 11.0 0.0
12 0.14 2.008 39.78744881889764 3.819228504119728 7.283549295774647 0.7810143213769544
12 0.14 7.003 27.94 1.83333333333 11.0 0.0
12 0.16 3.007 40.65326213592233 3.460135016657102 9.542865853658537 0.5275793650793649
12 0.18 3.007 43.40643773584905 3.585451471759863 8.690986879634911 0.5922945205479451
12 0.22 3.007 48.62984516129032 3.801024208564067 9.976899509803921 0.6139217048876533
12 0.24 6.004 40.04 1.83333333333 11.0 0.0
12 0.24 8.5015 40.04 1.83333333333 11.0 0.0
12 0.26 5.5045 44.50703307303629 2.292386311436063 10.94992187969473 0.0
12 0.28 5.005 46.954488372093024 2.3135389750189916 11.0 0.0
12 0.3 5.5045 49.7420796812749 2.4147808764923195 11.0 0.0
12 0.34 2.008 64.56314634146342 4.680633802819676 8.541401590457257 0.842347710934544
12 0.34 2.5075 63.7670606060606 4.483916831031894 9.135767195767196 0.7751349163518617
12 0.34 7.003 53.39175359217365 2.149432725299364 11.0 0.0
12 0.38 3.5065 66.79293069306931 4.136039094652927 10.916199909497712 0.0
12 0.38 9.5005 56.98 1.83333333333 11.0 0.0
12 0.4 3.007 69.92314785373608 4.4660415566114 10.78513600618796 0.594575529068353
12 0.46 4.5055 70.97697098646036 3.1613260262228695 10.949332725338197 0.0
12 0.48 7.5025 69.5062232760324 1.9699433577020926 11.0 0.0
12 0.48 8.002 70.3210039339103 2.231091004459188 11.0 0.0
12 0.48 9.001 70.04134702013155 2.1414573782501214 11.0 0.0
12 0.52 4.5055 80.03768641114982 3.799038854803764 10.946075449721755 0.0
12 0.52 8.002 75.26897370195549 2.3017269798435893 11.0 0.0
12 0.52 9.001 74.84068936761639 2.1530171415365325 11.0 0.0
12 0.58 7.5025 82.88574503816794 2.5102162849874814 11.0 0.0
12 0.58 8.002 82.85579757785467 2.4983323721645188 11.0 0.0
12 0.58 9.001 82.25786538461539 2.26105769230725 11.0 0.0
12 0.6 4.5055 90.26129829984545 4.448286090967984 10.92860875524715 0.0
12 0.6 8.002 85.18008374040475 2.4917015585018114 11.0 0.0
12 0.6 9.001 84.91639112903226 2.3818296370944108 11.0 0.0
12 0.62 0.5095 96.6430382022472 6.2011057499014335 8.98235294117647 0.9384004139409394
12 0.62 2.008 94.99931531531531 5.5184542586754475 8.839867374005305 0.8676907200127014
12 0.62 2.5075 94.60666315789474 5.345789657579026 8.946702591737234 0.8184620411719855
12 0.62 7.003 88.01987474747474 2.7104713804729617 11.0 0.0
12 0.64 4.5055 95.20818518518519 4.796144278605119 10.876613858454249 0.12555089192025146
12 0.64 8.002 90.34105303514376 2.7134504792346887 11.0 0.0
12 0.64 9.001 90.12101116751269 2.6115792442210695 11.0 0.0
12 0.66 1.009 100.0225159574468 6.02559232026195 9.0 0.9924523608139708
12 0.68 3.007 100.51738983050848 5.391303740924682 8.932020860495436 0.7810430898581187
12 0.72 4.5055 103.94500518134716 5.135889792233973 9.466639004149377 0.5295794524414336
12 0.72 8.002 100.76553807106599 3.4067893400996585 10.948896179554792 0.0
12 0.72 9.001 100.01930162049138 2.9638700121965242 11.0 0.0
12 0.74 0.5095 108.59135849056604 6.380495169079735 9.228548559231589 0.9389129159947222
12 0.74 2.008 107.2792627118644 5.871793497675178 8.993767458100558 0.886819231291593
12 0.74 2.5075 107.0097196969697 5.734046102518078 8.959664714199151 0.8580323679727427
12 0.76 5.5045 107.84228860759494 5.126448667787138 9.53905172413793 0.4530029537249751
12 0.78 6.004 109.77584362139918 5.115257672266347 10.143525179856114 0.3854351032448375
12 0.78 6.5035 109.73270705521473 5.04939255884685 10.592892037127504 0.25427293064876927
12 0.78 8.5015 108.80264367816092 4.33651704940522 10.942844895579713 0.0
12 0.8 2.008 113.21963011889036 6.078548017045163 9.087698161065314 0.8968051513838152
12 0.8 2.5075 112.99571084337349 5.948633658007631 9.043888537048765 0.8772590028720818
12 0.8 7.003 111.68085140562249 5.031602675975035 10.663564796124344 0.22080411407199593
12 0.82 6.004 113.99871557426339 5.289665081250891 9.37403536977492 0.5413593835993393
12 0.82 6.5035 113.9715075987842 5.243103883005823 9.815576923076923 0.4969212194385751
12 0.82 8.5015 113.61333150308855 4.934831846258134 10.81012759170654 0.0
12 0.84 5.005 116.36021224489795 5.617661346289654 9.01056129985229 0.752788490062296
12 0.86 3.5065 118.71716580310881 5.9915111725407195 9.15507418397626 0.8596817646068361
12 0.86 9.5005 117.8207133683596 5.116686125707724 9.827308558558558 0.2775465973125268
12 0.88 5.005 120.45555509783729 5.850136752133754 9.088743994509265 0.8182244519576835
12 0.9 1.5085 123.27870712401055 6.481121313299567 9.484801512287333 0.9231545944949052
12 0.9 10.0 122.03965845909451 5.39718030182479 9.372475247524752 0.617378328741965
12 0.94 6.004 126.31507086614172 6.181533558307951 9.325156024963993 0.8770144628099174
12 0.94 6.5035 126.29533041575492 6.143292091220721 9.267240479916536 0.8721365554276946
12 0.94 8.5015 126.2265 5.959997497496698 9.063036714374611 0.8390128465179174
12 0.96 5.5045 128.26484356435645 6.412755775575812 9.475088687426094 0.9030029680498166
12 0.98 5.5045 130.15566483516483 6.61558302808534 9.608096 0.9186459706155122
12 1.04 6.004 135.9369739442947 7.278992015966904 9.888616172263212 0.921956358868702
12 1.04 6.5035 135.92813968253967 7.334267709688123 9.92150841941418 0.9208857454787107
12 1.04 8.5015 135.89681412639405 7.5400288421928074 9.97225768321513 0.9158572294022617
12 1.06 3.5065 137.9337752293578 7.215249000364894 9.87440245478036 0.9235248233458749
12 1.06 9.5005 137.6920193548387 8.015531400966495 10.453228285933896 0.9831527701590784
12 1.1 0.5095 144.30508896797153 6.803867660762058 9.635982905982905 0.9385435103244838
12 1.1 1.009 143.0652795031056 6.977079453754973 9.74792886087348 0.9328782570174379
12 1.12 3.007 143.67384507042252 7.583755506609605 9.989483944954129 0.9151849778637219
12 1.14 7.003 144.52241666666666 8.882293796861994 10.8256589958159 0.817087357330992
12 1.16 6.004 146.33042010050252 8.815501165498546 10.81862008923713 0.8181252728066346
12 1.16 6.5035 146.18593157380255 8.973293010752155 10.8489487040058 0.7931877404144434
12 1.16 8.5015 145.53737579617834 9.555497630332864 10.91700527835873 0.6352155832786166
12 1.18 0.01 158.27707462686567 6.5592615511563 9.325418215613382 0.9495840769533258
12 1.2 6.004 149.32690032858707 9.283333333332 10.892768448819405 0.729870340356564
12 1.2 6.5035 149.03218137254902 9.430463836476596 10.90870398773006 0.6689771598808341
12 1.2 8.5015 148.18116799999999 10.045458044658822 10.939708435826942 0.2819043515725977
12 1.22 0.5095 155.98215277777777 6.967275280898222 9.740278099652375 0.9357973805855162
12 1.22 2.008 153.31093346573982 7.726044277361025 10.06679731243001 0.9103731985373198
12 1.22 2.5075 153.02095674967237 7.99147634583996 10.423087573554863 0.8980549269068444
12 1.24 5.005 152.77672948328268 9.216049939832887 10.889863212846098 0.7325577663671372
12 1.26 10.0 151.11324758364313 10.678233761428297 10.949890261868255 0.0
12 1.28 5.5045 155.064975495916 9.884567152101251 10.931546738951864 0.4537200917731889
12 1.3 4.5055 157.5208203125 9.519733502538466 10.912255856804423 0.6523362536503962
12 1.32 7.003 156.25106056129985 10.5847799879615 10.949145664246048 0.0
12 1.34 0.01 176.06172222222222 6.551330715533313 9.298479809976246 0.9495321725965178
12 1.4 5.005 163.2 10.3333333333 11.0 0.0
12 1.42 3.007 168.03659659090908 9.3603056768531 10.901953056062121 0.6939588688946015
12 1.48 1.5085 176.58532 8.367047275638367 10.664242546333602 0.8744576679722807
12 1.48 3.5065 170.75578850574712 9.988799743260367 10.939427969181567 0.2859040274207366
12 1.48 10.0 163.90374887892378 10.990805529809714 11.0 0.0
12 1.5 0.01 193.47485549132946 6.5344664194485675 9.291167953667953 0.9494065507088
12 1.5 3.007 173.44046167247387 9.728887870456084 10.929305225653206 0.5137981330221701
12 1.52 7.5025 167.49763852058618 10.984240137672252 11.0 0.0
12 1.52 8.002 167.30819777234447 10.970608048525142 11.0 0.0
12 1.54 3.5065 174.5573080495356 10.14780306625368 10.945300295372498 0.0
12 1.54 9.5005 167.77293622795113 10.991074660752854 11.0 0.0
12 1.56 1.5085 183.42864018691589 8.599463848041205 10.747507953340403 0.851822546230441
12 1.56 10.0 170.03932725615314 10.978499741997764 11.0 0.0
12 1.58 5.5045 172.77742885771542 10.934049540980796 11.0 0.0
12 1.6 5.005 174.9808623548922 10.76189116054846 10.949893274809849 0.0
12 1.64 1.5085 189.38374031413613 8.889721663311006 10.829824382274863 0.8175079382459213
12 1.64 10.0 174.24 11.0 11.0 0.0
12 1.66 4.5055 179.40784855041107 10.704931869043856 10.949962472605002 0.0
12 1.72 7.003 180.8480849617672 10.979888261411173 11.0 0.0
12 1.74 1.009 200.68767952522253 8.399945593033907 10.656137817206519 0.8720678538532391
12 1.76 2.008 194.82866725820764 9.820402053033968 10.930698544698545 0.48542760111145394
12 1.76 2.5075 192.24025283018867 10.101672671147456 10.943893489530735 0.0
12 1.76 7.003 183.4998930755012 10.98870202410262 11.0 0.0
12 1.78 7.5025 184.36163862332694 10.988748244759037 11.0 0.0
12 1.8 6.004 186.73786851776234 10.936156439119998 11.0 0.0
12 1.8 6.5035 184.8 11.0 11.0 0.0
12 1.8 8.5015 184.8 11.0 11.0 0.0
12 1.82 0.5095 212.32467135325132 7.6619026149716785 10.0253216374269 0.9152022386161281
12 1.82 2.008 198.39528504672896 9.98749413970908 10.93854124414617 0.304091858037578
12 1.82 2.5075 195.77406825396827 10.28091258404143 10.946689483111566 0.0
12 1.84 3.007 194.69442243436754 10.50278269419918 10.949574925120261 0.0
12 1.86 0.01 233.41148837209303 6.57917157440284 9.330342883983091 0.9491642774354907
12 1.88 4.5055 192.33883022023974 10.964699029941684 11.0 0.0
12 1.88 8.002 190.08 11.0 11.0 0.0
12 1.88 9.001 190.08 11.0 11.0 0.0
12 1.9 1.009 213.36365217391304 8.742821535394105 10.796346529814272 0.8334632294164668
12 1.92 0.01 240.07592857142856 6.554211793021541 9.30071225071225 0.9490835217205352
12 1.94 5.5045 195.340599852071 10.987180611316218 11.0 0.0
12 1.96 0.01 244.539007751938 6.58713632585378 9.356224899598393 0.949050836059059
12 1.96 3.007 200.78472240802677 10.936097691882013 10.949866145285005 0.0
12 1.98 9.5005 196.68 11.0 11.0 0.0
14 0.0 5.5045 13.0 1.85714285714 4.37145895363675 0.0
14 0.02 5.5045 19.970432432432432 2.0640467048049795 6.828685389574909 0.0
14 0.04 1.5085 34.95913924050633 3.973027818841014 7.34416 0.7296951021732078
14 0.04 10.0 19.76 1.85714285714 13.0 0.0
14 0.06 6.004 26.5230322040987 1.991542318552067 11.617904630903254 0.0
14 0.06 8.5015 23.8 1.85714285714 12.0 0.0
14 0.08 6.004 26.52 1.85714285714 13.0 0.0
14 0.08 6.5035 28.026141795104262 1.9799697148141027 12.8801754196772 0.0
14 0.08 8.5015 26.52 1.85714285714 13.0 0.0
14 0.1 3.007 42.29447580645161 3.3882295023250113 8.656681138446695 0.35920799692425964
14 0.12 7.5025 35.62402350965575 1.9915351098352392 12.830809054918282 0.0
14 0.12 8.002 33.28 1.85714285714 13.0 0.0
14 0.12 9.001 33.28 1.85714285714 13.0 0.0
14 0.16 5.005 40.845243149946064 1.994088971079144 13.0 0.0
14 0.18 5.005 46.1371561423651 2.3305150073772896 13.0 0.0
14 0.2 2.008 64.08946601941747 4.651760385008101 8.718930693069307 0.8084032647430738
14 0.2 2.5075 62.82395744680851 4.363339203166978 10.21569264069264 0.7193635292136722
14 0.2 7.003 48.124170459247 2.0936018677245505 13.0 0.0
14 0.22 5.005 51.43781503941783 2.0875119119830376 13.0 0.0
14 0.24 5.5045 56.19155182543013 2.351795455904955 13.0 0.0
14 0.28 3.5065 68.72553488372094 3.317333541728138 12.944437777111045 0.0
14 0.28 9.5005 60.32 1.85714285714 13.0 0.0
14 0.32 2.008 84.3178904109589 5.200253434707204 9.319959266802444 0.8362609293643776
14 0.32 7.003 68.21958848697005 2.0965522031468997 13.0 0.0
14 0.36 2.008 90.70445217391304 5.355137844608631 9.427894421115777 0.8384197770237517
14 0.36 2.5075 89.80804938271605 5.1220314855157545 9.734369024856596 0.7764019318486718
14 0.36 7.003 75.01556608576465 2.11954600128914 13.0 0.0
14 0.38 7.5025 77.75893991214308 1.981322560401258 13.0 0.0
14 0.38 8.002 77.22 1.85714285714 13.0 0.0
14 0.4 5.005 84.40105022831051 2.7621548162662974 13.0 0.0
14 0.44 2.008 103.09585915492958 5.634481409004646 9.799307580174927 0.8471057701128336
14 0.44 2.5075 102.23286896551724 5.387464747639488 9.992195325542571 0.7822161243956617
14 0.44 7.003 89.18559244264507 2.3228552149569355 13.0 0.0
14 0.46 3.007 104.61695765472312 5.257616071425691 10.960933211344921 0.6678557194101234
14 0.48 0.01 114.91050516986706 7.51105930622924 10.760189452124935 0.949773987463838
14 0.52 0.01 120.44599999999998 7.542464584400918 10.773954568921011 0.949780040978667
14 0.52 3.007 113.85852325581395 5.471327164405562 11.833267716535431 0.6918654095026806
14 0.54 0.5095 121.27205847953216 6.981914222642338 10.377402473834444 0.9375744409902992
14 0.54 2.008 118.1641052631579 5.962664409427564 9.868029411764706 0.8553337383907647
14 0.54 2.5075 117.54213880126184 5.728245743897 9.781380683703949 0.8040559604984716
14 0.54 7.003 106.42153976988494 2.528428499964836 13.0 0.0
14 0.56 2.008 121.24584357541899 6.022254733219033 9.889090416892257 0.8594095318431041
14 0.56 7.003 110.16928357116721 2.678338821811104 13.0 0.0
14 0.58 0.01 128.22495983086682 7.540039985460633 10.772173256106774 0.949801216794169
14 0.58 3.007 122.82458620689656 5.663126995574382 10.158363970588235 0.7256009219624628
14 0.6 3.007 125.80075040783034 5.735707206572661 9.89832928311057 0.7403894080996883
14 0.62 6.004 122.22968 3.529954887218644 13.0 0.0
14 0.62 6.5035 121.72299001663893 3.339469931064058 13.0 0.0
14 0.62 8.5015 120.16822651933701 2.754972375692859 13.0 0.0
14 0.64 3.007 131.87016103896104 5.903829843623838 10.22279355333845 0.762814856980219
14 0.66 9.5005 126.16487604070305 2.5398638826491386 13.0 0.0
14 0.68 5.005 136.24166742596813 5.4243493985361075 12.72496699669967 0.0946768060836498
14 0.7 0.5095 143.17267716535432 7.229239660464494 10.603934314060895 0.9396407489226088
14 0.7 2.008 141.47200333889816 6.490138537166494 10.129347826086956 0.8812553434026787
14 0.7 2.5075 141.07127167630057 6.30462283043668 10.032074074074073 0.846613289158844
14 0.72 3.007 143.60782926829268 6.199279355659213 10.002674230145866 0.8078731988472622
14 0.74 6.004 144.80527382753402 5.488258895575734 12.38611418047882 0.0
14 0.74 6.5035 144.55743567251463 5.391194014758717 12.618429487179487 0.0
14 0.74 8.5015 141.20141417322836 3.5831209479113424 12.949365050431402 0.0
14 0.76 4.006 148.77009756097561 6.082116660846909 9.944053985230456 0.7279745389260648
14 0.78 5.5045 151.07475675675676 5.826162790696366 10.715384615384615 0.49309610705596085
14 0.8 8.5015 152.97508076358298 5.2653226655404755 12.921207393750295 0.0
14 0.82 5.5045 156.96948513169073 6.073672275929388 10.033544805709754 0.6437914084206026
14 0.84 1.5085 161.35053225806453 7.154609237967578 10.637273659036556 0.9202497727163979
14 0.84 3.5065 160.5200430107527 6.650138909200254 10.332607541157726 0.8525566171266807
14 0.84 9.5005 159.09912646855562 5.541642807780476 12.812033382203676 0.0
14 0.86 7.5025 162.4158125 5.989452603471084 10.298656294200848 0.5703274039700952
14 0.88 1.5085 166.7778091286307 7.317162977863546 10.731206464196156 0.9255571932645495
14 0.88 3.5065 166.1268486140725 6.875336574417851 10.480164930555555 0.8775205761316872
14 0.88 9.5005 165.14769457221712 5.901833180566323 9.98851689612015 0.4562153344208807
14 0.9 8.002 168.21098194130926 6.295943762116152 10.292687880839539 0.7386388583973654
14 0.9 9.001 168.13190427698572 6.184883381924954 9.998538394415357 0.6827750285496763
14 0.94 5.5045 174.05771143174252 7.062834945300131 10.616167664670659 0.8914414121018693
14 0.96 4.006 176.8204020797227 7.397088550307188 10.816715758468336 0.9186896282564152
14 1.0 5.005 182.0 7.775918367348143 10.950466972321276 0.9358344562078922
14 1.04 5.5045 187.44863157894736 8.34011204481473 11.495138121546962 0.9282707867102771
14 1.06 7.5025 189.9475437731196 8.982964249529259 11.862232897134339 0.9124356414836607
14 1.08 5.005 192.66170517928285 8.83655693809866 11.803995322549211 0.9162209711470795
14 1.1 6.004 194.9691199119912 9.39958277703404 11.980099667774086 0.8948056046452916
14 1.1 6.5035 194.88509411764707 9.536867888749157 12.175717111770524 0.8883058571237099
14 1.12 5.005 197.57542989571263 9.423921971251046 12.022463343108504 0.8947325206846459
14 1.14 4.5055 200.08267688022283 9.485049365302945 12.061542792792793 0.890794129209802
14 1.16 5.5045 201.89686187845305 10.118990309507407 12.641723989681857 0.8443063988790285
14 1.18 0.5095 208.69624 7.930955485191393 10.985960926851432 0.939529061751687
14 1.18 1.009 207.32837037037038 8.228517587938272 11.38979940247546 0.9327699568391755
14 1.2 5.5045 206.0866919191919 10.622823660701133 12.807651471436815 0.772619372442019
14 1.22 6.004 207.52198852223816 11.095726380891506 12.894918353193367 0.6472592592592591
14 1.22 6.5035 207.22633626373627 11.225629496412626 12.905338785710228 0.5743871297242082
14 1.22 8.5015 205.74618966737438 11.967149256109165 12.94201169020945 0.0
14 1.24 1.5085 214.32636075949367 8.741923577944718 11.757884448305822 0.919897149997597
14 1.24 3.5065 212.04944667697063 9.99272237196751 12.574495787592545 0.853476923076923
14 1.24 10.0 206.5820529931305 12.412144889595027 12.949426508071367 0.0
14 1.26 4.5055 212.92879717457114 10.771266735315901 12.84508783344177 0.7442927278306227
14 1.32 4.5055 218.6407879616963 11.288079215521897 12.909922715235368 0.5651708844247324
14 1.34 1.009 227.98668656716418 8.705233219571795 11.724660795048798 0.9225187113569802
14 1.36 2.008 228.04390723055934 9.720950864426154 12.361662198391421 0.8773041813898704
14 1.36 2.5075 226.50522969837587 10.184980307938647 12.684576078728236 0.8346199642786266
14 1.36 7.003 218.15653076923078 12.497489709158167 12.949884234897915 0.0
14 1.4 1.5085 233.9996166854566 9.401028571426593 11.983720403308032 0.8943722669370682
14 1.4 3.5065 228.00830188679245 11.211645813297343 12.906217645734865 0.5964406779661016
14 1.4 10.0 218.7792118959108 12.991448171824171 13.0 0.0
14 1.42 5.005 226.21025 12.12998737377637 12.94732467368288 0.0
14 1.46 4.006 231.94007870837538 11.881654879738187 12.940846819988643 0.0
14 1.46 5.005 229.22221183431952 12.324877678999599 12.9491332478789 0.0
14 1.48 7.5025 226.81119287078295 12.947922134717535 13.0 0.0
14 1.48 8.002 227.51389214175654 12.836083242744369 13.0 0.0
14 1.48 9.001 227.27900460829494 12.817233370022434 13.0 0.0
14 1.5 1.009 247.991864608076 9.132544480914726 11.90415377817057 0.9092903015130075
14 1.52 0.01 263.9530588235294 7.559574829933164 10.781107249255214 0.949452582415916
14 1.54 7.5025 232.82544195804195 12.984694008738016 13.0 0.0
14 1.56 8.002 234.06887790507366 12.84505042439788 13.0 0.0
14 1.56 9.001 234.00379510022273 12.988053186147946 13.0 0.0
14 1.58 4.006 241.69043779741673 12.38226833978302 12.949130142839703 0.0
14 1.6 1.5085 256.81017264276227 10.159995677580847 12.664984924623116 0.8384980620155038
14 1.6 3.5065 245.13753968253968 12.480187766171301 12.947883051907443 0.0
14 1.6 9.5005 237.73269142471304 12.946828941475786 13.0 0.0
14 1.62 4.006 245.50871652593486 12.365585548182432 12.949503120644732 0.0
14 1.62 5.005 242.51341890547263 12.817709269835216 13.0 0.0
14 1.64 8.002 241.35457722859664 12.99068065286033 13.0 0.0
14 1.64 9.001 240.71000988047808 12.99120070955795 13.0 0.0
14 1.68 2.008 260.56815795090716 11.099955737553502 12.897553629602312 0.6283835005574134
14 1.68 2.5075 256.87036597938146 11.664279756939592 12.934023434407411 0.24787906137184082
14 1.68 7.003 244.9610435264763 12.983848867177356 13.0 0.0
14 1.72 4.5055 250.318028 12.832945702638133 13.0 0.0
14 1.74 9.5005 249.97072756268275 12.989200344714863 13.0 0.0
14 1.76 6.004 252.61599313893655 12.848617973465744 13.0 0.0
14 1.76 8.5015 251.16 13.0 13.0 0.0
14 1.78 0.01 302.63415000000003 7.561831415031704 10.807477341389728 0.9493250228032837
14 1.8 5.5045 256.44154721274174 12.848276063821604 13.0 0.0
14 1.82 6.004 258.087974279139 12.84792489349548 13.0 0.0
14 1.82 6.5035 257.7833186813187 12.991860385612217 13.0 0.0
14 1.82 8.5015 257.2957731110173 12.990020119034645 13.0 0.0
14 1.84 5.005 259.940456759026 12.9830786724418 13.0 0.0
14 1.86 0.5095 296.96607823129256 8.96369047618975 11.84399413167064 0.9154817444219067
14 1.86 1.009 289.20543863912513 10.094077922106147 12.61825469537334 0.8490034426526544
14 1.86 2.5075 272.4789370165746 12.176052369933457 12.947716293368467 0.0
14 1.88 0.01 317.03728 7.607480916032684 10.80994058500914 0.949337345735303
14 1.88 3.007 270.6158798634812 12.598871269282341 12.949987997359418 0.0
14 1.9 9.5005 263.9 13.0 13.0 0.0
14 1.92 1.009 295.58781615598883 10.24697773064808 12.696798253592869 0.8315954329594826
14 1.94 4.006 271.1020974842767 12.902895595403168 13.0 0.0
14 2.0 0.5095 313.93909313725493 9.157078507080653 11.907583142201835 0.9083979115141522
14 2.0 2.008 288.5743465634076 12.06463180159601 12.946204247627655 0.0
14 2.0 2.5075 284.0 12.5714285714 13.0 0.0
14 2.0 7.003 273.0 13.0 13.0 0.0
16 0.04 4.5055 32.17428947368421 2.461505544840887 9.149615384615384 0.0
16 0.04 8.002 24.479801298701297 1.875 14.858442330558859 0.0
16 0.04 9.001 24.0 1.875 15.0 0.0
16 0.06 5.5045 33.390920096852305 2.1542014069828035 12.559307244843998 0.0
16 0.08 5.5045 34.10170542635659 2.009641472868217 14.910010258625345 0.0
16 0.1 5.005 40.11675561280825 2.2185496530072704 14.93457507360157 0.0
16 0.12 0.01 89.1634144486692 8.536441798941798 12.045291777188329 0.9496358746562718
16 0.16 3.5065 61.651506172839504 3.1509916748285995 14.906217645734865 0.0
16 0.16 9.5005 51.0 1.875 15.0 0.0
16 0.18 3.5065 64.07330612244898 3.0208297781569966 14.942356643840354 0.0
16 0.18 9.5005 55.5 1.875 15.0 0.0
16 0.22 1.5085 89.76567605633804 5.678420245398773 9.769555264879006 0.8603402044578514
16 0.22 3.5065 73.84337313432836 3.220979075577764 14.947377892842484 0.0
16 0.22 9.5005 64.5 1.875 15.0 0.0
16 0.24 4.006 74.30116125256072 2.7451455955516533 14.949927897614613 0.0
16 0.26 2.008 96.52992727272726 5.474774290627687 9.856741373176805 0.8172478070175437
16 0.26 7.003 73.5 1.875 15.0 0.0
16 0.28 7.5025 78.63235582822085 1.9847839979550101 15.0 0.0
16 0.3 2.008 105.18134408602151 5.6424008168028 10.08932584269663 0.8244285262825239
16 0.3 7.003 84.71810972568578 2.27109102244389 15.0 0.0
16 0.34 5.5045 94.6364590673575 2.4690263385146807 15.0 0.0
16 0.38 0.01 133.9343705035971 8.558313106796117 12.14473527662106 0.9497512737797341
16 0.4 3.5065 122.09596858638743 5.097772638753652 14.93457250529952 0.0
16 0.4 9.5005 105.0 1.875 15.0 0.0
16 0.42 2.008 130.4769519230769 6.157596463022508 10.524003935071322 0.8383100504462553
16 0.42 2.5075 129.3602142857143 5.88523980154355 10.597369778236203 0.7709318306761956
16 0.42 7.003 111.67955685733976 2.3447320813232255 15.0 0.0
16 0.44 6.004 118.14314485165794 2.7998091186736476 15.0 0.0
16 0.44 8.5015 117.09141035856574 2.565046955036995 15.0 0.0
16 0.46 5.005 123.78642806603774 3.098710200471698 15.0 0.0
16 0.48 1.009 145.7047777777778 7.149251152073733 10.977548853016142 0.9174982674982675
16 0.5 0.5095 151.41905048076924 7.802264221556886 11.679881656804733 0.9377074301091344
16 0.5 2.008 146.34893526405452 6.412278368794326 10.837913223140495 0.8535284295632305
16 0.5 2.5075 145.42155819774717 6.183894460362942 10.80516806722689 0.7960973819427452
16 0.5 7.003 130.10804696449026 2.527011741122566 15.0 0.0
16 0.54 6.004 140.6134638633377 2.992789093298292 15.0 0.0
16 0.54 6.5035 140.1151444527178 2.857376209977662 15.0 0.0
16 0.54 8.5015 137.7867973355537 2.224673189009159 15.0 0.0
16 0.58 1.009 164.78477777777778 7.432560893098782 11.393428425878756 0.9223418134377038
16 0.6 5.005 157.03081413210444 4.0693347392638035 14.94995496036512 0.0
16 0.62 5.5045 160.985988183161 4.003864296081277 14.94994293608842 0.0
16 0.64 5.005 170.0564724409449 5.5729436689930205 14.931456654054942 0.0
16 0.68 3.5065 180.21647204968943 6.512603427895981 11.19020920502092 0.7087207270185248
16 0.68 9.5005 170.63031943351692 2.902468528717545 15.0 0.0
16 0.7 6.004 182.19778145695363 5.848290662650602 14.398085951607078 0.0
16 0.7 6.5035 178.05105653382762 4.186570716228467 14.94938042884043 0.0
16 0.7 8.5015 175.58900974025974 3.1620873917748917 15.0 0.0
16 0.72 5.005 186.88713402061856 6.198297592174567 11.665172667156503 0.35248640248640223
16 0.74 5.5045 190.58446638655462 6.156808145240432 13.427725856697817 0.2519299820466783
16 0.76 1.5085 197.55722123893807 7.710845115681233 11.642125844294348 0.9164728876415756
16 0.76 10.0 189.13190593505038 3.5062010078387456 15.0 0.0
16 0.8 5.5045 202.5620391517129 6.569278425655977 11.260985626283366 0.5875525859935657
16 0.84 7.5025 209.91109328968903 6.478397959183673 11.456931738212527 0.430382775119617
16 0.84 8.002 209.74622696115765 6.350712386018237 12.368930390492359 0.3210997963340119
16 0.84 9.001 209.5705532591415 6.2132242063492065 12.299270959902794 0.0043608124253281194
16 0.88 7.5025 217.78337095282146 6.83745374653099 10.986180555555556 0.6957466228550565
16 0.88 8.002 217.6728309975268 6.732821516900247 10.941396707381838 0.6494847528916928
16 0.88 9.001 217.54331958762887 6.5962521477663225 11.077134791813691 0.5423668314113123
16 0.9 0.01 225.239009009009 8.572833333333334 12.142522522522523 0.9498812208690423
16 0.9 3.007 222.48293859649124 7.920364583333333 11.81012201885746 0.9078254617852007
16 0.92 0.5095 227.41919402985076 8.491171970624235 12.158805790108564 0.9434902013968942
16 0.92 2.008 226.40282119205298 8.28669670846395 11.960785463071511 0.9279264864864865
16 0.92 2.5075 226.24118218623482 8.168944444444444 11.913992496137718 0.9212706660368446
16 0.92 7.003 225.57032309746327 7.39574432576769 11.571740059854639 0.8459469451890193
16 0.96 10.0 232.87075167785235 7.720959172259508 11.726664402173913 0.884192607003891
16 0.98 2.008 237.29215151515152 8.605434131736526 12.335469448584202 0.9378653444676409
16 0.98 7.003 236.53497163120568 8.339878841607565 12.033104866346813 0.9254206192947915
16 1.0 1.5085 240.52130388314927 8.707615131578947 12.48167381974249 0.9415787444354867
16 1.0 3.5065 240.0 8.741309366754617 12.455259768140833 0.940061854928615
16 1.02 2.008 243.77395238095238 8.845480510752688 12.574888392857142 0.9396035657341644
16 1.02 2.5075 243.69371370143148 8.894766949152542 12.588342245989304 0.9389978771685821
16 1.02 7.003 243.6270345781466 9.173134615384615 12.789469598965072 0.9355416328267007
16 1.08 1.5085 254.92464999999999 9.108751629726205 12.746557920928947 0.9376164988584047
16 1.08 3.5065 254.28379487179487 9.63070652173913 12.970456015523933 0.9279669807243496
16 1.08 10.0 253.21229742033384 11.312112129760225 14.001976047904192 0.8616042514323673
16 1.12 3.5065 261.04778494623656 10.100484625668448 13.483333333333333 0.9179490966376211
16 1.12 9.5005 258.81253367875644 12.207187842278204 14.758239048447926 0.7546806005298792
16 1.16 4.006 267.0506402640264 10.821910310734463 13.877303336394245 0.8903919505458371
16 1.18 6.004 268.41011366711774 12.096201134930643 14.727752368507023 0.778893605730963
16 1.18 6.5035 267.98379494799406 12.346466708542714 14.795446735395188 0.7353604318831374
16 1.22 5.5045 274.0505196662694 12.519786634460548 14.813463905987689 0.7073911516853931
16 1.24 7.5025 274.1779018867924 13.470691018342821 14.9364267460045 0.0
16 1.24 8.002 273.8471697054698 13.651881602112676 14.94083842112736 0.0
16 1.24 9.001 273.26235019455254 13.98061084733382 14.946204247627655 0.0
16 1.26 3.007 283.037122754491 11.212404701397713 13.999189132266217 0.864967998055578
16 1.28 2.008 288.0923448275862 10.568429487179486 13.781564245810056 0.9020394968849182
16 1.28 7.003 279.46144547134935 13.904262013729976 14.942366610187074 0.0
16 1.3 4.006 286.5100661157025 12.409676846590909 14.809585285045127 0.7148502994011975
16 1.3 5.005 284.6737587822014 13.005009025270757 14.902918219944082 0.4981330924420353
16 1.34 6.5035 286.55785831062667 14.071558341862845 14.948346607989587 0.0
16 1.38 4.006 296.2916622073579 13.00823362720403 14.902782314512367 0.4814250155569382
16 1.38 5.005 293.82486125654447 13.717180656934307 14.941008034545003 0.0
16 1.4 7.5025 291.31583333333333 14.767109010875194 15.0 0.0
16 1.4 8.002 291.78222222222223 14.587736988016456 15.0 0.0
16 1.4 9.001 290.2486768447837 14.833106273878947 15.0 0.0
16 1.42 1.5085 311.1890149750416 10.787052180685357 13.859218337730871 0.8926925057944888
16 1.42 3.5065 302.77140502793293 13.01573086574655 14.898489554784092 0.5137981330221701
16 1.44 2.008 311.6976535433071 11.60119263285024 14.35920799692426 0.8429123468426013
16 1.44 2.5075 309.2109622641509 12.216035522788204 14.741996904024768 0.7696018800110588
16 1.44 7.003 295.9212561247216 14.689436773255814 15.0 0.0
16 1.46 1.5085 317.2750054200542 10.998391909814323 13.937260497350183 0.882253620628753
16 1.46 10.0 297.04160711931445 14.842024770496993 15.0 0.0
16 1.48 0.01 336.1538795180723 8.59781684698609 12.206186152099885 0.9495886516242211
16 1.48 3.007 311.62039639639636 13.01390306122449 14.899674953349786 0.5412331406551057
16 1.5 9.5005 300.4483161746465 14.987894392794887 15.0 0.0
16 1.52 0.5095 334.0819520958084 9.605064363143631 12.961994144997417 0.9314340957709396
16 1.52 1.009 329.94445625 10.430262186115215 13.710568900126422 0.9072612953483196
16 1.56 0.01 351.34066666666666 8.585523343373493 12.204977116704805 0.9495611911390872
16 1.56 3.007 321.24291266912667 13.367006880733944 14.925313676286073 0.25957352287872026
16 1.6 7.5025 312.8623835246455 14.988517554012345 15.0 0.0
16 1.6 8.002 312.4564221105528 14.992099150517653 15.0 0.0
16 1.62 1.5085 340.3226707317073 11.684564516129033 14.472730148687123 0.8260774287801315
16 1.62 10.0 314.4 15.0 15.0 0.0
16 1.64 0.01 366.652 8.614577414772727 12.209392575928009 0.9495015906680806
16 1.64 3.007 330.1537052375152 13.72167737789203 14.942226766958994 0.0
16 1.66 5.005 324.3891912934282 14.625767740011925 15.0 0.0
16 1.68 8.5015 322.28 14.875 15.0 0.0
16 1.7 4.006 331.29196721311473 14.484114920224235 15.0 0.0
16 1.76 5.5045 333.37890407224404 14.943616373477672 15.0 0.0
16 1.78 0.5095 377.85636016949155 10.014368044515104 13.446800947867299 0.9205766023350012
16 1.78 1.009 368.9435523465704 11.329864958448754 14.133731808731808 0.863418831434893
16 1.78 2.5075 348.95891616766465 13.965396942800789 14.943953863743358 0.0
16 1.82 5.5045 340.59525486381324 14.980739807710085 15.0 0.0
16 1.84 1.5085 369.135437751004 12.477928441203282 14.826367329930202 0.6942956713132794
16 1.84 3.5065 348.70577083333336 14.471002538071065 14.94995496036512 0.0
16 1.84 9.5005 340.8 15.0 15.0 0.0
16 1.86 6.004 343.2 15.0 15.0 0.0
16 1.86 6.5035 344.76269512730465 14.962030708948424 15.0 0.0
16 1.86 8.5015 344.06 14.875 15.0 0.0
16 1.92 6.5035 350.4 15.0 15.0 0.0
16 1.92 9.5005 350.4 15.0 15.0 0.0
16 1.94 1.5085 381.3156631259484 12.84079181494662 14.883038596491229 0.5748214285714284
16 1.94 10.0 352.8 15.0 15.0 0.0
16 1.96 3.5065 362.38214259597805 14.697954659005745 15.0 0.0
16 1.96 9.5005 355.2 15.0 15.0 0.0
16 2.0 6.004 360.0 15.0 15.0 0.0
16 2.0 6.5035 360.0 15.0 15.0 0.0
16 2.0 8.5015 360.0 15.0 15.0 0.0
18 0.0 2.008 27.724065633546033 3.080451737059866 6.441565135895033 0.0
18 0.0 7.003 17.04687774846086 1.8940975276078214 3.9372363484785327 0.0
18 0.02 2.008 39.70364285714286 3.610345221768871 7.6771868978805395 0.2859040274207366
18 0.02 7.003 28.16020168067227 2.095895613392303 10.824344569288389 0.0
18 0.04 3.007 43.42535483870967 3.2054937584950407 8.41356993736952 0.0
18 0.06 4.006 45.265999999999984 2.549140350881124 14.52192369693713 0.0
18 0.1 3.5065 64.451875 3.5294822749322234 15.887099811676082 0.0
18 0.1 9.5005 45.9 1.88888888889 17.0 0.0
18 0.12 1.009 88.58579487179487 6.413197407930118 10.702262611275964 0.8762290212386751
18 0.14 4.006 61.05668204121688 2.3535764911097563 17.0 0.0
18 0.16 7.5025 63.24 1.88888888889 17.0 0.0
18 0.18 7.5025 69.02 1.88888888889 17.0 0.0
18 0.18 8.002 69.02 1.88888888889 17.0 0.0
18 0.2 5.5045 75.76172331258975 2.022461571192797 17.0 0.0
18 0.22 7.5025 81.9482840289043 2.083801143717722 17.0 0.0
18 0.22 8.002 80.58 1.88888888889 17.0 0.0
18 0.28 0.01 148.1604531590414 9.555850340140495 13.63447633246366 0.949675412904979
18 0.34 4.006 125.28329116684841 3.5749787955937324 16.949983494883412 0.0
18 0.36 5.5045 124.59825637538252 2.506641731837775 17.0 0.0
18 0.38 0.5095 163.38566942148762 8.368976279646747 12.6506817296455 0.9330857555805363
18 0.38 1.009 159.0344623115578 7.51693412807716 11.83248745942756 0.9110903659447348
18 0.4 7.5025 133.66108904014447 2.0853868592851583 17.0 0.0
18 0.4 8.002 133.12425606753428 1.9859733458398245 17.0 0.0
18 0.42 8.5015 138.38 1.88888888889 17.0 0.0
18 0.44 5.5045 150.5534187192118 3.1574243490483904 17.0 0.0
18 0.46 1.5085 177.0614375 7.292287742284819 11.78254828871569 0.8874991562605467
18 0.46 3.5065 169.83821666666668 5.6973162393192665 16.9367164065763 0.0
18 0.46 9.5005 149.94 1.88888888889 17.0 0.0
18 0.48 6.5035 159.540568641115 2.7052497096429007 17.0 0.0
18 0.48 9.5005 156.24 2.0 17.0 0.0
18 0.5 6.004 165.48117792421746 2.773595094272811 17.0 0.0
18 0.5 8.5015 163.80917824074075 2.4020396090494778 17.0 0.0
18 0.52 3.5065 187.5113552631579 6.355176767673216 11.940217929668153 0.5568465833554904
18 0.52 9.5005 168.5228060142963 2.176575466270521 17.0 0.0
18 0.54 5.5045 178.9878290223586 3.3207316479095015 17.0 0.0
18 0.58 9.5005 187.05137675896503 2.532110253697026 17.0 0.0
18 0.6 3.5065 208.25056261343013 6.692382716052459 11.995466101694914 0.6128455284552844
18 0.6 9.5005 191.85567779056387 2.293243830709253 17.0 0.0
18 0.62 4.006 212.804125 6.589652976763097 11.884334935897435 0.46563000961846723
18 0.64 3.5065 218.59936363636362 6.871532258065801 11.87723513194171 0.6549989650175946
18 0.64 9.5005 204.9720202190396 2.818524758964653 17.0 0.0
18 0.68 7.5025 218.77824169986718 3.7146672569011856 17.0 0.0
18 0.7 5.5045 231.55527548209366 6.337986704649991 16.894685959812968 0.0
18 0.72 3.5065 239.03957812500002 7.295696040865497 11.846199936928414 0.7594255196304849
18 0.72 9.5005 229.04665708418892 3.4629591603894623 17.0 0.0
18 0.74 4.006 243.58100851788757 7.205103419600901 11.963743622448979 0.7020557740436181
18 0.76 4.5055 248.28811173184357 7.178901734102257 11.90732421875 0.6536367414796341
18 0.76 9.001 241.17803909774435 3.989832915622491 17.0 0.0
18 0.8 4.006 258.60216939078754 7.610693302001543 12.187491361437456 0.7931620749565648
18 0.84 0.01 271.58986274509806 9.586302870922392 13.661003179088661 0.9498691611273198
18 0.86 0.5095 275.4785740740741 9.366468607641414 13.53842631140716 0.9438651443198275
18 0.86 1.009 275.0621733333333 9.13822222222084 13.298623348017621 0.9367332219860309
18 0.86 2.008 274.43252459016395 8.756167608288692 12.932811770200841 0.9180418961447678
18 0.86 2.5075 274.195201814059 8.602034428798971 12.854078303425775 0.908039064224233
18 0.88 0.01 280.7413 9.551583710411366 13.67269928156004 0.9498751917235572
18 0.92 6.004 287.5093535911602 8.276677365120264 12.727057576827976 0.8731003502360286
18 0.92 8.5015 287.1707935034803 7.845101830370201 12.519077669902913 0.810688323489323
18 0.94 2.008 292.9155512820513 9.290442251459083 13.466161616161616 0.9340573689416419
18 0.96 4.5055 297.07018053097346 9.128971048512012 13.360683324834268 0.9257363097625094
18 1.0 7.5025 306.0 9.746175024584643 13.835576158940396 0.9427860354948336
18 1.0 8.002 306.0 9.735808404561046 13.765743145743146 0.9425671950379049
18 1.0 9.001 306.0 9.77777777778 14.0 1.0
18 1.04 2.008 315.38728888888886 9.981192660550647 13.953298538622128 0.9407900813528012
18 1.06 0.5095 321.39847524752474 9.794685039372132 13.85736693237336 0.9453684279533237
18 1.06 2.008 320.03621195652175 10.166140350860578 13.98878718535469 0.9392336298672889
18 1.06 2.5075 319.898370510397 10.28143607702965 14.242609182530794 0.9377888096748908
18 1.08 7.5025 323.2673727810651 12.047685185180416 15.583218318695106 0.8966195261133854
18 1.08 8.002 323.19348956661315 12.131891123285612 15.651081626766658 0.8902837206240537
18 1.08 9.001 322.9556987951807 12.478107158524427 15.81571484071484 0.8765864494631618
18 1.12 7.5025 330.72939222614843 13.024988009589826 15.99186638388123 0.8352086217124777
18 1.14 4.006 336.46265548780485 11.827758352775577 15.465625 0.9027936544966756
18 1.14 5.005 335.84355424063114 12.353211358836415 15.783333333333333 0.8816432324953841
18 1.2 2.008 350.5870901033974 11.243563292475105 14.902444897203186 0.9209307841927985
18 1.24 0.01 367.2882857142857 9.590050050054149 13.666423357664232 0.9497588472900464
18 1.24 3.007 356.79104347826086 12.434399769375785 15.82323450134771 0.8758787607983318
18 1.26 5.005 356.4391225 14.219822124734351 16.803432008491566 0.6519005847953215
18 1.3 1.5085 372.5222673434856 11.44132275127862 14.997409246044057 0.9165021792495366
18 1.32 5.005 365.6548812030075 14.973001158751252 16.905798903521166 0.35046765393608703
18 1.38 1.5085 388.7215160680529 11.910349794247649 15.523221906116643 0.9006734207389749
18 1.4 0.01 405.39471428571426 9.594328300429918 13.682544478012757 0.9497057847249464
18 1.4 3.007 384.47244147157187 13.962599754454324 16.72744071954211 0.7136746263528602
18 1.42 7.5025 374.65821772505234 16.630496961842507 17.0 0.0
18 1.42 8.002 373.9673953488372 16.54345989298717 17.0 0.0
18 1.42 9.001 373.35129450694905 16.708806124589433 17.0 0.0
18 1.46 4.5055 387.13918785151856 15.74842128266473 16.942709335899902 0.0
18 1.46 8.002 379.0777780517879 16.87993274147017 17.0 0.0
18 1.46 9.001 377.22712840984696 16.974642080121818 17.0 0.0
18 1.48 1.009 411.7417286821705 11.592908212601095 15.172295081967214 0.9121077888519749
18 1.52 6.004 390.522512195122 16.83166117293264 17.0 0.0
18 1.52 6.5035 389.30012793603197 16.565581028670323 17.0 0.0
18 1.52 8.5015 387.80826136363635 16.868943935871417 17.0 0.0
18 1.54 0.5095 429.5218426966292 10.765742222245649 14.665811153358682 0.931636587366694
18 1.54 1.009 424.1819069767442 11.820440771367819 15.44797323888233 0.9043665366077576
18 1.54 2.5075 409.86836842105265 14.43683365442003 17.0 1.0
18 1.56 1.009 427.99501098901095 11.899791536386923 15.488337012509199 0.9016754173795056
18 1.58 4.5055 403.7583020746888 16.19520578173045 16.949435713852314 0.0
18 1.6 0.01 453.9363076923077 9.620721247567145 13.684722222222222 0.9495932254649931
18 1.62 4.5055 408.6534129301356 16.429840805675013 17.0 0.0
18 1.62 8.002 402.6264075717779 16.848116346216077 17.0 0.0
18 1.62 9.001 400.86 17.0 17.0 0.0
18 1.64 1.009 443.5503118644068 12.157931163470925 15.677491270480795 0.8896590532936114
18 1.66 1.5085 439.9185304212169 13.339161300940164 16.417848410757944 0.8064452444547671
18 1.66 3.5065 420.0917281368821 15.951972119726 16.947645673001414 0.0
18 1.68 5.5045 414.7044105011933 16.63320887286615 17.0 0.0
18 1.7 1.5085 446.4395770804911 13.573442192234847 16.550633593960637 0.779478698068272
18 1.72 4.006 425.08375322033896 16.316303683294063 17.0 0.0
18 1.72 5.005 422.1904483985765 16.6309503911223 17.0 0.0
18 1.76 4.006 430.1743791024782 16.4939747718685 17.0 0.0
18 1.78 6.004 428.80967030784507 16.73810577932734 17.0 0.0
18 1.78 6.5035 426.0505690023499 16.987324511370954 17.0 0.0
18 1.78 8.5015 426.8303830994966 16.87625663181471 17.0 0.0
18 1.8 2.008 455.3522711864407 14.88510043225151 16.90141369927836 0.34919953143303367
18 1.82 4.006 438.58429011249257 16.85474009877085 17.0 0.0
18 1.84 7.5025 434.52 17.0 17.0 0.0
18 1.84 8.002 434.52 17.0 17.0 0.0
18 1.84 9.001 434.52 17.0 17.0 0.0
18 1.86 5.5045 440.06605573474394 16.77029932652712 17.0 0.0
18 1.88 3.5065 449.42027157001417 16.621728814511123 17.0 0.0
18 1.88 9.5005 440.64 17.0 17.0 0.0
18 1.94 4.5055 453.9944387789332 16.876820535112422 17.0 0.0
18 1.94 9.001 449.82 17.0 17.0 0.0
18 1.96 7.5025 452.88 17.0 17.0 0.0
18 1.98 0.5095 521.7368893442623 11.600301932407119 15.215887353878852 0.9116746157922628
18 1.98 2.008 480.67015829528157 15.622965055488635 16.94058110516934 0.0
18 1.98 2.5075 473.2524823529412 16.083581428309913 16.949309610705598 0.0
18 2.0 5.5045 459.89493160184077 16.989400212416555 17.0 0.0
20 0.04 5.005 38.02349189055342 2.0865468053491827 15.194052224371372 0.0
20 0.08 2.008 78.62557894736842 4.898591954022989 9.666652097902098 0.6659919839679357
20 0.1 7.5025 55.1 1.9 19.0 0.0
20 0.1 8.002 56.0 2.0 19.0 0.0
20 0.12 6.5035 62.32 1.9 19.0 0.0
20 0.14 1.5085 108.48619444444445 6.1964620535714285 10.846527551353114 0.8245948221427067
20 0.16 0.01 149.65609224318658 10.562282828282829 14.935328609821646 0.9495856019358742
20 0.18 0.01 155.0034834437086 10.529622641509434 14.917446917370171 0.9496632539035366
20 0.2 4.006 100.52936708860759 3.0657489451476794 18.94999399939994 0.0
20 0.22 0.01 166.14365863453816 10.55725527831094 14.917360079247151 0.9496510890251638
20 0.24 4.5055 111.07563901791639 2.6152156602521566 19.0 0.0
20 0.28 0.5095 171.73626666666667 8.9895 13.619600340136055 0.9286973262032086
20 0.28 1.009 163.54956390977443 7.803949416342412 12.519692737430168 0.900316985645933
20 0.28 2.5075 153.71490076335877 6.221759708737864 11.774198895027624 0.7219849874895745
20 0.32 4.006 145.98422787028923 3.5859158632778265 19.0 0.0
20 0.34 1.5085 178.89791304347827 7.324053672316384 12.197567755385684 0.8711878815982688
20 0.36 4.006 159.57783079056864 3.5590360610263523 19.0 0.0
20 0.38 6.004 158.92308108108108 2.342432432432432 19.0 0.0
20 0.38 6.5035 160.08306384778012 2.529526427061311 19.0 0.0
20 0.38 8.5015 156.18 1.9 19.0 0.0
20 0.4 0.01 215.47836820083683 10.53640562248996 14.903873063468266 0.9497346040171301
20 0.42 5.5045 176.08429032258064 2.842119021134594 19.0 0.0
20 0.44 4.006 190.17427450980392 4.102549019607842 19.0 0.0
20 0.46 7.5025 185.06 1.9 19.0 0.0
20 0.46 8.002 185.9895204815248 2.072133422504598 19.0 0.0
20 0.46 9.001 186.96189331803842 2.252202466303413 19.0 0.0
20 0.5 5.5045 206.7404498816101 3.3480899763220204 19.0 0.0
20 0.52 7.5025 209.74158375634516 2.5294966159052454 19.0 0.0
20 0.54 4.006 229.49195100222718 5.198773704171934 18.94637042280713 0.0
20 0.56 4.006 243.25293215339232 6.751783505154639 18.769282945736435 0.18737201365187678
20 0.6 7.5025 241.06649572649573 3.2666239316239314 19.0 0.0
20 0.64 7.5025 255.5545008025682 3.4318057784911717 19.0 0.0
20 0.66 0.5095 284.4569682875264 9.846034482758622 14.428946015424165 0.9402445145561451
20 0.66 2.008 279.68843227665707 8.359651810584959 13.02041884816754 0.8754520998356
20 0.66 2.5075 278.65605785123967 8.036002766251729 12.947903840515977 0.8343734472821226
20 0.68 0.01 292.30408492569 10.545843373493975 14.92987236131566 0.9498555869787593
20 0.7 4.006 288.91821428571427 7.526164736164736 12.973219476744186 0.6283835005574134
20 0.72 7.5025 285.84257601977754 4.372348578491965 19.0 0.0
20 0.76 3.007 309.22450505050506 8.399366576819407 13.231871144619602 0.8481920029146551
20 0.78 4.5055 313.94950666666665 7.886071428571428 12.95609480812641 0.7011475703783395
20 0.82 4.5055 326.54630000000003 8.248759455370651 13.23153024911032 0.7841900815745175
20 0.84 0.5095 335.9787893175074 10.283239929947461 14.782778450363196 0.9440084657506634
20 0.84 1.009 335.42629999999997 9.979090909090909 14.574947011445527 0.9372784405223347
20 0.86 6.004 338.2519167717528 8.15435544430538 13.090085205267235 0.7550051447890636
20 0.86 6.5035 338.09434886817576 8.042840158520475 12.99160097028502 0.7136746263528602
20 0.86 8.5015 337.4185604719764 7.577752698724239 12.933293556085918 0.44535773710482507
20 0.88 0.5095 347.22198387096773 10.358812877263581 14.827316056002383 0.9450459955817864
20 0.88 1.009 346.87183379501386 10.166547008547008 14.730766621438264 0.9394983301873094
20 0.9 3.5065 351.49887205387205 9.413605577689243 14.040827067669172 0.9078458476169412
20 0.9 9.5005 349.9955119047619 7.994314660309892 12.891483679525223 0.6788013104644439
20 0.92 5.5045 356.93839363817096 9.119741550695824 13.858284839203675 0.8868038576473783
20 0.96 3.007 368.97152475247526 10.237854330708661 14.792582159624413 0.9358838238122715
20 1.0 0.01 382.05226519337015 10.591263736263736 14.966434701925307 0.9499203749887323
20 1.0 3.007 380.0 10.693576051779935 15.117036553524803 0.9453594728387371
20 1.02 5.5045 385.75874188562597 11.186684491978609 15.633308904360572 0.941340231584134
20 1.06 6.004 396.72514822546975 12.270034305317324 16.47219616204691 0.9249842470069313
20 1.06 6.5035 396.63324880382777 12.428908382066277 16.622819971870605 0.922175009338812
20 1.06 8.5015 396.3189100169779 12.951996466431096 16.87409801876955 0.9094184782608695
20 1.08 0.01 406.10623529411765 10.59499095840868 14.96184521000472 0.9498887552615755
20 1.08 3.007 402.7065441441442 11.731171717171717 15.94608944701476 0.933726987156547
20 1.1 2.008 408.57833659491195 11.559061302681991 15.84291422482685 0.9365356789277283
20 1.1 2.5075 408.2900725952813 11.793057090239412 15.966128054938396 0.9331072403275004
20 1.12 0.01 417.87885106382976 10.579903100775194 14.95421151146467 0.949867653251519
20 1.14 1.5085 419.960754176611 11.600690376569037 15.859840425531914 0.9362077544302828
20 1.16 4.5055 421.9220446247465 13.78647142857143 17.537542545949627 0.8765590282921049
20 1.24 1.009 448.18484615384614 11.745565819861431 15.955886768174995 0.9347696763336073
20 1.26 1.5085 452.0120708661417 12.384483925549915 16.526127167630058 0.9219819313766793
20 1.26 3.5065 446.2629284467714 14.47855 17.897054995118776 0.8320705289672543
20 1.26 9.5005 434.3870297790586 18.07979591836735 18.94951535712122 0.0
20 1.3 8.002 443.2657392996109 17.871327503974562 18.948707453683756 0.0
20 1.3 9.001 442.3467160686427 18.09608056872038 18.949852569502948 0.0
20 1.32 1.5085 467.4922962962963 12.83319191919192 16.80312350977587 0.9129251345279765
20 1.32 3.5065 458.52406605504586 15.312912844036697 18.48574514038877 0.7507924641148325
20 1.36 4.006 464.5855895953757 16.175884831460674 18.826421578837742 0.5302423900789175
20 1.38 4.5055 466.15395216741405 16.89290531776913 18.909570831750855 0.19092233009708703
20 1.38 8.002 456.67469225401254 18.453971278652304 19.0 0.0
20 1.38 9.001 456.6122556561086 18.558529484946504 19.0 0.0
20 1.4 1.009 490.70381147540985 12.441201629327903 16.601224632610215 0.921173855467272
20 1.42 0.01 506.84529999999995 10.5892082616179 14.977448694029851 0.9497088198907697
20 1.44 5.5045 473.23951565074134 17.939989316239316 18.948734274553228 0.0
20 1.46 0.01 518.9709473684211 10.597017857142857 14.966998867497168 0.9496966770289439
20 1.46 3.007 489.00830103806226 16.018973988439306 18.7949938499385 0.5782641700404857
20 1.48 9.5005 472.05384076433126 18.89353942166059 19.0 0.0
20 1.54 6.004 488.3933868110236 18.581526203966007 19.0 0.0
20 1.54 6.5035 487.8625510907003 18.60001799640072 19.0 0.0
20 1.54 8.5015 484.2171702690095 18.793404432132963 19.0 0.0
20 1.56 3.5065 503.2678222222222 17.327650793650793 18.937872292839305 0.0
20 1.56 9.5005 486.96 18.9 19.0 0.0
20 1.6 0.5095 548.597292929293 11.98860465116279 16.09961759082218 0.9302548437042306
20 1.6 1.009 540.7308655616943 13.276302681992338 16.998428088732187 0.8972441430332921
20 1.62 0.01 566.7217213114753 10.56983208955224 14.92398672671249 0.9496069420088287
20 1.62 3.007 518.7002409240924 17.168219326818676 18.926551207474 0.0
20 1.64 3.5065 517.4652979351033 17.640857592446892 18.947132525534478 0.0
20 1.64 9.5005 501.6 19.0 19.0 0.0
20 1.66 7.5025 507.95211073825504 18.8 19.0 0.0
20 1.66 8.002 505.4 19.0 19.0 0.0
20 1.66 9.001 506.06 18.9 19.0 0.0
20 1.68 4.006 521.3705027522936 18.293496592844974 18.94976793248945 0.0
20 1.7 4.5055 521.7775744680852 18.393608920928134 19.0 0.0
20 1.7 8.002 513.0 19.0 19.0 0.0
20 1.7 9.001 513.577151732126 18.99300792885011 19.0 0.0
20 1.72 1.5085 558.0541354581674 15.092869198312236 18.289859394972304 0.7707427785419532
20 1.74 0.5095 585.7076138211382 12.322285115303984 16.51501427988576 0.9238636882737198
20 1.74 2.008 552.7147868852459 16.184007633587786 18.843134117647057 0.4920146296860711
20 1.74 2.5075 544.9625481651376 17.105011574074076 18.927660590277778 0.0
20 1.78 5.5045 530.3159734620024 18.793946097126877 19.0 0.0
20 1.8 4.5055 536.5662775870525 18.682199081490975 19.0 0.0
20 1.84 0.01 631.4829714285714 10.595165794066316 14.95303340149966 0.9494755668728022
20 1.88 7.5025 547.2 19.0 19.0 0.0
20 1.9 0.5095 626.9850406504065 12.702709251101322 16.77747771368642 0.9159971775616148
20 1.9 2.008 582.4400410396717 17.003808962264152 18.92381496548887 0.02646028037383135
20 1.9 2.5075 572.9543052109182 17.870461689587426 18.946616059703405 0.0
20 1.94 3.007 570.6610817170111 18.273994003997334 19.0 0.0
20 1.98 6.004 567.18 18.985281702578593 19.0 0.0
20 1.98 6.5035 566.9772736750651 18.99340625865411 19.0 0.0
20 1.98 8.5015 566.2 19.0 19.0 0.0
20 2.0 4.006 574.5954627949184 18.790701813110182 19.0 0.0
