10 0.04 3.5065 15.79901052631579 2.2733803526448364 5.453069378859426 0.0
10 0.04 9.5005 13.566557564224548 1.8 6.827284974093264 0.0
10 0.06 4.5055 17.330157894736843 2.1775233325745504 6.510105416212286 0.0
10 0.1 0.01 34.02295336787565 5.517714825306893 7.800454545454546 0.9496571721992327
10 0.14 4.5055 24.8556 2.354793322734499 8.827766869897696 0.0
10 0.14 8.002 21.285581827568404 1.8891453275690056 8.939443374632125 0.0
10 0.14 9.001 20.34 1.8 9.0 0.0
10 0.16 0.5095 34.698 4.732716666666667 7.090113162596784 0.929133891747098
10 0.16 1.009 32.35381111111111 4.125454545454545 6.760121802679659 0.8996266184884071
10 0.16 2.5075 29.310046875 3.2185690235690236 6.702943262411347 0.7199764784946235
10 0.18 0.5095 36.051184415584416 4.739173693086003 7.102787663107947 0.9304208065458796
10 0.18 1.009 34.13365573770492 4.184846202134338 6.808212775428444 0.9029577874818049
10 0.2 1.5085 34.36372188139059 3.8825741029641185 6.746560130010834 0.8736007887153041
10 0.2 10.0 25.2 1.8 9.0 0.0
10 0.22 0.5095 39.284846405228755 4.829280343716434 7.240273556231003 0.9320269168026101
10 0.22 1.009 37.17676169265033 4.297113402061856 6.897939282428703 0.9079882963453682
10 0.24 3.007 35.88474418604651 3.383234011627907 8.31099627945432 0.6393985287754217
10 0.26 4.006 34.55887878787879 2.649574700109051 8.943745781017956 0.0
10 0.28 6.004 32.166804508356 1.9352234745433345 9.0 0.0
10 0.28 6.5035 32.454 2.015 9.0 0.0
10 0.28 8.5015 31.68 1.8 9.0 0.0
10 0.3 4.006 38.117128712871285 2.7930782312925166 8.945278744500623 0.0
10 0.32 1.5085 44.04717346938775 4.249835212489159 6.969532962400944 0.8905359253907789
10 0.32 10.0 34.92 1.8 9.0 0.0
10 0.34 4.5055 39.72632505643341 2.642796833773087 8.948276076094714 0.0
10 0.34 9.001 37.16616844393127 1.9897480133125043 9.0 0.0
10 0.36 1.5085 47.10295127610208 4.351997656707675 7.25193883123976 0.8908942131448022
10 0.36 10.0 38.16 1.8 9.0 0.0
10 0.4 0.5095 51.5292033293698 5.038258132214061 7.562413223140496 0.9363684953995342
10 0.4 1.009 50.704665226781856 4.710475460122699 7.372803904170364 0.9185903384946026
10 0.42 4.006 48.29885106382979 3.3301764290755114 8.94251569290198 0.0
10 0.44 10.0 44.64 1.8 9.0 0.0
10 0.46 0.01 56.646631578947364 5.49142005958292 7.797708129285015 0.9497633903005094
10 0.5 4.006 55.124669450243566 3.8804230769230768 8.904047207829592 0.16204122674710875
10 0.56 1.5085 61.62611382113821 4.804831013916501 7.6324564288063135 0.8974906205793713
10 0.56 10.0 54.7019015300712 1.9554097863960007 9.0 0.0
10 0.6 0.01 66.16426778242678 5.518464384828862 7.810785259502219 0.9497724738570955
10 0.62 4.5055 63.97990909090909 4.1296333638863425 8.857510472770796 0.16077542799597144
10 0.64 0.01 69.11603389830509 5.519291866028708 7.8021050598686745 0.9498117980065645
10 0.66 6.004 66.18036588103256 3.776479663394109 8.939930080011534 0.0
10 0.66 6.5035 65.50999417758369 3.4735792349726773 8.943671634729123 0.0
10 0.66 8.5015 63.718014492753625 2.54000852514919 9.0 0.0
10 0.68 0.5095 70.78554189944134 5.35364471669219 7.798913258249358 0.9368913290420295
10 0.68 1.009 70.27351923076922 5.1989794721407625 7.784242555966094 0.9219088225647754
10 0.68 2.5075 69.27327113702624 4.790326609029779 7.804873451803985 0.8315954329594826
10 0.7 7.003 68.6757962962963 3.7666227544910176 8.935210884353742 0.0
10 0.72 0.01 75.31539784946236 5.5184763741562195 7.796231940648184 0.9497573327706267
10 0.74 4.5055 72.79528964059196 4.554375910636231 8.587960444993818 0.6051409618573796
10 0.76 5.005 73.94642825607063 4.529676409185804 8.643791408420602 0.5497839005942732
10 0.8 4.5055 76.88854294478527 4.776653734238603 8.10728441349759 0.7192689910729323
10 0.8 9.001 76.10731803278689 4.101217277486911 8.896330161099709 0.0
10 0.84 6.5035 79.37693636363636 4.654136363636363 8.321652421652422 0.59634294017922
10 0.86 5.5045 80.88672456254051 4.912142394822006 8.0007793764988 0.7516095380029805
10 0.88 6.5035 82.17721795705921 4.9132293697205975 7.9858054905299 0.7513872315035799
10 0.9 7.5025 83.46735653235653 4.926455155582672 8.024180327868851 0.7490665462210176
10 0.92 4.006 85.02218666666667 5.375662381218558 7.924227616645649 0.880924483817961
10 0.96 5.005 87.5144211257818 5.5406949270326615 7.980744666394891 0.8980486909713726
10 0.98 4.006 88.77839836065574 5.705441176470588 7.993539032594827 0.9146813411824929
10 0.98 5.005 88.76990771960959 5.666779059449866 7.985107415948537 0.9099859580903003
10 1.0 1.009 91.08451025056948 5.7512564290962525 7.969293768545994 0.9310511727960948
10 1.02 4.006 91.35645243362832 5.937175398633257 8.241029143897997 0.9208970099667774
10 1.06 5.5045 93.9797655860349 6.347993803253292 8.528514851485149 0.9103249757882277
10 1.08 1.009 96.57531376975169 5.89027027027027 8.054086265607264 0.9275410833840535
10 1.1 8.5015 96.2689776119403 7.22781089414183 8.849575812274368 0.8461602362931511
10 1.12 0.5095 100.5849708737864 5.794084142394822 7.9700970646707985 0.9347696763336073
10 1.12 1.009 99.22901444622792 5.964239700374532 8.143525179856114 0.9266158858753082
10 1.12 2.5075 98.02936460554372 6.277132420091324 8.490772991139627 0.9129569667850428
10 1.14 8.002 98.45518355640536 7.57402460456942 8.903323665893272 0.7725573144104803
10 1.14 9.001 98.27131264367817 7.800269430051813 8.921673950843555 0.7064118372379776
10 1.18 2.008 102.03975553587246 6.369978828510939 8.54647619047619 0.909374150399652
10 1.18 2.5075 101.8641916495551 6.5460433807030665 8.632156256896932 0.9013670256835128
10 1.18 7.003 100.62711534154536 7.786797532249018 8.921088016665877 0.7084659786601363
10 1.22 4.5055 103.53054465075155 7.416916752312436 8.87836970006568 0.8157528189254919
10 1.24 9.5005 102.52243130118289 8.593463746544758 8.94901654889725 0.0
10 1.26 7.5025 104.03172075055188 8.543390092879257 8.947154316877517 0.0
10 1.26 8.002 103.77911886697015 8.54324823943662 8.947987142678816 0.0
10 1.26 9.001 103.47456801195814 8.701217726396917 8.949007189842435 0.0
10 1.28 4.006 106.91489568345324 7.584029099048685 8.903036825877015 0.7701420493725002
10 1.3 0.01 120.94693430656935 5.547734033245844 7.812238355647747 0.9493619736282433
10 1.3 3.007 108.63967021276595 7.285947888589398 8.864186766623208 0.8362126572327043
10 1.32 7.5025 106.39339157088122 8.875013123359581 8.949634352713646 0.0
10 1.32 8.002 106.15885162180814 8.752547492992838 8.949885741776415 0.0
10 1.32 9.001 105.91888603656164 8.760171019181882 8.949981993877918 0.0
10 1.34 0.5095 115.12467073170733 6.000280474649407 8.138210961737332 0.9288434444776501
10 1.34 2.008 111.7588998716303 6.92531393568147 8.78867757068594 0.8770507524343464
10 1.34 2.5075 111.41258260175579 7.231247563352826 8.855884133160398 0.8473158666178087
10 1.34 7.003 107.48951148545177 8.735580345285525 8.949536756691293 0.0
10 1.36 1.5085 113.70472806067173 6.699697508896797 8.707134071340713 0.8942717584369448
10 1.36 10.0 107.40117560073938 8.860351906158359 9.0 0.0
10 1.38 0.01 127.33601481481482 5.53077484047402 7.812891520244461 0.9493311850185444
10 1.38 3.007 112.78697363083164 7.640692102928127 8.908588822464761 0.7612177650429799
10 1.4 9.5005 108.82566104702751 8.981078503717999 9.0 0.0
10 1.42 1.009 118.14683817427385 6.479826589595375 8.605327965901019 0.9081049787726746
10 1.44 4.006 114.30482352941176 8.337356125356125 8.943902931574165 0.23334866605335752
10 1.5 0.5095 125.22729779411765 6.145775316455696 8.33703261734288 0.9234686380751217
10 1.5 2.008 120.68330249768732 7.478347245409015 8.888790284913592 0.8091710556446072
10 1.5 2.5075 119.6345009596929 7.773278054173576 8.918606241148606 0.7211010709504684
10 1.5 7.003 113.95510879848628 8.974051066479838 9.0 0.0
10 1.54 5.5045 116.57892947813822 8.909786197564276 8.949951954837548 0.0
10 1.56 7.5025 116.25708129478626 8.978677157295465 9.0 0.0
10 1.58 5.005 118.72038897721251 8.92903129657228 8.949909839514335 0.0
10 1.6 6.004 118.52388554216867 8.976372271051886 8.949986496624156 0.0
10 1.6 6.5035 118.39369404820462 8.978741071428571 9.0 0.0
10 1.64 7.5025 119.09501681759379 8.988977580847827 9.0 0.0
10 1.66 0.01 148.93321379310345 5.537252453166815 7.8166010129431625 0.9491254845700681
10 1.66 3.007 125.53777004716981 8.473907035175879 8.947174416024849 0.0
10 1.68 10.0 120.6 8.98963430561602 9.0 0.0
10 1.7 3.007 127.2605099394987 8.563224582701062 8.948340203948796 0.0
10 1.72 8.002 122.77644889779559 8.988829462819611 9.0 0.0
10 1.72 9.001 122.97021247257914 8.987474542516814 9.0 0.0
10 1.74 6.004 124.39182456140351 8.983098063076767 9.0 0.0
10 1.74 6.5035 123.83731826923078 8.988946513247338 9.0 0.0
10 1.74 8.5015 123.94954663774404 8.985357346804305 9.0 0.0
10 1.76 4.5055 126.27544809964867 8.962838350055742 9.0 0.0
10 1.82 4.5055 129.25789571321135 8.943891600740617 9.0 0.0
10 1.84 1.009 142.85605128205128 7.181187863137508 8.849112801013941 0.8484542644117111
10 1.86 2.008 137.6174480874317 8.34389594676346 8.943885933607165 0.25693267944716863
10 1.86 7.003 129.4415467314965 8.984910597075732 9.0 0.0
10 1.9 6.004 131.16079891564345 8.987682814174335 9.0 0.0
10 1.9 6.5035 130.91031214528945 8.989199714878175 9.0 0.0
10 1.9 8.5015 130.5 9.0 9.0 0.0
10 1.92 0.5095 151.64058044164037 6.562361219702892 8.647333897587812 0.9054622802041974
10 1.92 2.008 140.39087394957983 8.323135089209856 8.945366637165241 0.14131890777949474
10 1.92 2.5075 137.6496289707751 8.622502662406815 8.949352740974838 0.0
10 1.92 7.003 132.00259904781618 8.988305090692208 9.0 0.0
10 1.94 5.005 133.18778806533695 8.98346609791181 9.0 0.0
10 1.96 0.5095 153.97605745062836 6.598501400560224 8.656775123558484 0.9039310623090667
10 1.96 1.009 149.1673694117647 7.441799628942486 8.88174400454094 0.8186003482803657
10 1.96 2.5075 139.33989346246975 8.761503235440518 8.949526059174465 0.0
10 1.98 5.5045 134.1 8.989845553964724 9.0 0.0
12 0.0 4.006 11.821374501992032 1.9702290836647431 4.276884875846501 0.0
12 0.0 5.005 11.0 1.83333333333 4.3614176245210725 0.0
12 0.02 4.006 16.73944776119403 2.154087987812 5.525798611111111 0.0
12 0.04 7.5025 18.45450968241673 1.949191899832892 7.6782635094110505 0.0
12 0.06 3.007 25.44850406504065 2.7682734204785717 6.748403041825095 0.08923497267759523
12 0.1 0.5095 42.91570921985816 5.406107026141913 8.350575263662511 0.9228486784242929
12 0.1 1.009 38.56078787878788 4.537394149346398 7.599385171790235 0.8812638028068676
12 0.14 3.007 37.90569565217391 3.3398084619750694 8.88081081081081 0.4628746374476311
12 0.16 6.004 30.36 1.83333333333 11.0 0.0
12 0.16 6.5035 31.09209803468208 1.9785908798968102 11.0 0.0
12 0.16 8.5015 30.36 1.83333333333 11.0 0.0
12 0.18 6.004 32.83945798553144 1.8454182897390712 11.0 0.0
12 0.18 6.5035 33.26576326730252 1.9320657047349257 11.0 0.0
12 0.18 8.5015 33.49953734195825 1.979580760560211 11.0 0.0
12 0.2 4.5055 38.35316910785619 2.3823699962565326 10.947470768067069 0.0
12 0.2 9.001 35.2 1.83333333333 11.0 0.0
12 0.22 6.004 38.184174603174604 1.9538834622158732 11.0 0.0
12 0.22 6.5035 37.62 1.83333333333 11.0 0.0
12 0.24 5.005 43.02713134851138 2.388431601476656 10.949346584001946 0.0
12 0.26 1.5085 56.288669421487604 4.701805985554043 7.9566466818275785 0.878254200146092
12 0.26 10.0 42.46 1.83333333333 11.0 0.0
12 0.28 5.5045 46.43159729526672 2.1924993739066325 11.0 0.0
12 0.3 1.5085 60.847249999999995 4.828800424625298 8.145838587641865 0.8824612129760225
12 0.3 10.0 47.3 1.83333333333 11.0 0.0
12 0.32 4.5055 53.74153793103448 2.736935716865817 10.949631308552433 0.0
12 0.32 8.002 50.564234293812 2.0402535033860985 11.0 0.0
12 0.32 9.001 49.72 1.83333333333 11.0 0.0
12 0.34 3.007 63.10841666666666 4.296171967018177 10.530903461863215 0.6386166522116217
12 0.36 4.5055 58.10438280166435 2.7495609981515887 10.949935417980836 0.0
12 0.36 9.001 54.56 1.83333333333 11.0 0.0
12 0.4 6.004 61.15441664602428 2.320671290559472 11.0 0.0
12 0.4 6.5035 61.80183499288762 2.5005097202465723 11.0 0.0
12 0.4 8.5015 59.90473278079451 1.973536883553502 11.0 0.0
12 0.42 10.0 61.82 1.83333333333 11.0 0.0
12 0.44 4.5055 68.11453025936599 2.986137071650813 10.94948934751644 0.0
12 0.44 9.001 64.79993969849247 1.9999820531227563 11.0 0.0
12 0.46 1.009 79.60013953488371 5.6146586345404454 8.733957373271888 0.9187213498488247
12 0.48 0.5095 82.59142487883683 6.044993581515662 8.90100145666424 0.9374408828166053
12 0.48 2.008 79.99600854700854 5.129002624674496 8.702750085940185 0.8539007713884992
12 0.48 2.5075 79.44767415730337 4.921237273128128 9.138809946714032 0.7953211347169347
12 0.48 7.003 70.91928880866426 2.422848977134438 11.0 0.0
12 0.5 10.0 72.39768632534025 2.1325621084493998 11.0 0.0
12 0.52 0.5095 86.57617391304348 6.067264492754968 8.92609695682944 0.9377771970432315
12 0.52 1.009 85.88760352422908 5.735315789474272 8.82766618842659 0.9208707211698238
12 0.52 2.5075 84.00812716763006 5.0613295113307375 9.131270096463021 0.8052465529329281
12 0.54 4.5055 83.24855014326647 4.1349153084079395 11.0 0.0
12 0.56 4.5055 85.47372185430464 4.174715002282993 10.943442261359394 0.0
12 0.56 8.002 80.25425978351373 2.399340827086524 11.0 0.0
12 0.56 9.001 79.4444883566201 2.0926092259943117 11.0 0.0
12 0.58 0.5095 92.65906145251397 6.1703034359692746 8.974905123339658 0.9379601712265029
12 0.58 2.008 90.81728767123288 5.3998393222299566 8.813918879486431 0.861902394564587
12 0.58 2.5075 90.39989261744967 5.241520234292139 8.977721586372105 0.8122239747634069
12 0.58 7.003 83.12520354636129 2.605239502526424 11.0 0.0
12 0.6 0.5095 94.63516233766234 6.199525577559775 8.971214747124625 0.9385253762171731
12 0.6 1.009 93.8993964334705 5.9014671941951935 8.892927945101029 0.9219015041469472
12 0.6 2.5075 92.38166340508806 5.291754041064297 8.861319989180416 0.8185410996189438
12 0.64 0.5095 98.566625 6.235383747178914 9.011867704280155 0.9381099145933902
12 0.64 1.009 98.07635121951219 5.988652197213064 8.950269590222861 0.9225798959494611
12 0.64 2.5075 96.7111269035533 5.5 9.0 1.0
12 0.66 5.5045 95.94656097560976 4.192721193417929 10.944330137947158 0.0
12 0.68 6.004 98.04019254237288 4.287771918258212 10.938930822218966 0.0
12 0.68 6.5035 98.05601146131805 4.290047323275535 10.940372781911849 0.0
12 0.68 8.5015 95.2244054054054 2.846044481978903 11.0 0.0
12 0.7 4.5055 101.73880952380952 5.060047018066037 10.230872173511766 0.5051365795724463
12 0.72 0.5095 106.5912 6.339870593481848 9.180247608328644 0.9389420082792981
12 0.72 1.009 106.00680916030534 6.146875000002938 9.019675324675324 0.925071929509081
12 0.76 3.5065 108.564 5.548920752390741 9.048987246811702 0.7892120905526747
12 0.76 9.5005 105.11484786530367 3.329755462013246 10.94976793248945 0.0
12 0.78 4.006 110.42357142857142 5.508627648839728 9.040252038547072 0.7539563035134336
12 0.78 5.005 110.12170731707317 5.29708333333145 9.371746293245469 0.6006947771921417
12 0.8 3.007 112.76988399071925 5.798877864396816 8.963783097569822 0.8465568035352605
12 0.82 4.006 114.53068769716089 5.688134715028381 8.98759110088224 0.7943361303060217
12 0.82 5.005 114.31568763557483 5.496045964531227 9.176516220028208 0.707442513603651
12 0.92 10.0 124.13694605809128 5.618176579071059 9.187835051546392 0.7304818887451486
12 0.94 4.006 126.42771951219513 6.361940586416991 9.435232945091514 0.899849777670953
12 0.94 5.005 126.35324729241877 6.266321632162564 9.344643699858423 0.8886491181186531
12 0.96 1.5085 129.07090020366599 6.647666093931934 9.583981042654028 0.9295145056246299
12 0.96 3.5065 128.34644280442805 6.564046345812333 9.560503355704698 0.9157806973218797
12 0.98 1.5085 131.02544315545245 6.7247206165713385 9.622952295229522 0.9310967795278845
12 0.98 10.0 130.1340017301038 6.44987024221353 9.492943396226416 0.906159563087664
12 1.0 6.5035 132.0 6.789598429950106 9.710212765957447 0.9297195867594349
12 1.0 9.5005 132.0 6.8068259918752645 9.705299363057325 0.9296572972060437
12 1.02 1.5085 134.9998775510204 6.826803432552572 9.693844575532188 0.9329996784048882
12 1.02 10.0 133.97608501440922 7.202397130994732 9.870123660346248 0.9242856493889974
12 1.04 4.006 135.97085839736553 7.138570981866437 9.835731239729778 0.9258255451713395
12 1.04 5.005 135.95082445141065 7.214002403847593 9.881314267352185 0.924061417896847
12 1.08 9.5005 139.39459728506787 8.436844569287127 10.68529078549849 0.868639659520807
12 1.1 5.5045 141.4920659163987 7.974536178107098 10.37902384500745 0.8981483744805671
12 1.12 6.004 143.15054447439354 8.302370304112396 10.636012229744486 0.8759803556812262
12 1.12 6.5035 143.03732151490732 8.483364809568442 10.711892826274848 0.8652191492802845
12 1.12 8.5015 142.6401118611379 8.963539944902852 10.84351704065346 0.8008483689807623
12 1.14 0.01 153.76059999999998 6.518562734082768 9.261747285291214 0.9495825518785165
12 1.14 3.007 145.54029643527207 7.723751920123938 10.076108647450111 0.9104983353023305
12 1.16 5.005 146.7019209833187 8.546925384327897 10.730045351473922 0.8597290018515401
12 1.18 8.5015 146.93512359550562 9.792502071249336 11.0 0.6598928434749327
12 1.2 4.006 150.35260784313726 8.550629673357959 10.73247191011236 0.8576929644808743
12 1.26 0.01 167.34069333333335 6.556819144431462 9.276972072513473 0.9495840769533258
12 1.28 1.5085 159.33830414746544 7.697469677961114 10.028163265306121 0.9123988226637233
12 1.28 10.0 152.38469407496976 10.884401442618024 10.949957965531736 0.0
12 1.32 0.01 173.84377142857144 6.548474801061977 9.307796451914099 0.9495015906680806
12 1.32 3.007 160.69094285714286 8.815373333330719 10.821628852739726 0.8211503380191006
12 1.34 6.004 158.29291090909092 10.332871710039885 10.94719617285515 0.0
12 1.34 8.5015 156.26175930324624 10.86946271927214 10.949996999879994 0.0
12 1.36 4.5055 161.41403966005666 9.86840067339804 10.935861617794197 0.39524673439767755
12 1.36 8.002 157.9119223476298 10.967707122368184 11.0 0.0
12 1.36 9.001 157.71204672897196 10.74147376543551 11.0 0.0
12 1.42 6.5035 162.586311827957 10.849030797071256 10.949911344853493 0.0
12 1.42 9.5005 160.99415951742625 10.980952870722101 11.0 0.0
12 1.44 1.5085 173.29194746716698 8.24254727475002 10.563805286574196 0.882668074621612
12 1.44 10.0 161.91368581428864 10.98660187462553 11.0 0.0
12 1.46 3.5065 169.64530652368185 9.901097711810019 10.935223474543335 0.41230606488011257
12 1.46 9.5005 163.03421980337077 10.982860286703962 11.0 0.0
12 1.5 6.004 168.0688704028021 10.745114845940329 10.949968480773272 0.0
12 1.5 6.5035 167.35754894578312 10.783255213014762 11.0 0.0
12 1.5 8.5015 166.16588698471514 10.953321570595044 11.0 0.0
12 1.52 2.008 178.10788211382115 8.984271961491864 10.852256005673256 0.7967686867455187
12 1.52 2.5075 176.33018932038834 9.499047931713704 10.909956780118854 0.663632694248234
12 1.52 7.003 168.57517987152033 10.970114757031856 11.0 0.0
12 1.58 1.5085 185.20852032520324 8.674788391780517 10.77871747211896 0.8438688524590163
12 1.58 3.5065 177.16904969366917 10.384981515688642 10.946521850734776 0.0
12 1.58 10.0 170.6634791624314 10.990224060060218 11.0 0.0
12 1.62 3.5065 179.40217080436943 10.341587395925512 11.0 0.0
12 1.62 9.5005 172.92 10.991569038078522 11.0 0.0
12 1.66 1.009 193.99658719211823 8.226350540217032 10.58581013916501 0.8847053126729385
12 1.68 4.5055 180.57220550847458 10.815268404881868 11.0 0.0
12 1.68 9.001 176.88 11.0 11.0 0.0
12 1.7 5.005 180.30211376404495 10.952056725338473 11.0 0.0
12 1.72 0.01 217.8524 6.559084880637786 9.307688611244593 0.9492803018776057
12 1.72 3.007 186.82169142857143 10.415086996320014 10.94845682830282 0.0
12 1.74 5.5045 183.1104890885751 10.970836395444737 11.0 0.0
12 1.76 3.007 189.67208618127785 10.575046296311305 10.949081966211468 0.0
12 1.78 2.008 195.92931663974153 9.805759651305365 10.93464690428577 0.45192370930614906
12 1.78 7.003 183.48 11.0 11.0 0.0
12 1.8 4.006 187.87668178872326 10.969258152568738 11.0 0.0
12 1.8 5.005 187.02633657160763 10.944719734648977 11.0 0.0
12 1.84 6.5035 188.15417561917016 10.99042918504035 11.0 0.0
12 1.88 0.5095 217.67875918367346 7.7554880294657105 10.129660574412533 0.9115949716225534
12 1.88 1.009 212.0298693652254 8.695172275643218 10.774557013391046 0.841688829787234
12 1.88 2.5075 199.22651985559565 10.506640227782496 10.94847754180964 0.0
12 1.9 5.5045 193.05907263922518 10.985123797280089 11.0 0.0
12 1.92 6.004 193.50060327272726 10.9875623115703 11.0 0.0
12 1.92 8.5015 192.72 11.0 11.0 0.0
12 1.94 3.5065 198.24953110773902 10.953879572739684 11.0 0.0
12 1.94 9.5005 194.04 11.0 11.0 0.0
12 1.96 6.004 196.50321331316187 10.974519965750423 11.0 0.0
12 1.96 6.5035 195.36 11.0 11.0 0.0
12 1.96 8.5015 195.36 11.0 11.0 0.0
12 1.98 4.006 199.26163519174992 10.820060681323211 11.0 0.0
12 2.0 4.5055 198.87728611397438 10.985936445251676 11.0 0.0
14 0.0 1.5085 24.073307291666666 3.4390438988083045 6.545676618844513 0.5045481569560045
14 0.0 10.0 13.0 1.85714285714 4.294667795175624 0.0
14 0.02 1.5085 30.41072727272727 3.7413986997042126 6.968124330117899 0.6616524563540397
14 0.02 10.0 17.73087346095798 1.85714285714 7.596831156265118 0.0
14 0.04 0.01 57.88466473988439 7.510658482143071 10.759390466267257 0.9495413399533771
14 0.06 5.005 28.24578585086042 2.1860352362749405 11.907612843182875 0.0
14 0.08 4.006 35.55915 2.7188528499921327 10.77119587628866 0.0
14 0.1 6.004 29.9 1.85714285714 13.0 0.0
14 0.1 6.5035 29.9 1.85714285714 13.0 0.0
14 0.1 8.5015 29.9 1.85714285714 13.0 0.0
14 0.12 0.5095 60.559105882352945 6.193099959530899 9.630618776671408 0.923538856775851
14 0.12 2.008 49.17481690140845 4.1198976006449035 7.939900575614861 0.7568281295593813
14 0.12 2.5075 47.64663636363636 3.805351844001428 8.313754889178618 0.6360122297444856
14 0.12 7.003 33.28 1.85714285714 13.0 0.0
14 0.14 5.005 37.25168064395358 1.9554286783967125 13.0 0.0
14 0.16 5.5045 40.78659004722122 1.9841139536087322 13.0 0.0
14 0.2 3.007 61.76760162601626 4.105256689044366 12.659995920032639 0.46391122547442887
14 0.24 1.5085 72.68805263157896 5.214396779119091 8.939014014014013 0.8702957198443579
14 0.24 3.5065 66.34664516129033 3.6952439886884876 12.940092016821826 0.0
14 0.24 9.5005 53.56 1.85714285714 13.0 0.0
14 0.26 4.5055 62.0250527873705 2.7586415041996672 12.949834457019023 0.0
14 0.26 8.002 57.32931532556156 1.9323002558985607 13.0 0.0
14 0.26 9.001 57.68 2.0 13.0 0.0
14 0.3 4.5055 68.24496828752643 2.7832779623485657 12.94997899159664 0.0
14 0.3 8.002 64.21724780701754 1.962703634084467 13.0 0.0
14 0.3 9.001 63.7 1.85714285714 13.0 0.0
14 0.32 3.007 82.32971428571427 4.708590793068162 12.849085476276711 0.5209255533199193
14 0.34 5.005 73.84391636096845 2.589592285925699 13.0 0.0
14 0.36 3.007 88.98818972332016 4.922515764295037 12.021315325895479 0.6394765303915205
14 0.38 2.008 93.84733 5.420503848843756 9.408093427485062 0.8362930949808466
14 0.38 2.5075 92.89025882352942 5.189825468649507 10.18713615023474 0.7670905533817775
14 0.38 7.003 77.70276839309429 1.9683798140763928 13.0 0.0
14 0.42 4.5055 88.01908249721293 2.8519907628577283 13.0 0.0
14 0.42 9.001 83.98 1.85714285714 13.0 0.0
14 0.44 3.007 101.54515789473685 5.1960676135698645 10.380477408354645 0.673835616438356
14 0.46 6.5035 92.34233686528141 2.2810414987476437 13.0 0.0
14 0.48 6.004 97.22391596638656 2.7098670237367672 13.0 0.0
14 0.48 8.5015 95.50776597836776 2.2383972468024065 13.0 0.0
14 0.5 4.5055 102.94290734824281 3.4078875473675065 12.949912850102177 0.0
14 0.52 6.004 104.3338033898305 2.8850605326853525 13.0 0.0
14 0.52 6.5035 104.26095976154993 2.8633808814109356 13.0 0.0
14 0.52 8.5015 102.73547407658421 2.4093672846958687 13.0 0.0
14 0.56 3.007 119.86546666666666 5.595883287594002 10.418300086730268 0.7149965800273597
14 0.58 6.004 114.81801343784994 3.148984162536545 13.0 0.0
14 0.58 6.5035 114.03178755364806 2.8815603923949333 13.0 0.0
14 0.58 8.5015 112.87109497816594 2.486766999375905 13.0 0.0
14 0.6 6.004 118.16880652335064 3.203145186910782 13.0 0.0
14 0.6 6.5035 117.7440179910045 3.051434996788349 13.0 0.0
14 0.6 8.5015 116.45524714828898 2.5911596958193135 13.0 0.0
14 0.62 5.005 126.02549115044248 4.823957492600362 12.940941143120371 0.0
14 0.64 6.004 125.552468 3.6001857142877176 13.0 0.0
14 0.64 6.5035 124.85943448275863 3.325172413789607 13.0 0.0
14 0.64 8.5015 123.4569978308026 2.768649932859743 13.0 0.0
14 0.66 4.006 134.03239455782312 5.654827657810405 10.609416666666666 0.5244793152639085
14 0.68 5.5045 135.78416088765601 5.260369630366612 12.904503523749499 0.0
14 0.72 6.004 141.6783635067712 5.376361698001016 12.794437592501232 0.0
14 0.72 6.5035 141.34580376610506 5.185823650034885 12.87976482470062 0.0
14 0.72 8.5015 137.45666097560974 3.273806620205369 13.0 0.0
14 0.74 5.005 145.31712472647703 5.716287821771459 10.637576064908721 0.47931896282411723
14 0.76 7.5025 147.21124590163933 5.267869956795318 12.833363327334533 0.0
14 0.76 8.002 145.04305185185186 4.001801014163351 12.949069518716577 0.0
14 0.78 1.5085 153.14911875 6.959945386604545 10.481095775826013 0.9147729597054612
14 0.78 10.0 147.55290285714287 3.631755102043451 13.0 0.0
14 0.8 5.005 154.17129900076864 6.0644133852989635 9.951268911664226 0.6567044284243047
14 0.82 1.5085 158.6160375 7.109111479863397 10.579111429595127 0.9193857315598548
14 0.82 10.0 155.70217397769517 5.109456590959523 12.919939475453933 0.0
14 0.86 7.003 162.52708823529412 6.105255185273603 10.101357773251866 0.6431813316206378
14 0.9 0.5095 170.49826291079813 7.5254878048785585 10.801510791366907 0.9419975639464068
14 0.9 1.009 169.78422155688622 7.476308900523086 10.825340535462658 0.9348461748954302
14 0.9 2.008 169.22114457831324 7.283324331618842 10.728065630397236 0.9193193920030981
14 0.9 2.5075 169.0637610619469 7.199674155376452 10.695046813651464 0.9103298003981277
14 0.92 4.5055 171.43012234042553 6.999915182357928 10.629097929097929 0.8881709608158883
14 0.94 1.5085 174.84 7.57142857143 11.0 1.0
14 0.94 10.0 173.84636342042756 6.586070580252824 10.44815 0.8227480591300648
14 0.96 7.5025 176.71403929273083 7.118481616617581 10.628211163416275 0.8961881033945811
14 0.96 8.002 176.69916517857143 7.067490433674819 10.64127599577018 0.8911080621978309
14 0.96 9.001 176.68811794871795 7.027527472528023 10.627775831873905 0.8860687675165766
14 0.98 4.5055 179.4246271450858 7.55178212130026 10.873570819112627 0.9266094231616028
14 0.98 8.002 179.396226 7.4007571428551575 10.813991094445747 0.9177060188614032
14 0.98 9.001 179.39288399071927 7.376416970498025 10.799975568043 0.9144448436938555
14 1.02 4.5055 184.75988851913476 8.005001121327751 11.124663939216832 0.9337348918575064
14 1.02 9.001 184.7332614727855 8.251491184706603 11.39626521191775 0.9301671764360833
14 1.04 1.5085 188.45288484848484 7.884908000824657 11.025849903784477 0.936092791411043
14 1.04 10.0 187.33629828850857 8.844598165705838 11.800176539819537 0.9165523456666499
14 1.06 7.003 189.9797857142857 8.907120674354841 11.82633953750705 0.9151461154668566
14 1.1 4.006 195.3334196185286 8.852536014403135 11.81109824358232 0.9164979959919839
14 1.12 5.5045 197.4330767230169 9.541907874261653 12.099567801188547 0.8868499660556687
14 1.14 1.009 202.16519488817892 8.133117600634076 11.291137370753322 0.9346469042857702
14 1.16 1.5085 204.00387066974596 8.387011455523346 11.50172104697024 0.9287369591243373
14 1.16 3.5065 202.88156587202008 9.295921266229685 11.969592438006384 0.8998798582327145
14 1.16 10.0 199.78358201701093 11.588987796100172 12.930356844392445 0.3549922600619192
14 1.18 5.5045 203.98959590043924 10.411621444940126 12.759945268615873 0.8093238759867292
14 1.2 1.5085 209.1908322324967 8.562228386501475 11.671059013742926 0.9245188170825597
14 1.2 10.0 203.33517175572518 12.07179289028429 12.94503874690849 0.0
14 1.22 4.006 209.35393846153846 10.132234432274103 12.667391738176013 0.8446546742473668
14 1.22 5.005 208.45598531571218 10.614642411256018 12.811480601741884 0.7751349163518617
14 1.26 1.009 217.8462405063291 8.432761615283066 11.571021453730387 0.9285720407988343
14 1.28 4.5055 214.8679785234899 10.96272693125212 12.876146243590696 0.6858839050131925
14 1.28 8.002 211.2429781729992 12.271540062426347 12.948580860122169 0.0
14 1.28 9.001 210.3379283018868 12.562569534831168 12.949582551878516 0.0
14 1.3 3.5065 218.30362973760933 10.526774935315533 12.797877758913412 0.7907470182046452
14 1.3 9.5005 211.86877351916377 12.55683812200526 12.949941432647545 0.0
14 1.32 1.009 225.47885423728815 8.599730066447176 11.681849315068494 0.9242925278219396
14 1.34 5.5045 218.82651063829786 12.033132747633 12.943772350043856 0.0
14 1.36 3.007 225.3484748603352 10.593233082684737 12.82024374460742 0.7775360384410036
14 1.38 3.5065 225.99517710583154 11.106139207539663 12.89407689863362 0.6307709348692954
14 1.38 9.5005 218.34326572327043 12.832802231470808 13.0 0.0
14 1.44 4.5055 229.11335760728218 12.109389816565491 12.945080400685383 0.0
14 1.44 9.001 224.1904231394215 12.695263584390963 13.0 0.0
14 1.46 7.5025 226.0124447403462 12.842700299784413 13.0 0.0
14 1.48 0.5095 248.46887378640778 8.404695431470175 11.528973627940129 0.931202014364732
14 1.48 2.008 240.95731806615774 10.335363881402225 12.738433772755807 0.8190533058299858
14 1.48 2.5075 238.80446017699114 10.796752584807278 12.856615622849278 0.7220313542361573
14 1.5 5.5045 230.75479411764707 12.678101059039033 12.94994293608842 0.0
14 1.54 2.008 247.1445682382134 10.582517636659059 12.804309029000821 0.7810430898581187
14 1.54 7.003 233.15836775994418 12.827015057542267 13.0 0.0
14 1.56 0.5095 259.084563876652 8.48310055865888 11.59479293544458 0.9285567319645076
14 1.56 2.008 248.84372677595627 10.691035649239682 12.827428038931455 0.7528251520094912
14 1.56 2.5075 246.2197293233083 11.163801596773055 12.904716441801966 0.5857071836937607
14 1.58 7.5025 236.39926624405706 12.84637932923486 13.0 0.0
14 1.58 8.002 235.92229255861366 12.847971407621753 13.0 0.0
14 1.58 9.001 235.78468412596402 12.985773183552137 13.0 0.0
14 1.62 7.5025 239.8415808230802 12.979394201638128 13.0 0.0
14 1.64 0.5095 269.1464699453552 8.628671050012535 11.67094957081545 0.9253638439836998
14 1.64 2.008 256.4868339670469 11.041918528264874 12.889351390825201 0.6677895156468008
14 1.64 2.5075 253.50660388945752 11.457102157119316 12.926098523478029 0.38475452196382404
14 1.66 9.5005 242.06 13.0 13.0 0.0
14 1.68 3.007 254.34388163265305 12.114033355311806 12.946099864174375 0.0
14 1.7 3.5065 253.5031826923077 12.420955831634291 12.94970881989077 0.0
14 1.7 9.5005 245.7 13.0 13.0 0.0
14 1.72 1.009 273.973752631579 9.69514971928026 12.350973520249221 0.8768053810333357
14 1.74 4.006 255.21870970394735 12.679004744915666 13.0 0.0
14 1.76 5.005 254.04579914984058 12.835957698286515 13.0 0.0
14 1.8 1.5085 276.18245762711865 10.968150126084495 12.872556965896926 0.7137238062521469
14 1.8 10.0 254.8 13.0 13.0 0.0
14 1.82 5.005 259.3819258888332 12.82395356243806 13.0 0.0
14 1.88 6.004 262.08 13.0 13.0 0.0
14 1.88 6.5035 262.8706109215017 12.98593288431576 13.0 0.0
14 1.88 8.5015 262.08 13.0 13.0 0.0
14 1.9 4.006 266.9839056831923 12.844533631876 13.0 0.0
14 1.92 5.5045 267.186373294347 12.98562545278487 13.0 0.0
14 1.94 7.5025 267.54 13.0 13.0 0.0
14 1.94 8.002 267.54 13.0 13.0 0.0
14 1.96 5.5045 272.27405555555555 12.980040238069291 13.0 0.0
14 1.98 7.003 271.18 13.0 13.0 0.0
16 0.0 4.5055 15.899884637569698 1.9874855796962123 4.8067818223974035 0.0
16 0.0 8.002 15.0 1.875 4.013203078744819 0.0
16 0.0 9.001 15.0 1.875 4.628169352898725 0.0
16 0.02 4.5055 24.97092307692308 2.2422585024292654 6.684804270462633 0.0
16 0.02 8.002 21.39202517683731 1.875 8.933313327731765 0.0
16 0.02 9.001 20.02 1.875 13.0 0.0
16 0.04 0.5095 62.426505747126434 6.801345553822153 10.600356576862124 0.9142379335185756
16 0.04 1.009 51.19297777777778 5.305293535620053 8.980307354555434 0.841959036601555
16 0.04 2.5075 37.03521428571428 3.2483676675977655 7.563818181818181 0.14352517985611474
16 0.06 1.5085 50.11054545454545 4.546226114649682 8.477491654744874 0.7558306475241722
16 0.06 3.5065 40.8903025210084 3.0458093006488824 8.884360655737705 0.0
16 0.06 9.5005 28.5 1.875 15.0 0.0
16 0.08 1.5085 55.66304761904762 4.728191207627119 8.69073419709462 0.7889718916181311
16 0.08 10.0 33.0 1.875 15.0 0.0
16 0.12 6.004 42.81942526741833 1.9913956345764672 15.0 0.0
16 0.12 8.5015 42.0 1.875 15.0 0.0
16 0.14 3.5065 61.124808510638296 3.3179664179104478 14.912052134452008 0.0
16 0.14 9.5005 46.5 1.875 15.0 0.0
16 0.2 5.005 61.51901941334845 2.112346783335695 15.0 0.0
16 0.24 7.5025 69.0 1.875 15.0 0.0
16 0.24 8.002 69.708342563517 1.9915037111047673 15.0 0.0
16 0.24 9.001 69.0 1.875 15.0 0.0
16 0.26 0.01 113.26845833333333 8.515218360071302 12.056094276094276 0.9496845283018868
16 0.26 3.007 93.36661194029851 4.805426646706587 14.864473898194829 0.3072734829592682
16 0.28 2.008 100.97037125748503 5.572360603290677 9.949134269846455 0.8227480591300648
16 0.28 7.003 78.0 1.875 15.0 0.0
16 0.3 3.007 102.47978813559322 5.065927419354838 14.800943508897648 0.4510210803689062
16 0.32 5.005 90.97851331320341 2.6063443590447433 15.0 0.0
16 0.34 3.5065 102.74643333333333 3.855091339648173 14.947152641258164 0.0
16 0.34 9.5005 92.07015094339623 1.9829831332189822 15.0 0.0
16 0.36 5.005 101.06769121979966 2.8647834413671185 15.0 0.0
16 0.42 3.007 128.3174658753709 5.6676067073170735 13.495658073270013 0.6400215982721381
16 0.44 5.005 119.61841030042918 3.1291094420600856 15.0 0.0
16 0.48 5.5045 128.15091360136867 3.1132003849443968 15.0 0.0
16 0.52 5.5045 136.97327687296416 3.1701241856677522 15.0 0.0
16 0.54 5.005 143.27738225909383 3.716679961710274 15.0 0.0
16 0.56 5.005 148.0345981112277 3.87346537250787 14.949212298503824 0.0
16 0.58 5.5045 151.37415772179628 3.623261226725082 15.0 0.0
16 0.6 5.5045 156.079955654102 3.7749861419068735 15.0 0.0
16 0.62 1.5085 171.19925603864735 7.187924242424242 11.077077562326869 0.9015360075618833
16 0.62 3.5065 168.33177777777777 6.238571692535107 11.31980122324159 0.6379887054735012
16 0.62 10.0 156.7266593655589 2.607453738670695 15.0 0.0
16 0.64 5.5045 165.41285447263016 4.101685580774365 14.94917667866073 0.0
16 0.66 7.003 167.68552519379844 3.4137960271317827 15.0 0.0
16 0.7 5.005 182.9453357753358 6.1151949152542375 11.225403568394222 0.23016166281755163
16 0.72 5.5045 186.49517529880478 6.035749530075188 14.800919732441471 0.06836221352710971
16 0.74 1.5085 193.93495555555555 7.642693798449613 11.646184593023255 0.9134990658085945
16 0.74 3.5065 191.89819060402687 6.759198679471789 11.120569105691056 0.7677396878483834
16 0.74 10.0 184.28835064935066 3.2155531968031967 15.0 0.0
16 0.76 0.01 199.463875 8.566771885521886 12.152477064220182 0.9498586040914561
16 0.78 8.002 196.65502215657312 5.354772727272727 14.938850161432345 0.0
16 0.78 9.001 194.48188375165125 4.137433949801849 15.0 0.0
16 0.8 1.5085 204.90907330567083 7.866603608847497 11.762264714669854 0.9199740721179238
16 0.8 3.5065 203.55512428298277 7.124690650779102 11.345617070357555 0.826294945284002
16 0.8 9.5005 198.74942555685814 4.2183909730363425 14.94967085396787 0.0
16 0.82 8.002 205.78085643970468 6.206714458804523 11.836377952755905 0.08018763796909452
16 0.82 9.001 205.56620610687023 6.032805052430886 11.57596599690881 0.0
16 0.84 2.008 211.9052340425532 7.8424040841584155 11.759799757281552 0.911444662876574
16 0.84 2.5075 211.69381651376148 7.686030405405405 11.676472701149425 0.8980860951449187
16 0.84 7.003 210.03641194644698 6.5540128205128205 11.143799854967368 0.5199596774193547
16 0.86 4.5055 214.630828313253 7.250055720653789 11.341148825065273 0.8267103347889373
16 0.88 2.008 219.21897333333334 8.0370784457478 11.852942631058358 0.9189072154916557
16 0.88 2.5075 218.99840180586907 7.906494728915662 11.814856361149111 0.9087689528709836
16 0.88 7.003 217.88571550802138 6.926589209401709 11.10176600441501 0.7282406652535462
16 0.9 6.004 221.87664870689656 7.323930555555555 11.470004982561036 0.8325934110084371
16 0.9 6.5035 221.78793699186994 7.213875786163522 11.317379077615298 0.8095417666552394
16 0.9 8.5015 221.5261242236025 6.903101620947631 11.292351097178683 0.7184152728501435
16 0.92 3.007 226.14398837209302 8.079403225806452 11.88607505310361 0.915120187410878
16 0.94 4.5055 229.4951842105263 8.01824963609898 11.836768732885238 0.9086439377329533
16 0.94 8.002 229.21226577181207 7.520184563758389 11.718120085775555 0.865469367987731
16 0.94 9.001 229.1656185696361 7.425705771643663 11.528155755241762 0.8474137141810857
16 0.96 0.01 236.52392592592594 8.570572916666666 12.172754137115838 0.9498601125116573
16 0.98 0.01 240.2748 8.552553104575162 12.160554245283018 0.9498525695029486
16 0.98 3.007 236.60724781341108 8.576817255434783 12.317318727177883 0.9350290414376486
16 1.02 3.007 243.67173111782478 8.94044436416185 12.635326979953993 0.9382543622420627
16 1.04 4.5055 247.2262998696219 9.297203947368422 12.838946440379106 0.9335949639427865
16 1.04 8.002 247.1125532994924 9.77340573012939 13.024519846350831 0.9255339111786256
16 1.04 9.001 247.06626301369863 9.92254129129129 13.252770843734398 0.9221495632677845
16 1.06 4.5055 250.716681462141 9.601338075880758 12.947986247544204 0.9289465831095195
16 1.1 10.0 256.02066022544284 11.864888443935927 14.62813476126729 0.8082930756843799
16 1.14 3.5065 264.2792373660031 10.299198717948718 13.631574394463668 0.9112607815994036
16 1.14 9.5005 261.3186186440678 12.698588888888889 14.868390713834492 0.6413384979556702
16 1.16 7.5025 264.8674696132597 12.320639848812094 14.786594110115237 0.7261869558074584
16 1.16 8.002 264.4724671532847 12.562467907573813 14.847021569527307 0.663632694248234
16 1.16 9.001 263.89659562043795 13.040324074074073 14.898135924703581 0.5206499856197869
16 1.18 4.006 270.06306593406595 11.122323717948717 13.970512517713745 0.8764309015421115
16 1.2 4.5055 272.5916046213094 11.625534386617101 14.442761618187896 0.8376327325864588
16 1.2 8.002 269.305649867374 13.302079232283464 14.919908697741471 0.35524177949709834
16 1.2 9.001 268.56169811320757 13.733507151370679 14.93788155491782 0.0
16 1.22 1.5085 279.12974481658694 9.805570241691843 13.14394644935972 0.9252064261353438
16 1.22 10.0 270.0153546511628 14.237651431718062 14.948699559851027 0.0
16 1.24 0.5095 284.94494545454546 9.070946404341926 12.714542243155725 0.9399019218980997
16 1.24 2.008 281.67002923976605 10.313570901033973 13.650288850375505 0.9111803890221156
16 1.24 2.5075 280.90370253164554 10.710046230440968 13.83380206479174 0.8962010338170268
16 1.24 7.003 274.7748606060606 13.337131992149166 14.928174962292609 0.26706244503078247
16 1.26 6.5035 277.56738404907975 13.498261226725083 14.928063360524838 0.22802223251505294
16 1.28 3.007 285.93234845735026 11.436657303370787 14.3104261481175 0.8511875
16 1.3 7.5025 280.85602898550724 14.016677005789909 14.947624285085789 0.0
16 1.32 9.5005 281.2110503597122 14.735905797101449 15.0 0.0
16 1.34 4.006 291.51369345238095 12.759769061583578 14.872008908001844 0.6166743330266787
16 1.36 5.005 291.3981933962264 13.542726043276662 14.93754403057783 0.0
16 1.38 7.5025 289.3418764519535 14.595494097292896 14.949998499985 0.0
16 1.4 0.5095 313.17322368421054 9.358259837177748 12.849043893959148 0.9356113579293026
16 1.4 2.008 305.8927395411606 11.337707468879668 14.187372013651876 0.8594806508726076
16 1.4 2.5075 303.98159151193636 11.891330313014826 14.588672260612043 0.806804219311464
16 1.44 3.007 307.1695115961801 12.637814349112427 14.851875222182723 0.6495584524810764
16 1.48 6.004 302.6717347150259 14.42015391014975 14.94993842549485 0.0
16 1.48 6.5035 301.7772497343252 14.554281228784793 15.0 0.0
16 1.48 8.5015 299.3468349056604 14.840694467314343 15.0 0.0
16 1.5 4.006 310.0198640483384 13.715118816682832 14.944281750409521 0.0
16 1.52 5.5045 308.26475280898876 14.832680784074752 14.949872176606815 0.0
16 1.56 6.004 311.71089478499545 14.678769443050678 15.0 0.0
16 1.56 6.5035 310.35158314855875 14.846255863686535 15.0 0.0
16 1.56 8.5015 307.2 14.993746247823738 15.0 0.0
16 1.58 0.01 355.063 8.601975524475524 12.203972366148532 0.9495459223829993
16 1.58 3.007 323.4892258064516 13.503433767643866 14.93355790312936 0.12232754081095275
16 1.6 2.008 332.88257540603246 12.328261434511434 14.807695857851622 0.7241932814827071
16 1.6 2.5075 328.8608658008658 13.04243206521739 14.907477517486399 0.491239316239316
16 1.6 7.003 314.1879512195122 14.766093831677992 15.0 0.0
16 1.64 6.004 318.56000991633096 14.870567386644016 15.0 0.0
16 1.64 6.5035 318.51522273534636 14.864459271439413 15.0 0.0
16 1.64 8.5015 317.08632360742706 14.993128257140972 15.0 0.0
16 1.68 5.005 326.2817338100914 14.969563550036524 15.0 0.0
16 1.7 7.5025 324.53182359679266 14.99265149377447 15.0 0.0
16 1.72 3.5065 335.40398093422306 14.313401639344262 14.949646525679759 0.0
16 1.72 9.5005 326.4 15.0 15.0 0.0
16 1.76 1.5085 358.66841357027465 12.213719512195121 14.76321920727376 0.7470097146326653
16 1.76 3.5065 340.81613220599536 14.429961107091172 14.949900805578935 0.0
16 1.76 9.5005 331.2 15.0 15.0 0.0
16 1.8 8.002 336.0 15.0 15.0 0.0
16 1.8 9.001 336.72403372835004 14.986799043213788 15.0 0.0
16 1.82 1.5085 366.232355016538 12.459052723059097 14.828705035971224 0.6964116575591984
16 1.82 3.5065 345.6435006443299 14.591282974591358 15.0 0.0
16 1.82 10.0 338.4 15.0 15.0 0.0
16 1.86 4.006 348.7327044107966 14.725495471653728 15.0 0.0
16 1.88 5.5045 348.7740392156863 14.864341714841153 15.0 0.0
16 1.9 7.003 348.8358028759736 14.979099367977527 15.0 0.0
16 1.92 4.006 354.763203672788 14.850521384091175 15.0 0.0
16 1.94 0.01 424.334875 8.618030196629213 12.219349315068493 0.9493696649351439
16 1.98 4.5055 362.24681851179673 14.864611692844678 15.0 0.0
16 2.0 5.005 360.65095287958115 14.992705014181169 15.0 0.0
18 0.0 0.01 85.87147707979626 9.541275231091776 13.643703175169462 0.9495077100184798
18 0.0 3.007 21.086488888888887 2.342943209873114 5.140617433414043 0.0
18 0.02 3.007 33.697348837209304 2.8462579821215885 7.349357601713061 0.0
18 0.04 6.004 28.56 1.88888888889 17.0 0.0
18 0.04 6.5035 32.566906122448984 2.095857473927199 14.373421052631578 0.0
18 0.04 8.5015 28.56 1.88888888889 17.0 0.0
18 0.06 7.5025 35.24 1.88888888889 16.0 0.0
18 0.06 8.002 36.14 1.88888888889 15.0 0.0
18 0.06 9.001 34.34 1.88888888889 17.0 0.0
18 0.08 4.5055 43.9311237458194 2.262925431186275 16.680095969289827 0.0
18 0.08 8.002 40.12 1.88888888889 17.0 0.0
18 0.08 9.001 40.12 1.88888888889 17.0 0.0
18 0.12 5.5045 54.23377154308617 2.2113347907915952 17.0 0.0
18 0.14 7.5025 58.32 2.0 17.0 0.0
18 0.16 2.008 91.83969565217392 5.330037167445838 9.88544776119403 0.7703004410143328
18 0.16 7.003 65.2254341351661 2.151512451740032 17.0 0.0
18 0.18 2.008 97.94221428571429 5.469577027548983 10.062980392156863 0.7872750478621569
18 0.18 2.5075 95.731625 5.079410556581666 10.576450742240215 0.6922068328716526
18 0.18 7.003 69.02 1.88888888889 17.0 0.0
18 0.2 3.5065 86.23612903225806 3.4097486492794356 16.94785859533865 0.0
18 0.2 9.5005 74.8 1.88888888889 17.0 0.0
18 0.22 2.008 109.96213913043478 5.761937830690211 10.454668232530828 0.8054511497607096
18 0.22 2.5075 108.04909615384616 5.413642527796243 11.165694444444444 0.7213808090939484
18 0.22 7.003 81.98860533364387 2.0895449193215945 17.0 0.0
18 0.24 0.01 138.75755844155844 9.531599008960027 13.631143281365999 0.9496480468868009
18 0.26 5.005 94.80870146433632 2.289594814462018 17.0 0.0
18 0.3 5.005 108.20949572649573 2.604681861352481 17.0 0.0
18 0.32 3.5065 122.27833183856502 3.9573900074575477 16.948553878445534 0.0
18 0.32 9.5005 109.48 1.88888888889 17.0 0.0
18 0.34 7.5025 115.92 2.0 17.0 0.0
18 0.34 8.002 115.26 1.88888888889 17.0 0.0
18 0.36 3.5065 143.47715384615384 5.376672721764323 17.0 0.0
18 0.36 9.5005 121.04 1.88888888889 17.0 0.0
18 0.38 5.5045 131.88640454076366 2.796846691895163 17.0 0.0
18 0.4 2.008 159.47274336283186 6.63713638531598 11.358363636363636 0.8316464646464645
18 0.4 2.5075 158.03253263707572 6.34692005242117 11.755112044817928 0.7502697033263409
18 0.42 5.005 144.65113931297708 3.0902565733663576 17.0 0.0
18 0.44 1.5085 171.78541007194244 7.179975746549663 11.70815768930523 0.8841281979977752
18 0.44 3.5065 163.9374961832061 5.5379975124408505 16.940438837865848 0.0
18 0.44 9.5005 144.5782608959757 1.9718771619002222 17.0 0.0
18 0.48 4.006 166.63515550510783 4.206580246911514 16.949634352713648 0.0
18 0.5 5.005 169.2685825892857 3.615240575400673 16.949954960365123 0.0
18 0.54 1.5085 197.44 7.66666666667 12.0 1.0
18 0.54 3.5065 192.75845161290323 6.421077341236214 12.432250755287008 0.5413593835993393
18 0.56 3.5065 197.87310941475826 6.507007751938545 16.134631360332296 0.5416116611661164
18 0.56 9.5005 179.69537773224044 2.1048933667263343 17.0 0.0
18 0.58 4.006 202.30412068965518 6.389227479279722 14.150560538116592 0.3448506289308173
18 0.62 7.5025 200.60496288659795 3.1827376861379206 17.0 0.0
18 0.62 8.002 199.99304536082474 3.0038144329896523 17.0 0.0
18 0.62 9.001 198.984488372093 2.708914728685081 17.0 0.0
18 0.66 4.5055 222.66272297297297 6.60128840436474 12.428015952143568 0.3011740041928718
18 0.68 2.008 231.13178666666667 7.855725840784755 12.211482939632546 0.8819283083026352
18 0.7 1.5085 236.7845777777778 8.220974910392055 12.598845541401273 0.9119359611116982
18 0.7 3.5065 234.0053962264151 7.20912768896574 11.862410586552217 0.7342633928571427
18 0.74 7.5025 237.34659824780977 4.629439577253045 16.946499534555258 0.0
18 0.74 8.002 236.1932566191446 4.168058384248149 17.0 0.0
18 0.74 9.001 235.59685514834206 3.9131859608308077 17.0 0.0
18 0.76 0.5095 252.7005824175824 9.145557543230506 13.227127659574467 0.9423287197231833
18 0.76 1.009 251.9796759493671 8.81922073079972 12.94664590321035 0.9318434611924429
18 0.78 0.01 258.06460869565217 9.58601677149261 13.651349456712232 0.9498857417764147
18 0.78 3.007 254.5123763066202 7.8758101851864275 12.464346519779669 0.8516246772901273
18 0.8 7.5025 256.8597168857432 6.674748550470653 13.260262345679012 0.01144721233689162
18 0.8 8.002 256.68587172538395 6.594032158321932 11.40118778280543 0.0
18 0.82 0.01 267.1025189189189 9.567844444448765 13.660298196948682 0.9498857417764147
18 0.82 3.007 264.3127692307692 8.137155963301382 12.543342151675485 0.8749568609798184
18 0.84 6.004 267.73610631229235 7.386007780205233 12.007782426778242 0.6763689320388349
18 0.84 8.5015 266.8933431578947 6.820269005849751 11.794093023255813 0.16288297338021057
18 0.88 6.004 277.7678945736434 7.771442687749321 12.291363355953115 0.7976569139249726
18 0.88 8.5015 277.1767294117647 7.294916911042994 11.9794395280236 0.6244479495268137
18 0.9 5.5045 282.73975539568346 8.126011264719683 12.58451526032316 0.8559961983756695
18 0.92 5.005 287.72278694817663 8.5292129629653 12.867225161669605 0.8912856304220207
18 0.94 0.01 294.8387792207792 9.599173220411348 13.685629989586948 0.9498842348979162
18 0.94 3.007 292.6799121447028 9.116002415457778 13.334033387183629 0.9264701989676623
18 0.96 1.009 297.83750909090907 9.529951690823651 13.682871621621622 0.9427014576457645
18 1.0 0.5095 307.22298444130126 9.661426864656057 13.750015417823004 0.9466211888291058
18 1.0 2.008 306.0 9.735176408638774 13.807410401509028 0.9436868601547453
18 1.0 2.5075 306.0 9.701908169353011 13.797026338147834 0.9433942399130553
18 1.02 5.005 310.6560734214391 10.07962076908649 13.983607509192955 0.93946756737125
18 1.04 0.01 318.7338630136986 9.610073808102841 13.680743012951602 0.9498917683843424
18 1.04 3.007 315.3004714038128 10.154477758166014 14.011438596491228 0.9387557874623356
18 1.08 0.5095 326.0160685714286 9.827978339351901 13.851263264274886 0.9452049840549692
18 1.08 2.008 324.5430422535211 10.309225700133823 14.267471819645733 0.9373797715659753
18 1.08 2.5075 324.44446119733925 10.452858060334798 14.454875382597288 0.9351579520697167
18 1.1 4.5055 328.1422395833333 11.445142857098972 14.996001866832607 0.9166774983752437
18 1.1 9.001 326.54960176991153 13.081650686211049 16.101509433962264 0.8338450802512212
18 1.12 2.008 333.5226783369803 10.618323917175644 14.571329690346083 0.9328593296809539
18 1.14 7.5025 334.20234448160534 13.543004418296553 16.530374753451675 0.7861560174493198
18 1.16 0.01 347.8123 9.598882795047684 13.676956667786362 0.9498284166164961
18 1.16 3.007 341.3226078431373 11.576147343037555 15.103586371787209 0.9126879354602127
18 1.2 3.007 349.2844333333333 11.982371294853557 15.540597117364447 0.8968243159588956
18 1.22 8.002 346.0266590909091 15.290562339787014 16.92843402464683 0.061542792792792386
18 1.22 9.001 345.13300315457417 15.53621994510968 16.940257366119436 0.0
18 1.24 6.004 351.5114943109987 14.553113942009936 16.86501174374342 0.5370277777777775
18 1.24 6.5035 350.7913215547703 14.7877369495692 16.898674691470607 0.4336731226639481
18 1.24 8.5015 348.367598173516 15.732651205119959 16.945248185013632 0.0
18 1.28 5.005 359.63193004769477 14.43360224907044 16.853567035670356 0.5776229092752152
18 1.36 3.5065 376.5351671388102 14.057393227831593 16.75253155159614 0.6894540711757032
18 1.36 9.5005 363.716510817942 16.64090300401709 17.0 0.0
18 1.4 6.004 374.08276958002267 15.990577732287989 16.948311366103272 0.0
18 1.4 6.5035 373.1433110976349 16.2743636363362 16.94980575214576 0.0
18 1.4 8.5015 370.98843300529904 16.59651936030971 17.0 0.0
18 1.42 0.5095 403.071625 10.508253397288776 14.471885382059801 0.9356983024691358
18 1.42 2.008 393.4500124481328 12.858159491063157 15.9613684871312 0.8504933620380337
18 1.42 2.5075 390.428432748538 13.525720720741297 16.50805785123967 0.7854678851847083
18 1.44 5.005 382.0547492260062 15.817130252747464 16.947472423573906 0.0
18 1.46 0.5095 411.7006373626374 10.593635790840889 14.53258559622196 0.9347006738755681
18 1.46 1.009 407.9798793418647 11.482269965263594 15.027343244990304 0.9151720276872963
18 1.46 2.5075 397.15742857142857 13.812521440842076 16.67730880929332 0.7415968992248061
18 1.48 5.5045 386.63617105263154 16.25048086758289 16.9496997132941 0.0
18 1.52 4.006 397.86994021739133 15.759147099724181 16.944272435468772 0.0
18 1.56 5.5045 397.8426088840736 16.542135448705107 17.0 0.0
18 1.58 1.009 432.28777818853973 11.944407954758342 15.485263548626577 0.8995116363197877
18 1.6 8.5015 398.9365509802677 16.954104364592226 17.0 0.0
18 1.62 0.5095 446.6840772200772 10.875604938284045 14.770234204793027 0.9289314344192393
18 1.62 1.009 439.84837762237765 12.045417814504182 15.628195033313144 0.8941172733625563
18 1.62 2.5075 421.6716706231454 14.9252513826118 16.901150584188365 0.38746784270488766
18 1.64 5.5045 408.3500443888715 16.679534994951656 17.0 0.0
18 1.68 1.5085 443.3072558139535 13.442947530819902 16.428233276157805 0.7915843441290483
18 1.68 3.5065 422.49843835616434 15.993423835522767 16.949119272216624 0.0
18 1.68 9.5005 410.04 17.0 17.0 0.0
18 1.7 0.01 477.68314285714285 9.632753796966103 13.722493654822335 0.9495291160706174
18 1.72 7.5025 416.16 17.0 17.0 0.0
18 1.74 4.5055 425.55592668371696 16.632467425911383 17.0 0.0
18 1.76 7.5025 423.71615198252465 16.87872874796236 17.0 0.0
18 1.76 8.002 422.28 17.0 17.0 0.0
18 1.76 9.001 422.28 17.0 17.0 0.0
18 1.78 4.006 432.86670200573064 16.654396469042428 17.0 0.0
18 1.8 0.01 501.402429906542 9.608468702624664 13.680788340510102 0.949452582415916
18 1.8 3.007 442.55156923076925 16.10236354774805 16.948629989212513 0.0
18 1.82 7.5025 431.46 17.0 17.0 0.0
18 1.82 8.002 431.46 17.0 17.0 0.0
18 1.82 9.001 431.46 16.994242176138098 17.0 0.0
18 1.84 0.5095 493.1153211678832 11.357160725417693 14.956536176162182 0.9189032697547683
18 1.84 2.008 460.3641711491443 15.040855457223053 16.91917854718262 0.22262126865671608
18 1.84 2.5075 453.4644433962264 15.613843721809166 16.94411547746781 0.0
18 1.86 1.5085 472.1950761061947 14.223841206453551 16.81285650123512 0.6524812343619681
18 1.9 4.5055 444.9594486486487 16.882828844760127 17.0 0.0
18 1.94 0.5095 513.7444516129033 11.52549127642076 15.028507078507078 0.913210789418871
18 1.94 1.009 497.81058969804616 13.271409674953961 16.267384615384614 0.8197382651957602
18 1.96 2.008 477.6932786489746 15.430380380337343 16.940061854928615 0.0
18 2.0 1.5085 493.81675603217155 14.769742967033753 16.884281052558496 0.4789934354485775
18 2.0 3.5065 463.92971828392564 16.767014003167606 17.0 0.0
20 0.02 5.005 34.25459130434783 2.298448844884488 10.167729729729729 0.0
20 0.04 5.5045 34.3788643115942 1.9924515398550724 18.940453733476243 0.0
20 0.06 0.01 121.46937974683544 10.488774319066147 14.915883504650024 0.9496069420088287
20 0.08 3.007 72.76350000000001 4.079096601073345 10.510270645385148 0.20671108995716292
20 0.1 2.008 87.41484615384616 5.13840909090909 9.878074694140373 0.6956355003652299
20 0.1 2.5075 84.18779310344827 4.674358208955224 9.888956397426734 0.5620861797162373
20 0.12 4.006 68.39144066237351 2.586584922797457 18.9490196678188 0.0
20 0.14 0.01 144.05208823529412 10.54404339250493 14.93241975308642 0.9495962742311065
20 0.2 7.5025 91.2 1.9 19.0 0.0
20 0.2 8.002 91.2 1.9 19.0 0.0
20 0.22 8.5015 99.1030410202864 1.987569361575179 19.0 0.0
20 0.24 1.009 150.37626666666668 7.645640599001664 12.405235903337168 0.896149292790828
20 0.26 3.5065 125.14082590412112 3.5595710681244745 18.949995499684977 0.0
20 0.26 9.5005 112.86 1.9 19.0 0.0
20 0.3 3.5065 140.51335365853657 3.787621951219512 18.949944439438987 0.0
20 0.3 9.5005 127.3 1.9 19.0 0.0
20 0.32 7.5025 134.52 1.9 19.0 0.0
20 0.34 0.01 199.03164285714286 10.554759916492692 14.920556376169374 0.9496906033988348
20 0.36 7.5025 150.05046766169156 2.0703855721393034 19.0 0.0
20 0.36 8.002 150.20657278695947 2.094776997962418 19.0 0.0
20 0.38 4.006 167.57830631780473 3.7384365028717292 19.0 0.0
20 0.42 1.5085 205.37598400000002 7.715597381342063 12.580376470588234 0.8799293998991427
20 0.42 3.5065 195.9699024390244 5.9234 18.942017742216038 0.0
20 0.42 9.5005 171.2 2.0 19.0 0.0
20 0.44 7.5025 180.57745060127328 2.3888304645130862 19.0 0.0
20 0.44 8.002 178.92257910352018 2.0933176970571727 19.0 0.0
20 0.46 0.5095 226.01102290076338 9.389158415841585 13.944679206390106 0.9351604746158335
20 0.46 2.008 216.21185714285713 7.4544842406876795 12.424475138121547 0.8407966376922341
20 0.46 2.5075 214.50702463054188 7.103420026007802 12.28156618156618 0.769538163716814
20 0.5 1.5085 230.95804157549233 8.079404432132964 12.837010113780025 0.8911791590493601
20 0.5 3.5065 224.44899413243922 6.7078661616161614 18.799915966386553 0.4116837274973524
20 0.52 2.008 235.50465727699532 7.689864406779661 12.728538602941176 0.8530765162200281
20 0.54 7.5025 217.89193401221996 2.7591160896130345 19.0 0.0
20 0.54 8.002 216.63427393987655 2.4857117260601234 19.0 0.0
20 0.54 9.001 215.59111554570092 2.258938162108894 19.0 0.0
20 0.56 7.5025 225.6621753958587 2.923221680876979 19.0 0.0
20 0.6 2.008 260.96304054054053 8.093294422827496 12.96785925487877 0.8659885824555761
20 0.62 0.01 275.8747733887734 10.55533203125 14.923241811175338 0.9498253958697092
20 0.62 3.007 264.93607272727274 7.565129068462402 12.718543956043955 0.7448798408082044
20 0.64 2.008 273.6001935483871 8.289273670557717 12.968678317859093 0.8750037498125093
20 0.7 7.5025 278.2471588188348 4.082386272944932 19.0 0.0
20 0.7 8.002 277.63978787878784 3.8799292929292926 19.0 0.0
20 0.7 9.001 275.582810675563 3.1942702251876565 19.0 0.0
20 0.72 2.008 298.3703137254902 8.699907407407407 13.430618720253834 0.8925541516245487
20 0.72 2.5075 297.6478586956522 8.442811447811447 13.317518703241895 0.8619481487616996
20 0.74 0.01 308.758955602537 10.548141414141414 14.946359513010265 0.949878206477611
20 0.74 3.007 303.01155268817206 8.263708860759493 13.108863473909935 0.8332799839951985
20 0.76 6.004 306.31178613861385 7.253992359121299 13.90943231441048 0.2585854092526687
20 0.76 6.5035 306.1782320987655 7.189893790849673 12.365561569688769 0.0230363423212188
20 0.76 8.5015 299.5291073446328 4.470461393596987 19.0 0.0
20 0.78 1.009 318.13133870967744 9.740058252427184 14.318012783265543 0.9339397542608006
20 0.8 0.01 325.3490595009597 10.572051282051282 14.980946688979202 0.9498646372277704
20 0.82 1.009 329.73533333333336 9.915889679715303 14.567139175257731 0.9362248412030305
20 0.84 5.5045 332.25357698815566 8.089926918392203 12.978741220961641 0.7305254648342764
20 0.86 4.006 339.2442168674699 8.816298157453938 13.632966585167074 0.8646829585126248
20 0.86 5.005 338.69938504155124 8.453255813953488 13.237284631288766 0.8162200904179071
20 0.88 5.5045 344.76950537634406 8.59041841004184 13.349196675900277 0.831151858980853
20 0.92 1.5085 357.9772274368231 10.188946360153256 14.757000332557366 0.9378676607642125
20 0.92 3.5065 357.4170338164251 9.656368421052631 14.298216340621403 0.9175023511359699
20 0.92 9.5005 356.3128830409357 8.379429824561404 13.221756487025948 0.7841062176165802
20 0.96 6.5035 368.6773753753754 9.68548048048048 14.28064139941691 0.9180741250491545
20 0.96 9.5005 368.51519883889694 9.287561683599419 13.915483028720626 0.8988038858530661
20 0.98 3.5065 374.5014934036939 10.415667351129363 14.911812467260345 0.9399538855063587
20 0.98 9.5005 374.384412 9.92166 14.567120374308804 0.9276386054790952
20 1.0 6.004 380.0 10.71556768558952 15.126628352490421 0.9450912565065559
20 1.0 8.5015 380.0 10.698858603066439 15.109552042160738 0.9451761455215288
20 1.02 3.5065 385.80758984375 10.981513605442176 15.384458788480636 0.9427014576457645
20 1.02 9.5005 385.69846869983945 11.526659793814433 15.83530844155844 0.9369533968830382
20 1.06 4.006 397.00613203883495 11.73491089108911 15.934285714285714 0.9339842357507823
20 1.06 5.005 396.8582901023891 12.042037037037037 16.229971346704872 0.9299882382592624
20 1.08 6.004 401.8878620689655 12.730796296296296 16.771046481433395 0.9124172359432474
20 1.08 6.5035 401.6746811594203 12.966597744360902 16.918276344731055 0.908513558019541
20 1.08 8.5015 401.19286728971963 13.585793226381462 17.39776748104465 0.8859206023271731
20 1.1 3.007 408.1443469387755 11.992003424657534 16.193951849677042 0.9299588166078332
20 1.16 1.009 426.1335335463259 11.38352140077821 15.755303265940903 0.9395707189732062
20 1.18 4.5055 426.4454 14.168759259259259 17.766659959758552 0.8586943620178041
20 1.18 9.001 421.19621613832857 16.668409475465314 18.892975020869454 0.2865154109589038
20 1.2 5.005 430.02487804878047 14.883647469458989 18.030988372093024 0.8000599808061419
20 1.22 0.01 447.4482857142857 10.596996402877698 14.944241144733756 0.9498329470547512
20 1.22 3.007 438.4212304761905 13.534016563146997 17.340561339972837 0.8887383177570093
20 1.24 5.5045 437.438690647482 15.852746185852983 18.752310893149055 0.6343352347520841
20 1.28 3.5065 450.5401304347826 14.816026615969582 17.979165140974 0.8107742960944595
20 1.28 9.5005 438.4768988764045 18.10550535077289 18.949725506756756 0.0
20 1.3 0.5095 466.76514925373135 11.335647969052225 15.644042699724517 0.9402380867008497
20 1.3 1.009 464.4788510638298 11.99744347826087 16.107539936102235 0.930008818712468
20 1.3 2.5075 458.41693478260873 13.922216216216217 17.665922865013773 0.8708084644601193
20 1.34 4.5055 458.96963636363637 16.44921653971708 18.871959744948914 0.43463364993215714
20 1.36 7.5025 454.7087844311377 18.128344965104688 18.94971033733631 0.0
20 1.38 0.5095 488.970125 11.486886120996441 15.80248742314142 0.9379717156680313
20 1.38 1.009 485.62183973288813 12.381355060034306 16.51938524590164 0.9227234792284866
20 1.38 2.5075 476.16585096153847 14.593511749347257 17.92703802619865 0.8225782414307004
20 1.4 5.5045 465.35951434878586 17.751142506142507 18.947372908114936 0.0
20 1.42 6.004 467.69794558823526 17.980840527033166 18.94890087990925 0.0
20 1.42 8.5015 462.11025282167043 18.783546890424482 19.0 0.0
20 1.44 3.5065 481.95329952456416 16.318035487959442 18.86854641533244 0.4623548387096772
20 1.44 9.5005 466.8847016229713 18.69198337408313 19.0 0.0
20 1.46 6.004 474.6916564847271 18.39148604269294 19.0 0.0
20 1.46 6.5035 473.57819969512195 18.343221315410464 19.0 0.0
20 1.46 8.5015 469.24382321899736 18.7739781420765 19.0 0.0
20 1.48 4.006 485.7969655172414 17.236468609865472 18.936764426907462 0.0
20 1.5 4.5055 487.2581474296799 17.67833937635968 18.945981072146235 0.0
20 1.52 1.5085 515.1537892644136 14.05641818181818 17.766183241252303 0.8640205596801827
20 1.54 4.006 497.13485123966944 17.541313497822934 18.943090791135997 0.0
20 1.54 5.005 491.8180454545454 18.260152303120357 18.94986916112732 0.0
20 1.58 9.5005 490.2 19.0 19.0 0.0
20 1.6 5.5045 501.5775 18.55569643806486 19.0 0.0
20 1.62 6.004 499.6216918618406 18.865226371792197 19.0 0.0
20 1.62 6.5035 500.6822875776397 18.759565744784087 19.0 0.0
20 1.62 8.5015 498.42 18.9 19.0 0.0
20 1.66 0.5095 564.7209369369369 12.261858037578287 16.396448863636362 0.9272469335195774
20 1.66 2.008 537.7393185840708 15.782171344165436 18.729212022745735 0.641954887218045
20 1.66 2.5075 531.0298127659574 16.6995 18.903731300179057 0.2686704695041682
20 1.68 7.5025 509.2 19.0 19.0 0.0
20 1.68 8.002 509.88 18.9 19.0 0.0
20 1.7 0.5095 575.6457263157895 12.25170081967213 16.447128975265016 0.9253838921968035
20 1.7 1.009 564.0281958762887 13.798383333333334 17.53756183745583 0.8782275151603711
20 1.7 2.5075 538.312833935018 16.92080409356725 18.914964285714287 0.08271876719867874
20 1.76 0.01 607.7081754385965 10.63886 14.97099153829464 0.9495291160706174
20 1.78 1.5085 570.6039712525668 15.533069498069498 18.591795248591723 0.7252843250370857
20 1.82 0.01 625.4832710280374 10.631448692152917 14.976308842938847 0.9495245305875227
20 1.82 3.007 553.6168901345292 17.957486301369862 18.948493463951298 0.0
20 1.84 6.004 540.7057473338803 18.894605450543757 19.0 0.0
20 1.84 8.5015 539.6 19.0 19.0 0.0
20 1.86 4.5055 549.3974920975087 18.787712326747272 19.0 0.0
20 1.86 8.002 544.26 18.9 19.0 0.0
20 1.86 9.001 543.4 19.0 19.0 0.0
20 1.88 2.008 579.3488588235294 16.8087100456621 18.913278526458193 0.10488721804511239
20 1.92 4.5055 560.8216032461678 18.77252843250371 19.0 0.0
20 1.94 6.004 558.6 19.0 19.0 0.0
20 1.94 6.5035 558.6 19.0 19.0 0.0
20 1.94 8.5015 558.6 19.0 19.0 0.0
20 1.98 5.005 566.2 19.0 19.0 0.0
20 2.0 7.5025 570.0 19.0 19.0 0.0
20 2.0 8.002 570.9375580698337 18.974906654622103 19.0 0.0
20 2.0 9.001 570.0 19.0 19.0 0.0
