10 0.02 5.005 12.346592592592593 1.9512328278322926 4.81106350420811 0.0
10 0.04 5.5045 14.479376744186046 1.9793197424892703 5.937667946257197 0.0
10 0.06 0.01 31.42199779249448 5.50242125984252 7.791286141575274 0.9495566114827033
10 0.08 3.007 20.69552755905512 2.5924209915917658 6.022833458929917 0.26577092511013184
10 0.1 2.008 24.291508620689655 3.1575660279647852 5.99182431320941 0.750381908042534
10 0.1 2.5075 23.538017621145375 2.9467143538388174 6.204969961769525 0.6190399999999998
10 0.1 7.003 17.840047984644915 1.8400479846449136 8.923334866605336 0.0
10 0.12 4.006 23.7638115942029 2.5004446503010653 7.98855757140291 0.0
10 0.14 0.01 36.54757668711657 5.501826654240447 7.794254254254254 0.9496526099565007
10 0.2 7.5025 25.584786196549135 1.8755663915978995 8.949584076953325 0.0
10 0.2 8.002 25.954910963312592 1.9847800901094186 8.949861620841105 0.0
10 0.22 8.5015 26.82 1.8 9.0 0.0
10 0.24 1.009 38.9886 4.366684527796384 6.926178723404255 0.911402296406549
10 0.26 3.5065 37.01471428571429 3.30161629434954 8.875414510507973 0.3215335169880621
10 0.26 9.5005 30.06 1.8 9.0 0.0
10 0.3 3.5065 40.193514285714286 3.387473338802297 8.89918340188725 0.18578407425500698
10 0.3 9.5005 33.9903560371517 1.9972445820433435 9.0 0.0
10 0.32 7.5025 35.510720041771826 1.973741188756418 9.0 0.0
10 0.34 0.01 49.057822033898304 5.514451858913251 7.796129666011788 0.9497330880357089
10 0.36 7.5025 38.750961282753224 1.9846754008603833 9.0 0.0
10 0.36 8.002 38.652180291345324 1.9538063410454156 9.0 0.0
10 0.38 4.006 45.45458955223881 3.286223404255319 8.941247179921039 0.0
10 0.42 1.5085 51.61199999999997 4.51356338028169 7.324510763209393 0.8939218431771894
10 0.42 3.5065 49.60353968253968 3.746098752034726 8.909265610539496 0.18458904109589006
10 0.42 9.5005 43.38237595677623 1.924957226474561 9.0 0.0
10 0.44 7.5025 45.60146478873239 2.143380281690141 9.0 0.0
10 0.44 8.002 44.99687245444802 1.927454448017149 9.0 0.0
10 0.46 0.5095 55.8817345971564 5.1186518771331055 7.622861313868613 0.9371886188053514
10 0.46 2.008 54.03704191616767 4.396534264513313 7.599795333606222 0.8581773315180394
10 0.46 2.5075 53.6544294117647 4.244132104454685 8.11768131286395 0.8016069515533865
10 0.46 7.003 47.23769210818822 2.1621081882178586 9.0 0.0
10 0.48 10.0 48.143508730393606 1.9013495116898491 9.0 0.0
10 0.5 1.5085 57.19513245033112 4.69042748091603 7.572983725135623 0.8990674014412886
10 0.5 3.5065 55.577651792245796 4.0664435695538055 8.835857790033485 0.5555466666666665
10 0.52 2.008 58.37586311787072 4.559752288637587 7.733435897435897 0.863418831434893
10 0.52 7.003 52.587939759036146 2.41164156626506 9.0 0.0
10 0.54 7.5025 53.9863563184374 2.341894051494525 9.0 0.0
10 0.54 8.002 53.54028675632551 2.147950763619786 9.0 0.0
10 0.54 9.001 53.44630759204953 2.107090257412838 9.0 0.0
10 0.56 7.5025 55.70526429675425 2.4114837712519317 9.0 0.0
10 0.6 2.008 63.97544194107452 4.742276330690826 7.7461887220175685 0.8693091821532188
10 0.6 7.003 59.463815561959656 2.731907780979827 8.949882727928795 0.0
10 0.62 0.01 67.59575700934579 5.521228733459357 7.798531139835488 0.9497467285774588
10 0.62 3.007 64.89482595870206 4.531079136690647 7.991396882494005 0.7589035151164472
10 0.64 2.008 66.87497802197802 4.8341521539871675 7.766560762509928 0.8698399062866068
10 0.64 7.003 62.609514970059884 2.783063872255489 9.0 0.0
10 0.7 7.5025 67.69786813186813 3.131912087912088 8.948354610808131 0.0
10 0.7 8.002 68.25060606060606 3.4885390946502057 8.945237391161491 0.0
10 0.7 9.001 67.0075967413442 2.67173116089613 9.0 0.0
10 0.72 2.008 72.3222262443439 5.02022835394862 7.815767538782126 0.8815759556629245
10 0.72 2.5075 72.06393710691823 4.911789052069426 7.814240659873848 0.8476368955114727
10 0.72 7.003 70.30885765124556 3.8236443661971826 8.937034378541746 0.0
10 0.74 0.01 76.93316535433071 5.507267552182163 7.800463242698892 0.9497209568916106
10 0.74 3.007 73.2972752293578 4.856702040816327 7.918634123445201 0.8158749447635881
10 0.76 6.004 73.71268421052632 4.358978444236176 8.81101031863023 0.25759465478841836
10 0.76 6.5035 73.62534185303515 4.290820089001907 8.778423291677745 0.0822136563876648
10 0.76 8.5015 72.82256423841059 3.6829986789960367 8.93150172612198 0.0
10 0.78 1.009 77.01923287671232 5.372180349932705 7.860248773651016 0.9242167962533533
10 0.8 0.01 81.45227848101266 5.516015108593012 7.803423871461362 0.9497118546902815
10 0.82 1.009 79.66920183486239 5.442583926754832 7.889373876083047 0.9249065104753322
10 0.84 5.5045 79.53678632478632 4.799106402579456 8.151374745417515 0.7141166380789021
10 0.86 4.006 81.14368374816985 5.118080326752893 7.8812737073268115 0.8346691796448764
10 0.86 5.005 80.9623196125908 4.964187298170075 7.987915601023018 0.7840222884540624
10 0.88 5.5045 82.27715720930232 5.005998142989786 7.924257954302798 0.7927763272410792
10 0.92 1.5085 85.70134446764092 5.599529860228716 7.9559679958027285 0.9195452790113922
10 0.92 3.5065 85.11594904458599 5.428297872340425 7.932079746261894 0.8875219327844512
10 0.92 9.5005 84.77125693606754 4.926453558504222 7.988573439699671 0.7450359492121768
10 0.96 6.5035 87.49546413137425 5.460034572169404 7.952813666379558 0.8873394619440313
10 0.96 9.5005 87.46509764789737 5.3249180327868855 7.941717188268065 0.8643856794141578
10 0.98 3.5065 88.78694222222222 5.720431654676259 7.993083072645116 0.9154345730376985
10 0.98 9.5005 88.75545807345807 5.5536105336105335 7.966894646849927 0.8984276921201779
10 1.0 6.004 90.0 5.815527690700105 8.095168295331161 0.9227127289589613
10 1.0 8.5015 90.0 5.8188198103266595 8.09467680608365 0.9223381948651042
10 1.02 3.5065 91.35915688487584 5.921717888100867 8.19677108433735 0.9210057348689511
10 1.02 9.5005 91.34028798586573 6.116350364963504 8.398303249097472 0.9173919508326724
10 1.06 4.006 94.01003611258629 6.1727939142461965 8.41906587661206 0.9145544960524966
10 1.06 5.005 93.98795121951218 6.29058611361587 8.511804335090803 0.911880088823094
10 1.08 6.004 95.22722864117169 6.58567679558011 8.663360937184407 0.8981421499724989
10 1.08 6.5035 95.20976770538243 6.649763313609467 8.70017988846915 0.8947790404040403
10 1.08 8.5015 95.11433806451613 6.934255319148936 8.783713989099404 0.8754334828101644
10 1.1 3.007 96.67627666896077 6.295439512619669 8.491859756097561 0.9124954061006982
10 1.16 1.009 101.88111627906976 6.0050681818181815 8.239297124600638 0.9247777226158775
10 1.18 4.5055 101.32107002039429 7.09733126454616 8.834833019522346 0.8567142365887207
10 1.18 9.001 100.14829162746943 8.272102950408035 8.93989542012261 0.4137530777347869
10 1.2 5.005 102.2645 7.441455576559546 8.884745176682111 0.8137140941097574
10 1.22 0.01 114.77481012658227 5.529466911764706 7.802208989627353 0.9494801612561001
10 1.22 3.007 104.21208713272543 6.891842546063652 8.78087036550092 0.880386105927946
10 1.24 5.5045 104.12287529047249 7.8045463049579045 8.923703364614328 0.6804639570552146
10 1.28 3.5065 107.23739464882944 7.386009673518743 8.88210369951192 0.8149344881190317
10 1.28 9.5005 103.97249302325581 8.773334531727485 8.949956462993544 0.0
10 1.3 0.5095 112.63660583941605 5.973020231213873 8.09810606060606 0.9297817660936973
10 1.3 1.009 110.75530831099195 6.281568247821878 8.473230088495574 0.9165314503205128
10 1.3 2.5075 109.09049956178791 6.995062189054726 8.810881652104845 0.8659562489946919
10 1.34 4.5055 109.32590998268897 8.136605504587155 8.936977236633139 0.5181555362821623
10 1.36 7.5025 108.0926962552011 8.75426180021954 8.949890261868255 0.0
10 1.38 0.5095 117.76086631016042 6.043343589743589 8.208218527315914 0.9272119835793519
10 1.38 1.009 115.74036787564768 6.395678254942059 8.56254593175853 0.9109002459104031
10 1.38 2.5075 113.52021792890262 7.338930555555556 8.87541486021827 0.8224459358687546
10 1.4 5.5045 110.95953198127926 8.531355873126525 8.948974406073965 0.0
10 1.42 6.004 111.36079975874547 8.72951152463523 8.949754303457839 0.0
10 1.42 8.5015 110.03594991558806 8.963409440175631 9.0 0.0
10 1.44 3.5065 115.04781426648721 8.109716919025674 8.93750656167979 0.5060165975103732
10 1.44 9.5005 110.50918777292577 8.985997647651853 9.0 0.0
10 1.46 6.004 113.13625964391692 8.811031746031746 8.949746728577459 0.0
10 1.46 6.5035 112.4795029392554 8.940304441260745 8.94995496036512 0.0
10 1.46 8.5015 111.72840970006382 8.970573799435028 9.0 0.0
10 1.48 4.006 115.91956962025317 8.47429888084266 8.946624607698713 0.0
10 1.5 4.5055 116.17845833333334 8.566404074702886 8.949189073836962 0.0
10 1.52 1.5085 123.24822357723576 7.096487158243579 8.823871922223397 0.8617764139990047
10 1.52 10.0 113.85688272333726 8.985339314773277 9.0 0.0
10 1.54 4.006 118.68580170575693 8.55418439716312 8.948475949054037 0.0
10 1.54 5.005 117.27161474269819 8.776391388174808 8.949808775258228 0.0
10 1.58 9.5005 116.55708830908179 8.988314520086938 9.0 0.0
10 1.6 5.5045 119.17645699614891 8.95159163520186 9.0 0.0
10 1.62 6.004 119.69925076237392 8.938825472563773 9.0 0.0
10 1.62 6.5035 118.95064804063861 8.983641360357266 9.0 0.0
10 1.62 8.5015 118.46482309646893 8.984328161730136 9.0 0.0
10 1.66 0.5095 135.55836363636365 6.316787216148024 8.48045511221945 0.9177750370004933
10 1.66 2.008 128.6428852173913 7.873609195402299 8.925563842615336 0.6848146747352495
10 1.66 2.5075 127.00488864628821 8.305214857975237 8.94126167400881 0.37786487495334053
10 1.66 7.003 120.09745384615384 8.988868258473868 9.0 0.0
10 1.68 7.5025 121.561274393531 8.984132711348058 9.0 0.0
10 1.68 8.002 121.07674390243902 8.987991209741336 9.0 0.0
10 1.7 0.5095 137.9460975609756 6.357485620377979 8.508927519151444 0.9159971775616148
10 1.7 1.009 135.1113486005089 6.971820040899796 8.79743558580457 0.8755358076319916
10 1.7 2.5075 128.69135576923077 8.374418367346939 8.943686860154745 0.22587087784486728
10 1.76 0.01 157.2355744680851 5.552147134302823 7.8315682281059065 0.949086632453568
10 1.78 1.5085 136.6771850117096 7.66959336099585 8.909747116478043 0.744567049808429
10 1.78 10.0 125.1 9.0 9.0 0.0
10 1.82 0.01 161.7766013986014 5.528661417322835 7.817997344964915 0.9490648493368375
10 1.82 3.007 131.8112998151571 8.828880903490761 8.94976490445476 0.0
10 1.84 6.004 128.5499324577861 8.98557094623842 9.0 0.0
10 1.84 8.5015 128.13255962305183 8.989097628781684 9.0 0.0
10 1.86 4.5055 131.11477456316243 8.970963414634147 9.0 0.0
10 1.86 8.002 128.7 8.989815770981638 9.0 0.0
10 1.86 9.001 128.7 9.0 9.0 0.0
10 1.88 2.008 138.6264108597285 8.348028738212843 8.9439482091811 0.21046897205116025
10 1.88 7.003 130.25800891326705 8.987791979490936 9.0 0.0
10 1.92 4.5055 133.72049798549557 8.953457134878526 9.0 0.0
10 1.94 6.004 132.80540970873787 8.988787379326583 9.0 0.0
10 1.94 6.5035 132.3 8.989730429156783 9.0 0.0
10 1.94 8.5015 132.3 9.0 9.0 0.0
10 1.98 5.005 134.94679601343302 8.985929677936769 9.0 0.0
10 2.0 7.5025 135.0 8.989975038344712 9.0 0.0
10 2.0 8.002 135.80510991580917 8.986549108223711 9.0 0.0
10 2.0 9.001 135.0 9.0 9.0 0.0
12 0.0 3.5065 12.527254978524013 2.0878758297557596 4.487667560321715 0.0
12 0.0 9.5005 11.0 1.83333333333 3.974349229114378 0.0
12 0.02 3.5065 17.166625 2.2347699530522522 5.435594541910331 0.0
12 0.02 9.5005 14.885296187683284 1.83333333333 5.776373532913761 0.0
12 0.06 0.5095 38.17805263157895 5.317184368734787 8.202704257767548 0.9193076736867586
12 0.06 1.009 33.438744827586206 4.370912322272299 7.358508508508508 0.8648913748378728
12 0.08 5.005 25.996504504504504 2.3194543034577366 9.267224988682662 0.0
12 0.12 10.0 25.52 1.83333333333 11.0 0.0
12 0.14 0.5095 47.08700613496932 5.473681732579511 8.44251471825063 0.9262815692865672
12 0.14 1.009 43.562 4.70455887781651 7.801836083022884 0.8930505646817248
12 0.14 2.5075 38.807521739130436 3.601988573941833 7.707488479262673 0.6954686643522747
12 0.18 5.5045 34.32590538033395 1.9947104128156674 10.947640738879116 0.0
12 0.2 0.01 58.23492017416546 6.526511111111641 9.25328320802005 0.9496845283018868
12 0.22 5.5045 39.409374841169 2.2156783848665427 11.0 0.0
12 0.24 6.5035 41.80882485875706 2.221233521658401 11.0 0.0
12 0.26 7.5025 42.999356108670895 1.9548099343844332 11.0 0.0
12 0.28 4.006 49.181216718266256 2.726011633789528 10.948787832232293 0.0
12 0.3 7.5025 47.3 1.83333333333 11.0 0.0
12 0.32 0.01 69.41084005979073 6.538743093923427 9.293115234375 0.9497133719526912
12 0.34 0.5095 68.32529629629629 5.800692431559969 8.782276302851525 0.9347390265867888
12 0.34 1.009 66.65785483870967 5.315611028313322 8.483125269048644 0.9143040773304539
12 0.36 0.01 73.08712888888888 6.5203653585931 9.262462311557789 0.9497361199071142
12 0.38 1.5085 69.98165248226951 5.087548692266637 8.471749084249083 0.8876886792452829
12 0.38 10.0 56.98 1.83333333333 11.0 0.0
12 0.4 5.5045 62.4 2.66666666667 11.0 0.0
12 0.42 7.5025 62.835438014057125 2.125125866110872 11.0 0.0
12 0.42 8.002 62.970699154334035 2.1639940098693824 11.0 0.0
12 0.44 0.01 80.45311790393013 6.530492170022981 9.256676706827308 0.9497997048281678
12 0.46 6.004 69.15947072599532 2.6047749154327486 11.0 0.0
12 0.46 8.5015 67.36245957446809 2.050141843972634 11.0 0.0
12 0.48 4.5055 73.72115012722647 3.2416466346157184 10.949074187240283 0.0
12 0.5 7.5025 73.02894944707741 2.342983149022663 11.0 0.0
12 0.5 8.002 72.90195573074591 2.3006519102466094 11.0 0.0
12 0.5 9.001 71.88135677676537 1.960452258921001 11.0 0.0
12 0.54 0.01 89.68 6.523956762192535 9.282559395248379 1.0
12 0.54 3.007 85.60682073434126 4.956608503809802 9.98927137119908 0.7155316606929509
12 0.56 0.01 91.64868965517242 6.539335118251567 9.248372329603255 0.949823885359906
12 0.58 4.5055 88.31113505747126 4.47453080375306 10.923394769499472 0.0
12 0.62 1.009 95.98589873417721 5.940947467165798 8.916886638944133 0.9224502140331285
12 0.66 5.005 96.97916441281139 4.7588631984582195 10.82585936683732 0.0
12 0.7 0.01 105.57743961352656 6.53127438231532 9.284115347018572 0.9497770144036641
12 0.7 3.007 102.58118421052632 5.443684336197537 8.923131067961165 0.7906418791609093
12 0.74 1.009 108.00719018404908 6.191387283239338 9.053354430379747 0.925957352287872
12 0.78 3.5065 110.60709792284867 5.612391618499358 9.128031953522148 0.795421627592979
12 0.78 9.5005 108.06835262449529 3.86981680071232 10.943827306123824 0.0
12 0.8 0.5095 114.44303614457831 6.453173828124063 9.327702386523162 0.9391226532252173
12 0.8 1.009 113.84719734660032 6.321790678656163 9.247728432873915 0.9277389984825493
12 0.82 3.5065 114.69439793281654 5.802216312054648 9.200932256059664 0.8314762386248735
12 0.82 9.5005 113.39526892950391 4.694777199076283 10.902004938852304 0.0
12 0.84 4.006 116.60559009628611 5.792803030301318 8.992739212007505 0.8165639445300461
12 0.86 1.5085 119.42573626373627 6.329488112563535 9.330888382687927 0.9181224209078404
12 0.86 10.0 117.76803654485049 5.036724806202285 9.896679499518768 0.1720317933432684
12 0.88 4.006 120.61280349344977 5.991343582887527 9.1089375 0.8566279569892472
12 0.9 7.003 122.24448121645796 5.725314748202426 8.990815006468305 0.7806107674081874
12 0.92 7.5025 124.23841796631316 5.8256849315038215 9.090803814713896 0.8124774977497748
12 0.92 8.002 124.23471534820824 5.820407933285441 9.047758152173913 0.8005146618791142
12 0.92 9.001 124.1798629032258 5.7043514784964495 8.987147335423197 0.7666013163422489
12 0.94 3.5065 126.52253548387097 6.4191774491665905 9.46150495049505 0.9059105792028903
12 0.94 9.5005 126.20050046511628 5.889658914726475 9.079716981132075 0.8212078953014373
12 0.98 7.5025 130.1454288888889 6.542092592593434 9.528140525195173 0.9133911868634379
12 1.0 5.5045 132.0 6.807415696804626 9.688171759747101 0.9303364681295715
12 1.02 7.5025 133.9840734126984 7.123330058941563 9.831591448931116 0.9259441926597352
12 1.02 8.002 133.98338839724678 7.127052469138343 9.848579396897334 0.9254306295020357
12 1.04 3.5065 135.98278467153284 7.074637681160913 9.827081410374745 0.9265738578792017
12 1.04 9.5005 135.87608035714285 7.613679086944201 9.99102493683401 0.9133731808731809
12 1.06 1.5085 138.912688 6.958574992203724 9.763376220053239 0.9305310103367789
12 1.06 10.0 137.67545663265304 8.130595707405153 10.641265630920802 1.0
12 1.08 5.5045 139.70433298647242 7.7114168618282415 10.137765131919297 0.9091865090175992
12 1.1 5.005 141.562128975265 7.89453188054672 10.317206063088898 0.9041079339508659
12 1.14 0.5095 148.33390291262137 6.857907075870986 9.64188700250487 0.9375604090960177
12 1.14 2.008 145.83864458598728 7.390524034670781 9.929911670235546 0.9213041220076491
12 1.14 2.5075 145.6892484848485 7.533392857143525 9.972643540669857 0.915891199031086
12 1.16 9.5005 145.254713932399 9.754004609622427 10.929353170566294 0.4952453058752269
12 1.18 3.007 149.21270468948035 7.961719013845908 10.393706802473627 0.899975994718838
12 1.2 3.5065 150.64407834101382 8.318378787876052 10.631831234813342 0.877511574924671
12 1.2 9.5005 147.73440647482016 10.193060415231546 10.945704791999217 0.0
12 1.22 1.009 154.5175631067961 7.253051371185664 9.881983870967742 0.9272342283344248
12 1.24 4.006 153.54800778210117 8.828380566798483 10.823143039049237 0.8206306500215238
12 1.26 0.5095 159.9808111111111 6.998880162885376 9.769075592994902 0.9346084431889516
12 1.26 2.008 156.94505652173913 7.905915880501262 10.351226158038147 0.9026403411414218
12 1.26 2.5075 156.66147169811322 8.213081831833309 10.54795226471386 0.8862553743260765
12 1.26 7.003 152.71133077660596 10.3030042462633 10.944292924228751 0.0037656903765686026
12 1.28 7.5025 153.422520979021 10.460280071224046 10.948664798102689 0.0
12 1.3 6.004 156.04786906290116 10.120104091043144 10.942598842815816 0.11954569466455324
12 1.3 6.5035 155.4761559139785 10.274298364090535 10.94596706217986 0.0
12 1.3 8.5015 154.16774845360823 10.66087248325365 10.949696677028944 0.0
12 1.32 0.5095 165.64689285714286 7.086481077148746 9.787890625 0.9327780914737436
12 1.32 2.008 162.15586717752237 8.22864897466913 10.571872591831493 0.8874991562605467
12 1.32 2.5075 161.4035668292683 8.530043620502237 10.723001495762007 0.8585504540439616
12 1.34 3.007 162.13457696447793 8.96850209411122 10.852804027201271 0.7973370622568092
12 1.36 0.01 178.57042857142858 6.552661596959228 9.299607265586646 0.9494786298878448
12 1.38 6.004 160.74241545281825 10.52472321581145 10.949030581039755 0.0
12 1.38 6.5035 160.27535783027122 10.487972542775152 10.949634352713646 0.0
12 1.38 8.5015 158.97157010336602 10.860829993292139 11.0 0.0
12 1.4 4.006 164.74854037267082 9.938706240485836 10.933721716308108 0.42665978672170596
12 1.42 5.5045 163.4693956133225 10.5 11.0 0.0
12 1.44 7.5025 163.0450244111349 10.829084967288628 11.0 0.0
12 1.44 8.002 162.6652231707317 10.967165090615971 11.0 0.0
12 1.46 5.5045 166.13160420650095 10.533245276983914 10.94964348298991 0.0
12 1.48 7.003 166.29925114155253 10.77305149184961 10.94999099855977 0.0
12 1.52 4.5055 171.03682863340563 10.426988984073525 10.949243231720315 0.0
12 1.52 9.001 166.6681411858021 10.990181211926448 11.0 0.0
12 1.54 1.5085 181.6533847715736 8.552482638889938 10.741436549798324 0.8589096757809193
12 1.54 10.0 168.47665423162584 10.94505867614935 11.0 0.0
12 1.56 7.003 170.90290028169014 10.850251572297095 11.0 0.0
12 1.6 4.006 176.96400793650793 10.648968897933782 10.949474035225998 0.0
12 1.62 5.5045 175.88772404494384 10.788551238632547 11.0 0.0
12 1.64 7.003 175.78171936918721 10.85892161839061 11.0 0.0
12 1.66 6.004 177.2409752421959 10.965019099182863 11.0 0.0
12 1.66 6.5035 177.5789655667145 10.816696945734249 11.0 0.0
12 1.66 8.5015 176.20303699141616 10.956295888390672 11.0 0.0
12 1.68 0.01 213.46818320610686 6.559573091851127 9.314558139534883 0.9492509591376895
12 1.7 6.004 180.24593539703903 10.932379909106892 11.0 0.0
12 1.7 6.5035 178.8254244750508 10.98830533686739 11.0 0.0
12 1.7 8.5015 178.92444122756226 10.984129387339948 11.0 0.0
12 1.72 0.5095 203.3220509090909 7.565904650255323 9.976055995130858 0.9199663865546218
12 1.72 2.008 191.95101577287065 9.684362745100664 10.92683173098029 0.5575524289885849
12 1.72 2.5075 189.91145398138573 10.021481826658537 10.941735999440677 0.19209888511875875
12 1.74 5.005 183.29701126972202 10.95864473226308 11.0 0.0
12 1.76 0.5095 206.7995 7.622982100644135 9.982880036113306 0.9169804741980474
12 1.76 1.009 202.5136798245614 8.429253567506818 10.668648111332008 0.8696566825682333
12 1.78 4.5055 186.4977745398773 10.809034581268666 11.0 0.0
12 1.78 8.002 183.48 11.0 11.0 0.0
12 1.78 9.001 183.98532727656877 10.990287635628514 11.0 0.0
12 1.8 3.5065 189.90822571262362 10.791772939330103 10.949947445869245 0.0
12 1.8 9.5005 184.8 11.0 11.0 0.0
12 1.82 1.009 207.16415450643777 8.612809789345503 10.748877504896791 0.8543094405594405
12 1.84 5.5045 188.75813856032443 10.98270448083003 11.0 0.0
12 1.86 3.007 195.33856376811593 10.69926801803831 10.949758847290047 0.0
12 1.9 5.005 191.4 10.991521172901871 11.0 0.0
12 1.92 3.007 199.15787382885696 10.702258771948921 10.949897793542958 0.0
12 1.98 1.5085 213.37877876106194 9.763342609770648 10.926479929422143 0.5266401590457255
12 1.98 3.5065 200.06068833922262 10.962547750655402 11.0 0.0
12 1.98 10.0 196.68 11.0 11.0 0.0
12 2.0 0.01 248.30315315315315 6.5625103391244926 9.319897003745318 0.9490430475724593
12 2.0 3.007 203.58280562884784 10.960525318546413 10.949983494883414 0.0
14 0.0 7.5025 13.0 1.85714285714 4.26756329113924 0.0
14 0.02 7.5025 18.470723538704583 1.9137943519171752 6.947813663520651 0.0
14 0.04 2.008 31.495379310344827 3.3840299887005667 6.863517915309446 0.5496622534450146
14 0.04 7.003 23.763473684210528 1.995220464111183 9.92586923076923 0.0
14 0.06 6.5035 26.11859053833605 1.9744107245656533 10.928049693159707 0.0
14 0.08 3.5065 36.87522857142857 2.988887467212368 8.661671641791044 0.0
14 0.08 9.5005 27.43345429553265 1.9766224840446969 12.83635738831615 0.0
14 0.1 5.5045 31.870409941897996 2.072724594994091 12.935834456207893 0.0
14 0.12 4.5055 37.101335624284076 2.2671791828480297 12.903217002496952 0.0
14 0.14 6.004 38.3725326452771 2.1416167184873993 13.0 0.0
14 0.14 6.5035 36.66 1.85714285714 13.0 0.0
14 0.14 8.5015 36.66 1.85714285714 13.0 0.0
14 0.16 4.006 44.25059940652819 2.4542930528366593 12.939113757580186 0.0
14 0.18 4.006 49.14280707964602 2.681557833745552 12.94310633213859 0.0
14 0.2 0.5095 72.77193277310924 6.410507416079397 9.786163011102085 0.9282522600086095
14 0.2 1.009 68.4373090909091 5.564414597749219 8.996841681754175 0.9002095557418273
14 0.22 4.006 54.85397691373026 2.6418622449007962 12.948661635607577 0.0
14 0.28 1.5085 79.14253333333333 5.359919186649962 9.069280575539567 0.8737444133020226
14 0.28 10.0 61.0035461587533 1.9927670949905902 13.0 0.0
14 0.3 0.01 91.68328378378378 7.535021910605433 10.753170338527672 0.9496784517375683
14 0.32 0.5095 90.18318421052632 6.606053946056067 9.932292304551948 0.9331823284156511
14 0.32 1.009 87.42764532019704 5.952702136572158 9.568024691358024 0.9115855922762718
14 0.32 2.5075 83.2753081081081 4.939543114541905 9.915007215007215 0.7654187192118226
14 0.34 6.004 73.20387158746207 2.4510544561596452 13.0 0.0
14 0.34 6.5035 72.45746378504673 2.28949432576348 13.0 0.0
14 0.34 8.5015 70.46 1.85714285714 13.0 0.0
14 0.36 0.5095 96.00419512195121 6.6886237684766785 9.969126141233463 0.9340808416389812
14 0.36 1.009 93.5915 6.087123572172043 9.66354849844667 0.9131881868847336
14 0.38 4.5055 81.91971613832854 2.935703993411641 12.94993692178301 0.0
14 0.38 9.001 77.78783411580595 1.9879802110149547 13.0 0.0
14 0.4 4.006 87.47274647887325 3.438070436506698 12.948916541514697 0.0
14 0.42 0.01 107.17619089574156 7.525566893424547 10.750528486723383 0.9497649044547591
14 0.44 0.5095 107.26327710843373 6.8026837806299705 10.107219759341355 0.9362541115275759
14 0.44 1.009 105.54942857142856 6.304743303567523 9.867170840565336 0.9169183988834055
14 0.46 5.5045 93.91105357142857 2.6960459183712677 13.0 0.0
14 0.48 3.007 107.61524014336918 5.337735129635798 12.339397542608006 0.6778078484438429
14 0.5 0.01 117.48302997858673 7.540092741217139 10.75652288269332 0.949773987463838
14 0.5 3.007 110.62082984073764 5.414931254190116 11.10306965761511 0.7072369576673107
14 0.54 1.009 119.95092720306513 6.550959706960726 9.968256738413807 0.920595521676989
14 0.56 0.5095 123.91406617647058 6.997046919502265 10.388484848484849 0.9381168083763413
14 0.56 1.009 122.92806060606061 6.616373760225052 9.985732187611887 0.9214783755771223
14 0.56 2.5075 120.50170350404312 5.810243233983729 9.8994373241638 0.8058590564938846
14 0.62 9.5005 118.90866681318681 2.2814536891639023 13.0 0.0
14 0.66 1.5085 136.39988976377953 6.570957473900069 10.022792607802874 0.9025264635358793
14 0.66 3.5065 134.37868095238096 5.798472869056721 10.036528497409325 0.6626796195102205
14 0.66 10.0 125.89842186108638 2.427908344992834 13.0 0.0
14 0.68 4.006 136.91713769751692 5.729174015288668 9.941289104638619 0.5693281653746768
14 0.7 1.009 142.47975862068967 6.948453781511574 10.43308584686775 0.9264539758185508
14 0.74 9.5005 140.44076956055736 3.165258000307969 13.0 0.0
14 0.78 7.5025 150.30115055884286 5.387622789781642 12.802687344619391 0.0
14 0.8 6.004 153.845329218107 5.851288515403598 9.993308865047995 0.48447262604392183
14 0.8 6.5035 153.69928895612708 5.7574076302825485 12.216408086506817 0.33171611868484335
14 0.82 7.5025 156.43555083056478 5.687817067424784 11.028996692392502 0.20595521676989006
14 0.84 10.0 158.93979445202365 5.408850649348826 12.792905069582504 0.0
14 0.86 8.002 162.33784533333335 5.910593757927671 10.327849002849002 0.5009880239520956
14 0.86 9.001 162.19273449131512 5.772102091458325 10.703883071553228 0.3290257648953298
14 0.88 10.0 165.07909231685528 5.853424657531575 10.644086727989487 0.44719734660033145
14 0.9 4.5055 168.6485152284264 6.831438766405973 10.521606529209622 0.8670150801883029
14 0.92 0.01 175.54664150943395 7.546398915438989 10.774936257011728 0.9498193532847594
14 0.94 7.5025 173.9471995987964 6.82097051245243 10.490530649588289 0.8615467685662069
14 1.0 4.006 182.0 7.7902035844793485 10.944268167860798 0.936244357738505
14 1.02 0.01 189.99464583333332 7.542164179105321 10.755153565851119 0.949780040978667
14 1.04 7.5025 187.40410624169988 8.545020230315249 11.66988118264714 0.9237870958891581
14 1.06 8.002 189.90954663991974 9.084770889489565 11.902277212691665 0.9090179594956056
14 1.06 9.001 189.84015384615387 9.245704353581559 11.945115987460815 0.9032507110930516
14 1.08 4.006 192.7655811764706 8.626489686786334 11.70531536113937 0.9226373932417378
14 1.1 1.5085 196.24885135135136 8.144473975639542 11.257989049278248 0.9327563947389655
14 1.1 3.5065 195.41987854251013 8.70662307176805 11.726958362738179 0.9199586995149593
14 1.1 9.5005 194.27914102564102 10.325510204079285 12.728018929503916 0.8206113443116995
14 1.12 4.006 197.83614049586777 9.064208725407614 11.89103654694392 0.9091419537723506
14 1.14 6.004 199.49977246653918 10.032325487022685 12.602314483416846 0.8502919249079313
14 1.14 6.5035 199.32175741935484 10.20318982389348 12.68529078549849 0.8336958690880063
14 1.14 8.5015 198.58892707045734 10.836238150639044 12.8540670694335 0.7273069371727747
14 1.18 5.005 204.29577516059956 10.19381267741131 12.671391955835961 0.8397557927122391
14 1.2 7.5025 204.73086801426874 11.426239669449359 12.916539809714571 0.5095055915244259
14 1.22 3.5065 209.83478147268409 9.885167173249982 12.48045511221945 0.8659562489946919
14 1.22 9.5005 205.11452783964364 12.19290212308869 12.947364598136744 0.0
14 1.26 6.004 211.23742238267147 11.47170569489839 12.925276843757006 0.4284293552812069
14 1.26 8.5015 209.09795833333334 12.228331168839835 12.94868692466365 0.0
14 1.28 0.01 228.98545 7.551226012794202 10.788768205381388 0.9496236965392172
14 1.3 5.5045 215.32419708029198 11.546608368729313 12.930853800199136 0.34200552704303167
14 1.32 6.004 216.31929740518962 12.045188595202152 12.944655487298688 0.0
14 1.32 6.5035 215.82893602103417 12.100057208268003 12.947110716212357 0.0
14 1.32 8.5015 213.92560522875817 12.55979534881329 12.949939929116358 0.0
14 1.34 5.005 219.65022968580715 11.789028464503966 12.936569493073527 0.23825411334552068
14 1.36 0.5095 232.6744338028169 8.201943005181251 11.330701754385965 0.9350417023930158
14 1.36 1.009 230.5865421686747 8.713538021003316 11.731783860311467 0.9211962174940898
14 1.38 5.5045 222.16806114398423 12.110599869271493 12.94685437326616 0.0
14 1.4 7.003 221.95573799126637 12.552754419062476 12.94995496036512 0.0
14 1.42 4.006 228.45802851711025 11.800249245683691 12.93489198796828 0.2592444444444441
14 1.44 0.01 252.11336752136754 7.584020618558381 10.793867578793062 0.9495489768737135
14 1.48 4.5055 232.27073932253313 12.15824411138574 12.948210179603505 0.0
14 1.5 5.005 232.75723684210527 12.548519512497641 12.949429577037442 0.0
14 1.52 3.007 240.13219277108433 11.545928941506425 12.92729453847496 0.4034717251252682
14 1.54 4.5055 237.2379175257732 12.555477289266125 12.94936351207656 0.0
14 1.54 8.002 233.1427675103002 12.832601525425627 13.0 0.0
14 1.54 9.001 231.86897893915756 12.98912239023841 13.0 0.0
14 1.56 4.5055 238.622200913242 12.622352802207223 12.94976944636991 0.0
14 1.6 10.0 236.6 13.0 13.0 0.0
14 1.64 4.5055 245.42898701298702 12.963335386499626 12.949911344853493 0.0
14 1.66 5.5045 245.35305519960573 12.693013490582372 13.0 0.0
14 1.68 0.5095 274.4594734607219 8.668006318009677 11.735629683345419 0.9240787136154511
14 1.68 1.009 269.5494661354582 9.603648732222233 12.302051926298157 0.8828659779323915
14 1.7 5.5045 248.00278311965812 12.82253026807474 13.0 0.0
14 1.72 6.004 249.69617360703813 12.943241954690958 13.0 0.0
14 1.72 6.5035 247.9075833795014 12.991989638000558 13.0 0.0
14 1.72 8.5015 247.52 13.0 13.0 0.0
14 1.74 1.5085 270.96219017432645 10.65023263828561 12.817647702407003 0.7714971209213051
14 1.74 3.5065 256.54985464709995 12.496628163751986 12.949888755261576 0.0
14 1.74 10.0 249.34 13.0 13.0 0.0
14 1.76 6.5035 253.02900324464633 12.983783967849115 13.0 0.0
14 1.78 3.007 262.64046051167963 12.37952820128119 12.949312693875068 0.0
14 1.8 7.5025 255.3082363238512 12.991722291751097 13.0 0.0
14 1.82 9.5005 256.62 13.0 13.0 0.0
14 1.84 4.006 264.07196168017686 12.774708065034316 13.0 0.0
14 1.86 5.005 262.21706996957846 12.983930620228694 13.0 0.0
14 1.9 1.5085 286.1513842975206 11.1428571429 13.0 1.0
14 1.9 3.5065 270.61073626373627 12.745933142058076 12.94999399939994 0.0
14 1.9 10.0 263.9 13.0 13.0 0.0
14 1.92 5.005 267.2887794326241 12.977379821387856 13.0 0.0
14 1.96 4.006 273.1835977653631 12.916456140325813 13.0 0.0
14 1.96 5.005 269.36 13.0 13.0 0.0
14 1.98 7.5025 271.18 13.0 13.0 0.0
14 1.98 8.002 271.18 13.0 13.0 0.0
14 1.98 9.001 271.18 13.0 13.0 0.0
14 2.0 1.009 304.0738532110092 10.340098171972238 12.74507494646681 0.8106453078845716
16 0.02 0.01 71.7946925795053 8.536849593495935 12.125658720200752 0.9495428675224025
16 0.08 7.5025 33.0 1.875 15.0 0.0
16 0.1 4.006 43.13696707105719 2.40950641025641 14.869155283403988 0.0
16 0.12 3.007 59.5655 3.8566706322229773 12.557992895204261 0.33887346291154274
16 0.14 5.5045 46.5 1.875 15.0 0.0
16 0.16 1.5085 75.88477777777777 5.3297961956521736 9.431820580474934 0.8443063988790285
16 0.16 10.0 51.0 1.875 15.0 0.0
16 0.18 1.5085 80.35663565891473 5.425344311377246 9.513660933660933 0.8490718101965045
16 0.18 10.0 55.5 1.875 15.0 0.0
16 0.2 6.004 62.08552830188679 2.2008637971698115 15.0 0.0
16 0.2 6.5035 60.729287229529056 1.988951129613916 15.0 0.0
16 0.2 8.5015 60.24 1.9124999999999999 15.0 0.0
16 0.22 10.0 64.5 1.875 15.0 0.0
16 0.26 0.5095 106.29937339055793 7.342918797953964 11.087215528781794 0.9297195867594349
16 0.26 1.009 101.2224 6.40383174386921 10.389678423236514 0.9036645280619617
16 0.26 2.5075 95.03714583333334 5.166538652130822 11.458725341426403 0.7334559411482487
16 0.28 4.5055 81.37248101265823 2.46050017580872 15.0 0.0
16 0.28 8.002 78.0 1.875 15.0 0.0
16 0.28 9.001 78.5188561850486 1.9650791987931613 15.0 0.0
16 0.3 0.5095 113.94274238227148 7.396766493055555 11.151176470588235 0.9313125901504223
16 0.3 1.009 109.75421621621622 6.597366071428572 10.582839506172839 0.906914269757051
16 0.3 2.5075 103.9068918918919 5.3676621442753145 10.703955223880596 0.7443319527534897
16 0.32 6.004 90.21534874165383 2.4660567539804825 15.0 0.0
16 0.32 6.5035 88.32090369642982 2.1178131794907764 15.0 0.0
16 0.32 8.5015 87.0 1.875 15.0 0.0
16 0.36 6.004 99.69096965784377 2.5958925112976114 15.0 0.0
16 0.36 6.5035 98.38385393258427 2.3405964712078653 15.0 0.0
16 0.36 8.5015 96.0 1.875 15.0 0.0
16 0.38 3.007 119.94635454545454 5.480406465787822 11.323968042609852 0.6289626001780942
16 0.4 1.5085 127.70702857142857 6.410108125819135 10.461344537815126 0.8822951977401129
16 0.4 10.0 105.0 1.875 15.0 0.0
16 0.42 0.5095 136.72289252336446 7.633679328621908 11.472044943820224 0.9349199531433033
16 0.42 1.009 133.84906049822064 6.961479591836735 10.88873424369748 0.9147729597054612
16 0.44 6.5035 116.63933836858006 2.4641380287009063 15.0 0.0
16 0.46 4.006 126.85578191489361 3.8081006205673757 14.949984995798824 0.0
16 0.48 5.005 129.4528410041841 3.42616370292887 15.0 0.0
16 0.5 1.009 149.1959638554217 7.19908064516129 10.994815412547911 0.9195763366145532
16 0.52 4.006 140.57093142272262 4.093978194726167 14.949696677028944 0.0
16 0.52 5.005 138.12299751861042 3.469530603804797 15.0 0.0
16 0.54 9.5005 138.15710470701248 2.325300192122959 15.0 0.0
16 0.56 6.004 146.19660542168674 3.3513083584337346 15.0 0.0
16 0.56 6.5035 145.45377077363898 3.140275787965616 15.0 0.0
16 0.56 8.5015 143.10544287856072 2.4731371814092955 15.0 0.0
16 0.58 5.005 157.0278095238095 5.138855698529412 14.942854693821573 0.0
16 0.6 4.006 163.67982817869415 5.988676568758344 12.66898245614035 0.43539972899728974
16 0.64 4.006 171.76851162790697 6.140631496881497 13.792137931034482 0.48968156766687054
16 0.66 7.5025 167.8320576923077 3.467668269230769 15.0 0.0
16 0.66 8.002 166.57760390763767 3.006472024866785 15.0 0.0
16 0.66 9.001 165.09068947134605 2.459812305641937 15.0 0.0
16 0.68 1.5085 182.69628877005348 7.402445226917058 11.373104508196722 0.906669279874566
16 0.68 10.0 170.51303842869342 2.856655636208369 15.0 0.0
16 0.7 9.5005 175.05038011695905 2.9376583820662767 15.0 0.0
16 0.72 4.006 187.61546285714286 6.485546875 10.967481969269363 0.6546415250725237
16 0.76 2.008 197.09760714285716 7.479822404371585 11.541420624732563 0.896484690391901
16 0.76 2.5075 196.76595145631066 7.280690661478599 11.394590336134453 0.8728583415973757
16 0.76 7.003 193.56733696837514 5.763148648648649 14.92687667266266 0.0
16 0.84 4.5055 210.73743396226413 7.065927205100956 11.257252358490566 0.7961721902898372
16 0.86 0.01 217.71844444444443 8.583003875968991 12.17598820058997 0.9498495516639586
16 0.86 3.007 215.14309210526315 7.639372246696035 11.649522760646109 0.8894174628450106
16 0.88 4.5055 218.3995852205006 7.429713356973995 11.463255592574964 0.8531800563777308
16 0.92 1.009 226.86894285714286 8.438543165467626 12.023964697895451 0.9381673158968651
16 0.96 0.5095 234.65478709677419 8.595815058479532 12.270286016949152 0.9443319973279893
16 0.96 2.008 233.61582113821137 8.501330236486487 12.157437765634487 0.9348104979074588
16 0.96 2.5075 233.4416074766355 8.446311748998665 12.117539432176656 0.9320130532327147
16 0.96 7.003 232.95905136612024 7.992399017467249 11.837172503242542 0.9055801042374801
16 0.98 0.5095 238.3177978723404 8.627262741652022 12.288044048243314 0.9447838330296504
16 0.98 1.009 237.44531606217618 8.638951077943615 12.350878048780487 0.941776706490603
16 0.98 2.5075 236.67936470588236 8.60486204576043 12.383554502369668 0.9360019966977691
16 1.0 10.0 240.0 8.755351099830795 12.458573928258968 0.939849868273846
16 1.02 0.5095 245.68508988764046 8.696273861967695 12.391705282669138 0.9446481352329713
16 1.02 1.009 244.68847651006712 8.762979166666666 12.455768429820907 0.9422327741577706
16 1.06 0.01 255.68769014084506 8.57124244712991 12.146493349455865 0.9498284166164961
16 1.06 3.007 250.8514540311174 9.323653262518969 12.868485763589302 0.9337875417130145
16 1.1 7.5025 256.64313813813817 11.188238724727839 13.978463420057816 0.8697381789761625
16 1.1 8.002 256.5011496350365 11.240641783029002 14.096639566395664 0.8615122559202326
16 1.12 1.5085 261.9069261744966 9.304578267477204 12.832141270546424 0.9347926447574335
16 1.12 10.0 258.64369090909094 12.377392086330936 14.802780736007573 0.7198823529411763
16 1.14 5.5045 263.1925890804598 11.215087412587412 14.054622802041974 0.8657186593619077
16 1.18 1.5085 272.36156653992396 9.599612533692722 12.964755592377797 0.9297344013490725
16 1.18 3.5065 270.5257567567568 10.798311732605729 13.882533150434385 0.8917235106866758
16 1.18 9.5005 265.96454733727813 13.459818973418882 14.931687023526518 0.1653980971457182
16 1.2 0.01 282.6753043478261 8.60113811728395 12.202232398397252 0.9497543034578396
16 1.22 7.5025 272.0900870561283 13.233915289256199 14.92175117370892 0.3375596184419711
16 1.24 4.5055 277.9296086175943 12.106531084656085 14.713871244635193 0.7781283280085196
16 1.26 5.5045 278.99713734392736 12.977401207464325 14.891342330008476 0.5550720768820073
16 1.28 0.5095 291.98711111111106 9.164898373983739 12.742814854682454 0.9389173935351462
16 1.28 1.009 290.3118068965517 9.62407945736434 12.985340557275542 0.9298231578947368
16 1.28 2.5075 286.9929042145594 10.997129953379954 13.947685612554398 0.8804118533400301
16 1.32 5.5045 285.9609716231555 13.45474023090586 14.934965662556579 0.06731952993844391
16 1.34 1.5085 298.81728987517334 10.406738945578232 13.678034385424686 0.9086589576368718
16 1.34 3.5065 292.80217586206896 12.366273125608569 14.81526269119929 0.7164994046606564
16 1.34 9.5005 283.7930657894737 14.467564338235293 15.0 0.0
16 1.36 6.004 289.6755460992908 13.958967391304348 14.946998028366087 0.0
16 1.36 6.5035 289.0205754583921 14.176588729016787 14.948765792628569 0.0
16 1.36 8.5015 286.36160294117644 14.951560683561961 14.949987997359418 0.0
16 1.4 4.5055 297.34393220338984 13.53482968881413 14.935471756552712 0.030988372093022833
16 1.42 10.0 291.60223686843426 14.933713808463251 15.0 0.0
16 1.44 0.5095 320.04847262247836 9.419686081694403 12.90210731707317 0.9345468111844172
16 1.44 1.009 316.93741917024323 10.16807350565428 13.541977800201817 0.9157721851627248
16 1.46 2.008 314.49646947082766 11.666344696969697 14.473895202020202 0.8308777270421105
16 1.46 7.003 298.3458386904762 14.670023992322458 15.0 0.0
16 1.5 1.5085 323.2206161137441 11.194071994715983 13.98240576496674 0.871644204851752
16 1.5 3.5065 311.98367826904985 13.497843844984802 14.930931167378061 0.14087628865979343
16 1.52 5.005 309.0330119250426 14.315364910079465 14.949773987463837 0.0
16 1.54 0.01 347.66025 8.609624824684431 12.18424778761062 0.9495413399533771
16 1.54 3.007 318.9362883116883 13.297533924843425 14.921211118464592 0.3335865653738502
16 1.58 0.5095 344.2690602409639 9.647575 13.0 1.0
16 1.58 2.008 330.15916886930984 12.341205257270694 14.79308504034761 0.733242637644046
16 1.58 2.5075 326.85107250341997 12.98077761627907 14.897047377849157 0.533659764969222
16 1.58 7.003 313.1646620926243 14.725498353522287 15.0 0.0
16 1.6 4.5055 318.7215606936416 14.585343137254903 14.949845024224368 0.0
16 1.6 9.001 312.1421153846154 14.99331179775281 15.0 0.0
16 1.62 2.008 335.57300000000004 12.529178726483357 14.825531246728776 0.7019492131616594
16 1.62 7.003 314.80479603174604 14.993060505629206 15.0 0.0
16 1.66 4.006 327.44724444444444 14.372142401021712 14.94972095689161 0.0
16 1.68 6.004 322.25557316240213 14.984356697702358 15.0 0.0
16 1.68 6.5035 323.9445922490891 14.741453521762317 15.0 0.0
16 1.72 5.5045 331.4134377959535 14.70519623655914 15.0 0.0
16 1.74 7.5025 330.37762604166664 14.863886295743091 15.0 0.0
16 1.74 8.002 328.8 15.0 15.0 0.0
16 1.74 9.001 328.8 15.0 15.0 0.0
16 1.78 5.005 337.72524844167407 14.858049589130259 15.0 0.0
16 1.84 10.0 341.21817776438684 14.993058887223055 15.0 0.0
16 1.86 3.5065 350.89488771929825 14.554405005107252 15.0 0.0
16 1.86 9.5005 343.2 15.0 15.0 0.0
16 1.88 4.006 349.5530712643678 14.853612308797866 15.0 0.0
16 1.88 5.005 345.6 15.0 15.0 0.0
16 1.9 7.5025 349.305593276203 14.987735474186142 15.0 0.0
16 1.9 8.002 348.0 15.0 15.0 0.0
16 1.9 9.001 348.0 15.0 15.0 0.0
16 1.92 1.5085 378.58177222222224 12.829341397849463 14.87976482470062 0.5846748068776475
16 1.92 3.5065 356.71373918785076 14.624548741296197 15.0 0.0
16 1.94 2.008 373.1752014925373 13.671372126436781 14.939375090935545 0.0
16 1.94 2.5075 366.9154779116466 14.402135732870772 14.949077299113963 0.0
16 1.94 7.003 352.8 15.0 15.0 0.0
16 1.96 1.5085 384.06562962962965 12.940008700696055 14.891136512083605 0.5626607189713984
16 1.96 10.0 355.2 15.0 15.0 0.0
16 1.98 0.01 431.172306122449 8.581729452054795 12.18734835355286 0.9493034432412703
16 1.98 3.007 367.0303073929961 14.565866399324609 14.949963974782348 0.0
16 2.0 9.5005 360.0 15.0 15.0 0.0
18 0.0 0.5095 66.58356890459363 7.398174322728645 11.62532310177706 0.909737340915245
18 0.0 1.009 49.62766323024055 5.5141848033611955 9.556434316353887 0.8016777724892907
18 0.0 2.5075 23.66757894736842 2.629730994155749 5.796398759837825 0.0
18 0.02 0.5095 72.7654251497006 7.478084820570114 11.660559701492538 0.9126833612740989
18 0.02 1.009 57.32768888888889 5.741545138891474 9.8194980104071 0.826149994784604
18 0.02 2.5075 36.17169696969697 3.1571356682754015 6.9695232466509065 0.0
18 0.08 0.01 103.47338311688311 9.530268789593245 13.650018484288355 0.9495382845378304
18 0.1 1.5085 76.06696078431372 5.38907894736453 9.670114942528736 0.8022425249169435
18 0.1 10.0 45.9 1.88888888889 17.0 0.0
18 0.12 5.005 54.07636279069767 2.191459948318499 17.0 0.0
18 0.16 4.5055 67.79992344497607 2.442381064991044 16.948381801852022 0.0
18 0.16 8.002 63.99570158959538 1.9888494166132564 17.0 0.0
18 0.16 9.001 63.24 1.88888888889 17.0 0.0
18 0.18 4.5055 73.58527606557377 2.507489981785663 17.0 0.0
18 0.18 9.001 69.02 1.88888888889 17.0 0.0
18 0.22 4.5055 82.04151318181819 2.0970816498306792 17.0 0.0
18 0.22 9.001 80.58 1.88888888889 17.0 0.0
18 0.24 0.5095 128.91368888888888 8.043101545253432 12.267953431372549 0.9279887664722402
18 0.24 2.008 115.63615841584158 5.864326912614263 10.785427135678392 0.8065126538193638
18 0.24 2.5075 113.78807766990292 5.534881457893802 11.45119161105815 0.7289037085230968
18 0.26 6.004 92.88 2.0 17.0 0.0
18 0.26 6.5035 94.29945223367697 2.2131309660154326 17.0 0.0
18 0.26 8.5015 92.14 1.88888888889 17.0 0.0
18 0.28 3.007 112.71441666666666 4.035917849313129 16.94464813523297 0.0
18 0.3 6.004 106.46146764252697 2.3272170861121193 17.0 0.0
18 0.3 6.5035 103.7 1.88888888889 17.0 0.0
18 0.3 8.5015 105.57519377037305 2.186538693708143 17.0 0.0
18 0.32 5.5045 113.54896262160779 2.553752062358513 17.0 0.0
18 0.38 5.005 131.86780599647267 2.79351361944161 17.0 0.0
18 0.4 4.5055 141.00936464088397 3.446178637196431 17.0 0.0
18 0.4 9.001 132.6 1.88888888889 17.0 0.0
18 0.42 6.004 142.41564088820826 2.6620001701582208 17.0 0.0
18 0.42 6.5035 142.29752075176194 2.639371791528882 17.0 0.0
18 0.48 1.5085 182.18213913043476 7.366384742948243 11.78688695652174 0.8902692738165777
18 0.48 3.5065 176.92441706161136 6.160451388887284 16.778039685710482 0.40581105169340437
18 0.5 6.5035 165.14385647909137 2.698634773134431 17.0 0.0
18 0.5 9.5005 162.93060043304465 2.2068000962300736 17.0 0.0
18 0.52 1.5085 192.24839810426542 7.488120915031729 11.913448844884488 0.8927891419014538
18 0.56 5.5045 185.99104115226336 3.694707361685723 17.0 0.0
18 0.58 1.5085 207.2952878338279 7.730821390047383 12.016229985443958 0.8966836102157203
18 0.58 3.5065 203.24071391076114 6.633981951498302 11.56917808219178 0.5971235194585447
18 0.6 1.5085 212.22196506550216 7.802428043095721 12.254738760631835 0.900418235048097
18 0.64 1.5085 222.20373913043477 7.985642488454368 12.336443953616786 0.9036979256948056
18 0.66 0.01 231.52942352941176 9.579117707693344 13.675042502550152 0.9498193532847594
18 0.66 3.007 224.38620179372197 7.173823361821624 11.868578296703296 0.7672206703910613
18 0.68 4.5055 227.6599316239316 6.691446585775153 12.300265486725664 0.3481814626515445
18 0.68 8.002 218.33358415841585 3.56027227723212 17.0 0.0
18 0.68 9.001 216.50445575757576 2.9251582491589976 17.0 0.0
18 0.72 1.5085 241.58472448979592 8.272485254261582 12.576039016115352 0.9130523240648964
18 0.78 0.5095 257.34445325779035 9.226978033693614 13.30434552199258 0.9422747895958161
18 0.78 2.008 255.38624050632913 8.289552899510163 12.67610909090909 0.9026232764664641
18 0.78 2.5075 254.95215473887814 8.08536868028308 12.438919186911255 0.882964679446668
18 0.82 0.5095 266.39007407407405 9.292476245876461 13.429529243937232 0.943269001667858
18 0.82 2.008 265.05304705882355 8.552760039737441 12.882853107344632 0.9118054820615937
18 0.82 2.5075 264.58995196506555 8.296291560099338 12.673489932885905 0.8938542860782066
18 0.84 3.007 269.17101414141416 8.276285010769781 12.737197544239798 0.8857250599931435
18 0.88 3.007 278.72386240786244 8.579864455149556 12.90796717840127 0.9024922482887732
18 0.9 4.006 283.11114545454546 8.49076367388987 12.82687573270809 0.8935220085606592
18 0.9 5.005 282.8574826147427 8.246034136543724 12.585463756819953 0.8703159041394335
18 0.92 6.5035 287.42555836849505 8.162895434001799 12.718013595166163 0.8621194573130376
18 0.94 0.5095 293.76323684210524 9.51567757441427 13.654339491111886 0.9452229927367141
18 0.94 1.009 293.30141379310345 9.45481902356541 13.653132922854038 0.9416114906288316
18 0.94 2.5075 292.806987654321 9.215314479985484 13.427254997562164 0.9309683565275017
18 0.96 6.004 296.9831073825503 8.934280936455506 13.08886524822695 0.9177953144266338
18 0.96 8.5015 296.8801719626168 8.66403579060165 12.930112306972392 0.9017217996344123
18 0.98 6.004 301.5555075528701 9.299815374283675 13.566184971098266 0.9317541560887724
18 0.98 6.5035 301.5480659722222 9.261246141972695 13.484155251141551 0.9309597779710865
18 0.98 8.5015 301.532127090301 9.175882571532986 13.770683111954458 1.0
18 1.0 4.5055 306.0 9.723650009155245 13.809032773780975 0.942717211987902
18 1.02 6.004 310.63227595628416 10.155536755013587 14.082341526520052 0.9390759220674781
18 1.02 6.5035 310.6305226586103 10.21233647952836 14.145039561777237 0.9382932247315808
18 1.02 8.5015 310.61013190184053 10.371185048227412 14.303578838174273 0.9364218958611482
18 1.04 0.5095 317.02733333333333 9.741584699456137 13.78768472906404 0.9458758199649282
18 1.04 1.009 316.27800784313723 9.858189158017565 13.860771144278607 0.9434038507249821
18 1.04 2.5075 315.341670781893 10.071724272595834 13.991529366156232 0.939992799279928
18 1.06 1.009 320.88143220338986 9.909928603302998 13.90915824915825 0.9426758383490972
18 1.08 4.5055 323.96727607361964 11.092032601454536 14.833700044903457 0.9243989839426653
18 1.1 0.01 333.2344705882353 9.571957671961952 13.652126537785588 0.9498631290798063
18 1.12 4.5055 332.2021688555347 11.83086635588327 15.393403361344538 0.9058786988931556
18 1.12 8.002 330.5042233502538 13.234949494926 16.291067630795407 0.819464904679376
18 1.12 9.001 330.05016842105266 13.610115304022216 16.54261800219539 0.7747398297067171
18 1.16 0.5095 344.4341135371179 9.96353948287947 13.914151766245094 0.9432090772795421
18 1.16 2.008 342.21354285714284 10.897657545615541 14.776706308169597 0.9278859466943579
18 1.16 2.5075 341.7069910554562 11.262289562263334 14.942155397833396 0.9204628966833691
18 1.18 7.5025 340.6243797468355 14.34243044884782 16.812582930394694 0.6214626391096978
18 1.18 8.002 340.24335789473685 14.486037591089712 16.862540206185567 0.5411068281938324
18 1.2 0.5095 353.57745152354573 10.038430698736134 13.962695861791884 0.9420600709170548
18 1.2 1.009 352.1512222222222 10.458671023932078 14.440395220588234 0.9363368983957219
18 1.2 2.5075 349.9477250409165 11.638066186022511 15.218908898305084 0.9094283230083686
18 1.26 4.006 358.3809697986577 13.4822916666525 16.46563000961847 0.7888382110731027
18 1.28 6.004 357.6330884718499 14.946379360896596 16.91324241320077 0.2441269841269838
18 1.28 6.5035 356.8344189526184 15.171924957044506 16.926593261396167 0.057296380090497326
18 1.28 8.5015 354.23137414965987 16.21648491455487 16.94881456912966 0.0
18 1.3 2.008 370.99203846153847 11.995138888889375 15.57185747278126 0.8976919771653059
18 1.32 4.006 368.32960824742264 14.120520673801117 16.78357356187508 0.6732601450695941
18 1.34 7.5025 363.1904135802469 16.358081883764925 16.949622173860476 0.0
18 1.34 8.002 363.0544964471814 16.331305485435518 16.949786093034465 0.0
18 1.34 9.001 361.18554222573005 16.715403615162625 17.0 0.0
18 1.36 5.5045 370.17373499999997 15.536980090705713 16.941226461668666 0.0
18 1.38 2.008 386.15299523052465 12.615095398467222 15.874022346368715 0.8691244601491951
18 1.42 4.5055 381.4452870370371 15.406166097797836 16.935241092590434 0.0
18 1.44 6.004 378.9073404122424 16.33311679177748 16.949802728669095 0.0
18 1.44 6.5035 377.97604536357574 16.537994350312882 17.0 0.0
18 1.44 8.5015 375.5288724279835 16.65768500512824 17.0 0.0
18 1.48 5.005 387.84655714285714 15.924641941813658 16.949411157651916 0.0
18 1.5 7.5025 385.93193972835314 16.700999631502167 17.0 0.0
18 1.5 8.002 382.5 17.0 17.0 0.0
18 1.5 9.001 384.4297539370079 16.87104107771357 17.0 0.0
18 1.52 3.5065 400.5935112219451 15.329374584132067 16.931199174406604 0.0
18 1.52 9.5005 387.52316473442977 16.8318726053808 17.0 0.0
18 1.56 4.006 402.67550696677387 15.968272353989812 16.948239130434782 0.0
18 1.56 5.005 398.8819291917167 16.437415946161828 16.949971484316375 0.0
18 1.58 6.004 399.3646432791728 16.527518647701953 17.0 0.0
18 1.58 6.5035 398.50241455891427 16.872612839605715 17.0 0.0
18 1.58 8.5015 395.32 16.8888888889 17.0 0.0
18 1.6 3.007 414.1300756429652 15.321899354231894 16.931479197500412 0.0
18 1.64 4.006 413.86526156751654 16.260852144994924 16.94978155412938 0.0
18 1.64 5.005 410.122153633218 16.539218991462757 17.0 0.0
18 1.7 2.008 439.2487212643678 14.580607638930827 16.852177383592018 0.5741696474195195
18 1.74 0.01 487.3148828828829 9.619984155282072 13.683322147651007 0.9495550847457627
18 1.74 3.007 434.44429222797925 16.051083815023794 16.947374569795713 0.0
18 1.78 3.5065 435.7019947826087 16.351629001848078 16.949908334084693 0.0
18 1.78 9.5005 425.34 17.0 17.0 0.0
18 1.8 0.5095 484.64064935064937 11.27576475229135 14.94386896046852 0.9204780762440956
18 1.8 1.009 473.48179310344824 12.688831218793132 15.903149842507874 0.8587422662937536
18 1.8 2.5075 449.01326805385554 15.60727153192619 16.938997877168582 0.0
18 1.84 4.5055 438.36970996015935 16.944337574730877 17.0 0.0
18 1.86 7.5025 437.58 17.0 17.0 0.0
18 1.88 1.5085 476.0503660130719 14.29078043993169 16.814749360898077 0.6381458966565348
18 1.9 0.01 525.8285833333333 9.615032679742411 13.702412781219433 0.9494157637561079
18 1.9 3.007 455.37408482142854 16.41254208750083 17.0 0.0
18 1.92 7.5025 446.76 17.0 17.0 0.0
18 1.92 8.002 446.76 17.0 17.0 0.0
18 1.92 9.001 446.76 17.0 17.0 0.0
18 1.96 4.5055 456.91771700809915 16.881562799459758 17.0 0.0
18 1.96 8.002 452.88 17.0 17.0 0.0
18 1.96 9.001 452.88 17.0 17.0 0.0
18 1.98 1.009 504.72671388888887 13.237042897304002 16.29911690496215 0.8072733580018501
20 0.0 6.004 19.0 1.9 5.749556724267468 0.0
20 0.0 6.5035 19.0 1.9 4.492941892303012 0.0
20 0.0 8.5015 19.552803863697342 1.9552803863697343 5.304962468723936 0.0
20 0.02 6.004 26.22 1.9 19.0 0.0
20 0.02 6.5035 27.24 1.9 16.0 0.0
20 0.02 8.5015 26.56 1.9 18.0 0.0
20 0.04 4.006 48.15336645962733 2.887455808080808 10.671680302076778 0.0
20 0.06 2.008 69.13726530612244 4.600657492354739 9.1327868852459 0.586836886465047
20 0.06 2.5075 65.53715789473685 4.131980830670926 8.957210927573062 0.3876928728875824
20 0.08 0.5095 108.55047272727272 8.429461697722568 12.931668965517241 0.9169391009668095
20 0.08 1.009 93.93299999999999 6.791686217008797 11.35852144469526 0.8594451003541912
20 0.08 2.5075 74.90429999999999 4.378162111215834 9.64625887493173 0.49600846688841826
20 0.1 4.5055 59.8369717037929 2.3712382198952877 18.928261524555587 0.0
20 0.1 9.001 55.1 1.9 19.0 0.0
20 0.12 1.5085 100.57513725490196 5.995602272727273 10.71643571978445 0.8103868031854379
20 0.12 3.5065 87.40130693069307 4.015248990578734 18.903697925694807 0.0
20 0.12 9.5005 62.32 1.9 19.0 0.0
20 0.14 2.008 104.41533333333334 5.5992742695570215 10.345232690124858 0.7554724178403754
20 0.16 3.007 106.02890566037736 4.773742098609355 18.89137773722628 0.0
20 0.18 3.007 115.43061016949153 5.243698074974671 12.016647264260767 0.567427978198806
20 0.22 3.007 116.34545689655172 4.021841216216216 18.9415090366731 0.0
20 0.24 6.004 106.4 2.0 19.0 0.0
20 0.24 8.5015 106.35853844391346 1.9945445320938757 19.0 0.0
20 0.26 5.5045 114.34 2.1 19.0 0.0
20 0.28 5.005 126.97458686131387 2.857581508515815 19.0 0.0
20 0.3 5.5045 130.79787902859738 2.399697004085338 19.0 0.0
20 0.34 2.008 176.41430666666665 6.881084093211753 11.978480610298792 0.8197577592732778
20 0.34 2.5075 174.15552577319588 6.518942786069651 12.231037567084078 0.7371135646687696
20 0.38 3.5065 171.5423153153153 4.334160104986877 18.949375816298637 0.0
20 0.38 9.5005 156.74253397842287 1.9907312868423979 19.0 0.0
20 0.4 3.007 192.86418719211824 6.536009803921568 12.991215106732348 0.623174316075062
20 0.46 4.5055 195.34949691738595 3.805462392108508 19.0 0.0
20 0.48 7.5025 195.73210666666665 2.5638666666666667 19.0 0.0
20 0.48 8.002 193.6968647398844 2.1724739884393065 19.0 0.0
20 0.48 9.001 193.19497345643393 2.0759564339296017 19.0 0.0
20 0.52 4.5055 218.62068292682926 4.379308943089431 19.0 0.0
20 0.52 8.002 208.11552088022006 2.1907335167125117 19.0 0.0
20 0.52 9.001 207.2 2.0 19.0 0.0
20 0.58 7.5025 233.3880872235872 3.0924017199017197 19.0 0.0
20 0.58 8.002 232.4678295652174 2.873292753623188 19.0 0.0
20 0.58 9.001 230.03709181494662 2.2945456702253852 19.0 0.0
20 0.6 4.5055 255.84785714285715 6.840514223194749 16.687421383647795 0.0857377948436639
20 0.6 8.002 239.27015262110152 2.8175381552753813 19.0 0.0
20 0.6 9.001 238.3232295514512 2.580807387862797 19.0 0.0
20 0.62 0.5095 273.0583555555556 9.763184357541899 14.350083845723868 0.9395663367054643
20 0.62 2.008 267.36371063829785 8.18979513444302 12.915513861663399 0.8719105441131263
20 0.62 2.5075 266.0 7.847848324514991 13.0 1.0
20 0.64 4.5055 268.66750561797755 6.928962386511024 18.872420391916716 0.13463136033229453
20 0.64 8.002 255.19090955740862 3.330808210391276 19.0 0.0
20 0.64 9.001 252.87707512347282 2.688076423186899 19.0 0.0
20 0.66 1.009 282.73908800000004 9.262888513513513 13.918387978142077 0.9263792570343212
20 0.68 3.007 284.02502681992337 7.865801033591731 12.913839716768587 0.7870576210553212
20 0.72 4.5055 294.7406388888889 7.449103825136612 12.986627645204862 0.5377981142540209
20 0.72 8.002 285.0026971153846 4.072391826923076 19.0 0.0
20 0.72 9.001 283.83611663066955 3.655755939524838 19.0 0.0
20 0.74 0.5095 307.61634285714285 10.047190388170055 14.612340255591054 0.9422207585107121
20 0.74 2.008 304.5682591549296 8.844855195911414 13.573228699551569 0.8983967325042672
20 0.74 2.5075 303.75624719101125 8.51434065934066 13.345226130653266 0.8700023399110833
20 0.76 5.5045 306.75873714285717 7.407077131258458 12.908018092105262 0.4274476125042938
20 0.78 6.004 312.84685049019606 7.409072289156627 12.903817787418655 0.3549922600619192
20 0.78 6.5035 312.43365384615385 7.246458897922312 12.86211096075778 0.17775037000493304
20 0.78 8.5015 307.1074380825566 4.867017310252996 19.0 0.0
20 0.8 2.008 322.54468144044324 9.184694485842027 13.939480519480519 0.9097666612527746
20 0.8 2.5075 321.9755242966752 8.907756849315069 13.71429114405169 0.8909156358400419
20 0.82 6.004 325.6319164054336 7.766526207605344 12.804455637349864 0.5993509615384613
20 0.82 6.5035 325.3938151260504 7.5990316742081445 12.678901996370236 0.4727301486871241
20 0.82 8.5015 324.5183102040816 7.139826530612245 13.14517857142857 0.0
20 0.84 5.005 332.4656269430052 8.244426229508196 12.971873467385974 0.7801187335092348
20 0.86 3.5065 339.49299616858235 8.981965566714491 13.745079365079365 0.8817188276204669
20 0.86 9.5005 337.2045097087379 7.419089805825243 12.966724511930586 0.2699518177836177
20 0.88 5.005 344.9334755877034 8.696626065773446 13.510800568450971 0.8475253865154148
20 0.9 1.5085 352.254209486166 10.04849609375 14.619881422924902 0.9356933405355351
20 0.94 6.004 362.83795253164556 9.372990506329113 13.992302088392423 0.902997322779653
20 0.94 6.5035 362.8219345603272 9.29439821693908 13.934757757212846 0.89762285012285
20 0.94 8.5015 362.59650741839766 8.98120178041543 13.747639956092206 0.8728001221094406
20 0.96 5.5045 368.7481672727273 9.848047445255474 14.457278165503489 0.9241892199226746
20 0.98 5.5045 374.4574971857411 10.274727954971858 14.822540620384046 0.9365308453922315
20 1.04 6.004 391.34085931558934 11.682910714285713 15.933340439138776 0.9340730192634785
20 1.04 6.5035 391.2992734082397 11.830751565762005 15.972339133953865 0.9324703212997852
20 1.04 8.5015 391.17605668016193 12.160803738317757 16.350913705583757 0.9269055346022278
20 1.06 3.5065 397.08837009345797 11.608581560283687 15.880644379844961 0.9356958215980554
20 1.06 9.5005 396.16563636363634 13.135882352941175 16.969599596231493 0.9025891291642314
20 1.1 0.5095 410.04894736842107 10.875974264705883 15.312287438288536 0.9456569938050212
20 1.1 1.009 409.26928315412187 11.070538194444444 15.526899827288428 0.942270790758893
20 1.12 3.007 413.42887090558764 12.263467432950192 16.461194690265486 0.9248523377970151
20 1.16 6.004 420.3543595959596 14.734298724954462 17.984499474360472 0.8159969088098917
20 1.16 6.5035 419.9233357933579 14.982321755027423 18.244811961939284 0.7900881612090679
20 1.16 8.5015 418.1157792494481 15.908955479452056 18.7499699969997 0.6236848046963196
20 1.18 0.01 435.9481686746988 10.580702087286527 14.948565121412804 0.949876699145916
20 1.2 6.004 428.76177215189875 15.531138686131387 18.629045181393277 0.7219849874895745
20 1.2 6.5035 427.93941944847603 15.83920955882353 18.72726231386025 0.6523362536503962
20 1.2 8.5015 425.2318494271686 16.862016728624535 18.915925141242937 0.15137474541751492
20 1.22 0.5095 444.1782680412371 11.144817987152033 15.58419147224457 0.9426876654860562
20 1.22 2.008 440.49049800796814 12.628482905982905 16.72002869440459 0.9177141446556405
20 1.22 2.5075 439.42865226781856 13.091588946459412 16.93547977507709 0.9044980517992207
20 1.24 5.005 438.4632513761468 15.517164502164501 18.59799807042933 0.7141656662665065
20 1.28 5.5045 444.8914852173913 16.41128664495114 18.865415051679587 0.4296030116358656
20 1.3 4.5055 451.2240597539543 15.898944504896628 18.77467892388806 0.6082961222091655
20 1.34 0.01 483.2989863013699 10.598161512027492 14.938477508650518 0.9497679324894515
20 1.4 5.005 467.72537389100125 17.2418782161235 18.93930665307163 0.0
20 1.42 3.007 481.23144 15.695310650887572 18.678553519768563 0.6751705320600272
20 1.48 1.5085 506.01622535211266 13.79883275261324 17.563354037267082 0.877385418965644
20 1.48 3.5065 488.7934514767932 16.804173333333335 18.909781314279527 0.1932720232333007
20 1.5 0.01 530.4651943462898 10.590562390158171 14.94567872781747 0.9497103373363104
20 1.5 3.007 496.19001976284585 16.382824675324674 18.868172111049592 0.45903927296332336
20 1.52 7.5025 483.8815716117999 18.67423303834808 19.0 0.0
20 1.52 8.002 481.74045740956825 18.726802810715853 19.0 0.0
20 1.54 3.5065 500.1441159929701 17.183011077542798 18.928529159519726 0.0
20 1.54 9.5005 484.66927237903224 18.76278856887698 19.0 0.0
20 1.56 1.5085 523.8844579124578 14.288812199036919 17.847592663354988 0.8476508226691042
20 1.58 5.5045 495.837716151502 18.609516829533117 19.0 0.0
20 1.6 5.005 502.04908829863604 18.57612577386771 19.0 0.0
20 1.64 1.5085 541.0834653784219 14.752690058479532 17.992921982335623 0.8150166481687013
20 1.66 4.5055 514.3941964636542 18.36076603773585 18.949777014403665 0.0
20 1.74 1.009 573.1552135728542 13.917852760736196 17.636345029239767 0.8726154081320696
20 1.76 2.008 557.4278403193613 16.43332831325301 18.867627670558335 0.44683040159309634
20 1.76 2.5075 549.0610314842579 17.125750988142293 18.92744961476516 0.0
20 1.78 7.5025 528.2 19.0 19.0 0.0
20 1.8 6.004 533.5674212454213 18.8921352397131 19.0 0.0
20 1.8 6.5035 532.8 18.9 19.0 0.0
20 1.8 8.5015 532.0 19.0 19.0 0.0
20 1.82 0.5095 606.3127619047619 12.522215320910973 16.67937062937063 0.9196383799421407
20 1.82 2.008 568.3318626198084 16.68361530715005 18.89465933510302 0.26023080337327975
20 1.82 2.5075 559.006572425829 17.452120418848168 18.942618604971425 0.0
20 1.84 3.007 556.3323347083087 18.17127498649379 18.949300358946278 0.0
20 1.86 0.01 637.5059215686274 10.611344902386117 14.933896344285053 0.9495214731358652
20 1.88 4.5055 551.9688878205128 18.679674390243903 19.0 0.0
20 1.88 8.002 547.2 19.0 19.0 0.0
20 1.88 9.001 548.08 18.9 19.0 0.0
20 1.9 1.009 609.0974762808349 14.497248603351956 17.912494368523802 0.8353551318779018
20 1.92 0.01 655.3189818181819 10.623004587155963 14.963612993690115 0.9495046505286757
20 1.94 5.5045 559.54 18.9 19.0 0.0
20 1.96 0.01 667.128862745098 10.623742071881606 14.964385727190605 0.9494679077100324
20 1.96 3.007 577.3187596253902 18.38852016985138 19.0 0.0
20 1.98 9.5005 566.2 19.0 19.0 0.0
