10 0.0 6.004 9.0 1.8 3.960632266743538 0.0
10 0.0 6.5035 9.0 1.8 3.9493112701252233 0.0
10 0.0 8.5015 9.0 1.8 3.993467666354264 0.0
10 0.02 6.004 12.088609756097561 1.8434260178748758 5.5677839851024205 0.0
10 0.02 6.5035 12.01343076923077 1.8504415823367064 5.356397390868038 0.0
10 0.02 8.5015 11.607534450651768 1.8 5.553881156316916 0.0
10 0.04 4.006 15.30766371681416 2.1701054018445323 5.700407523510972 0.0
10 0.06 2.008 20.184046783625732 2.945247524752475 5.76633744855967 0.6779323671497584
10 0.06 2.5075 19.26477118644068 2.6905185185185183 5.721214596949891 0.4851096694470186
10 0.06 7.003 15.676840579710145 1.8 6.922315842583249 0.0
10 0.08 0.5095 28.514969230769232 4.572525410476935 6.94904469180927 0.9227592918713504
10 0.08 1.009 25.746238095238095 3.8768372943327236 6.473571139035265 0.8802744055743121
10 0.08 2.5075 21.354821705426357 2.7826114426114423 5.983785617367706 0.5642614379084966
10 0.1 4.5055 21.299059233449476 2.3230821401657873 7.354305705059203 0.0
10 0.1 9.001 17.763876210235132 1.8 8.872673796791444 0.0
10 0.12 1.5085 27.355477551020407 3.5608445945945943 6.317077087794432 0.8422133863485751
10 0.12 3.5065 24.295240506329115 2.6630669265756985 7.541654302670623 0.0
10 0.12 9.5005 18.72 1.8 9.0 0.0
10 0.14 2.008 28.18566019417476 3.3482979824107604 6.404708860759493 0.7926216249844469
10 0.14 7.003 20.34 1.8 9.0 0.0
10 0.16 3.007 28.763155844155847 3.038125 7.788283614353653 0.5469692851318291
10 0.18 3.007 30.56926462395543 3.1278939469734865 8.007325789160214 0.5687710219922378
10 0.22 3.007 34.24547286821706 3.343838095238095 8.087739463601531 0.625881032547699
10 0.24 6.004 29.141057609057608 1.9844888444888444 9.0 0.0
10 0.24 8.5015 28.44 1.8 9.0 0.0
10 0.26 5.5045 31.462371325301206 2.179019277108434 9.0 0.0
10 0.28 5.005 33.80408362369338 2.3098098360655737 8.948874233128834 0.0
10 0.3 5.5045 34.533449541284405 2.151470511140236 8.949972985952696 0.0
10 0.34 2.008 45.02445117845117 4.0842520775623266 7.441209349593495 0.8504799497622678
10 0.34 2.5075 44.482227586206896 3.9229477196885427 7.831292775665399 0.7906155778894471
10 0.34 7.003 37.084402900378315 1.9649705758722151 9.0 0.0
10 0.38 3.5065 46.56116097560976 3.656466480446927 8.904906715353455 0.24033728350045547
10 0.38 9.5005 39.78 1.8 9.0 0.0
10 0.4 3.007 48.602570422535216 3.930218765192027 8.694799487273393 0.6816844919786095
10 0.46 4.5055 49.41207194244604 2.9227072538860104 8.948819284507907 0.0
10 0.48 7.5025 49.07438913043478 2.2593804347826087 9.0 0.0
10 0.48 8.002 48.97843564356436 2.2224752475247525 9.0 0.0
10 0.48 9.001 48.2307060539752 1.9348869438366156 9.0 0.0
10 0.52 4.5055 56.30646043165467 3.7108181818181816 8.933265265265264 0.0
10 0.52 8.002 51.82551025991792 2.0939626082991336 9.0 0.0
10 0.52 9.001 52.031626731470226 2.1798444714459295 9.0 0.0
10 0.58 7.5025 57.031980730223125 2.300943204868154 9.0 0.0
10 0.58 8.002 56.809711136890954 2.1951005413766436 9.0 0.0
10 0.58 9.001 56.88281679389313 2.2299127589967287 9.0 0.0
10 0.6 4.5055 62.30056737588652 3.9777752808988764 8.903374108643979 0.0
10 0.6 8.002 58.69349981082103 2.346749905410518 9.0 0.0
10 0.6 9.001 58.40428102429416 2.202140512147078 9.0 0.0
10 0.62 0.5095 66.70516504854369 5.308757396449704 7.761314031180401 0.9374432308673948
10 0.62 2.008 65.47816296296295 4.775366357069143 7.729774972557629 0.8685360466950622
10 0.62 2.5075 65.15516997792494 4.655472287275566 7.903491416933372 0.8229927782497876
10 0.62 7.003 60.93731406761178 2.7038495092693564 9.0 0.0
10 0.64 4.5055 65.43782488479262 4.154359698681732 8.866610644257703 0.1691425722831502
10 0.64 8.002 62.089663144810444 2.4942573026724673 9.0 0.0
10 0.64 9.001 61.853665500925736 2.3631475005142972 9.0 0.0
10 0.66 1.009 68.90012010443864 5.177847593582888 7.762972067039106 0.9212632275132275
10 0.68 3.007 69.10246931407943 4.691888586956521 7.940168910002639 0.7815023597273203
10 0.72 4.5055 71.31819883040936 4.50498820754717 8.47439293598234 0.5726410256410255
10 0.72 8.002 69.65956690997567 3.4699026763990264 8.946059743033755 0.0
10 0.72 9.001 68.66943347312238 2.7638810522302704 8.94992187969473 0.0
10 0.74 0.5095 74.9690980392157 5.418408839779006 7.824434798336046 0.9375650870949616
10 0.74 2.008 73.61611169284468 5.0871782945736435 7.817459974037213 0.8841845597943159
10 0.74 2.5075 73.51218571428572 4.964661572052401 7.836561403508772 0.8572786436033567
10 0.76 5.5045 73.8328663282572 4.410033277870217 8.69996399639964 0.3943677325581393
10 0.78 6.004 75.1949735915493 4.40756993006993 8.694127362818866 0.3657914764079145
10 0.78 6.5035 75.14932663316583 4.383362362741386 8.721473930481283 0.28344797936371424
10 0.78 8.5015 74.57148016276703 3.9393323216995446 8.926725578123627 0.0
10 0.8 2.008 77.61716080402009 5.223747572815534 7.863948256467942 0.892401549386701
10 0.8 2.5075 77.40631452581033 5.137809139784946 7.858422725466825 0.8682971157645198
10 0.8 7.003 76.386425891182 4.369060402684564 8.851585040071237 0.21824577861163194
10 0.82 6.004 78.0737726901063 4.636723716381417 8.301759530791788 0.5799647177419353
10 0.82 6.5035 77.98074380165289 4.571152244331328 8.59770697562153 0.5087827880931327
10 0.82 8.5015 77.70310007304603 4.249422936449964 8.885094794898311 0.0
10 0.84 5.005 79.59878402366863 4.889572271386431 7.994299023957409 0.7525315515961395
10 0.86 3.5065 81.19896052631579 5.170578796561605 7.904625850340135 0.8519015461169361
10 0.86 9.5005 80.50487418181818 4.432043636363637 8.64703515459551 0.2812850366537297
10 0.88 5.005 82.30075039745627 5.061707509881423 7.973869877482045 0.8083371665133394
10 0.9 1.5085 84.43302222222222 5.548383909668313 7.926570386988222 0.9172730431329726
10 0.9 10.0 83.36204339963834 4.723122362869198 8.332519022827393 0.6212906157691432
10 0.94 6.004 86.20456738544475 5.328842530282638 7.939151534126487 0.8689082900739342
10 0.94 6.5035 86.1923214013709 5.29365296803653 7.923113831899404 0.8644738981948283
10 0.94 8.5015 86.15081577464788 5.168033802816901 7.947249724972497 0.8355013817607579
10 0.96 5.5045 87.50920676968359 5.521514705882352 7.941974284529241 0.8938948306595365
10 0.98 5.5045 88.7671898971001 5.652067352666043 7.988271679805943 0.9094332445796881
10 1.04 6.004 92.6735917926566 6.178611859838275 8.423486682808717 0.9142732229194527
10 1.04 6.5035 92.66707559926245 6.229159836065574 8.478341158059468 0.9141097655243493
10 1.04 8.5015 92.64997643097644 6.360872135994088 8.554358288770054 0.9080136872895854
10 1.06 3.5065 94.03510207939509 6.154569932685116 8.413546798029557 0.9160775427995972
10 1.06 9.5005 93.88698643147897 6.734869029275808 8.730132772020726 0.8906795224977043
10 1.1 0.5095 99.21340277777777 5.777334273624823 7.968798047589994 0.9345390990141785
10 1.1 1.009 97.89915680473374 5.924646808510638 8.12001055966209 0.9275032622879512
10 1.12 3.007 97.95314640638864 6.380773558368495 8.535867446393762 0.9081606788626846
10 1.14 7.003 98.60281958762887 7.422890052356021 8.882684592102486 0.8155693261037954
10 1.16 6.004 99.87722571001495 7.366369346733668 8.877825831989444 0.8203406273579821
10 1.16 6.5035 99.75091689008043 7.5254624908958485 8.895746544067055 0.7974355858045696
10 1.16 8.5015 99.31401706161138 8.003918781725888 8.928427878215313 0.6375163114397563
10 1.18 0.01 111.39669565217392 5.545653333333333 7.814114339268978 0.9495306443798449
10 1.2 6.004 101.94464788732394 7.700705363703159 8.914964285714285 0.7375688867894818
10 1.2 6.5035 101.77104517869184 7.8729 8.92381148290364 0.683076630538125
10 1.2 8.5015 101.10614654002714 8.22022091310751 8.94237458078346 0.3396592709984149
10 1.22 0.5095 107.35812435233161 5.913035413153457 8.022463343108504 0.9321348589111934
10 1.22 2.008 104.65235221674877 6.496634531113059 8.620859872611465 0.9026062058084496
10 1.22 2.5075 104.29758886255924 6.6734026465028355 8.717460586540092 0.8930574270131536
10 1.24 5.005 104.33037945791726 7.710975788701393 8.912920585161965 0.7385158456228427
10 1.26 10.0 103.22550149253732 8.77618084097376 8.949663253903537 0.0
10 1.28 5.5045 105.87149812171299 8.11568353694008 8.93826122388502 0.49798192771084315
10 1.3 4.5055 107.45303245436106 7.915519434628975 8.928078881505135 0.653924418604651
10 1.32 7.003 106.77610094637224 8.663561058923996 8.949086632453568 0.0
10 1.34 0.01 124.19552258064516 5.537917034421889 7.811913222367683 0.9493788914198936
10 1.4 5.005 111.4847782546495 8.498381795195954 8.94738952020202 0.0
10 1.42 3.007 114.86974927953891 7.840578386605784 9.0 0.9917194226386425
10 1.48 1.5085 120.60495165003837 7.005531019978969 8.810516143701683 0.8711978361669243
10 1.48 3.5065 116.78749399293287 8.17849375459221 8.942019759270854 0.3451080550098229
10 1.48 10.0 112.37759216965742 8.978545407736371 9.0 0.0
10 1.5 0.01 136.83517441860465 5.528456621004566 7.808156699470098 0.9492293164371878
10 1.5 3.007 118.6183644859813 8.015752727272726 8.935175605771848 0.558373078961314
10 1.52 7.5025 114.84632204098703 8.979458959822528 9.0 0.0
10 1.52 8.002 114.40870073573275 8.96913232706732 9.0 0.0
10 1.54 3.5065 119.134191741813 8.386343210680561 8.946928832988377 0.0
10 1.54 9.5005 114.70926269098078 8.987678716640792 9.0 0.0
10 1.56 1.5085 125.25608352668213 7.183430905377808 8.843472952667167 0.8512671782973407
10 1.56 10.0 115.53438917089679 8.988583073603452 9.0 0.0
10 1.58 5.5045 117.98663465553236 8.940802699342923 9.0 0.0
10 1.6 5.005 119.60938775510205 8.798177388656262 8.94993692178301 0.0
10 1.64 1.5085 129.56920500782473 7.4183106796116505 8.883005756001685 0.8193083261058108
10 1.64 10.0 119.58650566037736 8.988041614349775 9.0 0.0
10 1.66 4.5055 122.44508971553611 8.851386535889434 8.94984804260825 0.0
10 1.72 7.003 122.94447541797716 8.987699177091406 9.0 0.0
10 1.74 1.009 137.23206628003314 7.005802337938364 8.809083619702177 0.8681929616449189
10 1.76 2.008 133.2442432778489 8.08291320754717 8.936692369050784 0.5273114010209867
10 1.76 2.5075 131.24729193697868 8.382346059113301 8.946444522990907 0.0
10 1.76 7.003 124.86045443457047 8.987505997001499 9.0 0.0
10 1.78 7.5025 125.72455029585798 8.98815801627056 9.0 0.0
10 1.8 6.004 126.77569125993189 8.985585297297296 9.0 0.0
10 1.8 6.5035 126.44071468453377 8.988774163130598 9.0 0.0
10 1.8 8.5015 126.0 8.989828201763755 9.0 0.0
10 1.82 0.5095 145.12 6.6 9.0 1.0
10 1.82 2.008 135.93914428857715 8.20622429906542 8.941255463132666 0.382246108228317
10 1.82 2.5075 133.90247102526004 8.530950226244343 8.947819417050185 0.0
10 1.84 3.007 132.6300230389468 8.764535969247667 8.949811798006564 0.0
10 1.86 0.01 164.85201212121214 5.551438784629132 7.820164533820841 0.9489400159303965
10 1.88 4.5055 131.70229876060014 8.961459128222916 9.0 0.0
10 1.88 8.002 130.1127751627441 8.988638718473075 9.0 0.0
10 1.88 9.001 129.72005388601036 8.98938542860782 9.0 0.0
10 1.9 1.009 146.03469728601252 7.286808888888889 8.86205098493627 0.8350291992477481
10 1.92 0.01 170.52847407407407 5.5493909973521625 7.816767676767677 0.9489228034690937
10 1.94 5.5045 132.99078484661314 8.988136522172397 9.0 0.0
10 1.96 0.01 172.80803053435116 5.568344947735191 7.8306148282097645 0.9489603429796356
10 1.96 3.007 137.26951643535426 8.937483120780195 8.949983494883414 0.0
10 1.98 9.5005 134.1 9.0 9.0 0.0
12 0.0 5.5045 11.0 1.83333333333 4.347671232876712 0.0
12 0.02 5.5045 15.716550847457627 1.9807073372654735 6.418035055350553 0.0
12 0.04 1.5085 26.701434782608693 3.5210873440289423 6.526990976853668 0.7345596432552953
12 0.04 10.0 16.522535543692047 1.83333333333 9.922845106934544 0.0
12 0.06 6.004 20.688179166666668 1.9761908276739653 8.98200698757764 0.0
12 0.06 8.5015 18.26 1.83333333333 11.0 0.0
12 0.08 6.004 21.349545058139533 1.83333333333 10.940111390585699 0.0
12 0.08 6.5035 22.837900487125957 1.8337622182292703 9.80574592074592 0.0
12 0.08 8.5015 21.2399968 1.83333333333 10.935484245567856 0.0
12 0.1 3.007 31.932261484098937 3.0936988216515644 7.4665799062988025 0.3833888272290045
12 0.12 7.5025 26.107012385137832 1.9445099214265102 11.0 0.0
12 0.12 8.002 25.52 1.83333333333 11.0 0.0
12 0.12 9.001 26.231549787527275 1.9680965506674069 11.0 0.0
12 0.16 5.005 33.59217706237424 2.286216622789074 10.944794806399258 0.0
12 0.18 5.005 32.78 1.83333333333 11.0 0.0
12 0.2 2.008 47.54581896551724 4.118350398182117 7.8657266091572655 0.8146875694907716
12 0.2 2.5075 46.74722532588454 3.901518464526699 8.678022759601706 0.7338390290641966
12 0.2 7.003 35.2 1.83333333333 11.0 0.0
12 0.22 5.005 39.24726644736842 2.1810398391840446 11.0 0.0
12 0.24 5.5045 41.49774963524949 2.153015270891106 11.0 0.0
12 0.28 3.5065 54.74021476510067 3.6564371980707615 10.92416852450066 0.0
12 0.28 9.5005 45.51947228559925 1.9813593253698236 11.0 0.0
12 0.32 2.008 62.22967883211679 4.623457185567278 8.35 0.8420039814200397
12 0.32 7.003 50.25891248599527 1.9654197269589333 11.0 0.0
12 0.36 2.008 66.84089583333333 4.7699708781354015 8.362601156069363 0.8468669606762219
12 0.36 2.5075 66.14925555555556 4.564024542951444 8.874072512647555 0.7823583180987203
12 0.36 7.003 55.708860509728694 2.132515757744497 11.0 0.0
12 0.38 7.5025 57.51173698695704 1.976273383590128 11.0 0.0
12 0.38 8.002 57.55632300604421 1.9882588725922952 11.0 0.0
12 0.4 5.005 62.417389033942555 2.6714843750031405 10.949956462993544 0.0
12 0.44 2.008 75.83445714285715 5.012948073702101 8.678421261404205 0.8499144529491219
12 0.44 2.5075 75.18715436241611 4.811172480617708 8.94003121342177 0.7872478937962726
12 0.44 7.003 65.88631391585761 2.3233077130499264 11.0 0.0
12 0.46 3.007 76.7550888252149 4.655281633958746 10.77052182293818 0.6346558526961857
12 0.48 0.01 84.13548444444444 6.528258908435387 9.28378509196515 0.9497860930344662
12 0.52 0.01 87.83289614243324 6.52784664830175 9.260431293881645 0.9497860930344662
12 0.52 3.007 83.50564705882353 4.878282828280394 9.791493268053856 0.7219386052719385
12 0.54 0.5095 88.73854269449716 6.118707133061359 8.93744545149379 0.9374878103668142
12 0.54 2.008 86.56897457627119 5.303662131517128 8.762957222566646 0.8624040287294642
12 0.54 2.5075 86.05999460916442 5.10763281775602 9.085052447552448 0.8042630651790956
12 0.54 7.003 78.4273962818004 2.5896363339874418 11.0 0.0
12 0.56 2.008 88.74797163120567 5.362067260135718 8.870915312232677 0.8651209840576191
12 0.56 7.003 80.37513995584989 2.4451287711541636 11.0 0.0
12 0.58 0.01 93.73383333333332 6.518354430380114 9.21894018887723 0.9498208640674394
12 0.58 3.007 90.0 5.16666666667 9.296530612244897 1.0
12 0.6 3.007 91.98575513851654 5.132122796826195 9.355027932960894 0.7448798408082044
12 0.62 6.004 90.69922072072072 3.863970110458618 10.946658772322857 0.0
12 0.62 6.5035 88.67410968102966 2.9974165267673425 11.0 0.0
12 0.62 8.5015 87.32951976744187 2.4076841085252854 11.0 0.0
12 0.64 3.007 96.27353303964757 5.237782101167804 9.523940149625934 0.7541015048686928
12 0.66 9.5005 92.18484102881933 2.4827652102052125 11.0 0.0
12 0.68 5.005 99.35312737127371 4.869855193536801 10.707852760736197 0.18776803118908347
12 0.7 0.5095 104.613125 6.316115462718562 9.112205188679244 0.9387940215195916
12 0.7 2.008 103.19686868686868 5.763668961559981 8.913042583830487 0.8797821696480091
12 0.7 2.5075 102.87805673758865 5.595220687789611 8.900668598172498 0.8408574429485343
12 0.72 3.007 104.66922916666667 5.509734964322315 8.94823773324119 0.8036172970425356
12 0.74 6.004 105.45774171029669 4.8716086094565085 10.863059732150193 0.05515873015872975
12 0.74 6.5035 104.95452461059189 4.624853090174736 10.917843939468625 0.0
12 0.74 8.5015 103.05054809160305 3.4424092409229408 10.9496480468868 0.0
12 0.76 4.006 108.33014965986393 5.4210314557409225 9.091616314199396 0.7312207708434122
12 0.78 5.5045 109.95286228622862 5.19892615475344 10.049229891614376 0.512945645821157
12 0.8 8.5015 111.17591581342435 4.640489803700161 10.922094979900907 0.0
12 0.82 5.5045 114.16426563706564 5.411268866716056 9.406260387811633 0.6450053248136314
12 0.84 1.5085 117.48528838951312 6.292564559214682 9.277844013909588 0.9167316147082334
12 0.84 3.5065 116.74866788990826 5.903940809966926 9.137595419847328 0.8474695707879564
12 0.84 9.5005 115.59758017041054 4.884247810404691 10.858957434204958 0.0
12 0.86 7.5025 118.06401047120418 5.369122348151988 9.339877717391303 0.5888751850024665
12 0.88 1.5085 121.38435714285714 6.417044707427664 9.41403435274403 0.9213783669040992
12 0.88 3.5065 120.71482675814751 6.093043350909887 9.322521175884404 0.8728292385167098
12 0.88 9.5005 119.96909067357512 5.287705094989856 9.64580882352941 0.4955508474576269
12 0.9 8.002 122.18357645553424 5.631723181917755 8.986503189792664 0.7310906744111002
12 0.9 9.001 122.11978564771668 5.531267474371548 9.254182041820417 0.6807088122605363
12 0.94 5.5045 126.34053746253745 6.236410512309259 9.337718057520037 0.8822619384006781
12 0.96 4.006 128.30835487959442 6.497510740459894 9.533154698106467 0.9118521260841971
12 1.0 5.005 132.0 6.7973475177286025 9.686396372365964 0.929621653576556
12 1.04 5.5045 135.94401642036124 7.277716666665558 9.868785668991757 0.9227270619871111
12 1.06 7.5025 137.76658916478556 7.755289314873767 10.144404517453799 0.9081151110866089
12 1.08 5.005 139.73714381833474 7.655600000003112 10.04487106017192 0.9123573644633748
12 1.1 6.004 141.43714137214138 8.124155295649008 10.511088295687884 0.8918289200415368
12 1.1 6.5035 141.37735831809871 8.198028455286632 10.545238744884038 0.8856466552315608
12 1.12 5.005 143.33990707964603 8.098570998798602 10.511661295048345 0.8923181289572296
12 1.14 4.5055 145.1766690647482 8.170748730967636 10.538821250691754 0.8891453275690056
12 1.16 5.5045 146.53028988149498 8.661111111114334 10.778216899534264 0.8429863400847856
12 1.18 0.5095 152.17923076923077 6.943599424666258 9.715195121951218 0.9363636363636363
12 1.18 1.009 150.77802850356295 7.144009958995265 9.835519913497928 0.9290464027245636
12 1.2 5.5045 149.56293488824102 9.14636560889905 10.871584867863472 0.7688028852822859
12 1.22 6.004 150.7073613231552 9.493198853615384 10.912209639188834 0.6593705293276108
12 1.22 6.5035 150.46036617405582 9.568859649124184 10.923016166281755 0.5981918997107037
12 1.22 8.5015 149.34956297229218 10.134836213129919 10.944365444956272 0.0
12 1.24 1.5085 155.51961009174312 7.557869296211521 9.962122652721654 0.9160564089649962
12 1.24 3.5065 153.93949253731344 8.587057448231533 10.749406104345212 0.851651090342679
12 1.24 10.0 149.99825949679328 10.566331004260423 10.949470971653781 0.0
12 1.26 4.5055 154.56778313253014 9.233289046354374 10.88831334182135 0.740348964013086
12 1.32 4.5055 158.69972978959026 9.66144781145104 10.926085413987316 0.5623161764705881
12 1.34 1.009 165.65358185404338 7.494997116493556 9.954830319544216 0.9189427098531271
12 1.36 2.008 165.47441348713397 8.383194444442108 10.660342368045649 0.8750693351322989
12 1.36 2.5075 164.71928372093024 8.720096339114876 10.797779665129823 0.8356311637080868
12 1.36 7.003 158.44258333333332 10.65037283004289 10.949944439438989 0.0
12 1.4 1.5085 169.93498445595856 8.109892584894784 10.509505591524427 0.8932218591838041
12 1.4 3.5065 165.75515283842793 9.504548376727831 10.916860378111439 0.6193879881251425
12 1.4 10.0 159.19601319008615 10.935728057984987 11.0 0.0
12 1.42 5.005 164.4652873806999 10.639321789349653 10.948155406246112 0.0
12 1.46 4.006 168.65002462620933 10.123006969257986 10.943853798214587 0.0031698564593297084
12 1.46 5.005 166.82664304812835 10.465604223692768 10.949254049445866 0.0
12 1.48 7.5025 165.4835844155844 10.802190031131772 11.0 0.0
12 1.48 8.002 165.37026987060997 10.802482230098954 11.0 0.0
12 1.48 9.001 164.4563540802213 10.96824970472181 11.0 0.0
12 1.5 1.009 179.99244343891402 7.866607354682978 10.270590809628008 0.9053978885231013
12 1.52 0.01 196.16762962962963 6.554194857917187 9.298478900883218 0.9493250228032837
12 1.54 7.5025 169.3041983805668 10.953399876968815 11.0 0.0
12 1.56 8.002 169.9152618556701 10.971324111346249 11.0 0.0
12 1.56 9.001 169.92334162986754 10.980418487706972 11.0 0.0
12 1.58 4.006 175.6658833819242 10.488937562938371 10.949581026711439 0.0
12 1.6 1.5085 186.49062571103528 8.75980030721927 10.795847623713865 0.8391060913215561
12 1.6 3.5065 178.2643553008596 10.354788087027087 10.948285705420584 0.0
12 1.6 9.5005 172.09052873563218 10.988520875515976 11.0 0.0
12 1.62 4.006 178.2246976144423 10.465327225123955 10.949613035854647 0.0
12 1.62 5.005 175.8904720680725 10.859705387177328 11.0 0.0
12 1.64 8.002 174.87507465980138 10.986693013969395 11.0 0.0
12 1.64 9.001 174.8609897053603 10.986602520816588 11.0 0.0
12 1.68 2.008 189.8 9.66666666667 11.0 1.0
12 1.68 2.5075 186.8318607142857 9.97555031446492 10.93840041394094 0.26121453900709185
12 1.68 7.003 177.90071767810028 10.984226714360974 11.0 0.0
12 1.72 4.5055 183.10959740259742 10.84180903565553 11.0 0.0
12 1.74 9.5005 180.84 10.99141584260232 11.0 0.0
12 1.76 6.004 182.16 10.991376937561654 11.0 0.0
12 1.76 8.5015 182.16 11.0 11.0 0.0
12 1.78 0.01 224.95766666666665 6.582375713123082 9.326955307262569 0.9492215824269566
12 1.8 5.5045 184.8 10.991389500220425 11.0 0.0
12 1.82 6.004 186.87161933534742 10.985553186322608 11.0 0.0
12 1.82 6.5035 186.92405836267605 10.970413959592195 11.0 0.0
12 1.82 8.5015 186.12 11.0 11.0 0.0
12 1.84 5.005 188.9374648464164 10.97614160152977 11.0 0.0
12 1.86 0.5095 215.9881111111111 7.715535714287093 9.993476507360356 0.9136290615121521
12 1.86 1.009 210.19838904109588 8.6801923076951 10.776251845885353 0.8455901426718546
12 1.86 2.5075 197.83336809338522 10.45355005982318 10.948648981729672 0.0
12 1.88 0.01 235.6794125874126 6.577625298330908 9.365675557498907 0.9491642774354907
12 1.88 3.007 196.46116481639626 10.738038879364419 10.94985558697876 0.0
12 1.9 9.5005 191.4 11.0 11.0 0.0
12 1.92 1.009 215.08980047505938 8.758187899941499 10.805768558443072 0.8331965572457966
12 1.94 4.006 196.78394701583437 10.984391564118173 11.0 0.0
12 2.0 0.5095 228.16407766990292 7.87436658748759 10.306408655846857 0.9063388592301208
12 2.0 2.008 210.09601196410767 10.24252178122274 10.94624762150482 0.0
12 2.0 2.5075 205.78243243243244 10.655941338712562 10.949926393270243 0.0
12 2.0 7.003 198.0 11.0 11.0 0.0
14 0.04 4.5055 25.718258064516128 2.3045125281993917 7.273769063180827 0.0
14 0.04 8.002 20.64 1.85714285714 11.0 0.0
14 0.04 9.001 19.76 1.85714285714 13.0 0.0
14 0.06 5.5045 25.18596897038082 1.9752751817232854 11.699747793190417 0.0
14 0.08 5.5045 29.14724857839155 1.9924261937783307 12.779332715477294 0.0
14 0.1 5.005 35.078593350383635 2.351912107852885 12.68271463925376 0.0
14 0.12 0.01 68.44705339105339 7.528844752187166 10.759240837696336 0.9495886516242211
14 0.16 3.5065 52.56692 3.402013521456006 12.859693576900412 0.0
14 0.16 9.5005 40.04 1.85714285714 13.0 0.0
14 0.18 3.5065 53.22922222222222 3.095395719265223 12.934807948056012 0.0
14 0.18 9.5005 43.42 1.85714285714 13.0 0.0
14 0.22 1.5085 69.32201408450703 5.117709179531192 8.830633592349074 0.8665251861936414
14 0.22 3.5065 61.507333333333335 3.3993517406942657 12.938814243759177 0.0
14 0.22 9.5005 50.18 1.85714285714 13.0 0.0
14 0.24 4.006 57.277049110320284 2.549227249619693 12.949804240452957 0.0
14 0.26 2.008 74.51078391959798 4.953173339398518 8.972235481304693 0.8253667225481978
14 0.26 7.003 57.68 2.0 13.0 0.0
14 0.28 7.5025 60.32 1.85714285714 13.0 0.0
14 0.3 2.008 81.0213779527559 5.1120649651994565 9.16245513280689 0.8331631631631631
14 0.3 7.003 64.72328382305457 2.065976290420619 13.0 0.0
14 0.34 5.5045 72.98891503906249 2.4045270647302335 13.0 0.0
14 0.38 0.01 102.0040594059406 7.530876166088051 10.760605263157895 0.9497406670285266
14 0.4 3.5065 92.43700854700855 4.3186428571392295 12.945085829132484 0.0
14 0.4 9.5005 80.6 1.85714285714 13.0 0.0
14 0.42 2.008 100.05530714285715 5.557286480276902 9.619781659388646 0.8460181079083517
14 0.42 2.5075 99.14003015075377 5.319464455616886 10.115486307837582 0.7710891361076774
14 0.42 7.003 85.7066626591951 2.282429226398615 13.0 0.0
14 0.44 6.004 90.18963918757467 2.5789895886685876 13.0 0.0
14 0.44 8.5015 88.35290958605665 2.11043611889421 13.0 0.0
14 0.46 5.005 95.51865442404007 3.1213371492193756 13.0 0.0
14 0.48 1.009 111.24757843137255 6.394526166900294 9.8723746881379 0.9197467257318952
14 0.5 0.5095 115.48392175572519 6.929640552993985 10.320896273917421 0.9375299850074962
14 0.5 2.008 112.10540935672515 5.859620991250837 9.790974114441417 0.8607602339181286
14 0.5 2.5075 111.29795698924731 5.610522578815048 9.820107142857143 0.8035710076605774
14 0.5 7.003 97.79413290513834 1.9411808300383493 13.0 0.0
14 0.54 6.004 107.97589572649572 3.011147741147964 13.0 0.0
14 0.54 6.5035 107.43915986264784 2.8444595846710206 13.0 0.0
14 0.54 8.5015 105.62427086559973 2.2808294613623326 13.0 0.0
14 0.58 1.009 125.69939066339067 6.645807803937131 9.99343146274149 0.9216481760060172
14 0.6 5.005 123.03731663685151 4.80453026860862 12.936790807038834 0.0
14 0.62 5.5045 125.6515575868373 4.691667715548201 12.9411932820549 0.0
14 0.64 5.005 129.7222387475538 5.093768584358695 12.928473950733842 0.0
14 0.68 3.5065 137.24971764705884 5.879809334089799 10.073614363778297 0.6967982535928687
14 0.68 9.5005 129.67510410094638 2.6406714736395864 13.0 0.0
14 0.7 6.004 138.48866621067032 5.231285070369147 12.895030860309863 0.0
14 0.7 6.5035 137.2982604272635 4.70008545791598 12.938717505607237 0.0
14 0.7 8.5015 134.1528336755647 3.215635083601448 13.0 0.0
14 0.72 5.005 142.23553374233128 5.626245572611734 12.266739991201055 0.34304296413086294
14 0.74 5.5045 145.06693724531377 5.624891774894273 12.175309252845127 0.2775465973125268
14 0.76 1.5085 150.3296405529954 6.872860962564302 10.472269282211323 0.9131746197124401
14 0.76 10.0 143.8451777777778 3.2887962962920723 13.0 0.0
14 0.8 5.5045 154.00741621621623 5.96297638531607 10.540421455938697 0.5612792840221109
14 0.84 7.5025 159.4378714462299 5.840124758388435 10.178089887640448 0.41106007067137784
14 0.84 8.002 159.38124105754275 5.774481074482351 10.37547703180212 0.34741581832419705
14 0.84 9.001 159.23047174076865 5.651435020964009 11.345466847090663 0.100539665407447
14 0.88 7.5025 165.39718032786885 6.196890450169294 9.977507665352606 0.6940712187958883
14 0.88 8.002 165.31245479452053 6.120525339324742 10.20135135135135 0.6494110222970129
14 0.88 9.001 165.24637004405287 6.005711139081297 9.996992659246981 0.5626607189713984
14 0.9 0.01 172.58369047619047 7.5553592865728785 10.786407526615498 0.9497981927710843
14 0.9 3.007 168.94551459293396 7.096233493399283 10.62668722165125 0.9025492603636789
14 0.92 0.5095 173.3164918032787 7.557532025297081 10.81997163791066 0.941764500349406
14 0.92 2.008 171.94904096385542 7.377907534791991 10.77647505697645 0.9232748699535055
14 0.92 2.5075 171.81593296089386 7.304389574756033 10.73841381170758 0.9164979959919839
14 0.92 7.003 171.18316073147255 6.670233516486921 10.307842157842158 0.8354201639182383
14 0.96 10.0 176.6641017293998 6.942929806712999 10.546466356326704 0.8777899985335093
14 0.98 2.008 180.20265480427045 7.667170003396625 10.914651736572404 0.9339161809603108
14 0.98 7.003 179.40472357723579 7.456310491675471 10.835821234119782 0.9206030868902438
14 1.0 1.5085 182.63606607525236 7.7575635876861915 10.939489994687445 0.938194830719027
14 1.0 3.5065 182.0 7.776760691538923 10.967247928176796 0.9355516027995824
14 1.02 2.008 185.64857425742574 7.867289915963733 10.981047954649915 0.9366514633219308
14 1.02 2.5075 184.80111612903227 7.91228424531591 10.987615582840686 0.9358788904705113
14 1.02 7.003 184.7464510932106 8.138211259082668 11.290058765915768 0.9320629356377125
14 1.08 1.5085 193.6920824742268 8.071486330382639 11.225391032325339 0.9344953623644081
14 1.08 3.5065 192.84205418138987 8.49920318725098 11.601672749391728 0.9248591136558315
14 1.08 10.0 192.07409378407854 9.919760166838854 12.535867446393762 0.8610156771180787
14 1.12 3.5065 198.02007862407862 8.887445255472201 11.81715528655192 0.9151115412040338
14 1.12 9.5005 196.29674742268043 10.763799463441831 12.846174434702354 0.7478898805021932
14 1.16 4.006 202.63325490196078 9.51810150375976 12.116746157922629 0.8886193531141405
14 1.18 6.004 203.67932089552238 10.594570707049078 12.814191750278706 0.7752865039773492
14 1.18 6.5035 203.3891508844953 10.822280844126931 12.855471730835935 0.7353604318831374
14 1.22 5.5045 207.94380720720721 10.830545496989158 12.85703379653457 0.7095329383060298
14 1.24 7.5025 207.92973447015834 11.846494781079956 12.941884305589456 0.0
14 1.24 8.002 207.86103856041132 11.884652435652313 12.944171635291752 0.0
14 1.24 9.001 207.1433503649635 12.27791953807786 12.947957909198776 0.0
14 1.26 3.007 214.88452815013406 9.910025062654842 12.496769323671497 0.8667918797953964
14 1.28 2.008 218.60675568181819 9.280394632987297 11.96087536372454 0.9011798885331436
14 1.28 7.003 211.93193607305938 12.186700064666562 12.944218347334248 0.0
14 1.3 4.006 217.43040927694406 10.830628921607905 12.859563532187394 0.7248761967646087
14 1.3 5.005 216.06566150178784 11.407214895289814 12.91747375717964 0.4991887019230767
14 1.34 6.5035 217.59674821852732 12.295182072817685 12.948552290406223 0.0
14 1.38 4.006 225.0736112600536 11.522986694668676 12.921408025651907 0.48045511221945114
14 1.38 5.005 223.18748629441623 11.865723270399968 12.942608725594848 0.0
14 1.4 7.5025 221.08509240246406 12.69117326449387 13.0 0.0
14 1.4 8.002 220.84990007686395 12.657568229766548 13.0 0.0
14 1.4 9.001 220.49465454545455 12.821663792891274 13.0 0.0
14 1.42 1.5085 236.35629548989112 9.51118266978945 12.117213983050847 0.8908727820336542
14 1.42 3.5065 229.73043380855398 11.317670742613851 12.912578022554419 0.5214757393051964
14 1.44 2.008 236.5836704361874 10.104271137057522 12.649632121084718 0.8417790013290297
14 1.44 2.5075 234.87457306590258 10.68799210007223 12.828122099618438 0.7651211950394587
14 1.44 7.003 225.49880704845816 12.779509991138227 13.0 0.0
14 1.46 1.5085 240.78392865362486 9.630044365574916 12.264474845542807 0.8809925026776151
14 1.46 10.0 225.00622356215214 12.966019694580929 13.0 0.0
14 1.48 0.01 258.4957565217391 7.576501364878691 10.780555555555555 0.9495107691375602
14 1.48 3.007 237.04595944503734 11.223526638388712 12.907901862187103 0.5795408678102925
14 1.5 9.5005 228.0 12.849893214865588 13.0 0.0
14 1.52 0.5095 253.74933720930233 8.451567431095182 11.556023896448721 0.9301349765258216
14 1.52 1.009 250.62065317919075 9.190009852217248 11.921164235548352 0.9047000972039567
14 1.56 0.01 269.78432727272724 7.570145024172098 10.80446213217559 0.9494770984267483
14 1.56 3.007 244.03139416058394 11.672711511790995 12.932996984924623 0.2919711129991501
14 1.6 7.5025 237.7679610492846 12.989837814764343 13.0 0.0
14 1.6 8.002 237.98436408977557 12.936692369031793 13.0 0.0
14 1.62 1.5085 258.71506306306304 10.26273917421444 12.706308370044052 0.8260774287801315
14 1.62 10.0 238.42 13.0 13.0 0.0
14 1.64 0.01 281.92829268292684 7.598000898474557 10.790697103583701 0.9494080864497328
14 1.64 3.007 250.88467415730338 12.04120755926925 12.94429664783931 0.0
14 1.66 5.005 246.25523997280763 12.77403639989066 13.0 0.0
14 1.68 8.5015 243.88 13.0 13.0 0.0
14 1.7 4.006 251.71737988826817 12.602554132849306 12.949948948948949 0.0
14 1.76 5.5045 253.34281172413793 12.979203423873576 13.0 0.0
14 1.78 0.5095 287.0930406189555 8.802990033222441 11.768967714528461 0.9195491625235314
14 1.78 1.009 280.67439087018545 9.893475177302834 12.50630924170616 0.8651973471368488
14 1.78 2.5075 265.52363157894735 11.965733885007142 12.944917046731444 0.0
14 1.82 5.5045 258.9003727948004 12.97932800832858 13.0 0.0
14 1.84 1.5085 280.5466725146199 10.955901847398984 12.879338304495764 0.6819274809160304
14 1.84 3.5065 265.246772 12.709523809536668 12.949846533461724 0.0
14 1.84 9.5005 258.44 13.0 13.0 0.0
14 1.86 6.004 260.59534333821375 12.992219462777877 13.0 0.0
14 1.86 6.5035 262.11753931451614 12.848013255876658 13.0 0.0
14 1.86 8.5015 260.26 13.0 13.0 0.0
14 1.92 6.5035 266.3430091032346 12.991548045860231 13.0 0.0
14 1.92 9.5005 265.72 13.0 13.0 0.0
14 1.94 1.5085 289.5752890625 11.20932462480782 12.907436410085527 0.5731882202304736
14 1.94 10.0 267.54 13.0 13.0 0.0
14 1.96 3.5065 274.92303910614527 12.712998282257255 13.0 0.0
14 1.96 9.5005 269.36 13.0 13.0 0.0
14 2.0 6.004 273.28864703371744 12.992317124324112 13.0 0.0
14 2.0 6.5035 273.0 13.0 13.0 0.0
14 2.0 8.5015 273.0 13.0 13.0 0.0
16 0.0 2.008 23.486217303822936 2.935777162977867 6.094176042356055 0.0
16 0.0 7.003 15.0 1.875 4.482485098578634 0.0
16 0.02 2.008 32.522363636363636 3.366324074074074 6.901379794200187 0.32440210782326684
16 0.02 7.003 21.432408562969712 1.875 7.0 0.0
16 0.04 3.007 35.48092929292929 2.9950168539325843 7.549942791762013 0.0
16 0.06 4.006 39.814173913043476 2.860944621695533 9.360453736654804 0.0
16 0.1 3.5065 52.68115241635688 3.435475352112676 13.046029696578437 0.0
16 0.1 9.5005 37.5 1.875 15.0 0.0
16 0.12 1.009 70.87702222222222 5.841022571819425 9.71546833773087 0.8800244745177079
16 0.14 4.006 53.19997064989518 2.6197884316770184 14.938890518442472 0.0
16 0.16 7.5025 51.0 1.875 15.0 0.0
16 0.18 7.5025 55.5 1.875 15.0 0.0
16 0.18 8.002 55.5 1.875 15.0 0.0
16 0.2 5.5045 61.374389170896784 2.0897483079526227 15.0 0.0
16 0.22 7.5025 64.5 1.875 15.0 0.0
16 0.22 8.002 64.5 1.875 15.0 0.0
16 0.24 10.0 69.0 1.875 15.0 0.0
16 0.28 0.01 116.85663525305411 8.54728697749196 12.134829443447037 0.9496769323671498
16 0.34 4.006 98.14446025104601 3.1334205020920503 15.0 0.0
16 0.36 5.5045 99.44167164179105 2.5472014925373134 15.0 0.0
16 0.38 0.5095 129.35872413793103 7.583772935779816 11.396655356277266 0.9340782343867421
16 0.38 1.009 125.8728051948052 6.823326296743064 10.784720534629404 0.9121263246691622
16 0.4 7.5025 106.74143983544738 2.2377999657182035 15.0 0.0
16 0.4 8.002 105.97152844413982 2.077401759195796 15.0 0.0
16 0.42 8.5015 110.77367776169802 2.149499517607332 15.0 0.0
16 0.44 5.5045 117.40274524714829 2.634541349809886 15.0 0.0
16 0.46 1.5085 139.93893 6.625409544159544 10.754904051172709 0.8864877749778655
16 0.46 3.5065 133.42356571428573 5.028292079207921 14.942592911514483 0.0
16 0.46 9.5005 119.32697272982851 2.0664288726454876 15.0 0.0
16 0.48 6.5035 126.563861575179 2.731697494033413 15.0 0.0
16 0.48 9.5005 123.365235 1.962796875 15.0 0.0
16 0.5 6.004 131.47547842401502 2.868869606003752 15.0 0.0
16 0.5 8.5015 129.9592938496583 2.4898234624145785 15.0 0.0
16 0.52 3.5065 147.8818222222222 5.788956542502388 14.716306382978724 0.4723963279518833
16 0.52 9.5005 133.28869909315748 2.210598722176422 15.0 0.0
16 0.54 5.5045 142.125575443787 3.403688979289941 15.0 0.0
16 0.58 9.5005 146.8446013564431 2.2751789751318765 15.0 0.0
16 0.6 3.5065 164.18200787401574 6.136574601366743 14.464600064246707 0.6045788849347566
16 0.6 9.5005 151.8790324012428 2.462197625388371 15.0 0.0
16 0.62 4.006 167.75447058823528 6.057279159519726 11.28624467437614 0.440892318014089
16 0.64 3.5065 172.3020873015873 6.3266066545123065 10.870632911392406 0.6568457895820464
16 0.64 9.5005 160.38158304239403 2.3547163341645887 15.0 0.0
16 0.68 7.5025 172.5885258033106 3.667392891918208 15.0 0.0
16 0.7 5.5045 182.48857471264367 5.955877659574468 14.497224736048265 0.0
16 0.72 3.5065 188.14689032258065 6.689848562628336 10.95378199597354 0.7472399150743099
16 0.72 9.5005 180.2086226912929 3.3074208443271766 15.0 0.0
16 0.74 4.006 191.61748435171384 6.605422794117647 11.02856049004594 0.7023749999999999
16 0.76 4.5055 195.18468292682925 6.562538032454361 11.391925837320574 0.6368845315904138
16 0.76 9.001 189.7792119700748 3.8433395677472983 15.0 0.0
16 0.78 7.003 197.96153666146645 6.080303323029367 13.512864077669901 0.0
16 0.8 4.006 203.27575326215896 6.96664686311787 11.162145748987854 0.7871120194149954
16 0.82 7.003 206.0988293785311 6.3858811936936934 10.988270795066912 0.388366972477064
16 0.84 0.01 213.94107462686566 8.568500766871166 12.143131188118812 0.9498525695029486
16 0.86 0.5095 216.63247272727273 8.410464601769911 11.98072695035461 0.9427191806715469
16 0.86 1.009 216.1165 8.262798566878981 11.948453819373336 0.934998634998635
16 0.86 2.008 215.58405047318612 7.948798661800486 11.844616596638655 0.9145939021265692
16 0.86 2.5075 215.36407758620692 7.793707366984993 11.766656151419559 0.9043939654677909
16 0.88 0.01 221.4369195402299 8.549981508875739 12.194022054556006 0.9498706689124158
16 0.92 6.004 225.66279504814304 7.541831514324693 11.603051261187957 0.8644628771245019
16 0.92 8.5015 225.42091139240506 7.18617663981588 11.315811707905853 0.8019370172311348
16 0.94 2.008 229.991550877193 8.390200490998364 12.080871828236825 0.9312559290575376
16 0.94 7.003 229.28755397727272 7.6666015624999995 11.68740444120859 0.8785292617156183
16 0.96 4.5055 233.0600543293718 8.246384660421546 11.971252204585538 0.9222730028447512
16 1.0 7.5025 240.0 8.753827433628318 12.509830097087379 0.9401844674131495
16 1.0 8.002 240.0 8.753071305841924 12.480702479338843 0.9400855561147459
16 1.0 9.001 240.0 8.7613125 12.449286023366508 0.9399344096871847
16 1.04 2.008 247.41692156862746 8.98831650831354 12.643822023047376 0.9383799171842649
16 1.04 7.003 247.137940652819 9.628141476274164 12.974571473502122 0.9285046328071379
16 1.06 0.5095 252.96356097560974 8.758715397923876 12.453813011632917 0.9440554511278195
16 1.06 2.008 251.02843684210526 9.112394514767931 12.737367419091651 0.9371222695891651
16 1.06 2.5075 250.917275147929 9.217864806866952 12.787512315270936 0.9355092091007584
16 1.08 7.5025 253.63354572271388 10.711260775862069 13.845987488829312 0.8976479980348808
16 1.08 8.002 253.5306142857143 10.831550894085282 13.892278933680103 0.8901028616642489
16 1.08 9.001 253.3544069050555 11.08092475386779 13.948497267759564 0.8768053810333357
16 1.12 7.5025 259.51700152671754 11.625699152542373 14.416012613875262 0.8336128581411599
16 1.14 4.006 263.9704433962264 10.558218930635839 13.77209352673739 0.9020970394736841
16 1.14 5.005 263.4688359621451 10.95861301369863 13.940984724495364 0.8815086023034266
16 1.2 2.008 275.1538851802403 10.016778074866309 13.422466777408637 0.919190303030303
16 1.2 7.003 270.1027540106952 12.816938405797101 14.880360347426603 0.5741696474195195
16 1.24 0.01 290.0845517241379 8.55102327447833 12.128818800247371 0.9496997132940999
16 1.24 3.007 280.1625345132743 11.088835113484645 13.970819477434679 0.8767416062712616
16 1.26 5.005 279.7883494176372 12.587790404040405 14.845303508446259 0.6680541724756023
16 1.3 1.5085 292.39633387888705 10.232121109607577 13.580545858457633 0.9143569189661374
16 1.3 10.0 278.73675572519085 14.576532022106631 14.949858604091457 0.0
16 1.32 5.005 287.2234241960184 13.299802006335797 14.916698320671731 0.38701728576682576
16 1.38 1.5085 305.26157788944727 10.573031370038413 13.773960931005819 0.9016580127448666
16 1.38 10.0 286.7244054848188 14.865113533905946 15.0 0.0
16 1.4 0.01 320.68625000000003 8.572293613707165 12.153236539624924 0.949645004380797
16 1.4 3.007 302.0932638888889 12.395266172506739 14.80184282487219 0.7175563463819691
16 1.42 7.5025 294.3227049312854 14.800031486146096 14.94993241010544 0.0
16 1.42 8.002 292.82912674094706 14.795207774798927 15.0 0.0
16 1.42 9.001 292.31187070887205 14.885023454746136 15.0 0.0
16 1.46 4.5055 303.65893633952254 13.875373641304348 14.94545246277205 0.0
16 1.46 8.002 298.0674579025111 14.811268736616702 15.0 0.0
16 1.46 9.001 295.9946432308699 14.867687184494638 15.0 0.0
16 1.48 1.009 323.4171525423729 10.320794573643411 13.65229434806939 0.9116043489790506
16 1.52 6.004 306.9578922888617 14.4926318337554 15.0 0.0
16 1.52 6.5035 306.24303586497894 14.631827850255247 15.0 0.0
16 1.52 8.5015 303.7854122351059 14.985806138438479 15.0 0.0
16 1.54 0.5095 337.19448101265823 9.597626582278481 12.948539098125316 0.930827972608425
16 1.54 1.009 332.87268175765644 10.515043375394322 13.750124069478908 0.9044378189324006
16 1.54 2.5075 321.6754534351145 12.733664639850327 14.867311519783456 0.6195617438940879
16 1.56 1.009 336.259752151463 10.561884973404256 13.742873076065134 0.9024008900860806
16 1.58 4.5055 317.1618037037037 14.444805852042695 14.949894781144781 0.0
16 1.6 0.01 359.0410101010101 8.600597072419106 12.142521109770808 0.9495321725965178
16 1.62 4.5055 321.4819319066148 14.48743766881363 14.949977490320839 0.0
16 1.62 8.002 315.8180179640718 14.857047608789316 15.0 0.0
16 1.62 9.001 314.4 15.0 15.0 0.0
16 1.64 1.009 348.70721568627454 10.825319069069069 13.884538937764745 0.8910653594771242
16 1.66 1.5085 345.1506403508772 11.878431721194879 14.643486631016042 0.8061976744186046
16 1.66 3.5065 330.19238461538464 14.259354425749818 14.947827584048081 0.0
16 1.66 10.0 319.2 15.0 15.0 0.0
16 1.68 5.5045 323.8894809619238 14.849962444417738 15.0 0.0
16 1.7 1.5085 350.58584 12.045796296296297 14.701093974175036 0.7848864223025296
16 1.7 10.0 324.0 15.0 15.0 0.0
16 1.72 4.006 333.9286594360087 14.47166014820914 15.0 0.0
16 1.72 5.005 330.8119393019727 14.71268359305033 15.0 0.0
16 1.76 4.006 338.5278911392405 14.701292093704247 14.949968480773272 0.0
16 1.78 6.004 335.03605804085913 14.866186704175304 15.0 0.0
16 1.78 6.5035 335.67560585723004 14.853410621761657 15.0 0.0
16 1.78 8.5015 333.6 15.0 15.0 0.0
16 1.8 2.008 356.96268991282693 13.18462927756654 14.919518083924864 0.36336898395721895
16 1.8 7.003 336.0 15.0 15.0 0.0
16 1.82 4.006 344.18229030186257 14.680298594847775 15.0 0.0
16 1.84 7.5025 341.64 14.875 15.0 0.0
16 1.84 8.002 340.8 15.0 15.0 0.0
16 1.84 9.001 340.8 15.0 15.0 0.0
16 1.86 5.5045 345.4021033482731 14.856867928633594 15.0 0.0
16 1.88 3.5065 353.415082278481 14.583626276512176 15.0 0.0
16 1.88 9.5005 345.6 15.0 15.0 0.0
16 1.94 4.5055 354.0485215638855 14.980097678639664 15.0 0.0
16 1.94 9.001 352.8 15.0 15.0 0.0
16 1.96 7.5025 355.2 15.0 15.0 0.0
16 1.98 0.5095 410.11782866556837 10.358867239101718 13.662408462164361 0.9106853866352285
16 1.98 2.008 377.4106323713927 13.79888959390863 14.942547397449156 0.0
16 1.98 2.5075 371.77222916666665 14.459089921807124 14.949477098426748 0.0
16 2.0 5.5045 360.0 15.0 15.0 0.0
18 0.04 5.005 34.48778723404256 2.229618553958363 13.505870145271272 0.0
18 0.06 10.0 35.24 1.88888888889 16.0 0.0
18 0.08 2.008 64.75127777777779 4.531793712319511 8.82769456681351 0.6719740208620348
18 0.08 7.003 40.12 1.88888888889 17.0 0.0
18 0.1 7.5025 45.9 1.88888888889 17.0 0.0
18 0.1 8.002 45.9 1.88888888889 17.0 0.0
18 0.12 6.5035 52.56 2.0 17.0 0.0
18 0.14 1.5085 88.93292 5.71329944938872 9.971099554234769 0.829807005003574
18 0.14 10.0 57.46 1.88888888889 17.0 0.0
18 0.16 0.01 121.10435726795096 9.520945083015723 13.602826988315115 0.9496252191259142
18 0.18 0.01 125.54626619964974 9.535522982268494 13.644097094520044 0.9496434829899087
18 0.2 4.006 82.73803149606299 2.985378390201371 16.94981028667791 0.0
18 0.22 0.01 134.85099788583508 9.558955555559965 13.618043154761905 0.9496313085524327
18 0.24 4.5055 89.97017496860612 2.4166922468680716 17.0 0.0
18 0.28 0.5095 139.2230930232558 8.189239571795818 12.447090464547676 0.929407030919102
18 0.28 1.009 133.13675862068965 7.174672970841437 11.515640449438202 0.9020107002175318
18 0.28 2.5075 125.19476288659794 5.747742751510598 11.494741306191687 0.7323859987154784
18 0.32 4.006 119.39495652173913 3.5072747939761433 16.949908334084693 0.0
18 0.34 1.5085 145.63305325443787 6.78399935022958 11.154361054766733 0.8757955138236828
18 0.36 4.006 130.27616344086022 3.492389486259845 17.0 0.0
18 0.38 6.004 130.60473186458893 2.567156248138545 17.0 0.0
18 0.38 6.5035 129.2604829691517 2.3262514281601194 17.0 0.0
18 0.38 8.5015 127.06409821753364 1.9326340891644098 17.0 0.0
18 0.4 0.01 173.9660934579439 9.528028549384958 13.62242070725483 0.9497133719526912
18 0.42 5.5045 143.5242917570499 2.8743853940721165 17.0 0.0
18 0.44 4.006 154.06779880647912 3.854721985413975 17.0 0.0
18 0.46 7.5025 151.42206620689655 2.1938407833101095 17.0 0.0
18 0.46 8.002 150.99676042701094 2.1063293059682624 17.0 0.0
18 0.46 9.001 150.96308366533864 2.099399931138645 17.0 0.0
18 0.5 5.5045 167.42433244325767 3.205407209610763 17.0 0.0
18 0.52 7.5025 170.177 2.5594907407451455 17.0 0.0
18 0.54 4.006 191.16995419847328 6.075471471470716 16.908948374760993 0.0
18 0.56 4.006 197.06054135338346 6.294816699648357 15.773147023086269 0.2955621301775145
18 0.6 7.5025 194.77983127839067 3.1055086884407936 17.0 0.0
18 0.64 7.5025 205.8334696485623 3.0844042125183844 17.0 0.0
18 0.66 0.5095 229.804875 8.946104508583824 13.03178947368421 0.9399603746397694
18 0.66 2.008 226.085915 7.727064471882016 12.197393048128342 0.8766960124287934
18 0.66 2.5075 225.3546129032258 7.4415036045269956 11.8916416279705 0.8357769238348605
18 0.68 0.01 235.89952100840335 9.548948475293084 13.640765926986399 0.9498253958697092
18 0.7 4.006 233.4063986013986 7.005796519410919 11.996182661434178 0.6235998193315265
18 0.72 7.5025 230.95232838773492 4.219177931638648 17.0 0.0
18 0.76 3.007 249.59757024793387 7.74902333840941 12.21557322730285 0.843060263653484
18 0.78 4.5055 253.34820408163264 7.297560702693678 11.953521126760563 0.6999099747929419
18 0.82 4.5055 263.3211615720524 7.580575312158453 12.099768518518518 0.7694425231705629
18 0.84 0.5095 270.92521033210335 9.311059190028041 13.43162037037037 0.9433249455930359
18 0.84 1.009 270.4676061538462 9.07618795265778 13.233905325443786 0.9360609199370852
18 0.86 6.004 272.7265741935484 7.553683148339309 12.19819397993311 0.7402680380239987
18 0.86 6.5035 272.584119487909 7.448398187212624 11.99637573964497 0.700017998560115
18 0.86 8.5015 272.0851698841699 7.074962534788375 11.988755422088754 0.4436915887850465
18 0.88 0.5095 279.9828623853211 9.402698412694386 13.562645757941294 0.944302232321882
18 0.88 1.009 279.6653962264151 9.253640572388035 13.377805864509606 0.9380616150730239
18 0.9 3.5065 283.23794736842103 8.61306680512675 12.91382645060115 0.9030424665503199
18 0.9 9.5005 282.0402598870057 7.377210884349969 12.188048780487804 0.6548560778629114
18 0.92 5.5045 287.5912722143865 8.386275430356074 12.81625430629502 0.8820619869799037
18 0.96 3.007 297.2097056603773 9.307666181462231 13.50101321585903 0.9331206612896753
18 1.0 0.01 308.8061397318278 9.606724601700602 13.66447504302926 0.9499068285645588
18 1.0 3.007 306.0 9.697955706987688 13.788966872543515 0.9430985626984397
18 1.02 5.5045 310.64597846153845 10.110996394613613 14.019598337950137 0.9393177018859681
18 1.06 6.004 319.4592137030995 11.06285015979819 14.825080906148868 0.9242546809670968
18 1.06 6.5035 319.4125051546392 11.21420894576647 14.88464368706429 0.9211402886207712
18 1.06 8.5015 319.1924923599321 11.643868450425803 15.218102564102564 0.908998088998089
18 1.08 0.01 328.43114606741574 9.584587116303332 13.654113924050632 0.949867653251519
18 1.08 3.007 324.295812173913 10.601120000039888 14.574414348462664 0.9328079016327353
18 1.1 2.008 329.014481981982 10.463689048731942 14.493103448275862 0.9352436086720025
18 1.1 2.5075 328.85576785714284 10.693213325087578 14.616213389121338 0.9323552092211534
18 1.12 0.01 337.9643 9.581087043726612 13.668638431921595 0.9498374766748932
18 1.14 1.5085 338.19827289719626 10.541146384512635 14.492763695829925 0.9347543550596985
18 1.16 4.5055 340.0408741721854 12.431628532931265 15.812196531791907 0.877807917888563
18 1.24 1.009 361.1125121412804 10.618912117730714 14.476097763048882 0.9336821582046793
18 1.26 1.5085 364.2311749174917 11.200736961431172 14.903096574414553 0.9210057348689511
18 1.26 3.5065 359.6482467771639 13.045279747828411 16.042126436781608 0.8357931034482758
18 1.26 9.5005 350.3089315375982 16.214351685953325 16.949495469834247 0.0
18 1.3 8.002 357.23774070543374 16.280378378350342 16.949435713852314 0.0
18 1.3 9.001 356.55500563697854 16.319699326043718 16.949622173860476 0.0
18 1.32 1.5085 376.6875720930233 11.567417417460675 15.160171428571427 0.9129023829431437
18 1.32 3.5065 369.5862712933754 13.683052577877534 16.620428148485537 0.7535561141505248
18 1.36 4.006 374.3003732590529 14.628180354304492 16.872537473233404 0.521887550200803
18 1.38 4.5055 375.7036218274112 15.329571428538472 16.92105811585279 0.15610126582278444
18 1.38 8.002 368.64753333333334 16.463330013250875 16.949951954837548 0.0
18 1.38 9.001 367.40363585434176 16.591264024651803 17.0 0.0
18 1.4 1.009 395.42302658486705 11.27497533054286 14.929996171516079 0.920591738529706
18 1.42 0.01 410.42744680851064 9.564845550949487 13.652618966107497 0.949661733615222
18 1.44 5.5045 381.310111332008 15.996138944556165 16.948783111056482 0.0
18 1.46 0.01 419.8286605504587 9.598974061173193 13.703110674525213 0.949675412904979
18 1.46 3.007 394.1682844036697 14.418533697590204 17.0 1.0
18 1.48 9.5005 379.44 17.0 17.0 0.0
18 1.54 6.004 393.9599019316493 16.62843609509175 17.0 0.0
18 1.54 6.5035 391.74177931034484 16.859263406757883 17.0 0.0
18 1.54 8.5015 391.24177039274923 16.752896830753063 17.0 0.0
18 1.56 3.5065 406.10091 15.49163190493579 16.940440966266436 0.0
18 1.56 9.5005 394.09110333333336 16.805807287791716 17.0 0.0
18 1.6 0.5095 442.5202777777778 10.88706560699275 14.722607213859698 0.9292001189414213
18 1.6 1.009 436.047514450867 12.031461352653858 15.589691714836224 0.8966131133304385
18 1.62 0.01 458.7515 9.588602765860099 14.0 1.0
18 1.62 3.007 417.3092851296044 15.357848568754612 16.935306447230523 0.0
18 1.64 3.5065 417.6107830080367 15.811519468204983 16.946153846153845 0.0
18 1.64 9.5005 403.92 17.0 17.0 0.0
18 1.66 7.5025 408.21234884462154 16.87997872296128 17.0 0.0
18 1.66 8.002 408.19598884266264 16.880751579432104 17.0 0.0
18 1.66 9.001 406.98 17.0 17.0 0.0
18 1.68 4.006 419.5337845117845 16.46276276273297 16.949956462993544 0.0
18 1.7 4.5055 418.7623782234957 16.771823867983244 17.0 0.0
18 1.7 8.002 413.72938994129396 16.988984064667754 17.0 0.0
18 1.7 9.001 413.1 17.0 17.0 0.0
18 1.72 1.5085 450.31717565217394 13.660849579999043 16.539585635359117 0.7719348659003831
18 1.74 0.5095 472.6588 11.133691077427708 14.848244111349036 0.9239609471235001
18 1.74 2.008 445.4296872180451 14.606310416027204 16.877376397881108 0.4877996312231098
18 1.74 2.5075 439.3039128137384 15.383522573630207 16.935023975673463 0.0
18 1.78 5.5045 429.31592872117403 16.873669552207826 17.0 0.0
18 1.8 4.5055 434.8134771784232 16.87417500928214 17.0 0.0
18 1.84 0.01 512.1007428571429 9.591008230456765 13.693551654287644 0.9493927248436266
18 1.88 7.5025 440.64 17.0 17.0 0.0
18 1.9 0.5095 505.6619230769231 11.4310157790496 14.998503779114607 0.915417406749556
18 1.9 2.008 469.191423690205 15.256302201948554 16.93250040498947 0.0
18 1.9 2.5075 461.52677732793524 15.854615554101342 16.94819891219891 0.0
18 1.94 3.007 458.29744624746445 16.864531544579286 17.0 0.0
18 1.98 6.004 457.8364976008167 16.880660831456964 17.0 0.0
18 1.98 6.5035 455.94 17.0 17.0 0.0
18 1.98 8.5015 455.94 17.0 17.0 0.0
18 2.0 4.006 462.04596451058956 16.877421374572773 17.0 0.0
20 0.04 3.5065 50.398575 3.1756793303283968 8.87400919012062 0.0
20 0.04 9.5005 33.44 1.9 19.0 0.0
20 0.06 4.5055 48.92113196480938 2.389270807141061 17.065751121076232 0.0
20 0.1 0.01 133.09773388773388 10.554989939637826 14.950116171003717 0.9496008466888418
20 0.14 4.5055 77.20784232655922 2.767249474421864 18.938593323999704 0.0
20 0.14 8.002 69.54 1.9 19.0 0.0
20 0.14 9.001 69.54 1.9 19.0 0.0
20 0.16 0.5095 134.4448 8.697630597014925 13.212726098191213 0.9231475077235209
20 0.16 1.009 122.948 7.268656957928802 11.88382530120482 0.8831370074323376
20 0.16 2.5075 109.16979310344827 5.313481392557023 10.968373015873016 0.6711974748471098
20 0.18 0.5095 140.72745222929936 8.774708249496982 13.368641304347825 0.9244058417997096
20 0.18 1.009 129.7955283018868 7.352881646655232 11.937335995436394 0.8873699148533585
20 0.2 1.5085 130.6993457943925 6.60958193979933 11.472722127900395 0.8411607738492327
20 0.22 0.5095 153.0053779527559 8.811632231404959 13.368609625668448 0.9262293630770593
20 0.22 1.009 143.74006315789475 7.566767515923567 12.167757009345793 0.8943990369384781
20 0.24 3.007 137.5733181818182 5.665639931740614 16.642679127725856 0.5717625899280574
20 0.26 4.006 122.46809272727273 3.198390909090909 19.0 0.0
20 0.28 6.004 122.09478896418199 2.179831800580833 19.0 0.0
20 0.28 6.5035 120.8 2.0 19.0 0.0
20 0.28 8.5015 120.8 2.0 19.0 0.0
20 0.3 4.006 138.2596062567422 3.465658036677454 19.0 0.0
20 0.32 1.5085 172.188256 7.235119402985075 12.040794809407947 0.8674803212212768
20 0.34 4.5055 148.62773855243722 2.943596750369276 19.0 0.0
20 0.34 9.001 142.9935655272376 2.0899341707935744 19.0 0.0
20 0.36 1.5085 185.6438769230769 7.436367781155015 12.191373360938577 0.8736965747196119
20 0.4 0.5095 207.72456221198158 9.23042662116041 13.847968885047537 0.9333053221288515
20 0.4 1.009 202.4141095890411 8.292891207153502 12.940371167294243 0.9108287411053447
20 0.42 4.006 182.84504 4.0077655172413795 19.0 0.0
20 0.46 0.01 232.00590515463918 10.553588235294118 14.922616777883698 0.949742182552845
20 0.5 4.006 213.5524667931689 4.698535856573705 18.948825570327614 0.0
20 0.56 1.5085 249.9988527131783 8.311291946308726 12.979930365580701 0.8956812918570445
20 0.6 0.01 270.3658672376873 10.564755102040817 14.924555774925963 0.9497876058205043
20 0.62 4.5055 262.29770135746605 6.884250896057348 14.732140015910899 0.189348249027237
20 0.64 0.01 281.359864 10.582138728323699 14.942034592626309 0.9498299268534962
20 0.66 6.004 266.0726487119438 4.49195550351288 19.0 0.0
20 0.66 6.5035 264.9033225806452 4.148036053130929 19.0 0.0
20 0.66 8.5015 262.0946213768116 3.3219474637681157 19.0 0.0
20 0.68 0.5095 290.3755892857143 9.91297131147541 14.484560906515581 0.9408153119562516
20 0.68 1.009 288.78563950617286 9.39012030075188 13.925719378660554 0.9281718669194966
20 0.68 2.5075 284.96353623188406 8.146833095577746 12.986155988857938 0.8444517032197852
20 0.72 0.01 303.52419370460046 10.582923875432526 14.934791666666666 0.9498570955804928
20 0.74 4.5055 301.2044894259819 7.599655493482309 13.043 0.6178170144462277
20 0.76 5.005 307.1791058020478 7.5711912225705325 12.705408858603066 0.5660765425670397
20 0.8 4.5055 320.16736943907154 8.04227537922987 12.910307147076196 0.7477372483729376
20 0.8 9.001 317.69359173126617 6.837190305206463 12.34237183446572 0.0
20 0.84 6.5035 331.7792618025751 7.80544034090909 12.998086606243707 0.6026936829558998
20 0.86 5.5045 338.52934083601286 8.331685214626392 13.252742044685172 0.7937762929967829
20 0.88 6.5035 344.35446522781774 8.281270783847981 13.0386709367494 0.7723398442835677
20 0.9 7.5025 350.3994012738853 8.394693611473272 13.372552552552552 0.7951450344149459
20 0.92 4.006 357.2736829745597 9.513067961165047 14.004879938032532 0.912449440563114
20 0.96 5.005 368.7765564516129 9.908493975903614 14.454469956033218 0.9262913497258093
20 0.98 4.006 374.48369339622644 10.361646017699115 14.869667994687914 0.9389442449996337
20 0.98 5.005 374.4690415841584 10.326594059405942 14.84510428736964 0.9372808007827199
20 1.0 1.009 380.6105349524122 10.672569721115536 15.058541666666667 0.9466211888291058
20 1.02 4.006 385.7924975922953 11.004202898550725 15.45345471521942 0.9424442295738655
20 1.06 5.5045 396.7610846774194 12.187044609665426 16.38180508881421 0.9278734637355028
20 1.08 1.009 403.6284727272727 10.97637809187279 15.44380551659654 0.9432535494194954
20 1.1 8.5015 405.66057195571955 14.261797153024911 17.86574725076618 0.8493855051509126
20 1.12 0.5095 415.8988510638298 10.9 15.612665198237885 1.0
20 1.12 1.009 414.89525806451616 11.199543147208121 15.601888974556669 0.9415316073809022
20 1.12 2.5075 413.697078125 11.972179054054054 16.12940074906367 0.9296157094594595
20 1.14 8.002 414.5554692442882 15.192635327635326 18.36263862332696 0.7541377784333971
20 1.14 9.001 413.80912328767124 15.66297965116279 18.684456645210147 0.682351820087669
20 1.18 2.008 430.18979009900994 12.2982299270073 16.46608137044968 0.9248218313035633
20 1.18 2.5075 429.3675185185185 12.679301886792452 16.746516276413477 0.9156058534609347
20 1.22 4.5055 435.38076632302403 14.683107511045655 17.96228591401608 0.814749360898077
20 1.24 9.5005 431.15748659003833 17.87909200968523 18.947918880069995 0.0
20 1.26 7.5025 437.6864222797928 17.255394440270475 18.933150168458205 0.0
20 1.26 8.002 436.65726927639383 17.42442060085837 18.943226487720136 0.0
20 1.26 9.001 435.3130975609756 17.74814238952537 18.947685112527072 0.0
20 1.28 4.006 448.95129838709676 15.270819964349377 18.389263466471235 0.754282765737874
20 1.3 0.01 471.5134375 10.62942604856512 14.968427043022992 0.9498329470547512
20 1.3 3.007 456.4397622820919 14.462339791356184 17.887408 0.833429942034779
20 1.32 7.5025 447.5020563380281 17.910809248554912 18.949024345485686 0.0
20 1.32 8.002 446.9782354463131 17.98979944029851 18.9493542799842 0.0
20 1.32 9.001 444.8994293825408 18.37658601500121 19.0 0.0
20 1.34 0.5095 477.9102282282282 11.464101221640489 15.765397011426897 0.9389464815561009
20 1.34 2.008 469.54307490636705 13.663574074074074 17.50279870828848 0.8834801454138702
20 1.34 2.5075 467.3760724137931 14.301604395604397 17.847398345968298 0.8484267006184066
20 1.36 1.5085 477.33085581395346 13.073752093802344 16.971750524109016 0.9061384242833812
20 1.38 0.01 495.0911549295775 10.588531598513011 14.954074247023115 0.9497512737797341
20 1.38 3.007 473.48374770642204 15.216468023255814 18.45656993805021 0.7544275821423309
20 1.4 9.5005 458.9911971603743 18.559595151515154 19.0 0.0
20 1.42 1.009 495.87888492063496 12.548786692759295 16.682686937635744 0.9195918564260903
20 1.44 4.006 478.9848734602464 17.13518587360595 18.913651435084446 0.08271876719867874
20 1.5 0.5095 521.844391634981 11.784250814332248 15.964770604110441 0.9336399108138238
20 1.5 2.008 505.02959595959595 14.831026936026937 17.9831468821214 0.8015833333333332
20 1.5 2.5075 500.6000950570342 15.639635416666666 18.662406319627305 0.6853501982254104
20 1.54 5.5045 489.6757091988131 18.654929691725258 19.0 0.0
20 1.56 7.5025 488.58844881889763 18.79001378070701 19.0 0.0
20 1.58 5.005 497.9036907514451 18.375729064039408 19.0 0.0
20 1.6 6.004 498.74134831460674 18.661921407356637 19.0 0.0
20 1.6 6.5035 496.75753623188405 18.788360220685803 19.0 0.0
20 1.64 7.5025 504.5086347992352 18.885553436768657 19.0 0.0
20 1.66 0.01 578.3428620689656 10.622166301969365 14.952153881594102 0.9495901763300366
20 1.66 3.007 525.542684375 17.28159180977543 18.938036285225667 0.0
20 1.7 3.007 532.6217424242425 17.590297914597816 18.943133508478624 0.0
20 1.72 8.002 516.8 19.0 19.0 0.0
20 1.72 9.001 516.8 19.0 19.0 0.0
20 1.74 6.004 521.34 18.9 19.0 0.0
20 1.74 6.5035 520.6 19.0 19.0 0.0
20 1.74 8.5015 520.6 19.0 19.0 0.0
20 1.76 4.5055 531.9441899518238 18.553867351704813 19.0 0.0
20 1.82 4.5055 541.9793366459627 18.87741598915989 19.0 0.0
20 1.84 1.009 596.1005654885655 14.31500900900901 17.84066572736879 0.8489487040058001
20 1.86 2.008 574.8555655976677 16.8076690647482 18.915383053256843 0.13954568921011837
20 1.9 6.004 551.9 18.9 19.0 0.0
20 1.9 6.5035 551.9 18.894944491628245 19.0 0.0
20 1.9 8.5015 551.9 18.9 19.0 0.0
20 1.92 0.5095 631.8004970414202 12.704516728624535 16.782790331056226 0.9145413526124185
20 1.92 2.008 586.0857067669174 17.010885714285713 18.92127438477162 0.0
20 1.92 2.5075 578.0737797888386 17.962522100884033 18.94727468286356 0.0
20 1.92 7.003 555.72 18.9 19.0 0.0
20 1.94 5.005 559.54 18.9 19.0 0.0
20 1.96 0.5095 641.8587697841726 12.776781818181819 16.822795851013673 0.9130795306388526
20 1.96 1.009 621.8555126903553 14.794945904173106 17.970276080561213 0.8137140941097574
20 1.96 2.5075 582.7017333333333 17.772442936458976 18.948742157706974 0.0
20 1.98 5.5045 567.18 18.9 19.0 0.0
