10 0.04 5.005 14.940103448275861 2.0226134969325154 5.447821350762527 0.0
10 0.06 10.0 14.668199312714776 1.8 7.937725819498478 0.0
10 0.08 2.008 22.46005357142857 3.0640663302090845 5.9057663410969194 0.7242845326716293
10 0.08 7.003 17.488997647058824 1.902786561264822 7.89207019102621 0.0
10 0.1 7.5025 17.1 1.8 9.0 0.0
10 0.1 8.002 17.85031881454872 1.8503188145487202 8.92941002075304 0.0
10 0.12 6.5035 18.72 1.8 9.0 0.0
10 0.14 1.5085 29.351554744525547 3.6792665036674816 6.455830243098475 0.8565292244124989
10 0.14 10.0 20.34 1.8 9.0 0.0
10 0.16 0.01 37.900373873873875 5.489920477137177 7.786239837398374 0.9496510890251638
10 0.18 0.01 39.10412865497076 5.4783592938733126 7.7887988657079195 0.9496586927630783
10 0.2 4.006 31.078306306306306 2.7979861868411486 8.833911310413553 0.0
10 0.22 0.01 41.5888338762215 5.502194174757282 7.791224899598394 0.9497103373363104
10 0.24 4.5055 31.853774436090227 2.428243243243243 8.942122443310067 0.0
10 0.28 0.5095 43.19621325648415 4.899867924528301 7.3672639860139855 0.9341199256887623
10 0.28 1.009 41.86816666666667 4.452550831792976 6.966952658189061 0.9136559084080195
10 0.28 2.5075 39.70648958333333 3.723643368189323 7.617373827601607 0.7788349256900211
10 0.32 4.006 40.303784313725494 2.985725752508361 8.94126374400902 0.0
10 0.34 1.5085 45.513533333333335 4.3104989747095015 7.083097686375321 0.8912288716308816
10 0.34 10.0 36.54 1.8 9.0 0.0
10 0.36 4.006 43.4666 3.104533582089552 8.944605822919437 0.0
10 0.38 6.004 41.003132490213794 2.1945588678109003 9.0 0.0
10 0.38 6.5035 40.843835468990264 2.1431727319323426 9.0 0.0
10 0.38 8.5015 40.22776213454442 1.9444393982401362 9.0 0.0
10 0.4 0.01 52.76837623762376 5.5214849624060145 7.8064020741922615 0.9497664185177371
10 0.42 5.5045 45.20287142857143 2.5527142857142855 8.949977490320839 0.0
10 0.44 4.006 50.55783 3.6225636811832373 8.931745771735125 0.0
10 0.46 7.5025 47.02548985239852 2.0835147601476014 9.0 0.0
10 0.46 8.002 47.10351798561151 2.112414068745004 9.0 0.0
10 0.46 9.001 47.00678341355054 2.0765864494631616 9.0 0.0
10 0.5 5.5045 51.438826530612246 2.575530612244898 9.0 0.0
10 0.52 7.5025 52.01533017377567 2.1730542390731964 9.0 0.0
10 0.54 4.006 58.30239929328622 3.962343685300207 8.900245391429255 0.14308483290488394
10 0.56 4.006 59.800284153005464 4.057491571139582 8.885268809802437 0.28252260008609525
10 0.6 7.5025 58.98573134328358 2.492865671641791 9.0 0.0
10 0.64 7.5025 62.36818300653595 2.6489905591866374 9.0 0.0
10 0.66 0.5095 69.47477519379845 5.340114942528736 7.779888152444076 0.9372075500131861
10 0.66 2.008 68.22921165644172 4.919532246633593 7.7818015665796345 0.8720874904067536
10 0.66 2.5075 67.8900978120978 4.752213302752294 7.90721946115616 0.8280511709481068
10 0.68 0.01 72.09974193548388 5.521947926711668 7.80135214579659 0.9497558181598938
10 0.7 4.006 70.07433566433566 4.527423913043478 8.530242390078918 0.6301154016866398
10 0.72 7.5025 70.02186990077178 3.6195833333333334 8.943555269574642 0.0
10 0.74 7.003 71.79376935571196 3.9550475184794087 8.929224170877744 0.0
10 0.76 3.007 74.6357701863354 4.923628482972136 7.912772817460318 0.8278380332610267
10 0.78 4.5055 75.54890186915888 4.70950799507995 8.09270549809472 0.6882341937897493
10 0.8 10.0 75.83921671018277 3.8370183086312117 8.934726247356465 0.0
10 0.82 4.5055 78.29473504273504 4.856859122401847 7.949294171220401 0.7559736456808198
10 0.84 0.5095 81.95204761904762 5.529059967585089 7.871950434502736 0.9367260164762158
10 0.84 1.009 80.95876657060518 5.4941488451668095 7.8987255058148795 0.9250584532374101
10 0.86 6.004 80.84180914194066 4.849086538461538 8.12001055966209 0.7139694525484811
10 0.86 6.5035 80.75633983286909 4.771668211306765 8.13237896928683 0.678553519768563
10 0.86 8.5015 80.58601875000001 4.540478917230609 8.574821428571429 0.45479228001308447
10 0.88 0.5095 84.56365957446808 5.564847129008203 7.890327943176666 0.9368889393767276
10 0.88 1.009 83.682395280236 5.546158152554233 7.910861368909512 0.9261280028366279
10 0.9 3.5065 83.84498046875 5.343828425096031 7.922008163265306 0.8762290212386751
10 0.9 9.5005 83.37422898401238 4.747041237113402 8.235107847636531 0.6474830795262266
10 0.92 5.5045 84.9169168207024 5.244376731301939 7.943090745732255 0.854245736773065
10 0.96 3.007 87.59823346303502 5.642112274024738 7.985855745721271 0.9112985630654603
10 1.0 0.01 97.08635477582845 5.519437984496124 7.797487339306583 0.949645004380797
10 1.0 3.007 90.0 5.792251497005988 8.019588235294117 0.9234018107449791
10 1.02 5.5045 91.35053036437247 5.977074504442926 8.25527256478999 0.919827793544663
10 1.06 6.004 93.97151181102362 6.372011212333567 8.55340300107181 0.907436410085527
10 1.06 6.5035 93.95479537953796 6.432253521126761 8.600119961612284 0.9059954878736605
10 1.06 8.5015 93.90416553067186 6.6631445312499995 8.692434028418527 0.896149292790828
10 1.08 0.01 103.44440579710145 5.527115956392468 7.794612196566015 0.9495749251202614
10 1.08 3.007 95.37087541345093 6.177133288680509 8.424680704176735 0.9152151795706582
10 1.1 2.008 96.84235772357724 6.122253756260434 8.35945426594927 0.9185982905982906
10 1.1 2.5075 96.7315538290788 6.187866492146597 8.456569938050212 0.9147903885480573
10 1.1 7.003 96.375423966363 6.969786931818182 8.79666951323655 0.8721071209330877
10 1.12 0.01 106.6348 5.537270992366412 7.824929231930553 0.9495107691375602
10 1.14 1.5085 100.2206220735786 6.136367924528302 8.353741760372237 0.9194130161493086
10 1.14 10.0 98.11021943159287 7.985566127497621 8.93095691797846 0.6137427578215525
10 1.16 4.5055 100.18048494208495 6.993707462686567 8.810214074242769 0.8692886832405301
10 1.22 7.003 102.50730156657964 8.145626156693398 8.937358589844777 0.49978991596638633
10 1.24 1.009 107.06604444444444 6.173185714285714 8.39590431315694 0.9210730690912534
10 1.26 1.5085 107.41618468468468 6.427478070175439 8.572641025641026 0.9089831804281345
10 1.26 3.5065 106.11651675977654 7.320340740740741 8.8726543398533 0.8304993389606427
10 1.26 9.5005 103.21335218253968 8.727076528978547 8.94971640620286 0.0
10 1.3 8.002 105.47616899618805 8.64372245663385 8.949524530587523 0.0
10 1.3 9.001 105.08442542787286 8.770407343660356 8.949951954837548 0.0
10 1.32 1.5085 111.06351147842058 6.594925975773889 8.665455640305098 0.9018837934891387
10 1.32 3.5065 109.24630148619957 7.651030195381883 8.905670949119928 0.7627135535307517
10 1.32 10.0 105.55336040609137 8.912578022554419 9.0 0.0
10 1.36 4.006 110.76243072289157 7.990477430555556 8.932899875196265 0.5849850597609559
10 1.38 4.5055 111.04845376712329 8.298446601941746 8.943376932223543 0.28344797936371424
10 1.38 8.002 108.5980239657632 8.946776305285008 8.949987997359418 0.0
10 1.38 9.001 108.22830828909758 8.964707252514557 8.949980492782329 0.0
10 1.4 1.009 116.91977011494252 6.459524281466799 8.590088539104771 0.9089483747609942
10 1.42 0.01 130.47916393442623 5.526147110332749 7.8073780015491865 0.9493173179261061
10 1.44 5.5045 112.56098217179903 8.626475793857365 8.949533700720645 0.0
10 1.46 0.01 133.63641134751774 5.53558608058608 7.818017850502045 0.9492988166580476
10 1.46 3.007 116.82862658227849 7.976420021762785 8.928991990456714 0.6308527131782944
10 1.48 9.5005 112.36444524236984 8.982255935270947 9.0 0.0
10 1.54 6.004 116.45293006993006 8.910584763948497 8.949998499985 0.0
10 1.54 6.5035 115.92789972527473 8.922352667132541 9.0 0.0
10 1.54 8.5015 114.96418818380744 8.982571368817316 9.0 0.0
10 1.56 3.5065 120.13109923664122 8.434401544401544 8.947019930703455 0.0
10 1.56 9.5005 115.7284538532962 8.984498697916667 9.0 0.0
10 1.6 0.5095 131.73617857142858 6.26180924287119 8.454256712508185 0.9200163163451387
10 1.6 1.009 128.96424092409242 6.815831533477321 8.749519086263902 0.8886937358087351
10 1.62 0.01 146.24003921568627 5.530228233305156 7.816790077748982 0.949142560722568
10 1.62 3.007 123.8705785467128 8.30593984962406 8.945154496692883 0.06312535132096643
10 1.64 3.5065 123.70348108108108 8.59083944194845 8.94878311105648 0.0
10 1.64 9.5005 119.19181758957654 8.988519768563163 9.0 0.0
10 1.66 7.5025 120.32790925589836 8.987130226632177 9.0 0.0
10 1.66 8.002 119.7 8.989744331292496 9.0 0.0
10 1.66 9.001 120.08825543478261 8.988617769582735 9.0 0.0
10 1.68 4.006 124.21074516129032 8.741995790950543 8.949813309244204 0.0
10 1.7 4.5055 124.1052311557789 8.94683572567783 9.0 0.0
10 1.7 8.002 122.10448710601719 8.984216108717268 9.0 0.0
10 1.7 9.001 121.86902411347518 8.98881747123352 9.0 0.0
10 1.72 1.5085 133.7539828767123 7.554776758409786 8.901044944487325 0.7853850115889776
10 1.72 10.0 122.4 9.0 9.0 0.0
10 1.74 0.5095 140.5258081632653 6.382028766086298 8.524479315263909 0.9144492351914587
10 1.74 2.008 132.17524444444444 8.04116462976276 8.936453408570992 0.5453627932351335
10 1.74 2.5075 130.35719206349205 8.381131955484896 8.945954797496675 0.014370195150797915
10 1.74 7.003 123.92799517766498 8.986655724579665 9.0 0.0
10 1.76 10.0 124.2 9.0 9.0 0.0
10 1.78 5.5045 126.40855033557047 8.983258500326453 9.0 0.0
10 1.8 4.5055 128.12723651452282 8.971273698724577 9.0 0.0
10 1.82 7.003 127.62372746605594 8.987311967113277 9.0 0.0
10 1.84 0.01 163.26858823529412 5.539671280276816 7.816638592551001 0.9489837771655953
10 1.88 7.5025 129.6 9.0 9.0 0.0
10 1.9 0.5095 150.3449019607843 6.534781954887218 8.620773606370875 0.9068830660930778
10 1.9 2.008 139.40702857142858 8.325993914807302 8.945186963528135 0.14396507447354867
10 1.9 2.5075 137.1007262103506 8.558348409687774 8.948977530153677 0.0
10 1.94 3.007 137.16192757201645 8.786465830974526 8.949888755261576 0.0
10 1.98 6.004 134.1 9.0 9.0 0.0
10 1.98 6.5035 134.1 9.0 9.0 0.0
10 1.98 8.5015 134.1 9.0 9.0 0.0
10 2.0 4.006 137.06049382716049 8.975277015501002 9.0 0.0
12 0.04 3.5065 21.09651851851852 2.4445875163672897 6.1871180347513475 0.0
12 0.04 9.5005 16.908781152713505 1.83333333333 8.905681625261728 0.0
12 0.06 4.5055 23.4365 2.31863017154115 6.9894701179021546 0.0
12 0.1 0.01 48.62824060150376 6.507255447380766 9.236547433903576 0.9496130358546466
12 0.14 4.5055 31.621393501805056 2.2836278586265135 10.86092289719626 0.0
12 0.14 8.002 27.94 1.83333333333 11.0 0.0
12 0.14 9.001 27.94 1.83333333333 11.0 0.0
12 0.16 0.5095 49.64828571428571 5.516202475685558 8.509440698135661 0.927644888213588
12 0.16 1.009 45.95686055776893 4.780747922436443 7.845887743413517 0.8972441430332921
12 0.16 2.5075 41.47655813953488 3.6704946439855366 7.68884479717813 0.7069280815895902
12 0.18 0.5095 51.63625542168675 5.5645377128966675 8.5428623853211 0.9284708810780653
12 0.18 1.009 48.5330511627907 4.866206482590361 7.9009864893845165 0.9002632996230028
12 0.2 1.5085 48.878081395348836 4.453839375628482 7.764074184863895 0.8672586811086332
12 0.2 10.0 35.2 1.83333333333 11.0 0.0
12 0.22 0.5095 55.99066153846154 5.645960076048547 8.617619208657423 0.9305223227312518
12 0.22 1.009 53.30525203252032 4.9965152701643785 7.983336235417029 0.9056335635828332
12 0.24 3.007 51.08267289719626 3.8614364135379424 10.617378328741966 0.5815465729349735
12 0.26 4.006 46.987428571428566 2.8039688818543813 10.947068724593496 0.0
12 0.28 6.004 44.88 1.83333333333 11.0 0.0
12 0.28 6.5035 46.27684045755569 2.1566760318447282 11.0 0.0
12 0.28 8.5015 44.88 1.83333333333 11.0 0.0
12 0.3 4.006 51.486715017064846 2.768786054676951 10.949151870156813 0.0
12 0.32 1.5085 63.24364081632653 4.903217200249163 8.21761932822628 0.8826350257024153
12 0.32 10.0 49.72 1.83333333333 11.0 0.0
12 0.34 4.5055 55.25788360204483 2.620346405231165 10.949989498004621 0.0
12 0.34 9.001 52.14 1.83333333333 11.0 0.0
12 0.36 1.5085 67.77402083333334 5.036817226891492 8.351758014477767 0.8873318461434462
12 0.36 10.0 54.56 1.83333333333 11.0 0.0
12 0.4 0.5095 74.44252100840336 5.920093632957203 8.841234622144112 0.935942964756524
12 0.4 1.009 73.02297640653357 5.445986822400836 8.60620665742025 0.9160310343090332
12 0.42 4.006 67.58728985507247 3.33333333333 11.0 0.0
12 0.44 10.0 64.24 1.83333333333 11.0 0.0
12 0.46 0.01 82.30457185185185 6.512660256410509 9.26012974051896 0.9498057521457611
12 0.5 4.006 78.91757206208426 4.118829162807443 10.940851018525091 0.0
12 0.56 1.5085 89.29895571095571 5.567681159421643 8.811108207004704 0.8973074553296364
12 0.56 10.0 79.15540740740741 1.983108866441862 11.0 0.0
12 0.6 0.01 95.51892857142857 6.537794052375367 9.266782522343595 0.9498208640674394
12 0.62 4.5055 92.85686021505376 4.664111579937647 10.894512658227848 0.0
12 0.64 0.01 99.51599999999999 6.523721227621958 9.273904480551453 0.949780040978667
12 0.66 6.004 94.49281658878505 3.6112682832970675 10.947690038290126 0.0
12 0.66 6.5035 94.28924184782609 3.5120026525201338 10.948357811241246 0.0
12 0.66 8.5015 92.76820602789024 2.7687284450434855 11.0 0.0
12 0.68 0.5095 102.59389655172413 6.3003758169914486 9.102073459715639 0.9387129987129987
12 0.68 1.009 102.01617094017094 6.064290742697519 8.979887999999999 0.923720823798627
12 0.68 2.5075 100.8925037037037 5.527412935323931 8.92626957759848 0.8363734537600628
12 0.7 7.003 98.6697997032641 3.4825578532739003 10.949678451737569 0.0
12 0.72 0.01 107.77731428571428 6.53093033509762 9.29462829736211 0.9497906311191444
12 0.74 4.5055 106.03672 5.250648556045006 9.862689969604862 0.614724919093851
12 0.76 5.005 107.99101226492232 5.223055555556633 10.156528340080971 0.5531635388739945
12 0.8 4.5055 112.2896953872933 5.481687358916112 9.343501529051988 0.7179864636209813
12 0.8 9.001 111.19832340425532 4.662858156031626 10.898846877465559 0.0
12 0.84 6.5035 116.10789579831933 5.3931577480469155 9.377326968973746 0.6088476883360712
12 0.86 5.5045 118.32054773869346 5.639981214780508 9.11093202522775 0.7583442076265041
12 0.88 6.5035 120.23948980933596 5.638775733686525 9.282158452900811 0.74985742158187
12 0.9 7.5025 122.21863372093023 5.686076153600492 9.147885304659498 0.7594949494949494
12 0.92 4.006 124.54571009174312 6.235652591171399 9.374908256880733 0.8868038576473783
12 0.96 5.005 128.27578521126762 6.439651128700054 9.48489402697495 0.9055051593151151
12 0.98 4.006 130.168387374462 6.641995702393386 9.61475310511966 0.9219124812593703
12 0.98 5.005 130.15842730496453 6.631841016551101 9.604169278996865 0.920077682938525
12 1.0 1.009 132.98034449760766 6.75609452736294 9.64469480889903 0.936629785939698
12 1.02 4.006 133.9993441011236 6.965880654474774 9.772564828938766 0.9286851225878224
12 1.06 5.5045 137.85073345588233 7.49514549121281 9.96459840588596 0.9167898152770844
12 1.08 1.009 141.1007654986523 6.916364605542037 9.72603709126403 0.9334650698602794
12 1.1 8.5015 141.1007230559345 8.644165143208246 10.762747330960854 0.8500764594764774
12 1.12 0.5095 146.30245045045046 6.821409335724253 9.635869880917804 0.9378213019958963
12 1.12 1.009 145.02101395348836 7.02001329787274 9.777839278392785 0.9316926229508197
12 1.12 2.5075 143.80922988505748 7.413337204798886 9.93667847304211 0.9193974272173324
12 1.14 8.002 144.25521225879683 9.141300877895883 10.874655937429495 0.7639903709997167
12 1.14 9.001 144.0300394736842 9.427311233884366 10.901964590318217 0.7013082437275985
12 1.18 2.008 149.61929458128077 7.559695892576233 9.97083234807283 0.915963293500731
12 1.18 2.5075 149.40779087875418 7.762247891455322 10.13147472642001 0.9095315638061119
12 1.18 7.003 147.45538612099642 9.323899138988434 10.899674953349786 0.7053738730776028
12 1.22 4.5055 151.71582911392406 8.907459818307023 10.825293501048218 0.8150782203483856
12 1.24 9.5005 150.17099789473684 10.54900622606344 10.949130142839703 0.0
12 1.26 7.5025 152.44432747603832 10.331753731310583 10.945703023195204 0.0
12 1.26 8.002 152.00576142525176 10.360517019882188 10.948261625380269 0.0
12 1.26 9.001 151.62101779935276 10.520225954813084 10.949226223115822 0.0
12 1.28 4.006 156.534575 9.10377101879535 10.872224777675559 0.7633536845094419
12 1.3 0.01 171.45120879120878 6.557134363853699 9.29291825095057 0.9495367566912922
12 1.3 3.007 159.12253664036078 8.770060882799806 10.797189097103917 0.8360354156419084
12 1.32 7.5025 156.0512936585366 10.623122112235846 10.949460246224756 0.0
12 1.32 8.002 155.82054849498329 10.584797131365814 10.949736119907115 0.0
12 1.32 9.001 155.10925 10.870376419323897 10.949971484316373 0.0
12 1.34 0.5095 167.66086084142395 7.101224707137275 9.80711942890218 0.932393623494098
12 1.34 2.008 163.94709393579072 8.295299553854147 10.618865767207867 0.8800331101993809
12 1.34 2.5075 163.26102610966058 8.648891694728006 10.780263678312458 0.8480397520058351
12 1.34 7.003 157.47191719298246 10.545664221688025 10.949415763756107 0.0
12 1.36 1.5085 166.5207775175644 7.939709401708195 10.361417624521073 0.9002334490602178
12 1.36 10.0 157.14989006486854 10.818623868422016 11.0 0.0
12 1.38 0.01 180.4810796460177 6.538092133855607 9.291289701636188 0.9494219039237702
12 1.38 3.007 165.12876848484848 9.174696279425943 10.882734116653769 0.7517575215966635
12 1.4 9.5005 159.76330927262632 10.857107338791725 11.0 0.0
12 1.42 1.009 173.09209944751382 7.701825110310792 10.063651685393259 0.9128477306002928
12 1.44 4.006 167.1716055923473 10.131332062711568 10.941987469544031 0.16035264483627168
12 1.5 0.5095 182.59989733059547 7.287325145000213 9.878515311848645 0.9277358654179674
12 1.5 2.008 176.51305278174038 8.93641338336333 10.838027210884354 0.8075848533825906
12 1.5 2.5075 174.91887499999999 9.364120126446176 10.900089917276105 0.7045382024463747
12 1.5 7.003 166.80837852494577 10.956596354157986 11.0 0.0
12 1.54 5.5045 170.6064409090909 10.917449232276704 11.0 0.0
12 1.56 7.5025 169.69313136979898 10.98841893882311 11.0 0.0
12 1.58 5.005 173.862302416212 10.959209495831294 10.94995496036512 0.0
12 1.6 6.004 173.86402573529412 10.855170316272737 11.0 0.0
12 1.6 6.5035 173.0686854460094 10.962359981925625 11.0 0.0
12 1.64 7.5025 175.477040327294 10.983200282226255 11.0 0.0
12 1.66 0.01 211.24815584415583 6.569655322863523 9.350608930987821 0.9492432317203154
12 1.66 3.007 183.49280714285715 10.275934002024806 10.946528713506577 0.0
12 1.68 10.0 176.88 11.0 11.0 0.0
12 1.7 3.007 185.647876943881 10.31449633001723 10.947925388989564 0.0
12 1.72 8.002 180.13295057983945 10.987444253598404 11.0 0.0
12 1.72 9.001 179.52 11.0 11.0 0.0
12 1.74 6.004 181.2623698171517 10.990567949020784 11.0 0.0
12 1.74 6.5035 182.94607766564283 10.967130122661356 11.0 0.0
12 1.74 8.5015 180.84 11.0 11.0 0.0
12 1.76 4.5055 185.57566986155484 10.966435073297621 11.0 0.0
12 1.82 4.5055 189.2268013722127 10.850814536311015 11.0 0.0
12 1.84 1.009 208.9008701754386 8.63644578313526 10.761559370529328 0.850345694531741
12 1.86 2.008 200.92245227272727 10.103313386545485 10.941383554899064 0.17079601990049714
12 1.86 7.003 188.76 11.0 11.0 0.0
12 1.9 6.004 192.57654613466335 10.98682179736283 11.0 0.0
12 1.9 6.5035 191.4 11.0 11.0 0.0
12 1.9 8.5015 191.4 11.0 11.0 0.0
12 1.92 0.5095 221.27719402985076 7.83333333333 10.21015678254942 1.0
12 1.92 2.008 205.008204238921 10.083659445625862 10.942919278057468 0.05782928208027093
12 1.92 2.5075 201.51834736842105 10.584618291778073 10.94924168595444 0.0
12 1.92 7.003 192.72 10.991428821210501 11.0 0.0
12 1.94 5.005 195.67354449116903 10.940834220790439 11.0 0.0
12 1.96 0.5095 224.87796843615496 7.846560480144668 10.267384615384614 0.9086339217191097
12 1.96 1.009 218.1593777777778 8.854804469270839 10.824742376445846 0.8181451172940534
12 1.96 2.5075 203.33201819836214 10.516403823181298 10.949719440086882 0.0
12 1.98 5.5045 197.46480181818183 10.98910696312345 11.0 0.0
14 0.0 4.006 14.06220930232558 2.0088870431895463 4.929079878665318 0.0
14 0.0 5.005 13.422687911326637 1.9175268444735842 4.8812111292962355 0.0
14 0.02 4.006 21.071617021276595 2.2557467844527443 5.927985889467495 0.0
14 0.04 7.5025 21.45846117647059 1.8843613404542194 10.14043321299639 0.0
14 0.06 3.007 33.34610810810811 3.0127084680028395 7.672653236176596 0.05462280204197349
14 0.1 0.5095 57.727095435684646 6.157012789943619 9.561596670450246 0.9215227422544495
14 0.1 1.009 51.49666666666666 5.134156820625669 8.697492375465943 0.8792246376811593
14 0.14 3.007 50.62608633093525 3.7107779512076986 12.014370195150798 0.40581105169340437
14 0.16 6.004 40.04 1.85714285714 13.0 0.0
14 0.16 6.5035 40.04 1.85714285714 13.0 0.0
14 0.16 8.5015 40.04 1.85714285714 13.0 0.0
14 0.18 6.004 45.01226580593638 2.134541081176276 13.0 0.0
14 0.18 6.5035 43.42 1.85714285714 13.0 0.0
14 0.18 8.5015 43.42 1.85714285714 13.0 0.0
14 0.2 4.5055 49.64645634629494 2.365438633264262 13.0 0.0
14 0.2 9.001 46.8086884272997 1.8586943620149778 13.0 0.0
14 0.22 6.004 51.71250815550255 2.1378220065050546 13.0 0.0
14 0.22 6.5035 50.597471834913556 1.9336029001659893 13.0 0.0
14 0.24 5.005 55.939927346115034 2.3044976214462847 13.0 0.0
14 0.26 1.5085 75.99404 5.301345370858126 8.981153666510975 0.8728971249904675
14 0.26 10.0 56.94 1.85714285714 13.0 0.0
14 0.28 5.5045 62.398035889070144 2.2694515652882234 13.0 0.0
14 0.3 1.5085 82.44125541125541 5.454550016727094 9.101656314699792 0.8793033528857991
14 0.3 10.0 63.7 1.85714285714 13.0 0.0
14 0.32 4.5055 69.02776382179282 2.2663369373481133 13.0 0.0
14 0.32 8.002 67.08 1.85714285714 13.0 0.0
14 0.32 9.001 67.08 1.85714285714 13.0 0.0
14 0.34 3.007 85.65613414634146 4.785129819040869 12.752310893149057 0.5648302872062662
14 0.36 4.5055 76.99810278170675 2.5620765137750676 13.0 0.0
14 0.36 9.001 73.97229509757258 1.8866730128487568 13.0 0.0
14 0.4 6.004 81.11342567743053 1.9793870660544748 13.0 0.0
14 0.4 6.5035 81.07501312335958 1.970241219846924 13.0 0.0
14 0.4 8.5015 81.1083643361129 1.9781819847883477 13.0 0.0
14 0.42 10.0 83.98 1.85714285714 13.0 0.0
14 0.44 4.5055 92.71055097613883 3.2220793306465563 13.0 0.0
14 0.44 9.001 88.02044707040866 2.0256242526557844 13.0 0.0
14 0.46 1.009 108.46887786259542 6.35619601328616 9.861212871287128 0.9178682304242842
14 0.48 0.5095 112.82825735294118 6.900665419004044 10.211390955924442 0.9371032869164874
14 0.48 2.008 109.16249838187701 5.769477852744266 9.700037509377344 0.8552583586626139
14 0.48 2.5075 108.52047422680413 5.534188122924272 10.284873949579831 0.7882479989836106
14 0.48 7.003 96.15871893333333 2.417230476188821 13.0 0.0
14 0.5 10.0 97.5 1.85714285714 13.0 0.0
14 0.52 0.5095 118.60365486725664 6.944467532466422 10.301953727506426 0.9379624804585721
14 0.52 1.009 117.19334505494506 6.5216759776540645 9.971920503738685 0.9204439140811456
14 0.52 2.5075 114.4267238095238 5.680370478133759 9.881512002866355 0.8035710076605774
14 0.54 4.5055 110.16472362685265 3.6896496422441087 12.949866145285005 0.0
14 0.56 4.5055 117.43767164179104 4.890471698111017 12.93256049202881 0.0
14 0.56 8.002 109.80803113367175 2.561049069375163 13.0 0.0
14 0.56 9.001 108.79901603298212 2.2334467639535664 13.0 0.0
14 0.58 0.5095 126.71929842931937 7.049478764479754 10.437384412153236 0.9382955092369775
14 0.58 2.008 124.1249 6.0931342907552 9.933234899328859 0.8630934779037291
14 0.58 2.5075 123.53430769230769 5.883464210206066 9.868206435170435 0.8096070367831848
14 0.58 7.003 114.02853651037663 2.880454595363811 13.0 0.0
14 0.6 0.5095 129.48263492063492 7.094890635682007 10.474308137133416 0.9387895258731499
14 0.6 1.009 128.3932898172324 6.693384569021348 10.022214580467676 0.922741389700088
14 0.6 2.5075 126.3466078184111 5.93464285714155 9.912905075996559 0.8165437534397357
14 0.64 0.5095 135.01121052631578 7.140914652801839 10.55228978978979 0.9389554261436472
14 0.64 1.009 134.117992481203 6.8175346392728935 10.28392670157068 0.9239678846767939
14 0.64 2.5075 132.30989118198875 6.091496598641285 9.961294549266247 0.8212654155495978
14 0.66 5.5045 132.6891294820717 5.161900452490593 12.770237110559691 0.0
14 0.68 6.004 134.41641706161138 4.704604604608696 12.93880301083165 0.0
14 0.68 6.5035 132.30452918287938 3.8132702072176703 12.949417298937785 0.0
14 0.68 8.5015 130.1717698289269 2.8623972450539017 13.0 0.0
14 0.7 4.5055 139.64015006821282 5.680069049177811 10.458791801510248 0.46425586628093835
14 0.72 0.5095 145.87804105571848 7.2495695153036435 10.615407554671968 0.9400941700812306
14 0.72 1.009 145.31219095477385 6.998896690070189 10.465462847654628 0.9266417253521126
14 0.76 3.5065 149.05130656934307 6.220250578781501 9.968405797101449 0.782415143603133
14 0.76 9.5005 144.15543212435233 3.473471502590143 13.0 0.0
14 0.78 4.006 151.66434628975264 6.176649515739666 10.125386779184247 0.7510158350761875
14 0.78 5.005 151.21606896551725 5.938505425661596 10.519985875706213 0.6004075761208342
14 0.8 3.007 154.97634390651086 6.558147412686597 10.168863361547762 0.8531153608883405
14 0.82 4.006 157.48122625698326 6.393049857016386 10.05461432506887 0.8039868281782899
14 0.82 5.005 157.142329218107 6.188224325875517 10.076697641172265 0.710541854810698
14 0.92 10.0 170.98330088495575 6.325110619465529 9.975397472482674 0.7405106647983807
14 0.94 4.006 174.1936279863481 7.245368059885442 10.742828685258964 0.9083324166758332
14 0.94 5.005 174.12920583941604 7.136617552853469 10.65879120879121 0.8976354256233877
14 0.96 1.5085 177.53245584045584 7.601097308490635 10.886275720164608 0.9339083194543579
14 0.96 3.5065 176.86155744680852 7.469254243752961 10.826517119244391 0.9213523971309928
14 0.98 1.5085 180.25941203703704 7.6856987239377315 10.901862992431592 0.93623947972456
14 0.98 10.0 179.38831565656565 7.3449314574283555 10.782525578890684 0.9121031536757725
14 1.0 6.5035 182.0 7.777711388739119 10.955308848080133 0.9358369263935941
14 1.0 9.5005 182.0 7.778221649485625 10.958940957536795 0.9356436790485751
14 1.02 1.5085 185.7422275862069 7.803494715308383 10.966575032341526 0.9373043936202227
14 1.02 10.0 184.7325064102564 8.303184037355436 11.443504171632895 0.929347181008902
14 1.04 4.006 187.4804611111111 8.205432846455018 11.382997858672377 0.9310739837062156
14 1.04 5.005 187.46140980187695 8.302803156142236 11.482701875239188 0.9289344646740288
14 1.08 9.5005 192.13543722943723 9.79398591294955 12.388815548221489 0.8709784796408112
14 1.1 5.5045 195.04297647058823 9.266899414980614 11.965481145163324 0.9006082652513566
14 1.12 6.004 197.34183980582526 9.67490303814183 12.329565567176186 0.8770688892166986
14 1.12 6.5035 197.16042189586116 9.896888053464938 12.514647641234712 0.8657727309333977
14 1.12 8.5015 196.58405158264947 10.433502241305101 12.763017204606854 0.7992411467116357
14 1.14 0.01 208.07728301886792 7.5613689723689355 10.774392097264437 0.9497391514128042
14 1.14 3.007 200.67289082969432 8.895364635362542 11.829998133283555 0.9151288318566045
14 1.16 5.005 202.09113846153846 9.978636809414414 12.55099676724138 0.8587302932700457
14 1.18 8.5015 202.30308016032063 11.501501758387386 12.923780125302969 0.4611380536695762
14 1.2 4.006 207.2396275071633 9.896508379886198 12.499789915966387 0.8632731747333879
14 1.26 0.01 225.98183132530121 7.562874354562359 10.793023255813953 0.9496313085524327
14 1.28 1.5085 219.44045078459345 8.892664640322067 11.832766990291262 0.915340072128816
14 1.28 10.0 209.8554513981358 12.833021694106913 12.949989498004621 0.0
14 1.32 0.01 234.39614285714285 7.563933601610937 10.778752149349055 0.9495917009436244
14 1.32 3.007 221.25827642276423 10.364975247534245 12.728947796389656 0.8210351122087404
14 1.34 6.004 218.18009403669723 12.009234469778967 12.94605101314171 0.0
14 1.34 8.5015 215.8246027972028 12.791187178456022 12.949905322953924 0.0
14 1.36 4.5055 221.98651830985915 11.567500774686357 12.932538654577835 0.3158045977011491
14 1.36 8.002 217.86385396260016 12.623718958852518 12.949951954837548 0.0
14 1.36 9.001 216.66963452914797 12.830441829524696 13.0 0.0
14 1.42 6.5035 224.07324581005585 12.515257953740122 12.949923384310308 0.0
14 1.42 9.5005 221.98347248803827 12.83178879470997 13.0 0.0
14 1.44 1.5085 238.61671708683474 9.56947922595472 12.20062350119904 0.8881859653830672
14 1.44 10.0 223.20998830409357 12.8471319253852 13.0 0.0
14 1.46 3.5065 233.32556751054852 11.624498567322593 12.928415582184426 0.34070411392405037
14 1.46 9.5005 224.96328182546037 12.98861146983922 13.0 0.0
14 1.5 6.004 231.24246389891698 12.67952636969152 13.0 0.0
14 1.5 6.5035 230.67266917293233 12.690739039460087 13.0 0.0
14 1.5 8.5015 229.17523839796567 12.838972832687244 13.0 0.0
14 1.52 2.008 245.0995333333333 10.45366146460437 12.780495192940867 0.7973124163930438
14 1.52 2.5075 242.56316876574306 10.991011118100932 12.88906416400426 0.6571986836692718
14 1.52 7.003 232.22304872881355 12.779383222905109 13.0 0.0
14 1.58 1.5085 254.40582923299567 10.138750668848473 12.607835294117647 0.8419290591805766
14 1.58 3.5065 243.51663488624052 12.04752205745747 12.947107359334835 0.0
14 1.58 10.0 235.23710577167557 12.990651013033162 13.0 0.0
14 1.62 3.5065 247.20447427854452 12.183737205870264 12.947886311049965 0.0
14 1.62 9.5005 238.870068409801 12.99126334715182 13.0 0.0
14 1.66 1.009 267.0451712418301 9.57713882163189 12.248557258791704 0.8858268255925469
14 1.68 4.5055 248.67790057361375 12.64867535329933 13.0 0.0
14 1.68 9.001 244.33214394853238 12.991604372352912 13.0 0.0
14 1.7 5.005 249.03191038897094 12.832343357057841 13.0 0.0
14 1.72 0.01 294.17379047619045 7.605556738345735 10.80726080621661 0.9493881145425282
14 1.72 3.007 257.4168623853211 12.192804154325549 12.947995257262317 0.0
14 1.74 5.5045 251.25362834645668 12.986578353998228 13.0 0.0
14 1.76 3.007 261.04 12.2857142857 13.0 0.0
14 1.78 2.008 270.03461875 11.450693277330647 12.923734785393979 0.45710097719869686
14 1.78 7.003 252.98 12.992581861230912 13.0 0.0
14 1.8 4.006 260.2247704770477 12.831592905398663 13.0 0.0
14 1.8 5.005 256.8714991055456 12.844444190438413 13.0 0.0
14 1.84 6.5035 260.08642943612614 12.839617463319287 13.0 0.0
14 1.88 0.5095 299.51381162324645 8.943641522028244 11.848552608771017 0.9150466384627147
14 1.88 1.009 291.36889105691057 10.15444627422513 12.659091838821844 0.838529354776206
14 1.88 2.5075 273.57913375796176 12.23065229111286 12.948245559557819 0.0
14 1.9 5.5045 264.56653229571987 12.991151659293491 13.0 0.0
14 1.92 6.004 265.72 13.0 13.0 0.0
14 1.92 8.5015 265.72 13.0 13.0 0.0
14 1.94 3.5065 273.6972340896514 12.801976035991391 13.0 0.0
14 1.94 9.5005 267.54 13.0 13.0 0.0
14 1.96 6.004 269.36 13.0 13.0 0.0
14 1.96 6.5035 270.21620965230926 12.986711686568176 13.0 0.0
14 1.96 8.5015 269.36 13.0 13.0 0.0
14 1.98 4.006 274.89033490714513 12.979505939053931 13.0 0.0
14 2.0 4.5055 275.55505050505053 12.98484018845846 13.0 0.0
16 0.0 1.5085 30.108885542168675 3.7636106927710844 7.1422292993630565 0.4695416931890513
16 0.0 10.0 15.0 1.875 4.752488401518346 0.0
16 0.02 1.5085 37.696520547945205 4.062189265536723 7.790237226277372 0.6454584131035949
16 0.02 10.0 20.02 1.875 13.0 0.0
16 0.04 0.01 75.1451214953271 8.515150862068966 12.094444444444443 0.9495566114827033
16 0.06 5.005 36.66653781512605 2.4221403461330446 11.111805555555556 0.0
16 0.08 4.006 45.33831818181818 2.9165513392857143 12.316196205460434 0.0
16 0.1 6.004 38.53161030595813 1.9422727902466057 14.945974068071314 0.0
16 0.1 6.5035 38.742088255733144 1.9904528686646503 14.923622949317203 0.0
16 0.1 8.5015 37.5 1.875 15.0 0.0
16 0.12 0.5095 78.93435294117647 7.017957427536231 10.799067005937236 0.9220949799009067
16 0.12 2.008 63.14355555555555 4.545279811715481 8.742146690518783 0.7427932098765431
16 0.12 2.5075 61.31525 4.2100965177895535 9.411595639246778 0.6384598698481561
16 0.12 7.003 42.0 1.875 15.0 0.0
16 0.14 5.005 47.31275046149789 1.9931323345200422 15.0 0.0
16 0.16 5.5045 51.60493821356616 1.965020567494963 15.0 0.0
16 0.2 3.007 79.36827027027027 4.405762130801688 14.823067940552017 0.20708848715509004
16 0.24 1.5085 94.1228888888889 5.7585046419098145 9.859254105204565 0.8663325046114363
16 0.24 3.5065 77.3032148272957 3.1814558232931724 14.94900562966589 0.0
16 0.24 9.5005 69.0 1.875 15.0 0.0
16 0.26 4.5055 77.9265898331393 2.6227347691113696 15.0 0.0
16 0.26 8.002 74.24 2.0 15.0 0.0
16 0.26 9.001 74.83450536746491 2.1004232039636666 15.0 0.0
16 0.3 4.5055 88.09146149522203 2.8734752670039345 15.0 0.0
16 0.3 8.002 82.5 1.875 15.0 0.0
16 0.3 9.001 82.5 1.875 15.0 0.0
16 0.32 3.007 106.82715384615385 5.141542904290429 14.880317391928767 0.37529985007496225
16 0.34 5.005 96.76261769115442 2.8717078960519737 15.0 0.0
16 0.36 3.007 115.63207518796992 5.383746319921491 14.527177304964539 0.5869392812887235
16 0.38 2.008 122.09748245614034 5.963991724738676 10.394586555621654 0.8321719867082871
16 0.38 2.5075 120.98287573964497 5.712202144559174 10.42906976744186 0.7611150924466102
16 0.38 7.003 102.23938852046649 2.225683169448891 15.0 0.0
16 0.42 4.5055 115.9617296803653 3.2676141552511413 15.0 0.0
16 0.42 9.001 109.5 1.875 15.0 0.0
16 0.44 3.007 132.35815019762848 5.71131825590872 14.399819949585885 0.6199087799315848
16 0.46 6.5035 121.1381772972973 2.485689189189189 15.0 0.0
16 0.48 6.004 127.58305980861245 2.97669706937799 15.0 0.0
16 0.48 8.5015 123.47063598564675 1.9881336503958535 15.0 0.0
16 0.5 4.5055 134.95995535714286 3.7385481712756468 14.9494065507088 0.0
16 0.52 6.004 136.3985341400173 3.020451598962835 15.0 0.0
16 0.52 6.5035 136.37836946564886 3.015200381679389 15.0 0.0
16 0.52 8.5015 133.80330545454544 2.3446107954545456 15.0 0.0
16 0.56 3.007 156.967875 6.207722793487575 11.182096474953617 0.7238276719138358
16 0.58 6.004 149.65473064250412 3.1115269769357496 15.0 0.0
16 0.58 6.5035 149.23938623595507 2.987912570224719 15.0 0.0
16 0.58 8.5015 147.0616883780332 2.339788207747978 15.0 0.0
16 0.6 6.004 155.69219290263877 3.653810282074613 15.0 0.0
16 0.6 6.5035 154.21962073324906 3.1936314791403286 15.0 0.0
16 0.6 8.5015 152.83269433962266 2.7602169811320754 15.0 0.0
16 0.62 5.005 161.77309274193547 4.263880522088353 14.9493080689802 0.0
16 0.64 6.004 164.67097972251867 3.844090181430096 15.0 0.0
16 0.64 6.5035 164.10193511450382 3.646505248091603 15.0 0.0
16 0.64 8.5015 161.35184847250508 2.691614052953157 15.0 0.0
16 0.66 4.006 175.73089602446484 6.22970251293422 11.082735208535402 0.5347012841987714
16 0.68 5.5045 177.90382936010036 5.65446132596685 14.911425838337673 0.0
16 0.72 6.004 186.158895 5.866887827317764 14.827428038931455 0.0
16 0.72 6.5035 185.40905263157896 5.58911717921527 14.932519535203854 0.0
16 0.72 8.5015 180.5503287037037 3.459968171296296 15.0 0.0
16 0.74 5.005 190.85195284030013 6.2926227454909816 11.348168789808916 0.42979815258296244
16 0.76 7.5025 193.27729166666668 5.62472471451876 14.926239157372986 0.0
16 0.76 8.002 190.45259830667922 4.194061618062088 15.0 0.0
16 0.78 1.5085 201.24691758241758 7.744403190319032 11.708810143042912 0.9175839390792662
16 0.78 10.0 193.80671229698376 3.753813805104408 15.0 0.0
16 0.8 5.005 202.80293125810636 6.713717672413793 11.390029850746268 0.6721675845790714
16 0.82 1.5085 208.59886734693876 7.919417293233082 11.777016356457981 0.9218099080502908
16 0.82 10.0 205.23157400722022 5.828862612612612 14.733541167066347 0.0
16 0.86 7.003 213.94048771610557 6.709236174070716 10.955156838143036 0.6427989712816115
16 0.9 0.5095 223.77090534979425 8.498097439544807 12.174294117647058 0.9435514461830251
16 0.9 1.009 223.26271505376346 8.377808277027027 12.039659863945579 0.9372359254377707
16 0.9 2.008 222.79082051282052 8.162610456553756 11.941139784946236 0.9231829285154629
16 0.9 2.5075 222.60526 8.047765456989247 11.868137964302942 0.9153615681495023
16 0.92 4.5055 225.88035318275155 7.803332205683356 11.71819350691096 0.8944859458090655
16 0.94 1.5085 230.12680575539568 8.449324792243766 12.090867579908675 0.9351074598972122
16 0.94 10.0 229.10595198079233 7.303766506602641 11.46335436382755 0.8245394252026529
16 0.96 7.5025 232.94911435523116 7.962332725060827 11.841338797814208 0.9032001393890114
16 0.96 8.002 232.93609264305178 7.920799319727891 11.844405874499332 0.9003825234594465
16 0.96 9.001 232.90051985559566 7.812620336943442 11.765025517862503 0.893481178500671
16 0.98 4.5055 236.56541696113075 8.489499370277079 12.29288409703504 0.9309340295043925
16 0.98 8.002 236.5287513368984 8.303526069518716 11.978130806391675 0.9238358543161358
16 0.98 9.001 236.5167772828508 8.229718819599109 11.995750097924011 0.9210506371086163
16 1.02 4.5055 243.64954054054053 9.011050087873462 12.674577861163227 0.9374338376065168
16 1.02 9.001 243.61271446229912 9.308058002936857 12.847638919393805 0.9334278638760185
16 1.04 1.5085 248.16186 8.892798442906575 12.610756013745704 0.9396669683257918
16 1.04 10.0 247.01843221476508 10.009783568904593 13.394320572149768 0.9189742343218279
16 1.06 7.003 250.49170306748465 10.113770648030496 13.502479037550128 0.9171826086956522
16 1.1 4.006 257.5515147265077 10.055631462333826 13.449608457321848 0.9187134217713616
16 1.12 5.5045 260.2671967871486 10.86686979785969 13.900814132104454 0.8873166114529105
16 1.14 1.009 266.05613574660634 9.155282608695652 12.761032990805841 0.93742444152431
16 1.16 1.5085 268.8610530973451 9.53202868852459 12.931147254284715 0.9312445856194052
16 1.16 3.5065 267.43780441640376 10.597589399744573 13.787530712530712 0.9014195303720353
16 1.16 10.0 263.35399511002447 13.198260781122864 14.922748551564311 0.3372962226640156
16 1.18 5.5045 268.7416343283582 11.858139204545454 14.63158709106985 0.8064002787780229
16 1.2 1.5085 275.7081612903226 9.731494140625 13.02461439588689 0.9278047301394784
16 1.2 10.0 267.91463099631 13.810935408299866 14.942882111034955 0.0
16 1.22 4.006 275.8256305220884 11.557253787878787 14.336768802228413 0.8421087533156498
16 1.22 5.005 274.64882028985505 12.224497703788748 14.738104965430546 0.7638566166052705
16 1.26 1.009 286.78775464684014 9.599428466076697 12.973394803017602 0.9306754845686714
16 1.28 4.5055 282.90575624999997 12.599472402597403 14.848039752005835 0.6768082218343997
16 1.28 8.002 278.19779400749064 14.022954155955441 14.947555066079294 0.0
16 1.28 9.001 277.33265270758125 14.350568181818181 14.949365050431402 0.0
16 1.3 3.5065 287.65826424870465 12.125 15.0 1.0
16 1.3 9.5005 279.03160505836576 14.559178559293239 14.94990381725278 0.0
16 1.32 1.009 297.0455663157895 9.737194730077121 13.13485549132948 0.9265803268578476
16 1.34 5.5045 288.4311983695652 13.648987481590574 14.939747668281397 0.0
16 1.36 3.007 296.8502608695652 12.144513422818791 14.717364761743259 0.7750134989200863
16 1.38 3.5065 297.8239623287671 12.722903806584362 14.870788433211876 0.6301974706012867
16 1.38 9.5005 288.2339661399548 14.983613536259242 15.0 0.0
16 1.44 4.5055 301.5654078947369 13.871343708165996 14.943263208061001 0.0
16 1.44 9.001 294.8163021304067 14.857580476588629 15.0 0.0
16 1.46 7.5025 298.07272717508056 14.729230635031403 15.0 0.0
16 1.48 0.5095 327.07697841726616 9.501158216783217 12.944357764876633 0.9327020915771622
16 1.48 2.008 317.28 11.875 15.0 1.0
16 1.48 2.5075 314.2029633375474 12.46899188514357 14.815160252855717 0.7126874676779864
16 1.5 5.5045 305.58908566721584 14.336427727119217 14.949944439438989 0.0
16 1.54 2.008 325.203861971831 12.17194827586207 14.735570363319054 0.7724952224952224
16 1.54 7.003 306.91093768755513 14.846812001082398 15.0 0.0
16 1.56 0.5095 340.74223389021483 9.645199115044248 12.983721306175234 0.9296780726551622
16 1.56 2.008 327.7661390070922 12.196134478672986 14.758973246565438 0.7537745604963805
16 1.56 2.5075 324.2050624092888 12.784514218009479 14.87675983436853 0.5752548419979611
16 1.58 7.5025 311.44245060018466 14.860213804116395 15.0 0.0
16 1.58 8.002 311.5844616452621 14.982800503591182 15.0 0.0
16 1.58 9.001 309.6 15.0 15.0 0.0
16 1.62 7.5025 316.6522309535218 14.959317027924234 15.0 0.0
16 1.64 0.5095 354.3804923076923 9.790436857562408 13.078636089318044 0.9266965738663852
16 1.64 2.008 338.28222364217254 12.52706043956044 14.831968948482709 0.6770587095524122
16 1.64 2.5075 333.7512264381885 13.20840780809031 14.9169473789117 0.3479264475743346
16 1.66 9.5005 319.2 15.0 15.0 0.0
16 1.68 3.007 334.2655968790637 13.870344602166604 14.946101607217928 0.0
16 1.7 3.5065 333.87159472422064 14.406961190655615 14.949435713852315 0.0
16 1.7 9.5005 324.7 14.875 15.0 0.0
16 1.72 1.009 360.20857978723404 11.146765442404007 13.973043375766148 0.8748159831756046
16 1.74 4.006 336.30089445048964 14.618826471560846 15.0 0.0
16 1.76 5.005 334.45759092970525 14.853581525650252 15.0 0.0
16 1.8 1.5085 364.1434525660964 12.340495986238532 14.789982358870967 0.7256460905349793
16 1.8 10.0 336.0 15.0 15.0 0.0
16 1.82 5.005 340.3240415686275 14.985325244770022 15.0 0.0
16 1.88 6.004 346.48 14.868633689839573 15.0 0.0
16 1.88 6.5035 345.6 15.0 15.0 0.0
16 1.88 8.5015 345.6 15.0 15.0 0.0
16 1.9 4.006 350.83946983546616 14.788011482254698 15.0 0.0
16 1.92 5.5045 350.4 14.993439635355985 15.0 0.0
16 1.94 7.5025 352.8 15.0 15.0 0.0
16 1.94 8.002 352.8 15.0 15.0 0.0
16 1.96 5.5045 355.2 15.0 15.0 0.0
16 1.98 7.003 357.6 15.0 15.0 0.0
18 0.0 4.5055 18.26118318629995 2.029020354033037 6.185784074255007 0.0
18 0.0 8.002 17.0 1.88888888889 4.09810606060606 0.0
18 0.0 9.001 17.0 1.88888888889 4.659106753812636 0.0
18 0.02 4.5055 29.841537313432834 2.314256275122698 7.882707215265354 0.0
18 0.02 8.002 22.78 1.88888888889 17.0 0.0
18 0.02 9.001 23.08 1.88888888889 16.0 0.0
18 0.04 0.5095 78.10463309352518 7.562554862559237 11.79523326572008 0.9142996709173179
18 0.04 1.009 64.34726153846154 5.91899462066488 9.960714285714285 0.8412061737804878
18 0.04 2.5075 45.53387234042553 3.5153742595596573 7.934060773480663 0.1979307025986522
18 0.06 1.5085 62.349555555555554 4.9956797463337725 9.119365284974092 0.7583442076265041
18 0.06 3.5065 50.2101875 3.230492499665822 11.200071123755334 0.0
18 0.06 9.5005 34.34 1.88888888889 17.0 0.0
18 0.08 1.5085 69.30683333333333 5.189692611391222 9.417356687898089 0.783066510477678
18 0.08 10.0 40.12 1.88888888889 17.0 0.0
18 0.12 6.004 51.79249816849817 1.903093203094172 17.0 0.0
18 0.12 8.5015 51.68 1.88888888889 17.0 0.0
18 0.14 3.5065 66.03468271954674 2.8994570349396267 16.93998199495859 0.0
18 0.14 9.5005 57.46 1.88888888889 17.0 0.0
18 0.2 5.005 77.10815342032424 2.2094657528207162 17.0 0.0
18 0.24 7.5025 86.36 1.88888888889 17.0 0.0
18 0.24 8.002 86.36 1.88888888889 17.0 0.0
18 0.24 9.001 86.36 1.88888888889 17.0 0.0
18 0.26 0.01 143.19748034188032 9.54689777778153 13.640383224873464 0.9496693341386079
18 0.26 3.007 117.4022142857143 5.217202638629038 16.91038283686418 0.09810606060606021
18 0.28 2.008 126.93723809523809 6.079147490685161 10.865536105032822 0.8117148666967916
18 0.3 3.007 128.63915254237287 5.440636165572935 16.898092326505655 0.21009478672985749
18 0.32 5.005 113.92244109149277 2.6147779561301228 17.0 0.0
18 0.34 3.5065 126.91993164277838 3.780950657500079 16.949484754803905 0.0
18 0.34 9.5005 115.26 1.88888888889 17.0 0.0
18 0.36 5.005 125.9483956043956 2.741040903543493 17.0 0.0
18 0.42 3.007 161.9917087378641 6.126568524359056 16.114869888475837 0.6082040432534084
18 0.44 5.005 149.94307397260272 3.036324200912879 17.0 0.0
18 0.48 5.5045 162.18005663716815 3.2692428711870813 17.0 0.0
18 0.52 5.5045 173.62728400954654 3.358167594798858 17.0 0.0
18 0.54 5.005 181.13763931623933 3.840009496677763 17.0 0.0
18 0.56 5.005 187.15132094811017 3.9877073101289575 17.0 0.0
18 0.58 5.5045 191.96333261339092 3.8315694744437288 17.0 0.0
18 0.6 5.5045 199.42681681681682 4.334857423792128 16.9496526099565 0.0
18 0.62 1.5085 217.15059016393442 7.85559884560029 12.180495978552278 0.9015243722304284
18 0.62 3.5065 213.50694294294294 6.777405028156719 12.427377300613497 0.6252080053968966
18 0.64 5.5045 210.21079937791603 4.398940998483151 16.948437693354784 0.0
18 0.7 5.005 232.4346329526917 6.637147958773209 11.871815589353611 0.25427293064876927
18 0.72 5.5045 237.21331958762886 6.62652629799122 12.695988023952095 0.10150943396226376
18 0.74 1.5085 246.45728918322297 8.425319567350712 12.731603615667893 0.9157295985438365
18 0.74 3.5065 244.043625 7.371530115970845 11.951948424068767 0.7746179851250844
18 0.76 0.01 253.6494515235457 9.564100847840146 13.624839170836312 0.9498616208411046
18 0.78 8.002 251.34112590799032 6.327841128184899 16.710993584185886 0.0
18 0.78 9.001 247.09756015779092 4.251293008982803 17.0 0.0
18 0.8 1.5085 260.6364646464647 8.662818849981756 12.900458598726114 0.922330956708141
18 0.8 3.5065 258.9406706586826 7.769072749973936 12.323099587507366 0.8276421923474663
18 0.8 9.5005 253.30944801026956 4.7274711168191565 16.947773634568986 0.0
18 0.82 8.002 261.85630947775627 6.7080051232818185 12.67104462474645 0.0
18 0.82 9.001 261.17581419807186 6.324119478494521 16.914317293851532 0.0
18 0.84 2.008 269.7337627118644 8.637866798552913 12.889294274300932 0.9144843509492047
18 0.84 2.5075 269.3921075268817 8.433209570952764 12.799778129952456 0.9020337389055427
18 0.86 4.5055 273.2861088709677 7.958669590643688 12.40124254473161 0.8361160275319567
18 0.88 2.008 279.11773 8.909884927373094 12.978194583751254 0.9228772384433853
18 0.88 2.5075 278.8738583333333 8.727045526904991 12.940118483412322 0.9138923331266791
18 0.9 6.004 282.64735900962864 8.03177108241639 12.642514438027543 0.8396015782889038
18 0.9 6.5035 282.53356241234223 7.909932170543536 12.487677261613692 0.8234801948739673
18 0.9 8.5015 282.2286914600551 7.583535071388398 12.004153605015674 0.7294757344586916
18 0.92 3.007 288.0795021834061 8.93709551656983 13.006647605432452 0.9199817562052907
18 0.94 4.5055 292.48766881720434 8.853377573593434 12.992789901583226 0.913646961297342
18 0.94 8.002 292.11543312883435 8.284839809131439 12.671147919876733 0.8718514531754574
18 0.94 9.001 292.0712462585034 8.171473922900779 12.649543726235741 0.8570215321266191
18 0.96 0.01 299.62118032786884 9.548641588300653 13.658521707929673 0.9499068285645588
18 0.98 0.01 304.2790693069307 9.563603020500588 13.656617647058823 0.9499023114611199
18 0.98 3.007 301.62214375 9.506067133369719 13.67735721527543 0.9384231721284221
18 1.02 3.007 310.6803705179283 9.901898597627733 13.893909071133347 0.9412492509429307
18 1.04 4.5055 315.2086126760563 10.416928341343171 14.410412667946257 0.9358591495093322
18 1.04 8.002 315.0356569767442 10.921911276956399 14.756003159557661 0.9268798806703518
18 1.04 9.001 314.99007011686143 11.08565314157678 14.846323529411764 0.9240960014573276
18 1.06 4.5055 319.6377017208413 10.736335819494716 14.686017209588199 0.9309082618248145
18 1.14 3.5065 336.80918164435946 11.560351292722078 15.109450679267573 0.9112418787943337
18 1.14 9.5005 332.9408224582701 14.217239123301795 16.819777249134948 0.6366470459995638
18 1.16 7.5025 337.4977234042553 13.834952978072932 16.68265422696116 0.7232314845566256
18 1.16 8.002 337.14806191950464 14.184494415031521 16.78494193548387 0.6648501910315703
18 1.16 9.001 336.298895565093 14.56166108724294 16.871436285097193 0.5258321479374108
18 1.18 4.006 344.22080749574104 12.41595310903078 15.803675873273761 0.8777182685253118
18 1.2 4.5055 347.23073943661973 13.009861591694515 16.006734207389748 0.8373316416162404
18 1.2 8.002 343.1548798076923 14.958099559960186 16.906632681642485 0.3584680523479597
18 1.2 9.001 342.48603833865815 15.418416748404347 16.92816257919917 0.040472078295912074
18 1.22 1.5085 355.6962248322148 10.960098522171478 14.76363865758264 0.9266869006773994
18 1.24 0.5095 362.6746172839506 10.125202717497888 13.996249762040739 0.9414432772371149
18 1.24 2.008 358.8554747474747 11.560037878831874 15.154190260475652 0.912315867003367
18 1.24 2.5075 357.9790357142857 11.995240240240715 15.57425837320574 0.896657986111111
18 1.26 6.5035 353.85086853766614 14.894960461074705 16.91524966948032 0.2651234567901231
18 1.28 3.007 364.33168531468533 12.845337571919796 15.959932533733133 0.8504262765861975
18 1.3 7.5025 357.37551861702127 16.04441425120329 16.949027463453422 0.0
18 1.32 9.5005 358.5418904363974 16.591903288068444 17.0 0.0
18 1.34 4.006 371.2016097560975 14.280487225165059 16.82663823590597 0.6151697067651811
18 1.36 5.005 371.1263071823205 15.228465988407235 16.931706617496413 0.0
18 1.38 7.5025 368.9786746381372 16.318674205146763 16.94989478114478 0.0
18 1.4 0.5095 398.7025748502994 10.44620105815802 14.34019656019656 0.9363830680560327
18 1.4 2.008 389.7903787878788 12.746009389696761 15.888057816446814 0.8607951223586402
18 1.4 2.5075 387.113740685544 13.35433216017908 16.40475 0.8044467910360201
18 1.44 3.007 391.21791541609826 14.190183974805478 16.801701368233193 0.6599265456029381
18 1.48 6.004 385.18953449862005 16.39532194023321 16.94998949800462 0.0
18 1.48 6.5035 384.4094148471616 16.525498225518625 17.0 0.0
18 1.48 8.5015 381.3264257767549 16.767969044279326 17.0 0.0
18 1.5 4.006 394.5 15.5555555556 17.0 0.0
18 1.52 5.5045 392.2903170320405 16.45286391038434 17.0 0.0
18 1.56 6.004 397.1657718832891 16.41922130674375 17.0 0.0
18 1.56 6.5035 395.94516693679094 16.641148010386043 17.0 0.0
18 1.56 8.5015 391.68 17.0 17.0 0.0
18 1.58 0.01 449.1599565217391 9.589320007842632 13.660568820224718 0.9495901763300366
18 1.58 3.007 411.7675421686747 15.147391228967752 16.924709761937027 0.12325092056812166
18 1.6 2.008 423.97427737226275 14.004494598764982 16.739984399375974 0.7080063069376312
18 1.6 2.5075 418.97800578034685 14.704151404180989 16.888931094228976 0.4760452687834012
18 1.64 6.004 408.10581530343006 16.87733336107831 17.0 0.0
18 1.64 6.5035 404.47674955123705 16.99097564013107 17.0 0.0
18 1.64 8.5015 404.56 16.883121740917364 17.0 0.0
18 1.68 5.005 416.73332075471694 16.545986997672724 17.0 0.0
18 1.7 7.5025 414.1531837098692 16.88270974679555 17.0 0.0
18 1.72 3.5065 427.7075648535565 16.388646895234537 16.949513827885983 0.0
18 1.72 9.5005 416.16 17.0 17.0 0.0
18 1.76 1.5085 457.0952540381792 13.782065217413098 16.68156285823462 0.7424752781211371
18 1.76 3.5065 433.8222865168539 16.336860540859114 16.94979214363176 0.0
18 1.76 9.5005 422.28 17.0 17.0 0.0
18 1.8 8.002 428.4 17.0 17.0 0.0
18 1.8 9.001 428.4 17.0 17.0 0.0
18 1.82 1.5085 466.14742271293375 14.053750554810426 16.75675715119673 0.6954686643522747
18 1.82 3.5065 441.0608378557247 16.390051921040953 17.0 0.0
18 1.86 4.006 441.6061526980482 16.73793507365405 17.0 0.0
18 1.88 5.5045 443.80609095661265 16.873870732313318 17.0 0.0
18 1.92 4.006 452.6092300683371 16.753301318789905 17.0 0.0
18 1.94 0.01 535.4545842696629 9.653986710966915 13.740684762492288 0.9494172989377845
18 1.98 4.5055 455.94 17.0 17.0 0.0
18 2.0 5.005 461.5144106813996 16.87343845598907 17.0 0.0
20 0.0 0.01 105.70018315018315 10.570018315018315 14.923457711442786 0.9494924088608746
20 0.0 3.007 23.405070202808112 2.340507020280811 5.754024869109948 0.0
20 0.02 3.007 40.321558823529415 3.0191151385927504 7.955002326663564 0.0
20 0.04 6.004 33.44 1.9 19.0 0.0
20 0.04 6.5035 33.44 1.9 19.0 0.0
20 0.04 8.5015 33.44 1.9 19.0 0.0
20 0.06 7.5025 40.66 1.9 19.0 0.0
20 0.06 8.002 40.66 1.9 19.0 0.0
20 0.06 9.001 40.66 1.9 19.0 0.0
20 0.08 4.5055 52.278543365881674 2.304267662263067 18.891122288999217 0.0
20 0.08 8.002 47.88 1.9 19.0 0.0
20 0.08 9.001 47.88 1.9 19.0 0.0
20 0.12 5.5045 65.68760016625104 2.2826818370739814 19.0 0.0
20 0.14 7.5025 69.54 1.9 19.0 0.0
20 0.16 2.008 112.09606896551725 5.763891454965358 10.817866786678668 0.7679660309063064
20 0.18 2.008 119.5747816091954 5.899189944134078 10.959484281172731 0.7778029596053858
20 0.18 2.5075 117.26579220779222 5.529062103929024 12.023473541383987 0.6945197947214075
20 0.2 3.5065 102.28166140904311 3.2168559411146163 18.949207655269092 0.0
20 0.2 9.5005 91.2 1.9 19.0 0.0
20 0.22 2.008 134.48846913580246 6.192032755298651 10.99689325544344 0.7934952298352124
20 0.22 2.5075 132.34276404494383 5.840544135429262 11.471475195822453 0.7082618589182564
20 0.24 0.01 171.5338660508083 10.517991360691145 14.903558371922983 0.9496282640232108
20 0.26 5.005 116.64228540065862 2.411119648737651 19.0 0.0
20 0.3 5.005 131.94522424992266 2.5636034642746677 19.0 0.0
20 0.32 3.5065 148.5136348195329 3.957039748953975 18.949969982589902 0.0
20 0.32 9.5005 134.52 1.9 19.0 0.0
20 0.34 7.5025 142.4 2.0 19.0 0.0
20 0.34 8.002 141.74 1.9 19.0 0.0
20 0.36 3.5065 164.237133640553 4.193017543859649 18.949133247878898 0.0
20 0.36 9.5005 148.96 1.9 19.0 0.0
20 0.38 5.5045 161.92938884866038 2.8273207820419985 19.0 0.0
20 0.4 2.008 196.25506944444444 7.161452991452991 12.049385749385749 0.8237788115880735
20 0.4 2.5075 194.43159891598916 6.819054669703872 11.90885434268334 0.7442534908700321
20 0.42 5.005 176.5116 2.9157931034482756 19.0 0.0
20 0.44 1.5085 211.98802739726028 7.826944444444444 12.674042724707778 0.8841684620195982
20 0.44 3.5065 202.26347368421054 5.923740458015267 18.933779649568915 0.0
20 0.44 9.5005 177.84 1.9 19.0 0.0
20 0.48 4.006 205.79467229254573 4.48358024691358 18.949626741620577 0.0
20 0.5 5.005 208.7319190600522 3.7463838120104436 19.0 0.0
20 0.54 1.5085 243.8754778761062 8.251385826771653 12.96058179877235 0.8941239994918053
20 0.54 3.5065 237.89327413127413 6.883469010175763 18.460963777490296 0.48351409978308
20 0.56 3.5065 244.51902857142858 7.023352668213457 12.792037127503663 0.5763345195729536
20 0.56 9.5005 221.6 2.0 19.0 0.0
20 0.58 4.006 250.21914649681528 6.914682814302192 12.637453416149068 0.35399224806201524
20 0.62 7.5025 247.7315870619946 3.192522911051213 19.0 0.0
20 0.62 8.002 247.02763197969543 3.007271573604061 19.0 0.0
20 0.62 9.001 245.06383692083182 2.4904834002188982 19.0 0.0
20 0.66 4.5055 275.57236538461535 7.132816281628163 13.235546218487395 0.31326740832303224
20 0.68 2.008 285.96090196078427 8.479084880636604 13.377530017152658 0.8834394013567382
20 0.7 1.5085 293.24389277389275 8.959301948051948 13.704083175803403 0.911744770982261
20 0.7 3.5065 289.60528344671206 7.721757754800591 12.76657733537519 0.7222629561739708
20 0.74 7.5025 293.4613442622951 4.7159016393442625 18.949340425531915 0.0
20 0.74 8.002 293.45850101010103 4.71420202020202 18.948591961999938 0.0
20 0.74 9.001 290.7884962063733 3.6878831562974206 19.0 0.0
20 0.76 0.5095 313.27212682926825 10.089005524861879 14.633906727828746 0.9426442754396228
20 0.76 1.009 312.3102355658198 9.685218150087259 14.290518256772673 0.9327672448567971
20 0.78 0.01 319.92012871287125 10.567583025830258 14.940439401255432 0.949867653251519
20 0.78 3.007 315.3313529411765 8.503274193548387 13.311820895522388 0.8567142365887207
20 0.8 7.5025 318.356 7.166082568807339 12.094578313253011 0.0
20 0.8 8.002 318.0702373581011 7.029375 15.925785340314135 0.0
20 0.82 0.01 331.02425 10.5695 14.964841704356106 0.9498887552615755
20 0.82 3.007 327.61740455341504 8.806871880199667 13.575433140826298 0.8775475718169128
20 0.84 6.004 331.9910961038961 7.961517857142857 13.236625194401244 0.6748536870854466
20 0.84 8.5015 331.0270301953819 7.382446996466431 13.358488805970149 0.20708848715509004
20 0.88 6.004 344.5728227848101 8.442791798107256 13.304455760661998 0.8020076027559989
20 0.88 8.5015 343.84824657534244 7.854766248574687 12.836470588235294 0.6269695613249775
20 0.9 5.5045 350.87989312977095 8.852491856677524 13.709032258064516 0.8640538336052201
20 0.92 5.005 357.0403636363637 9.271190839694656 13.943883054215156 0.8962204234122042
20 0.94 0.01 364.94442857142855 10.576748120300751 14.93189276635082 0.9499158603281447
20 0.94 3.007 363.30455279503104 9.977332185886402 14.598256285482563 0.9299852972064692
20 0.96 1.009 369.5152757201646 10.48814360770578 14.92349713740458 0.9442668450091958
20 1.0 0.5095 380.9203557757262 10.661710526315789 14.991487136582304 0.9476654001946808
20 1.0 2.008 380.0 10.663806921675773 15.068454038997213 0.9456445879398624
20 1.0 2.5075 380.0 10.703662921348315 15.102610441767068 0.9454881439084218
20 1.02 5.005 385.7779418416801 11.133257731958762 15.567557715674361 0.941519298245614
20 1.04 0.01 394.2065714285714 10.565706106870229 14.910171125572427 0.94991435526039
20 1.04 3.007 391.5397890625 11.239329501915709 15.638438988640527 0.940578986773147
20 1.08 0.5095 404.33617061611375 10.835777310924371 15.264810562571757 0.9460859157663194
20 1.08 2.008 403.0021650485437 11.37803249097473 15.716428333887595 0.9388411859680024
20 1.08 2.5075 402.85777505112475 11.537583497053046 15.855026861089792 0.9364146192583549
20 1.1 4.5055 407.4084842105263 12.663015873015873 16.75475681453768 0.9159039305716736
20 1.1 9.001 405.4647647058823 14.464288025889967 17.892270977675135 0.8381058766391452
20 1.12 2.008 414.0607095516569 11.729363057324841 15.905611479974299 0.934143353880196
20 1.14 7.5025 414.8536858108108 15.03949263502455 18.284984984984984 0.7841062176165802
20 1.16 0.01 429.84933333333333 10.589823633156966 14.972816618271164 0.9498450242243688
20 1.16 3.007 423.7180080321285 12.799877192982457 16.808817782120176 0.9137184863073976
20 1.2 3.007 433.4831954887218 13.304346938775511 17.030714285714286 0.8975221347761928
20 1.22 8.002 429.7156590604027 17.004339285714284 18.91700941094458 0.02986030267753159
20 1.22 9.001 428.00005764411026 17.242011704462325 18.93802015544234 0.0
20 1.24 6.004 436.38164296081277 16.336970387243735 18.83868563685637 0.5337902097902096
20 1.24 6.5035 435.78829538461537 16.39768456375839 18.8752656787906 0.4151929824561401
20 1.24 8.5015 432.5455494071146 17.576295871559633 18.941402102450514 0.0
20 1.28 5.005 445.9351345826235 16.1542749244713 18.82145688269952 0.5605852886896914
20 1.36 3.5065 466.66354594594594 15.779329411764706 18.715871121718376 0.6680541724756023
20 1.36 9.5005 452.2105653495441 18.653983986747654 19.0 0.0
20 1.4 6.004 464.6855899198167 17.907097472924185 18.948797271973213 0.0
20 1.4 6.5035 463.1461603375527 18.203585337915236 18.949974487498874 0.0
20 1.4 8.5015 460.1063425664217 18.542527586206898 19.0 0.0
20 1.42 0.5095 500.0683466666667 11.628343434343433 15.875341153938233 0.9365574207300825
20 1.42 2.008 487.77016349809884 14.320661764705882 17.84336669699727 0.847817750182615
20 1.42 2.5075 484.6528605108055 14.992175622542595 18.32275497765136 0.7835173399142745
20 1.44 5.005 474.80226315789474 17.5786354679803 18.94480394754272 0.0
20 1.46 0.5095 510.98282608695655 11.687508474576271 15.913706820194863 0.9352033278905217
20 1.46 1.009 506.22703333333334 12.705340659340658 16.77100361412288 0.9152712114279904
20 1.46 2.5075 492.63742024539874 15.316396825396826 18.518155536282162 0.7442534908700321
20 1.48 5.5045 479.3479463487333 18.319165 19.0 0.0
20 1.52 4.006 492.88608250355617 17.4589652870494 18.94270736653948 0.0
20 1.56 5.5045 493.982739789965 18.36268372703412 19.0 0.0
20 1.58 1.009 535.9613333333333 13.178378839590444 16.97429334170854 0.9009861581417453
20 1.6 8.5015 496.0294849944424 18.808120176405733 19.0 0.0
20 1.62 0.5095 554.0849016393443 12.086586715867158 16.249044943820223 0.9287460989269377
20 1.62 1.009 545.4557262357414 13.383035087719298 17.233226666666667 0.8930985825155539
20 1.62 2.5075 523.1710382352942 16.484181818181817 18.87777207392197 0.407500888730892
20 1.64 5.5045 508.2824017278618 18.423650939074665 19.0 0.0
20 1.68 1.5085 549.9462017699115 14.84935763888889 18.077131782945735 0.7937507734191313
20 1.68 3.5065 523.5262734254992 18.033723887375114 18.949335805696567 0.0
20 1.68 9.5005 509.2 19.0 19.0 0.0
20 1.7 0.01 589.8831707317073 10.619609195402298 14.9899278954484 0.9495993226284435
20 1.72 7.5025 517.2602545454545 18.99419551438323 19.0 0.0
20 1.74 4.5055 525.8299684385382 18.752339147841006 19.0 0.0
20 1.76 7.5025 524.4 19.0 19.0 0.0
20 1.76 8.002 524.4 19.0 19.0 0.0
20 1.76 9.001 524.4 19.0 19.0 0.0
20 1.78 4.006 538.4701272949817 18.482756929637528 19.0 0.0
20 1.8 0.01 620.2474468085106 10.629253393665158 14.954907221104405 0.9495000605987153
20 1.8 3.007 549.2882269503546 17.803627954779035 18.948547525699997 0.0
20 1.82 7.5025 535.8 19.0 19.0 0.0
20 1.82 8.002 535.8 19.0 19.0 0.0
20 1.82 9.001 535.8 19.0 19.0 0.0
20 1.84 0.5095 611.6216153846154 12.55776180698152 16.64852249832102 0.9201695564709264
20 1.84 2.008 570.1879204244032 16.715849335302806 18.905777601899487 0.22153199439514212
20 1.84 2.5075 561.61190990991 17.622553035844916 18.943444180522565 0.0
20 1.86 1.5085 586.1103064182195 15.763628088426527 18.724648934412688 0.6423390557939913
20 1.9 4.5055 556.5240301441677 18.781241418120427 19.0 0.0
20 1.94 0.5095 636.6434545454546 12.791791277258568 16.80304410354746 0.9123573644633748
20 1.94 1.009 617.2701178707224 14.685565610859728 17.969495073891625 0.8185015790046825
20 1.96 2.008 592.3850697674418 17.330425079702444 18.936244357738506 0.0
20 1.96 7.003 563.2883396632031 18.98485644194076 19.0 0.0
20 2.0 1.5085 613.2538461538461 16.342548309178742 18.858490405841398 0.46648527528809197
20 2.0 3.5065 578.4089114194237 18.498605739021155 19.0 0.0
