10 0.0 4.006 9.673841142570785 1.9347682285141568 4.365310786106033 0.0
10 0.0 5.005 9.216086956521739 1.8432173913043477 3.983010972661335 0.0
10 0.02 4.006 13.012216666666665 2.0399217877094973 4.8635918617102645 0.0
10 0.04 7.5025 13.701835010060362 1.8 5.821280019806883 0.0
10 0.06 3.007 18.5142119205298 2.509215969215969 5.966494445879618 0.13552904564315316
10 0.1 0.5095 30.501331658291456 4.6012529550827415 6.958451032127891 0.9250584532374101
10 0.1 1.009 27.35131455399061 3.9513163636363635 6.595418060200669 0.8858033573141486
10 0.14 3.007 26.89306227106227 2.9636522399392558 6.933106747230614 0.5295794524414336
10 0.16 6.004 21.96 1.8 8.949804240452957 0.0
10 0.16 6.5035 22.86304230590423 1.9027028604786924 8.946551005355483 0.0
10 0.16 8.5015 22.41970004933399 1.8355500740009867 8.948850698174006 0.0
10 0.18 6.004 23.763440149045177 1.844741499767117 9.0 0.0
10 0.18 6.5035 24.953396026490065 1.992590249754608 8.946828941491738 0.0
10 0.18 8.5015 23.58 1.8 9.0 0.0
10 0.2 4.5055 27.84634989200864 2.2971477079796263 8.94187214452621 0.0
10 0.2 9.001 25.281594827586208 1.8203987068965517 9.0 0.0
10 0.22 6.004 26.89652272727273 1.819621212121212 9.0 0.0
10 0.22 6.5035 28.153028827674568 2.1418022635062997 9.0 0.0
10 0.24 5.005 29.870574925570626 2.1589924585218703 8.94924168595444 0.0
10 0.26 1.5085 39.27588461538461 4.0686144101346 6.888323917137476 0.8827258654658034
10 0.26 10.0 30.06 1.8 9.0 0.0
10 0.28 5.5045 33.691519582245434 2.244313315926893 8.949840495967257 0.0
10 0.3 1.5085 42.51541484716157 4.196340338288057 6.96559944318775 0.8871869500473805
10 0.3 10.0 33.75794813278008 1.9308423236514523 9.0 0.0
10 0.32 4.5055 37.60014631122133 2.4996237507348615 8.948858545566125 0.0
10 0.32 8.002 34.92 1.8 9.0 0.0
10 0.32 9.001 34.92 1.8 9.0 0.0
10 0.34 3.007 43.8798870967742 3.721068616422947 8.77886426960329 0.6398660328435608
10 0.36 4.5055 42.118802721088436 2.8048595505617975 8.947207880649964 0.0
10 0.36 9.001 38.16 1.8 9.0 0.0
10 0.4 6.004 42.442914849667204 2.147638283222401 9.0 0.0
10 0.4 6.5035 42.83567843866171 2.2785594795539033 9.0 0.0
10 0.4 8.5015 41.828646333104864 1.9428821110349555 9.0 0.0
10 0.42 10.0 43.25549322879544 1.8812045616535995 9.0 0.0
10 0.44 4.5055 47.40853201970443 2.7875429372590252 8.949515357121221 0.0
10 0.44 9.001 45.06390762492535 1.9513955803304799 9.0 0.0
10 0.46 1.009 55.03953424657534 4.846011029411764 7.522328314359163 0.9203031607134318
10 0.48 0.5095 57.19968372093024 5.140681265206813 7.645035561877667 0.9377957751735463
10 0.48 2.008 55.577934545454546 4.4644161676646705 7.640022505626407 0.8632058437294813
10 0.48 2.5075 55.10366115702479 4.315052386495926 8.008506841165973 0.8073624595469255
10 0.48 7.003 48.69481586228097 2.1133907162619123 9.0 0.0
10 0.5 10.0 49.74199690402477 1.8967987616099071 9.0 0.0
10 0.52 0.5095 59.79256910569105 5.168470097357441 7.68848810437452 0.9378352168885905
10 0.52 1.009 59.2791301369863 4.935354558610709 7.598575047498416 0.9210132221221743
10 0.52 2.5075 57.97593969849246 4.399480620155039 7.882127808988764 0.8169065143359331
10 0.54 4.5055 57.48315207373272 3.697011980267794 8.939839012416979 0.0
10 0.56 4.5055 59.287158485273494 3.8616198125836676 8.921504262233316 0.0
10 0.56 8.002 55.584770909090906 2.3567140495867767 9.0 0.0
10 0.56 9.001 55.0937732526142 2.1335332966428178 9.0 0.0
10 0.58 0.5095 63.94537068965517 5.254353405725568 7.738948100092678 0.9375346675661494
10 0.58 2.008 62.67841605839416 4.709241101410342 7.680605871330418 0.8669832402234636
10 0.58 2.5075 62.291871794871795 4.54319387755102 7.829137670196672 0.8169869331283627
10 0.58 7.003 57.43787782204515 2.4942275343072153 9.0 0.0
10 0.6 0.5095 65.22044554455447 5.287182962245886 7.743633922577757 0.9378815549178189
10 0.6 1.009 64.73795090715048 5.074318788958148 7.698308080808081 0.9215485996705107
10 0.6 2.5075 63.638702163061566 4.589472372247611 7.838759917719659 0.8216670233254868
10 0.64 0.5095 68.0202491349481 5.321164205039096 7.771811641595814 0.93742444152431
10 0.64 1.009 67.59889411764705 5.151894586894587 7.742737896494157 0.9213672391017173
10 0.64 2.5075 66.57632608695653 4.70936948297604 7.902722772277228 0.8242433828957081
10 0.66 5.5045 66.50692917847026 3.9617691962281096 8.92297703221036 0.0
10 0.68 6.004 67.52216410940626 3.8948840206185564 8.930473051893877 0.0
10 0.68 6.5035 67.40397517730496 3.8084184100418406 8.932913379488005 0.0
10 0.68 8.5015 65.36657676685621 2.604110479285134 9.0 0.0
10 0.7 4.5055 69.88536850921274 4.418882681564246 8.535867446393762 0.5058701452712716
10 0.72 0.5095 73.53843243243243 5.4054 7.830853432282003 0.937590803564742
10 0.72 1.009 72.9621237113402 5.295673400673401 7.8248666798340905 0.9224826752244082
10 0.76 3.5065 74.42206822262119 4.8189145907473305 8.00673420738975 0.781158088235294
10 0.76 9.5005 72.48077094972068 3.39575959933222 8.946989599567443 0.0
10 0.78 4.006 75.67171368861024 4.787352112676056 8.2515940727436 0.7521635687732341
10 0.78 5.005 75.42244995233555 4.594244992295839 8.349453551912568 0.6098548689138575
10 0.8 3.007 77.2669261477046 5.036449598572703 7.940162633875446 0.843045484508899
10 0.82 4.006 78.42044057971015 4.930873440285205 7.905221556886227 0.7880325575480096
10 0.82 5.005 78.25986796116504 4.79244616709733 8.053549119818285 0.709684723915694
10 0.92 10.0 84.75053448275862 4.8748994252873565 8.019588235294117 0.7285504885993485
10 0.94 4.006 86.28933441033926 5.492491408934708 7.974307411053298 0.8928856041131105
10 0.94 5.005 86.23772471324295 5.3981348788198105 7.929494590188232 0.88066017471001
10 0.96 1.5085 88.32921621621621 5.697749360613811 7.974562742105881 0.9241270997405199
10 0.96 3.5065 87.55411147540984 5.594684898929845 7.965188981422165 0.9067945419975394
10 0.98 1.5085 89.66137888198757 5.727939778129952 7.97279394644936 0.9256568089566884
10 0.98 10.0 88.75360143884892 5.535294964028777 7.970122031229497 0.8972504777757228
10 1.0 6.5035 90.0 5.7897963932518905 8.064702581369248 0.9226732857010299
10 1.0 9.5005 90.0 5.82472986748216 8.14043321299639 0.9228772384433853
10 1.02 1.5085 92.36702369668247 5.801390728476821 8.001378070701017 0.9259935171617601
10 1.02 10.0 91.33857625527921 6.132101226993865 8.379486224869694 0.9171167139091948
10 1.04 4.006 92.6941909090909 6.056198830409357 8.325222672064777 0.9179410171828073
10 1.04 5.005 92.68450410958904 6.113306055646481 8.347926447574334 0.9162041226747109
10 1.08 9.5005 95.07780314309348 7.038656575212866 8.816442731277533 0.8643746439905606
10 1.1 5.5045 96.48646279949558 6.726364372469635 8.715871121718378 0.8912785388127853
10 1.12 6.004 97.65015629522432 6.997335907335907 8.800681655106434 0.8704670863449133
10 1.12 6.5035 97.58516056338028 7.0672344497607655 8.826113719353156 0.8612470862470862
10 1.12 8.5015 97.33241253791708 7.479885245901639 8.891913099870298 0.8019370172311348
10 1.14 0.01 108.15260740740742 5.533510540788267 7.821397379912663 0.949474035225998
10 1.14 3.007 99.21663417721518 6.508909710391823 8.62402436273404 0.9033236658932714
10 1.16 5.005 100.07164264443121 7.134692874692875 8.83553384645747 0.8578992241452809
10 1.18 8.5015 100.21342551566082 8.157076818490822 8.938240634379516 0.49539812291855867
10 1.2 4.006 102.60929695697796 7.126876832844575 8.831049163710086 0.8564550856945999
10 1.26 0.01 117.77776666666666 5.530499528746465 7.808917319075807 0.9494265080713679
10 1.28 1.5085 108.69522373300371 6.48953007518797 8.600023998080154 0.9065436806100706
10 1.28 10.0 103.78413833701251 8.875013123359581 8.949977490320839 0.0
10 1.32 0.01 122.47571223021582 5.533448905109489 7.806334753971329 0.9493712029161604
10 1.32 3.007 109.74574328358209 7.371526104417671 8.87888234866652 0.8228610904453182
10 1.34 6.004 108.17978790035588 8.500244008714597 8.947853701270258 0.0
10 1.34 8.5015 107.04053410981697 8.774368111682588 8.949947445869245 0.0
10 1.36 4.5055 110.26807766990291 8.166553719008263 8.940621326018027 0.4280370624571034
10 1.36 8.002 107.93948812877264 8.816644664466446 8.94993241010544 0.0
10 1.36 9.001 107.46322897800776 8.896990111248455 8.949996999879994 0.0
10 1.42 6.5035 111.23946079613992 8.790466030320045 8.949792143631763 0.0
10 1.42 9.5005 109.9535645092156 8.963826370048833 9.0 0.0
10 1.44 1.5085 118.36234989200864 6.891877323420074 8.777149351517583 0.8808137871853546
10 1.44 10.0 110.46683258232235 8.980745147874307 9.0 0.0
10 1.46 3.5065 115.88573904939423 8.214001603849237 8.94076693439477 0.3790238450074513
10 1.46 9.5005 111.58043842965131 8.9741296080714 9.0 0.0
10 1.5 6.004 114.8160110633067 8.779164115533076 8.94997899159664 0.0
10 1.5 6.5035 114.23121939275221 8.93088534107402 9.0 0.0
10 1.5 8.5015 113.4354191688686 8.979736170212766 9.0 0.0
10 1.52 2.008 121.6734558610709 7.5105834683954615 8.893589989146395 0.7950946643717727
10 1.52 2.5075 120.5777320503331 7.852947462154942 8.92240327762 0.6857654600301658
10 1.52 7.003 114.96322571001494 8.977252627269005 8.949941432647545 0.0
10 1.58 1.5085 126.44334664246824 7.2618833333333335 8.860515524311658 0.8400326326902773
10 1.58 3.5065 121.05012554489973 8.507750746905677 8.9475418607579 0.0
10 1.58 10.0 116.3110358778626 8.989146968809012 9.0 0.0
10 1.62 3.5065 122.7202777053455 8.655597222222221 8.94849664719879 0.0
10 1.62 9.5005 118.39207714831318 8.986893406204537 9.0 0.0
10 1.66 1.009 132.72947717842325 6.863503787878788 8.771528444139822 0.8813483306043994
10 1.68 4.5055 123.31689853658536 8.819425785482125 9.0 0.0
10 1.68 9.001 121.0722541747994 8.988289478306692 9.0 0.0
10 1.7 5.005 123.38997873633049 8.930971215572583 9.0 0.0
10 1.72 0.01 154.07929411764704 5.549526315789473 7.820156921352512 0.9490695187165775
10 1.72 3.007 127.80122666666666 8.594988092087853 8.948983777165596 0.0
10 1.74 5.5045 124.67036504854369 8.974538649556981 9.0 0.0
10 1.76 3.007 129.41792192771086 8.701756557618626 8.949392724843626 0.0
10 1.78 2.008 134.16775519630485 8.109071651090343 8.938500424338585 0.4775235109717866
10 1.78 7.003 125.71458949745906 8.987870164841164 9.0 0.0
10 1.8 4.006 129.239299270073 8.940876197233061 9.0 0.0
10 1.8 5.005 127.73492689129053 8.976477312821961 9.0 0.0
10 1.84 6.5035 128.24723368421053 8.988850386326387 9.0 0.0
10 1.88 0.5095 149.008098630137 6.538126626192541 8.615967741935483 0.9078152654867256
10 1.88 1.009 145.01506828811975 7.248623326959847 8.859468802698146 0.839431599229287
10 1.88 2.5075 136.20020952380952 8.569675500270415 8.949002509026375 0.0
10 1.9 5.5045 130.5 8.989960848090591 9.0 0.0
10 1.92 6.004 132.30850849963045 8.987948226617014 9.0 0.0
10 1.92 8.5015 131.4 9.0 9.0 0.0
10 1.94 3.5065 135.0650361111111 8.957874383925187 9.0 0.0
10 1.94 9.5005 132.3 9.0 9.0 0.0
10 1.96 6.004 133.98212140818268 8.987828087343898 9.0 0.0
10 1.96 6.5035 133.74604429301533 8.988762810140237 9.0 0.0
10 1.96 8.5015 133.2 9.0 9.0 0.0
10 1.98 4.006 136.63062540716612 8.93245390070922 9.0 0.0
10 2.0 4.5055 136.47524908232828 8.984145541022592 9.0 0.0
12 0.0 1.5085 18.856941351150706 3.142823558527974 5.855956447480786 0.5393311221669429
12 0.0 10.0 11.0 1.83333333333 3.9919471558397843 0.0
12 0.02 1.5085 23.477293103448275 3.40487843889765 6.27567424643046 0.6813802332250046
12 0.02 10.0 14.580731791907514 1.83333333333 7.0 0.0
12 0.04 0.01 42.73256603773585 6.483576135969147 9.200693333333334 0.949558138127232
12 0.06 5.005 23.01251111111111 2.251134062373385 7.50414762741652 0.0
12 0.08 4.006 27.36454794520548 2.6071337849301695 8.39948596283116 0.0
12 0.1 6.004 23.1 1.83333333333 11.0 0.0
12 0.1 6.5035 24.56813495575221 1.9760500754736956 10.891624943104233 0.0
12 0.1 8.5015 23.269703018500486 1.864759818238126 11.0 0.0
12 0.12 0.5095 44.9984125 5.452948579646668 8.415555555555555 0.9249538475392859
12 0.12 2.008 36.895900990099015 3.6896435874987623 7.119931972789115 0.7618999999999999
12 0.12 2.5075 35.844959183673474 3.43805389221433 7.475493421052631 0.6404099244875943
12 0.12 7.003 25.822787878787878 1.8906795224955177 11.0 0.0
12 0.14 5.005 27.94 1.83333333333 11.0 0.0
12 0.16 5.5045 31.83713913639479 2.071470185059688 10.948514148029162 0.0
12 0.2 3.007 45.980562913907285 3.6908526490089884 10.186975609756097 0.5901893287435455
12 0.24 1.5085 53.905850467289724 4.630928923296074 7.910212264150943 0.8744954819277108
12 0.24 3.5065 50.08464150943396 3.5769031781242284 10.91424234628248 0.0
12 0.24 9.5005 40.28107660794756 1.8862010105125402 11.0 0.0
12 0.26 4.5055 44.46679044585987 2.284524939363799 10.949918870192308 0.0
12 0.26 8.002 42.46 1.83333333333 11.0 0.0
12 0.26 9.001 42.46 1.83333333333 11.0 0.0
12 0.3 4.5055 50.051468982630276 2.4826663452262685 10.949857095580493 0.0
12 0.3 8.002 47.69175957727873 1.926609423160135 11.0 0.0
12 0.3 9.001 47.3 1.83333333333 11.0 0.0
12 0.32 3.007 60.693294117647056 4.156066838049394 10.829945923885317 0.5266401590457255
12 0.34 5.005 55.39777107974056 2.6553669083078253 10.949984995798824 0.0
12 0.36 3.007 65.50704100946372 4.3579013377898 10.702162258756255 0.6309344552701505
12 0.38 2.008 69.12771237458195 4.816414875069976 8.54041450777202 0.843810327054634
12 0.38 2.5075 68.50316721311475 4.634211002536163 9.246682464454976 0.7823014629049111
12 0.38 7.003 58.07184172661871 2.126839173824769 11.0 0.0
12 0.42 4.5055 65.60983868558625 2.920289317505824 10.949968480773272 0.0
12 0.42 9.001 62.06376139130435 1.903379710142995 11.0 0.0
12 0.44 3.007 74.61515476190476 4.6327727099988545 10.511231671554253 0.6605498981670059
12 0.46 6.5035 68.20127244389028 2.3090347049020443 11.0 0.0
12 0.48 6.004 71.91035840978594 2.740499490316384 11.0 0.0
12 0.48 8.5015 70.33252723735409 2.234784370947431 11.0 0.0
12 0.5 4.5055 75.98746921182266 3.3242433353347733 10.949666294204693 0.0
12 0.52 6.004 76.7883893129771 2.829301844780543 11.0 0.0
12 0.52 6.5035 76.08556303837118 2.585264943880588 11.0 0.0
12 0.52 8.5015 74.84457142857143 2.1543650793681666 11.0 0.0
12 0.56 3.007 87.68581250000001 4.980748335085489 10.041024165707709 0.7175084745762711
12 0.58 6.004 83.575889325241 2.7840830655704565 11.0 0.0
12 0.58 6.5035 83.54783830710798 2.7729517091689138 11.0 0.0
12 0.58 8.5015 82.45130872056015 2.33782092085396 11.0 0.0
12 0.6 6.004 86.72145500957242 3.133939587324525 11.0 0.0
12 0.6 6.5035 86.13566556655665 2.889860652729737 11.0 0.0
12 0.6 8.5015 84.95163212435233 2.3965133851447353 11.0 0.0
12 0.62 5.005 92.08573225152129 4.369594782123397 10.935661069291642 0.0
12 0.64 6.004 93.44866193853429 4.053818770227614 10.945989824686476 0.0
12 0.64 6.5035 91.41856838365896 3.212300177621401 10.94993241010544 0.0
12 0.64 8.5015 90.33539253112032 2.710829875520239 11.0 0.0
12 0.66 4.006 97.92665217391304 5.054990949057216 10.126925091671032 0.5502698327037235
12 0.68 5.5045 98.92477460317461 4.665430541543841 10.899299136003867 0.0
12 0.72 6.004 103.15801727115716 4.7853307320684495 10.86847380050505 0.0
12 0.72 6.5035 102.86981669394434 4.6166407263317755 10.924848949409325 0.0
12 0.72 8.5015 100.1069443016281 3.016038274778955 11.0 0.0
12 0.74 5.005 105.95369512195121 5.122793959010007 10.218612283169245 0.4738952020202018
12 0.76 7.5025 107.02796812749004 4.634517813843392 10.905155636487795 0.0
12 0.76 8.002 105.88846814044213 3.86440568475181 10.94734630694383 0.0
12 0.78 1.5085 111.56 6.16666666667 9.46535433070866 1.0
12 0.78 10.0 107.34718780889621 3.32362712794873 10.949840495967257 0.0
12 0.8 5.005 112.14579972183589 5.385450643774533 9.402579218865142 0.6484496941573507
12 0.82 1.5085 115.5259797979798 6.245966729441467 9.250553505535056 0.9148817731474388
12 0.82 10.0 113.10150515463917 4.498658367911453 10.929475733085093 0.0
12 0.86 7.003 118.10737369519833 5.43538052278381 9.452564956695536 0.6426457975986276
12 0.9 0.5095 124.53331932773109 6.573212321233587 9.47102119460501 0.9398910848240046
12 0.9 1.009 123.69452380952382 6.516913275791542 9.468660748745657 0.9315945003078185
12 0.9 2.008 123.03708910891089 6.405396663259939 9.397277441659464 0.9145457342083675
12 0.9 2.5075 122.8879079497908 6.333606557373721 9.369610843900306 0.9045909897532772
12 0.92 4.5055 124.46843873978997 6.1706007751969745 9.315268292682926 0.8801797268152408
12 0.94 1.5085 127.11107792207792 6.604326094452277 9.534698795180722 0.9274148593328106
12 0.94 10.0 126.17743317422435 5.825114291390356 9.09899193548387 0.8116084548434497
12 0.96 7.5025 128.2255992647059 6.269960171567829 9.336865021770683 0.888193466156839
12 0.96 8.002 128.21635365853658 6.233113143632112 9.351933174224344 0.8835534129812058
12 0.96 9.001 128.20476470588235 6.186142533939206 9.32693856998993 0.8773132131026867
12 0.98 4.5055 130.16268579234972 6.642408017575611 9.60174437044085 0.9209345351043643
12 0.98 8.002 130.14193414634144 6.5142712139669925 9.5066112716763 0.9109240553684997
12 0.98 9.001 130.13681444164567 6.473033865098817 9.521834385443743 0.9083273747318629
12 1.02 4.5055 133.9973267776097 6.973232784886728 9.776723768736616 0.9275631274718588
12 1.02 9.001 133.9801804347826 7.162289706304929 9.846443946960564 0.9245119797092259
12 1.04 1.5085 136.97728539325843 6.907544052861587 9.73433970961051 0.9318462482109998
12 1.04 10.0 135.8726232481451 7.632681297712577 10.004955223880597 0.9126559060895084
12 1.06 7.003 137.79111560693642 7.683644859815739 10.143965074473549 0.9103490936474637
12 1.1 4.006 141.6729659498208 7.682260273975312 10.007916666666667 0.9119313077939234
12 1.12 5.5045 143.24881985294118 8.236073825503913 10.576334519572953 0.8843854051054384
12 1.14 1.009 146.99554897494306 7.054235618598406 9.78506628003314 0.9307676331311788
12 1.16 1.5085 148.06356097560976 7.2839133401555864 9.90031779661017 0.9243886948237535
12 1.16 3.5065 147.17337827715355 8.017584480601103 10.435781990521328 0.8968243159588956
12 1.16 10.0 145.09951755725191 9.822415160162025 10.934567368090452 0.4170339279468343
12 1.18 5.5045 148.12124748040313 8.86560926485129 10.831595432959482 0.812139314697926
12 1.2 1.5085 151.7882087781732 7.417814927387751 9.945503763369867 0.920757856701374
12 1.2 10.0 147.59235255135852 10.390285782879115 10.946415252057614 0.0
12 1.22 4.006 151.9734939516129 8.697547743057653 10.77985735041606 0.8415684410646387
12 1.22 5.005 151.28047916666668 9.12326360954926 10.872107120933087 0.7709318306761956
12 1.26 1.009 158.2142463768116 7.3282086374664575 9.90001437194596 0.9247980869015927
12 1.28 4.5055 156.02491183478952 9.39418714555554 10.904857860486358 0.7047998583067657
12 1.28 8.002 153.30283365200765 10.476659891594249 10.948472763247388 0.0
12 1.28 9.001 152.79656975609757 10.7832519531117 10.949629786333826 0.0
12 1.3 3.5065 158.56054361567635 9.061072834646891 10.857790102389078 0.7915061295971978
12 1.3 9.5005 153.76899029126213 10.827337938332509 10.949977490320839 0.0
12 1.32 1.009 163.778 7.466814014406671 9.93968511808072 0.9206560030467486
12 1.34 5.5045 158.83672053462942 10.131169111329081 10.944673858921162 0.0
12 1.36 3.007 163.72170201342283 9.09432593856844 10.859575364394642 0.7790401696937557
12 1.38 3.5065 164.23117581395348 9.543892869328753 10.91534437220642 0.6498529411764704
12 1.38 9.5005 158.05679743975904 10.970818013090778 11.0 0.0
12 1.44 4.5055 166.31574733637746 10.251704892965678 10.947009824182112 0.0
12 1.44 9.001 162.3157737062038 10.956879333531685 11.0 0.0
12 1.46 7.5025 164.1780265506981 10.788616119323468 11.0 0.0
12 1.48 0.5095 180.98528282828283 7.248535007610409 9.867836354565108 0.9284340246468289
12 1.48 2.008 175.15494138543517 8.841445249594251 10.810235682568598 0.8197577592732778
12 1.48 2.5075 173.5150042918455 9.268132008154218 10.893569604086846 0.7239191651482523
12 1.5 5.5045 168.47813812412505 10.915024982138608 10.949966978866474 0.0
12 1.54 2.008 179.41969186046512 9.109418402779966 10.866983240223464 0.7735461956521739
12 1.54 7.003 169.0765878741366 10.825674673753834 11.0 0.0
12 1.56 0.5095 188.43731797235023 7.381709297602181 9.909518796992481 0.9254139443300814
12 1.56 2.008 180.87882758620688 9.154923115082465 10.878899949138995 0.7615593705293275
12 1.56 2.5075 178.97805271317827 9.591192307694131 10.920629553788276 0.6055147928994081
12 1.58 7.5025 170.7608219717302 10.989724667700344 11.0 0.0
12 1.58 8.002 171.30313232040123 10.968000998342484 11.0 0.0
12 1.58 9.001 170.8720293772033 10.977552861948373 11.0 0.0
12 1.62 7.5025 173.87237135098437 10.960737338036907 11.0 0.0
12 1.64 0.5095 195.85284210526316 7.46511591478627 9.940218248750986 0.9233912483912483
12 1.64 2.008 186.77243373493977 9.409589614738561 10.906069657348963 0.6816236867239731
12 1.64 2.5075 184.2321663516068 9.84817757009042 10.935246124558063 0.406234413965087
12 1.66 9.5005 175.56 10.991288235169389 11.0 0.0
12 1.68 3.007 184.86974177215188 10.514757751940936 10.947019930703455 0.0
12 1.7 3.5065 184.42615425250924 10.464624242417168 10.949409622097434 0.0
12 1.7 9.5005 178.2 10.991600649087177 11.0 0.0
12 1.72 1.009 198.96 8.5 11.0 1.0
12 1.74 4.006 185.02513417484806 10.680284664858005 10.949998499985 0.0
12 1.76 5.005 184.34601754385966 10.96247692376214 11.0 0.0
12 1.8 1.5085 201.19168195718655 9.328154801504969 10.893800178412132 0.7246489344126879
12 1.8 10.0 184.8 11.0 11.0 0.0
12 1.82 5.005 186.90348243957703 10.987108027410365 11.0 0.0
12 1.88 6.004 191.47469841269842 10.980804137005812 11.0 0.0
12 1.88 6.5035 190.69733954154728 10.989989789787789 11.0 0.0
12 1.88 8.5015 190.08 11.0 11.0 0.0
12 1.9 4.006 194.91301395348836 10.833073394462184 11.0 0.0
12 1.92 5.5045 194.2093200696344 10.982918255233741 11.0 0.0
12 1.94 7.5025 194.04 11.0 11.0 0.0
12 1.94 8.002 194.04 11.0 11.0 0.0
12 1.96 5.5045 196.69943686502177 10.98221503723741 11.0 0.0
12 1.98 7.003 196.68 10.991449926640128 11.0 0.0
14 0.0 4.5055 13.549046849757673 1.9355781213926648 3.9170992286845943 0.0
14 0.0 8.002 13.0 1.85714285714 4.718689680772086 0.0
14 0.0 9.001 13.0 1.85714285714 3.946295505823526 0.0
14 0.02 4.5055 19.911653631284917 2.0840639709652153 7.437305874409183 0.0
14 0.02 8.002 19.017929411764705 1.932822085888227 5.973249336870026 0.0
14 0.02 9.001 17.216544983416252 1.85714285714 9.0 0.0
14 0.04 0.5095 47.8904 5.998842105263135 9.406605593056895 0.9156827034957251
14 0.04 1.009 40.224109090909096 4.80213293650783 8.023221757322176 0.8478733114275282
14 0.04 2.5075 29.684860215053764 3.041964285715125 6.8325064897606 0.23964416058394128
14 0.06 1.5085 39.469 4.136137820515543 7.607889769724424 0.7665032221910898
14 0.06 3.5065 32.469274509803924 2.8472478134087162 8.718042959427207 0.0
14 0.06 9.5005 23.14 1.85714285714 13.0 0.0
14 0.08 1.5085 43.51655813953489 4.274147933281282 7.785172730051972 0.7964460185637517
14 0.08 10.0 26.52 1.85714285714 13.0 0.0
14 0.12 6.004 34.367203669724766 2.033636959371577 13.0 0.0
14 0.12 8.5015 33.28 1.85714285714 13.0 0.0
14 0.14 3.5065 49.329033898305084 3.4211106639823257 12.836917808219178 0.0
14 0.14 9.5005 36.66 1.85714285714 13.0 0.0
14 0.2 5.005 47.547441074732525 1.99061447763062 13.0 0.0
14 0.24 7.5025 54.199167032338075 1.9772870361533186 13.0 0.0
14 0.24 8.002 53.56 1.85714285714 13.0 0.0
14 0.24 9.001 53.56 1.85714285714 13.0 0.0
14 0.26 0.01 86.51290027700831 7.538908098271934 10.759849857623609 0.949675412904979
14 0.26 3.007 72.51240650406504 4.476876293995397 12.630607269503546 0.5786905965621838
14 0.28 2.008 77.7188932038835 5.017012573852787 8.974119205298013 0.8284405558414821
14 0.28 7.003 60.984381535038935 1.9889645902852817 13.0 0.0
14 0.3 3.007 78.98142405063291 4.6317958246829285 12.75123880597015 0.5485644637053085
14 0.32 5.005 70.59852750992627 2.5963293088099646 13.0 0.0
14 0.34 3.5065 82.37742068965517 4.062392804853789 12.94365449628127 0.0
14 0.34 9.5005 70.46 1.85714285714 13.0 0.0
14 0.36 5.005 77.91106129597198 2.7658618964240236 13.0 0.0
14 0.42 3.007 98.56458088235294 5.153212543556346 10.783318928262748 0.674917105519797
14 0.44 5.005 91.34498832684825 2.8737215119485584 13.0 0.0
14 0.48 5.5045 98.10731107738998 2.952557988293003 13.0 0.0
14 0.52 5.5045 105.3119325605901 3.17617040493872 13.0 0.0
14 0.54 5.005 109.4196375711575 3.4595147736505862 13.0 0.0
14 0.56 5.005 112.83954651162792 3.5453073089710054 12.949881220869042 0.0
14 0.58 5.5045 115.69111044776119 3.445435741863222 12.949953457646458 0.0
14 0.6 5.5045 120.17888888888889 3.905522208881663 12.947197845715191 0.0
14 0.62 1.5085 130.66107012987013 6.459841269840466 9.992000805964134 0.9006675010429703
14 0.62 3.5065 128.417733102253 5.675172689962459 10.85949913644214 0.6474085043367885
14 0.62 10.0 118.99468727272728 2.3137922077884836 13.0 0.0
14 0.64 5.5045 129.71501265822783 5.095386547906441 12.902297907263028 0.0
14 0.66 7.003 128.24388527988944 3.413397176422397 13.0 0.0
14 0.7 5.005 139.3395747126437 5.5583958351727905 12.318323108384458 0.24068337129840514
14 0.72 5.5045 141.9501554054054 5.492473482283758 12.70189590413164 0.0709587513935336
14 0.74 1.5085 147.62735652173913 6.842653449210252 10.37330383480826 0.9126146909243432
14 0.74 3.5065 146.11142199488492 6.140970892381218 9.900351947442514 0.7703320931514399
14 0.74 10.0 140.3413417721519 3.1106273473384207 12.949584076953325 0.0
14 0.76 0.01 152.26664864864864 7.536171356874715 10.768693635660911 0.9497709601591224
14 0.78 8.002 150.04184957789715 5.196597086323283 12.920238323124043 0.0
14 0.78 9.001 147.9624480322906 3.8976935274593925 12.947264673311185 0.0
14 0.8 1.5085 155.81605224963715 7.037462406015787 10.556279251170047 0.9179208115827834
14 0.8 3.5065 154.77179357021998 6.434859280369199 10.178735275883447 0.8204180583988794
14 0.8 9.5005 152.63185324553152 5.021254027927386 12.930825101685066 0.0
14 0.82 8.002 156.40306211180123 5.636526223395314 12.24171974522293 0.09221132897603446
14 0.82 9.001 156.05286933333335 5.376063576660698 12.837916950306331 0.0
14 0.84 2.008 161.07954461538463 7.048172323760754 10.588363766559254 0.9086289128885477
14 0.84 2.5075 160.8820212014134 6.906511056509187 10.558277094084954 0.8936646676023988
14 0.84 7.003 159.5855917525773 5.96553303449551 9.964450056116723 0.5339205816554807
14 0.86 4.5055 163.03140909090908 6.5356246799802316 10.280813287514318 0.8196212121212121
14 0.88 2.008 166.54282424242425 7.207253797576016 10.666873165960222 0.9152970473141231
14 0.88 2.5075 166.39237714285716 7.093227398952806 10.645348058902275 0.9050096888179642
14 0.88 7.003 165.42719115323854 6.248059128862413 10.351517194875253 0.7169327445652173
14 0.9 6.004 168.44434516523867 6.59486947063279 10.25487089201878 0.82379744159002
14 0.9 6.5035 168.3894677137871 6.538170624451071 10.260180485053581 0.8077180433779417
14 0.9 8.5015 168.15922586520946 6.220830080665104 10.182293906810035 0.7021090259159963
14 0.92 3.007 171.68439819004524 7.208712439146786 10.7001495215311 0.9095413839891452
14 0.94 4.5055 174.13528051948052 7.1558491960842625 10.688573252473667 0.9022864513103125
14 0.94 8.002 173.94141375872383 6.809044295683924 10.47733391228832 0.8581773315180394
14 0.94 9.001 173.88783105802048 6.683117991227456 10.426731301939057 0.8408422459893048
14 0.96 0.01 181.25033333333334 7.55031133250412 10.78860349127182 0.9498208640674394
14 0.98 0.01 184.222 7.5670526136570535 10.803861097620203 0.9498269062885698
14 0.98 3.007 179.47014375 7.639694796840447 10.901491092176608 0.9309426144603273
14 1.02 3.007 184.78889165186501 7.927398297065719 11.054189944134079 0.9343250059106313
14 1.04 4.5055 187.47172887650882 8.242304951903835 11.407208333333333 0.9303131663670192
14 1.04 8.002 187.38410834236188 8.607457833775772 11.698056316969847 0.9227485515643105
14 1.04 9.001 187.3577021276596 8.741262939961528 11.751956425077813 0.9194130161493086
14 1.06 4.5055 190.12972638436483 8.480965303352983 11.609308755760368 0.9258980971011915
14 1.1 10.0 194.19992481203008 10.425781671186764 12.759008097165992 0.8080059900933071
14 1.14 3.5065 200.4563651626443 9.123912337664816 11.906072816232552 0.9084381695324946
14 1.14 9.5005 198.23319021739132 11.109228941147107 12.89400279827016 0.6385382780307958
14 1.16 7.5025 200.87382163187854 10.836443932377096 12.865988582455577 0.7186054364342392
14 1.16 8.002 200.66897777777777 10.929043801868206 12.87456160156544 0.6698296354992075
14 1.16 9.001 200.36330057142857 11.292977335152727 12.91194061393776 0.5640334815589849
14 1.18 4.006 204.94647876447877 9.719075025697776 12.357478797224363 0.8764217394528063
14 1.2 4.5055 206.7490929965557 10.218980477235835 12.682533333333334 0.8347183657278857
14 1.2 8.002 204.3991454965358 11.507652652076215 12.927735865417967 0.38316062176165777
14 1.2 9.001 203.82435356200529 11.91386434685468 12.939732417284397 0.05942437923250523
14 1.22 1.5085 211.84100511073254 8.663521677330918 11.673115711252654 0.9229414212400018
14 1.22 10.0 205.04221286735503 12.313842527104006 12.948035792230467 0.0
14 1.24 0.5095 216.8324088888889 7.998178427997669 11.083919902912621 0.9376934579439252
14 1.24 2.008 213.7442019543974 9.058868274583737 11.874912039161694 0.90952174149069
14 1.24 2.5075 213.15117033603707 9.402516411376606 11.993722529020625 0.8949448471478096
14 1.24 7.003 208.5455970009372 11.707808956928442 12.933021218453625 0.2725010912265383
14 1.26 6.5035 210.70925598086126 11.654891428567897 12.935200808677735 0.24446962828649105
14 1.28 3.007 217.0201948579161 10.011321873150996 12.575471217524198 0.8540159411404046
14 1.3 7.5025 213.10340630472854 12.281194145823553 12.948464797006896 0.0
14 1.32 9.5005 213.46613157894737 12.908069498041918 12.949968480773272 0.0
14 1.34 4.006 221.26498428053205 11.128830972245852 12.897961307701726 0.6190399999999998
14 1.36 5.005 221.1795349716446 11.871470180266572 12.938868104460093 0.02360867018160473
14 1.38 7.5025 219.95415197272285 12.45761206960477 12.94969819520734 0.0
14 1.4 0.5095 238.0848076923077 8.272562111797614 11.38097969991174 0.9336795193187696
14 1.4 2.008 232.600416 9.89480519480309 12.507185097575398 0.86064381270903
14 1.4 2.5075 230.79104864864865 10.414202577272425 12.77376136826388 0.8052465529329281
14 1.44 3.007 233.03881555333996 11.087330111774916 12.894705919514815 0.6406425183268649
14 1.48 6.004 229.79277263581488 12.686923446514726 13.0 0.0
14 1.48 6.5035 228.57254631083202 12.676183617953157 13.0 0.0
14 1.48 8.5015 227.31702885821832 12.991243364937965 13.0 0.0
14 1.5 4.006 235.5538043478261 12.079856790727092 12.945251782018854 0.0
14 1.52 5.5045 233.3894423880597 12.782032447035407 12.949900805578935 0.0
14 1.56 6.004 236.4413650254669 12.697957730730895 13.0 0.0
14 1.56 6.5035 235.4965661712668 12.97745692103092 13.0 0.0
14 1.56 8.5015 233.7755799086758 12.985527595424786 13.0 0.0
14 1.58 0.01 272.94873469387755 7.562100150729763 10.785434243176178 0.9494495162415456
14 1.58 3.007 245.65754474370112 11.820371215550734 12.937944001787177 0.1444045174537984
14 1.6 2.008 252.9724347826087 10.886697941854628 12.86404274410637 0.7181772066283394
14 1.6 2.5075 250.1603359462486 11.313023725385122 12.916901829785113 0.5147889374090245
14 1.6 7.003 238.29859468723222 12.82166907880668 13.0 0.0
14 1.64 6.004 243.3861623261694 12.691391483523901 13.0 0.0
14 1.64 6.5035 242.7203254237288 12.749793894113184 13.0 0.0
14 1.64 8.5015 240.8408745664093 12.984005105463426 13.0 0.0
14 1.68 5.005 247.64319414893617 12.827892242861086 13.0 0.0
14 1.7 7.5025 245.7 13.0 13.0 0.0
14 1.72 3.5065 254.9051328125 12.721395992844151 12.949962472605002 0.0
14 1.72 9.5005 247.52 13.0 13.0 0.0
14 1.76 1.5085 272.4964667651403 10.746190476192 12.83967872258561 0.747813587532153
14 1.76 3.5065 259.2655736040609 12.449530369462893 12.949558138127232 0.0
14 1.76 9.5005 251.16 13.0 13.0 0.0
14 1.8 8.002 254.8 12.99274505621526 13.0 0.0
14 1.8 9.001 254.8 13.0 13.0 0.0
14 1.82 1.5085 278.6784648526077 10.924370594136425 12.867900451771419 0.7036450924608818
14 1.82 3.5065 263.26875205855447 12.594215114163122 12.949927897614613 0.0
14 1.82 10.0 256.62 13.0 13.0 0.0
14 1.86 4.006 264.72189316239314 12.816711544499428 13.0 0.0
14 1.88 5.5045 263.71746465935183 12.958699045954653 13.0 0.0
14 1.9 7.003 263.9 13.0 13.0 0.0
14 1.92 4.006 269.4819169054441 12.829055090212568 13.0 0.0
14 1.94 0.01 326.14676000000003 7.589216314330207 10.796227829128153 0.9491735789216882
14 1.98 4.5055 274.26304484304933 12.907281931436358 13.0 0.0
14 2.0 5.005 273.0 13.0 13.0 0.0
16 0.0 0.01 68.33267857142857 8.541584821428572 12.114807930607187 0.9495566114827033
16 0.0 3.007 18.181839809674862 2.272729976209358 5.02386436340371 0.0
16 0.02 3.007 27.89043333333333 2.6842391304347823 6.634237512404896 0.0
16 0.04 6.004 27.023733561058922 1.9843585117939169 11.652135461604832 0.0
16 0.04 6.5035 24.52 1.875 14.0 0.0
16 0.04 8.5015 24.52 1.875 14.0 0.0
16 0.06 7.5025 28.5 1.875 15.0 0.0
16 0.06 8.002 28.5 1.875 15.0 0.0
16 0.06 9.001 29.28 1.875 14.0 0.0
16 0.08 4.5055 41.283891304347826 2.3592097956463793 14.435590924483575 0.0
16 0.08 8.002 33.0 1.875 15.0 0.0
16 0.08 9.001 33.0 1.875 15.0 0.0
16 0.12 5.5045 44.56995587308258 2.2062224206766126 14.948121517726523 0.0
16 0.14 7.5025 46.5 1.875 15.0 0.0
16 0.16 2.008 73.54652 4.905481678486997 9.14494459833795 0.7798573504160612
16 0.16 7.003 51.75599495979839 1.9874992499699988 15.0 0.0
16 0.18 2.008 78.24148799999999 5.017641352549889 9.419925046845721 0.7969914738124237
16 0.18 2.5075 76.45299999999999 4.65595295829292 9.772888474101727 0.7101391304347825
16 0.18 7.003 55.5 1.875 15.0 0.0
16 0.2 3.5065 68.78140818268315 3.1513197424892705 14.94333072659889 0.0
16 0.2 9.5005 60.0 1.875 15.0 0.0
16 0.22 2.008 87.75259322033898 5.2874027777777775 9.827948113207547 0.8110959990932789
16 0.22 2.5075 85.94073015873016 4.9300991189427315 11.300981595092024 0.7209609911267368
16 0.22 7.003 65.73556126778138 2.0730066134265037 15.0 0.0
16 0.24 0.01 110.0081786407767 8.52358870967742 12.106993006993006 0.9496875660337489
16 0.26 5.005 77.10941942604856 2.4846992273730684 15.0 0.0
16 0.3 5.005 86.40177646524307 2.571745797364834 15.0 0.0
16 0.32 3.5065 95.75466985645933 3.410217304625199 14.94982690628857 0.0
16 0.32 9.5005 87.63085612696212 1.9909661998092099 15.0 0.0
16 0.34 7.5025 92.11903999106345 1.9922424225498958 15.0 0.0
16 0.34 8.002 93.40338089195069 2.235488805293691 15.0 0.0
16 0.36 3.5065 106.22850304259634 3.779030460624071 14.948189250520688 0.0
16 0.36 9.5005 96.56160740795178 1.984688946865584 15.0 0.0
16 0.38 5.5045 102.86546355215465 2.351907974224728 15.0 0.0
16 0.4 2.008 126.32116822429907 6.089237720111214 10.55928535480624 0.8377433800623052
16 0.4 2.5075 125.04552462526766 5.783597814776274 11.384235860409145 0.754174041297935
16 0.4 7.003 107.56765239948119 2.4099275832252487 15.0 0.0
16 0.42 5.005 115.69983071161049 3.2111704119850186 15.0 0.0
16 0.44 1.5085 136.00397014925372 6.577342873176207 10.765172166427547 0.8871181848967151
16 0.44 3.5065 129.84271532846716 5.089904438964242 14.939862890131698 0.0
16 0.44 9.5005 115.08847138047139 2.1179623617123617 15.0 0.0
16 0.48 4.006 131.2058355704698 3.8469274328859058 14.949873684210527 0.0
16 0.5 5.005 133.81765027322405 3.4544125683060107 15.0 0.0
16 0.54 1.5085 155.79442271293377 6.917729419703104 10.873127199597787 0.8953735091023226
16 0.54 3.5065 152.10126501766786 5.873113364361702 14.704799858306766 0.4899938800489594
16 0.54 10.0 138.9999314789688 2.5543292062415195 15.0 0.0
16 0.56 3.5065 156.17782278481013 5.9915625 11.467657550535076 0.5851916376306618
16 0.56 9.5005 142.15014223930802 2.2017449543488707 15.0 0.0
16 0.58 4.006 159.51812783505156 5.877628331688055 14.42047983310153 0.3383485510123062
16 0.62 7.5025 157.73307154560348 2.9385103768432552 15.0 0.0
16 0.62 8.002 158.13188719309886 3.0696997345719974 15.0 0.0
16 0.62 9.001 156.17078966346153 2.424601862980769 15.0 0.0
16 0.66 4.5055 175.37575548589342 6.084284922394678 13.000474683544303 0.301466890192791
16 0.68 2.008 181.86510144927536 7.117348710317461 11.01770468859342 0.8799120974133583
16 0.68 7.003 172.72261818181818 3.7197727272727272 15.0 0.0
16 0.7 1.5085 186.3459243697479 7.473806014150943 11.46985195154778 0.9086088720732576
16 0.7 3.5065 184.17268656716416 6.586444591029023 10.839420731707317 0.7220777055194263
16 0.7 10.0 174.4775499714449 2.6989791547687036 15.0 0.0
16 0.74 7.5025 189.29711142061282 5.599072498298162 14.901191605406687 0.0
16 0.74 8.002 186.32218398268398 4.188275401069519 14.9484265247393 0.0
16 0.74 9.001 185.21260324324322 3.6599054054054054 15.0 0.0
16 0.76 0.5095 198.73749565217392 8.250714904679375 11.907941550190596 0.9416339823504692
16 0.76 1.009 198.20458888888888 7.974361768368618 11.802996760259179 0.9305020431990659
16 0.78 0.01 203.05054166666667 8.554920435510887 12.173599523241954 0.9498374766748932
16 0.78 3.007 200.11013729128015 7.174745508982036 11.311761426978817 0.8493582791033983
16 0.8 7.5025 201.7940163098879 6.110228473322768 10.897098295248458 0.0
16 0.8 8.002 201.67708097928437 6.039311770428015 14.55988909426987 0.0
16 0.82 0.01 210.3207857142857 8.55790412044374 12.11679340937896 0.9498480426082508
16 0.82 3.007 207.69574129353234 7.406217362924282 11.455919513336452 0.8695546685450418
16 0.84 6.004 210.3610152761457 6.783815789473684 10.994194756554307 0.676431760823141
16 0.84 8.5015 209.6839842053307 6.286895956607495 11.427396226415095 0.22116822429906507
16 0.88 6.004 218.0967570621469 7.11859458259325 11.138742783835792 0.7926990049751242
16 0.88 8.5015 217.62944456641054 6.66346048298573 11.081946508172361 0.5971235194585447
16 0.9 5.5045 221.96060565275909 7.407854609929078 11.470953962980541 0.847817750182615
16 0.92 5.005 225.7811818181818 7.703929814385151 11.716388518024031 0.8861388167782484
16 0.94 0.01 232.79906666666668 8.57605399408284 12.131455108359132 0.9498465334617237
16 0.94 3.007 229.72533628318584 8.232390625 11.944415841584158 0.9223996647732563
16 0.96 1.009 233.92048148148146 8.594283216783216 12.26520325203252 0.9406509276074493
16 1.0 0.5095 241.5487644151565 8.683633231240428 12.354567078972407 0.9452427886194887
16 1.0 2.008 240.1351057747284 8.751166373239437 12.50475231574708 0.9409348642710327
16 1.0 2.5075 240.0 8.72749655647383 12.48559829059829 0.9404260642670765
16 1.0 7.003 240.0 8.776502403846154 12.454129225502781 0.939988478018219
16 1.02 5.005 243.64553253652056 9.04401491365777 12.686721746827972 0.9370201027811366
16 1.04 0.01 251.74162318840578 8.562459349593496 12.13859756097561 0.9498540782862472
16 1.04 3.007 247.29761204013377 9.12064465408805 12.753151432469304 0.9362906616719544
16 1.08 0.5095 256.53671186440675 8.820516105417276 12.528057835091833 0.94364687584528
16 1.08 2.008 254.61811655011655 9.227454486345904 12.811113813229571 0.9350366386030557
16 1.08 2.5075 254.4686236881559 9.364172077922078 12.873357508532424 0.9332412080429384
16 1.08 7.003 253.7013205128205 10.567687677053824 13.788703973372165 0.902274992670771
16 1.1 4.5055 257.4197536945813 10.233814935064935 13.56172551632245 0.9141318907779494
16 1.1 9.001 256.2368721109399 11.620180885529157 14.459565499351491 0.8371727237202031
16 1.12 2.008 261.5875326251897 9.499074675324675 12.927454512700415 0.9312389124963901
16 1.12 7.003 259.67767980295565 11.453583676268861 14.365550057099352 0.850170801869831
16 1.14 7.5025 262.24227777777776 11.999780927835051 14.664782783588093 0.7893719196259319
16 1.16 0.01 274.85389247311826 8.601331018518518 12.176715542521993 0.9497558181598938
16 1.16 3.007 267.7775752212389 10.328293304221251 13.675013774104682 0.911402296406549
16 1.18 10.0 265.6710737100737 13.519944498069497 14.935474254742548 0.0
16 1.2 3.007 274.0983806818182 10.71076147426982 13.84546908315565 0.8968562411040286
16 1.22 8.002 271.62031971153846 13.587777540563621 14.93271567558839 0.09712892741061716
16 1.22 9.001 270.891616091954 13.706929795649307 14.943515098112313 0.0
16 1.24 6.004 275.9951270358306 12.84135397830018 14.888455360728148 0.5708805355303809
16 1.24 6.5035 275.4120947368421 13.276292165397171 14.914462406979728 0.407500888730892
16 1.24 8.5015 273.2987963525836 13.96398409893993 14.945266165314768 0.0
16 1.28 5.005 282.2165128205128 12.85433913452493 14.882378263937897 0.5851916376306618
16 1.34 10.0 282.8477338028169 14.837278200253486 15.0 0.0
16 1.36 3.5065 295.25351470588237 12.504251824817517 14.83567977915804 0.6868282600526117
16 1.36 9.5005 285.52162048192776 14.816428872645488 15.0 0.0
16 1.4 6.004 293.83495278969957 14.25722602739726 14.949437247823317 0.0
16 1.4 6.5035 292.9224695977549 14.317861119949093 14.949956462993544 0.0
16 1.4 8.5015 290.6354303599374 14.691014297848245 15.0 0.0
16 1.42 0.5095 316.7749576271186 9.405644499178981 12.872044129891757 0.934998634998635
16 1.42 2.008 308.64968343195267 11.428485872235871 14.304382303839732 0.8499684940138625
16 1.42 2.5075 306.63901244813275 12.008423913043478 14.700503144654087 0.7870031948881788
16 1.42 7.003 294.41395067264574 14.576201359587435 15.0 0.0
16 1.44 5.005 300.23248807339445 14.206382091212458 14.94753690704775 0.0
16 1.46 0.5095 323.62848859934854 9.465563725490195 12.899257667513186 0.9336240541616886
16 1.46 1.009 320.15826252158894 10.263739316239317 13.596102661596959 0.9130387143900657
16 1.46 2.5075 311.96457018813317 12.261417748917749 14.780726220234179 0.7497447447447446
16 1.48 5.5045 304.0870530612245 14.361514373716632 14.949501590668081 0.0
16 1.5 10.0 301.33729720400413 14.862805110044485 15.0 0.0
16 1.52 4.006 312.4150011947431 13.853250577367206 14.944785662227522 0.0
16 1.56 5.5045 312.06591411042945 14.692827250274423 15.0 0.0
16 1.58 1.009 339.1253186813187 10.654996392496392 13.799162935565505 0.8991040619892244
16 1.6 8.5015 312.0 15.0 15.0 0.0
16 1.62 0.5095 350.8669659863946 9.7564208984375 13.073985239852398 0.9277483960464713
16 1.62 1.009 345.3450439560439 10.788311965811966 13.854482291137096 0.8936850162658672
16 1.62 2.5075 331.4556282420749 13.124577625570776 14.910709311046823 0.42428324697754727
16 1.64 5.5045 320.58601780415427 14.708371284755513 15.0 0.0
16 1.68 1.5085 348.2440497667185 12.031863839285714 14.629868976238063 0.795195379700172
16 1.68 3.5065 331.84564902506963 14.112655210643016 14.948552290406223 0.0
16 1.68 9.5005 322.1363189655172 14.991812563860725 15.0 0.0
16 1.7 0.01 378.01835820895525 8.57447265625 12.218585064570465 0.9494587136489068
16 1.72 7.5025 326.4 15.0 15.0 0.0
16 1.74 4.5055 334.40581641961234 14.780430095324558 15.0 0.0
16 1.76 7.5025 332.27925817675714 14.967498049921996 15.0 0.0
16 1.76 8.002 331.7800721590909 14.992076614436753 15.0 0.0
16 1.76 9.001 331.91573986498423 14.958515033851056 15.0 0.0
16 1.78 4.006 339.47414170292103 14.789405299917831 15.0 0.0
16 1.8 0.01 397.3053488372093 8.583872950819671 12.214293915040184 0.9494387817012498
16 1.8 3.007 347.3426086956522 14.085782896973818 14.949405014874628 0.0
16 1.82 7.5025 338.98131784841075 14.992453727180527 15.0 0.0
16 1.82 8.002 338.4 15.0 15.0 0.0
16 1.82 9.001 338.4 15.0 15.0 0.0
16 1.84 0.5095 387.68636170212767 10.12323548812665 13.47054667162514 0.918226866843293
16 1.84 2.008 361.7636335877863 13.442843191964286 14.9299676456994 0.19288135593220304
16 1.84 2.5075 357.1112465753425 14.004261982570807 14.944694053623573 0.0
16 1.84 7.003 342.0382114231619 14.86809340295044 15.0 0.0
16 1.86 1.5085 371.738234948605 12.678622939560439 14.849358279103399 0.6544267053701014
16 1.86 10.0 343.2 15.0 15.0 0.0
16 1.9 4.5055 351.69870192307695 14.756961756373938 15.0 0.0
16 1.92 10.0 350.4 15.0 15.0 0.0
16 1.94 0.5095 403.89579888268156 10.29998034591195 13.60471411192214 0.9134361691077179
16 1.94 1.009 391.4767932098765 11.737969420600859 14.522024663034127 0.8215906658103189
16 1.96 2.008 375.28533333333337 13.749729690239626 14.942202725664945 0.0
16 1.96 7.003 355.2 15.0 15.0 0.0
16 2.0 1.5085 388.4546933667084 13.088440393518518 14.901044944487325 0.4717274167987319
16 2.0 3.5065 366.87475352112676 14.757494359842076 15.0 0.0
16 2.0 10.0 360.0 15.0 15.0 0.0
18 0.02 5.005 28.274227272727273 2.1050883577577113 8.845274786483476 0.0
18 0.04 5.5045 33.90787371310913 2.1097019368837757 11.45202918376653 0.0
18 0.06 0.01 99.09467771639042 9.53236134934507 13.600189537528431 0.949571873770839
18 0.08 3.007 59.87725925925926 3.767438464749927 10.6013357079252 0.1932720232333007
18 0.1 2.008 71.99080536912751 4.771798660364772 9.320891161431701 0.7126874676779864
18 0.1 2.5075 69.28146198830409 4.352979623218308 9.589779147406265 0.5709909909909908
18 0.1 7.003 45.9 1.88888888889 17.0 0.0
18 0.12 4.006 59.12875977653631 2.6349668560642563 16.940285192218123 0.0
18 0.14 0.01 116.70342391304348 9.515053763442065 13.594687264506405 0.94957034795764
18 0.2 7.5025 74.8 1.88888888889 17.0 0.0
18 0.2 8.002 75.52839866824186 1.9900553705892472 17.0 0.0
18 0.22 8.5015 80.58 1.88888888889 17.0 0.0
18 0.24 1.009 122.2841 6.989971058261079 11.333698156682027 0.899933957732949
18 0.26 3.5065 103.9129080882353 3.5525994939080494 16.94896971923701 0.0
18 0.26 9.5005 92.14 1.88888888889 17.0 0.0
18 0.3 3.5065 113.96934343434343 3.5159772326451773 16.949944439438987 0.0
18 0.3 9.5005 104.3288863830306 1.988712124290684 17.0 0.0
18 0.32 7.5025 109.48 1.88888888889 17.0 0.0
18 0.34 0.01 160.77365724381627 9.537030965394584 13.613952641165756 0.9496890847621348
18 0.36 7.5025 122.89436977788715 2.2108280864366345 17.0 0.0
18 0.36 8.002 121.60471677606041 1.9869299958439526 17.0 0.0
18 0.38 4.006 136.05135547169812 3.543253668766563 17.0 0.0
18 0.42 1.5085 166.6315871559633 7.100232207127756 11.577629884070417 0.8820452937013447
18 0.42 3.5065 151.0969318885449 4.23360965677486 16.949451049375227 0.0
18 0.42 9.5005 138.38 1.88888888889 17.0 0.0
18 0.44 7.5025 146.9295322138075 2.4383992487669426 17.0 0.0
18 0.44 8.002 144.72 2.0 17.0 0.0
18 0.46 0.5095 182.8675404040404 8.570391779066595 12.777732667083074 0.9361784415087114
18 0.46 2.008 175.2304690265487 6.876620804670819 11.458480392156863 0.8426305353602115
18 0.46 2.5075 173.98183068783067 6.573049368247072 11.588486842105263 0.769378718693787
18 0.5 1.5085 187.06907713498623 7.4473845598803505 11.887158469945355 0.8930711490344517
18 0.5 3.5065 180.06848013816926 5.78622069754359 16.937751633986927 0.0
18 0.52 2.008 190.87094736842104 7.160127072677772 11.809761036857028 0.9383910485193402
18 0.54 7.5025 176.45220795400095 2.7082627908244046 17.0 0.0
18 0.54 8.002 176.11317691916625 2.6263712365173215 17.0 0.0
18 0.54 9.001 175.6903527627302 2.5242397977628634 17.0 0.0
18 0.56 7.5025 182.1548250539957 2.725965922728922 17.0 0.0
18 0.6 2.008 211.0383984375 7.449762147464551 11.89236914600551 0.8681616832779623
18 0.62 0.01 222.7746235741445 9.581071428575617 14.0 1.0
18 0.62 3.007 214.34016 7.017534284914462 11.9367615658363 0.7465480535279804
18 0.64 2.008 221.02103597122303 7.612872279499862 11.971965174129354 0.8729649390243902
18 0.7 7.5025 224.68637434554972 3.8838423502047683 17.0 0.0
18 0.7 8.002 224.31014274385407 3.7444973125411045 17.0 0.0
18 0.7 9.001 223.2434681496461 3.3494326480135825 17.0 0.0
18 0.72 2.008 240.91493596059112 8.012866420923164 12.478860954335556 0.8915473711608537
18 0.72 2.5075 240.2522857142857 7.768996415772919 12.16267507002801 0.8614546965918536
18 0.74 0.01 249.2239090909091 9.558133698384523 13.626206140350877 0.9498661452850052
18 0.74 3.007 244.60855999999998 7.617763713083991 12.208800521512385 0.8299459238853177
18 0.76 6.004 247.23490721649486 6.748042874918779 14.427238095238094 0.17571711177052388
18 0.76 6.5035 246.91801851851852 6.594148805128473 16.250584532374102 0.0
18 0.76 8.5015 241.89897826086954 4.323601046695637 17.0 0.0
18 0.78 1.009 256.5100714285714 8.83428315412352 12.963443501563198 0.932623196022153
18 0.8 0.01 262.48658585858584 9.576896625837026 13.631268115942028 0.9498992996062163
18 0.82 1.009 265.9255636363636 9.036712485681191 13.183136278780335 0.9348002973046982
18 0.84 5.5045 267.93865454545454 7.515618968846025 11.97932755450486 0.7291240045506255
18 0.86 4.006 273.45497257769654 8.07569183701774 12.553687445127304 0.8582014633316317
18 0.86 5.005 273.09178260869567 7.821481481483267 12.353325485579752 0.8089742120343839
18 0.88 5.5045 277.844154340836 7.868194740584118 12.490694006309148 0.8213420516668453
18 0.92 1.5085 288.5258958333333 9.281475256766559 13.512806188225182 0.9354792505419635
18 0.92 3.5065 287.964441025641 8.778432539684756 12.961418533157664 0.9130477879799666
18 0.92 9.5005 287.10157819905214 7.725157977885845 12.305349544072948 0.7765817694369972
18 0.96 6.5035 296.951353115727 8.853218106997353 12.975067694230368 0.9145018980199036
18 0.96 9.5005 296.8364572748268 8.545073133182974 12.879962795641775 0.8955767182507361
18 0.98 3.5065 301.60564830508474 9.49203894616202 13.644543509272468 0.9378537603937507
18 0.98 9.5005 301.52289739130435 9.127207729467328 13.29343350027824 0.9247913000315869
18 1.0 6.004 306.0 9.732049134564377 13.813916028518616 0.9428095940706173
18 1.0 8.5015 306.0 9.714394360974847 13.830788043478261 0.9427231176329083
18 1.02 3.5065 310.6781430793157 9.963361024576344 13.947850702453344 0.9408636105591824
18 1.02 9.5005 310.59747353760446 10.4206374643454 14.37502387774594 0.9355590782554902
18 1.06 4.006 319.70320218579235 10.595947256197086 14.555910425844345 0.9327591075967241
18 1.06 5.005 319.5815791139241 10.885311572711766 14.73132667617689 0.9287400059857197
18 1.08 6.004 323.6523527454243 11.526047643908857 15.104246411483253 0.9127975723329671
18 1.08 6.5035 323.5137261904762 11.693829142174366 15.332850467289719 0.9080542836652506
18 1.08 8.5015 323.05229457364345 12.286421783597088 15.744185520361992 0.8835371392635035
18 1.1 3.007 328.66432574430826 10.850609432977313 14.741200771137427 0.9285322241756356
18 1.16 1.009 343.3803605150215 10.316144200595344 14.268576104746318 0.9380685196195006
18 1.18 4.5055 343.67452459016397 12.76157545607691 15.919767775229358 0.8586943620178041
18 1.18 9.001 339.593435508346 14.946328409339557 16.90632306654676 0.3643401983218914
18 1.2 5.005 346.55840125391853 13.388022655300196 16.445910904255317 0.8057685584430718
18 1.22 0.01 362.23108163265306 9.583784378442006 13.661834215167548 0.9497815541293801
18 1.22 3.007 353.15828937728935 12.196981959177737 15.699157733537518 0.8884852134350327
18 1.24 5.5045 352.1920748663101 14.200709219838084 16.80912734768667 0.643104925053533
18 1.28 3.5065 362.93347993019194 13.315595075207838 16.337032617342878 0.8139220721223623
18 1.28 9.5005 352.7385173473869 16.15242682813413 16.94982237475915 0.0
18 1.3 0.5095 376.16175355450235 10.282531298876284 14.167241379310344 0.9397411330850718
18 1.3 1.009 374.07505395683455 10.843201872877197 14.694163312248419 0.9295562130177515
18 1.3 2.5075 369.2404134762634 12.558607620231651 15.86555593922652 0.8697890625
18 1.34 4.5055 369.9543013293944 14.694351408855658 16.887499156260546 0.4574544270833331
18 1.36 7.5025 366.395905697446 16.401950471141046 16.949884234897915 0.0
18 1.38 0.5095 394.1593522727273 10.441710205459138 14.341707798617966 0.9373091100579252
18 1.38 1.009 391.11292426584237 11.190505734141505 14.874755102040815 0.9222730028447512
18 1.38 2.5075 383.5880701168614 13.207824532432461 16.19249031007752 0.8192691390153979
18 1.4 5.5045 376.01017647058825 15.827405753985515 16.94638594911056 0.0
18 1.42 6.004 378.30603169014086 15.985497367693332 16.94849983005284 0.0
18 1.42 8.5015 371.8503778148457 16.83206505064582 17.0 0.0
18 1.44 3.5065 388.0714480946123 14.910474791981542 16.895182692912396 0.40068320747932373
18 1.44 9.5005 375.1490601922104 16.765607109498845 17.0 0.0
18 1.46 6.004 382.66432881172 16.36922902490639 16.949954960365123 0.0
18 1.46 6.5035 381.4927138728324 16.62793232474845 17.0 0.0
18 1.46 8.5015 379.17739544807966 16.736560575736707 17.0 0.0
18 1.48 4.006 391.97880412371137 15.493739279583327 16.937781842616097 0.0
18 1.5 4.5055 392.7690448113208 15.981130798574545 16.947493935670856 0.0
18 1.52 1.5085 415.1056990595611 12.659901492138891 15.88002193669696 0.8654259184497375
18 1.54 4.006 400.65910380622836 15.688769982855803 16.945393486665356 0.0
18 1.54 5.005 396.91385747663554 16.302919747103534 16.949725506756756 0.0
18 1.58 9.5005 394.74 17.0 17.0 0.0
18 1.6 5.5045 402.5146385542169 16.72193070636744 17.0 0.0
18 1.62 6.004 403.93578193366267 16.819058991135908 17.0 0.0
18 1.62 6.5035 403.7752684545203 16.859130108750495 17.0 0.0
18 1.62 8.5015 400.86 17.0 17.0 0.0
18 1.66 0.5095 455.14975342465755 10.983479052824967 14.8137575030012 0.927588304296824
18 1.66 2.008 433.3368673835125 14.212928631991307 16.822047832585948 0.6407199827549039
18 1.66 2.5075 427.80051960784317 15.016447450831375 16.91930376682483 0.2539391226499549
18 1.68 7.5025 411.285066828922 16.880999446184095 17.0 0.0
18 1.68 8.002 410.04 17.0 17.0 0.0
18 1.7 0.5095 464.1222663551402 11.009679487178518 14.829275772587874 0.9252533859538972
18 1.7 1.009 454.97135294117646 12.339832689798707 15.794645700636943 0.8794866232827186
18 1.7 2.5075 433.8833909574468 15.157424357980696 16.923398290284034 0.11954569466455324
18 1.76 0.01 492.1574945054945 9.599145299149308 13.665262791507136 0.9494908782350445
18 1.78 1.5085 459.66051655629144 13.849532004845965 16.706979606188465 0.7262319316688567
18 1.82 0.01 506.37260416666663 9.643835363606367 13.697051765512512 0.9495077100184798
18 1.82 3.007 444.93633116036506 16.28633040932809 16.949497000181807 0.0
18 1.84 6.004 437.16932588832486 16.882126029400933 17.0 0.0
18 1.84 8.5015 434.52 17.0 17.0 0.0
18 1.86 4.5055 442.45603031169577 16.769276837354745 17.0 0.0
18 1.86 8.002 437.58 17.0 17.0 0.0
18 1.86 9.001 437.58 17.0 17.0 0.0
18 1.88 2.008 466.66224657534246 15.228389398550044 16.92430284312835 0.06312535132096643
18 1.92 4.5055 452.0405148032044 16.629080125423286 17.0 0.0
18 1.94 6.004 450.76 16.8888888889 17.0 0.0
18 1.94 6.5035 449.82 17.0 17.0 0.0
18 1.94 8.5015 449.82 17.0 17.0 0.0
18 1.98 5.005 456.49552858627857 16.993719429937247 17.0 0.0
18 2.0 7.5025 459.0 17.0 17.0 0.0
18 2.0 8.002 459.0 17.0 17.0 0.0
18 2.0 9.001 459.0 17.0 17.0 0.0
20 0.0 3.5065 22.453846153846154 2.2453846153846153 4.970342577487765 0.0
20 0.0 9.5005 19.0 1.9 4.831552336704018 0.0
20 0.02 3.5065 37.593087719298246 2.71965819456617 8.23491124260355 0.0
20 0.02 9.5005 26.22 1.9 19.0 0.0
20 0.06 0.5095 101.81976923076923 8.361372549019608 12.890630372492836 0.9156272147413181
20 0.06 1.009 86.25030000000001 6.640413385826771 11.137417461482025 0.848605686256699
20 0.08 5.005 48.8 2.0 19.0 0.0
20 0.14 0.5095 128.0157880184332 8.631694915254236 13.284065934065934 0.921765865565152
20 0.14 1.009 116.2240487804878 7.192461300309597 11.838691832085908 0.8791983764586504
20 0.14 2.5075 101.25362222222222 5.127834051724138 10.543979649519502 0.6524812343619681
20 0.18 5.5045 88.62926012793177 2.4669829424307035 19.0 0.0
20 0.2 0.01 160.50998109640832 10.549332129963899 14.935848595848595 0.9496678142175514
20 0.22 5.5045 102.20432903283209 2.3851703888246285 19.0 0.0
20 0.24 6.5035 107.49307313784968 2.143825412874958 19.0 0.0
20 0.26 7.5025 113.56262211716216 1.994948934751644 19.0 0.0
20 0.28 4.006 130.47140659340658 3.3432509157509154 19.0 0.0
20 0.3 7.5025 127.3 1.9 19.0 0.0
20 0.32 0.01 193.66790303030302 10.566276391554702 14.977165354330708 0.9497073023536512
20 0.34 0.5095 190.22083783783782 9.181609403254972 13.80069329811819 0.9314171673113324
20 0.34 1.009 183.0084175824176 8.02695575221239 12.73002947678703 0.9053602861847708
20 0.36 0.01 204.5811098265896 10.548467289719627 14.928041435798603 0.9497179231906356
20 0.38 1.5085 192.16525581395348 7.514225759768451 12.441949860724234 0.8740306855112991
20 0.4 5.5045 168.83660845070423 2.806101408450704 19.0 0.0
20 0.42 7.5025 174.03907998375965 2.4894965489240763 19.0 0.0
20 0.42 8.002 171.59715793455646 2.0684755059580104 19.0 0.0
20 0.44 0.01 227.00065094339624 10.598651911468812 14.944747899159664 0.9497482437362438
20 0.46 6.004 190.23999159663865 2.8592577030812323 19.0 0.0
20 0.46 8.5015 185.06 1.9 19.0 0.0
20 0.48 4.5055 203.33913878080415 4.026757457846951 19.0 0.0
20 0.5 7.5025 202.45521810028538 2.491043620057073 19.0 0.0
20 0.5 8.002 200.35584673931845 2.0711693478636914 19.0 0.0
20 0.5 9.001 200.0 2.0 19.0 0.0
20 0.54 0.01 253.83229158110885 10.530543689320389 14.916493055555556 0.9498087752582287
20 0.54 3.007 239.22907382550335 7.176980244590781 12.563001083423618 0.7024281378325298
20 0.56 0.01 259.38596551724135 10.554755102040817 14.939262628680872 0.9497649044547591
20 0.58 4.5055 241.35578025477707 4.929308823529412 18.94819891219891 0.0
20 0.62 1.009 270.7722432432432 9.136256590509666 13.804332247557003 0.9247097619370285
20 0.66 5.005 274.9249831775701 6.977228915662651 14.591751767478398 0.008506841165972202
20 0.7 0.01 298.005012345679 10.577936802973976 14.952134509897448 0.9498797137186503
20 0.7 3.007 290.3967415730337 8.015226277372262 12.90784554091327 0.80542843801074
20 0.74 1.009 306.41043456790123 9.578900169204738 14.115198386012104 0.9317681254349695
20 0.78 3.5065 314.8551523178808 8.292063291139241 13.343391719745222 0.9301508750754375
20 0.78 9.5005 306.40305688073397 4.546477064220183 18.948160243849337 0.0
20 0.8 0.5095 324.53050406504065 10.173498168498167 14.703796133567662 0.9432245537539174
20 0.8 1.009 323.8699272727273 9.843269598470364 14.434477611940299 0.9350872410032716
20 0.82 3.5065 327.2546159292035 8.615680672268907 13.449574014909478 0.8553713988198541
20 0.82 9.5005 324.00195660749506 6.8750049261083745 18.863362846368258 0.0
20 0.84 4.006 333.0973689839572 8.603773265651437 13.497255936675462 0.8457330618289521
20 0.86 1.5085 340.771408 9.809610136452243 14.388282078472958 0.9305946531190139
20 0.88 4.006 345.40307628865975 9.0634477124183 13.840018981335021 0.8839587829840562
20 0.92 7.5025 356.60310273972607 8.699688221709007 13.568452110758058 0.84704964669175
20 0.92 8.002 356.4749326556544 8.583265565438372 13.466176470588234 0.8320705289672543
20 0.92 9.001 356.3485990922844 8.43484114977307 13.283240223463686 0.8039176470588234
20 0.94 3.5065 363.19392389006345 9.872308845577212 14.51645390070922 0.9257098283931356
20 0.94 9.5005 362.45476995305165 8.75638497652582 13.585075268817205 0.8535541692294174
20 0.98 7.5025 374.41982959641257 10.097653213751869 14.675265392781316 0.9321541968574453
20 1.0 5.5045 380.0 10.679725274725273 15.02786998616874 0.9451689311445208
20 1.02 7.5025 385.7381036789298 11.366479128856625 15.710778443113773 0.9392756949757715
20 1.02 8.002 385.73485877862595 11.350644531250001 15.689967320261438 0.9387422816818582
20 1.04 3.5065 391.5047630057803 11.289307832422587 15.692409352761775 0.9397607344224375
20 1.04 9.5005 391.1047103448276 12.323022727272727 16.512796780684106 0.9234616091109478
20 1.06 1.5085 397.53965217391305 11.08239388794567 15.522439439014024 0.9425513580587342
20 1.08 5.5045 401.9860770642202 12.634467680608365 16.727152130962462 0.9168105814824058
20 1.1 5.005 407.18360747663553 12.852462962962964 16.83496207050424 0.9099810964083176
20 1.14 0.5095 421.46099999999996 10.9412 15.39053164556962 0.9447142335887484
20 1.14 2.008 419.5041767955801 11.9 16.158007566204287 1.0
20 1.14 2.5075 419.05390442477875 12.212114164904861 16.394249649368863 0.9258453461470012
20 1.16 9.5005 417.1823583061889 16.38081611570248 18.860316795172643 0.4702161474888745
20 1.18 3.007 428.6920739130435 13.088658088235293 16.920334313005142 0.9054300953245574
20 1.2 3.5065 432.58504378283715 13.679764150943395 17.49328661010697 0.8808393508257667
20 1.2 9.5005 424.36606158833064 17.17910714285714 18.9339868504436 0.0
20 1.22 1.009 442.8530670103093 11.635 15.86699854298203 0.935886290198492
20 1.24 4.006 440.424678700361 14.682363067292645 17.993957066633577 0.8179464773347896
20 1.26 0.5095 455.5917846153846 11.227591397849462 15.648917431192661 0.9416033075225114
20 1.26 2.008 450.695479338843 12.998106796116504 16.897408597830452 0.9081252411664186
20 1.26 2.5075 448.91552320675106 13.475842105263158 17.31766620176662 0.8901608013707657
20 1.28 7.5025 440.7058404907975 17.662409523809522 18.94176246549495 0.0
20 1.3 6.004 447.1421060842434 17.184738738738737 18.927951411403622 0.0
20 1.3 6.5035 446.2408679245283 17.378227040816327 18.93697961961659 0.0
20 1.3 8.5015 442.50215629522427 18.407757985257984 18.94976187605498 0.0
20 1.32 0.5095 472.1640792079208 11.37321052631579 15.717389937106917 0.9399819949585884
20 1.32 2.008 465.0071004016064 13.518395833333333 17.348825875055383 0.8913918936530691
20 1.32 2.5075 462.77617142857144 14.119690082644627 17.764466895958726 0.8596226732923439
20 1.34 3.007 465.07663178294575 14.903662239089185 18.11580901856764 0.7913495242864296
20 1.36 0.01 489.11013333333335 10.603454106280193 14.960171653908606 0.9497558181598938
20 1.38 6.004 460.61597164948455 17.79622076023392 18.947987142678816 0.0
20 1.38 6.5035 459.2017149321267 18.248882803943044 18.94973763570567 0.0
20 1.38 8.5015 455.76864371257483 18.672877135882832 19.0 0.0
20 1.4 4.006 471.624 16.723778990450203 18.894083629893238 0.2931721798134009
20 1.42 5.5045 469.4472608326253 17.849687499999998 18.948181196368612 0.0
20 1.44 7.5025 467.91643606557375 18.5892568353694 19.0 0.0
20 1.44 8.002 466.50961747572813 18.881392207212237 19.0 0.0
20 1.46 5.5045 475.2323794117647 18.064486015256087 18.94965717219923 0.0
20 1.52 4.5055 490.7178531746032 18.11314005352364 18.948968156766686 0.0
20 1.52 9.001 479.28588664095093 18.978977043390515 19.0 0.0
20 1.54 1.5085 519.5892947761195 14.079012944983818 17.758240103270225 0.859468802698145
20 1.6 4.006 507.2401652892562 17.87413701363485 18.9486742832507 0.0
20 1.62 5.5045 504.50306576576577 18.476928772019402 19.0 0.0
20 1.66 6.004 509.3001147058824 18.759447688564478 19.0 0.0
20 1.66 6.5035 508.59548705882355 18.834226519337015 19.0 0.0
20 1.66 8.5015 505.4 19.0 19.0 0.0
20 1.68 0.01 583.9383089430894 10.622099792099792 14.966414835164835 0.9496115125313662
20 1.7 6.004 515.0839020510674 18.791665249787467 19.0 0.0
20 1.7 6.5035 515.6883237657864 18.791429967091734 19.0 0.0
20 1.7 8.5015 514.1656778469572 18.89412202433433 19.0 0.0
20 1.72 0.5095 580.2967272727273 12.296846543001687 16.45227172474636 0.9245700579290369
20 1.72 2.008 548.4689882352941 16.2059375 18.833446587388828 0.5195445373306427
20 1.72 2.5075 541.4209178082192 17.065404217926186 18.925986944358097 0.0
20 1.74 5.005 526.6972805755396 18.569635634906177 19.0 0.0
20 1.76 0.5095 590.4576195856873 12.414781609195403 16.57762420620097 0.9223490495713753
20 1.76 1.009 577.6149961685824 13.922784090909092 17.69379684673042 0.8690730557737627
20 1.78 4.5055 534.8293826815643 18.798869670152854 19.0 0.0
20 1.78 8.002 528.9022100287219 18.989972927445553 19.0 0.0
20 1.78 9.001 528.2 19.0 19.0 0.0
20 1.8 3.5065 543.9403105022831 18.5543 18.94982690628857 0.0
20 1.8 9.5005 532.0 19.0 19.0 0.0
20 1.82 1.009 591.2974586206897 14.16049001814882 17.8062447786132 0.853141245924751
20 1.84 5.5045 540.3898035925567 18.969379018923387 19.0 0.0
20 1.86 3.007 560.9588921124207 17.885796033994332 18.949011869799314 0.0
20 1.9 5.005 555.9904927884616 18.85612792840221 19.0 0.0
20 1.92 3.007 570.6700731319555 18.334079102715467 18.949924888835476 0.0
20 1.98 1.5085 609.6643671071953 16.289730061349694 18.835566298342542 0.521613088404133
20 1.98 3.5065 578.0943397129187 18.58296483909416 19.0 0.0
20 2.0 0.01 679.0976666666667 10.638265107212476 14.96177066906961 0.9494157637561079
20 2.0 3.007 583.887972166998 18.294938763884932 19.0 0.0
