10 0.0 4.5055 9.507171717171717 1.9014343434343435 4.002030769230768 0.0
10 0.0 8.002 9.0 1.8 3.992314368370299 0.0
10 0.0 9.001 9.0 1.8 3.9654917166020445 0.0
10 0.02 4.5055 12.403754237288135 1.9717082706766917 4.869558002715341 0.0
10 0.02 8.002 11.701601659751036 1.8 4.944832059968286 0.0
10 0.02 9.001 11.578619095477388 1.8 4.868987755865034 0.0
10 0.04 0.5095 25.707682719546742 4.517189483227561 6.89077741107444 0.9186062411486057
10 0.04 1.009 21.963557251908398 3.688516912402428 6.099696601941747 0.8573885513818772
10 0.04 2.5075 16.832604316546764 2.554931106471816 5.427292202227934 0.32357954545454515
10 0.06 1.5085 21.687957627118642 3.2780422866092405 5.871193972179289 0.7925441872043812
10 0.06 3.5065 17.93796412556054 2.35670342097823 5.9412229299363055 0.0
10 0.06 9.5005 14.940181102362205 1.8 7.640331858407079 0.0
10 0.08 1.5085 23.47628402366864 3.3659387186629526 5.986458162764041 0.815344560159539
10 0.08 10.0 15.48 1.8 9.0 0.0
10 0.12 6.004 20.329578400830737 1.852695238095238 8.908165739159182 0.0
10 0.12 8.5015 19.571917438921652 1.859587194608256 8.93337197681391 0.0
10 0.14 3.5065 26.31191666666667 2.7719032815198617 7.606454413892909 0.1653980971457182
10 0.14 9.5005 20.34 1.8 9.0 0.0
10 0.2 5.005 27.74740909090909 2.1671514629948367 8.941408282359559 0.0
10 0.24 7.5025 28.44 1.8 9.0 0.0
10 0.24 8.002 28.93117741935484 1.9292572156196943 9.0 0.0
10 0.24 9.001 28.44 1.8 9.0 0.0
10 0.26 0.01 44.061636916835695 5.517743682310469 7.809508069220299 0.9497042670046472
10 0.26 3.007 37.51473493975904 3.4674901960784315 8.47801440651425 0.6356143419326628
10 0.28 2.008 40.25748387096775 3.9068230818008876 7.117612524461839 0.8414026072889903
10 0.28 7.003 32.36251398135819 1.9895872170439415 9.0 0.0
10 0.3 3.007 40.82070388349514 3.598856518572469 8.720023517554175 0.6483755274261602
10 0.32 5.005 37.21823587493143 2.45927591881514 8.949757332770627 0.0
10 0.34 3.5065 42.9508 3.3572309552599755 8.93248126392546 0.0
10 0.34 9.5005 37.051428687196115 1.9549783900594273 9.0 0.0
10 0.36 5.005 40.17304201680672 2.420366692131398 8.94991435526039 0.0
10 0.42 3.007 50.21663228699552 3.9839925093632957 8.6888743699832 0.6816844919786095
10 0.44 5.005 47.129854271356784 2.6879975046787274 8.949927897614613 0.0
10 0.48 5.5045 50.392298507462684 2.7550080515297903 8.948245559557819 0.0
10 0.52 5.5045 53.273643720441406 2.69735155018392 8.949960970337456 0.0
10 0.54 5.005 56.04325363489499 3.131627118644068 8.947630867843902 0.0
10 0.56 5.005 58.36706172839506 3.509273469387755 8.94511295527893 0.0
10 0.58 5.5045 59.58807945205479 3.3909870129870128 8.946576703634848 0.0
10 0.6 5.5045 61.49327762302693 3.612344262295082 8.936026561240547 0.0
10 0.62 1.5085 65.77458634538152 4.942614980289093 7.743144238107352 0.899885872176838
10 0.62 3.5065 64.53968049792532 4.390186289120716 8.588062283737024 0.6564921681780708
10 0.62 10.0 59.9291632169379 2.1732437983883712 9.0 0.0
10 0.64 5.5045 64.74775191163977 3.8189235569422775 8.931383285302594 0.0
10 0.66 7.003 64.66048898678415 3.0915811965811963 8.947953033756987 0.0
10 0.7 5.005 69.61583333333333 4.3131233025529605 8.781359044995408 0.27691973969631206
10 0.72 5.5045 70.94264798598948 4.30020725388601 8.820263129515798 0.19831649831649797
10 0.74 1.5085 73.99903501945525 5.183412217941662 7.815565555328288 0.9062756565258955
10 0.74 3.5065 73.07675555555555 4.759067574646411 7.97112202688728 0.7692510037380589
10 0.74 10.0 70.05228911138924 2.655607008760951 9.0 0.0
10 0.76 0.01 78.48987096774194 5.528521256931608 7.814079844206426 0.9497346040171301
10 0.78 8.002 74.79332861857614 4.137211267605634 8.892775347400926 0.0
10 0.78 9.001 74.54821170282709 3.8921152586771446 8.929368140017798 0.0
10 0.8 1.5085 77.86920844327176 5.332349486049926 7.857365269461078 0.9089284738538878
10 0.8 3.5065 77.13746381805652 4.9656051640667025 7.878894806924101 0.815405914276221
10 0.8 9.5005 75.95389772727273 3.949408418657565 8.928755236385397 0.0
10 0.82 8.002 77.74986879432625 4.360061892130858 8.793725247524753 0.13776513191929604
10 0.82 9.001 77.58 4.2 9.0 0.0
10 0.84 2.008 80.29886153846154 5.345691868758916 7.893869602032176 0.8983657540093908
10 0.84 2.5075 80.10959454855197 5.245417814508723 7.909931083230252 0.8808308308308308
10 0.84 7.003 79.34163170933112 4.610619322873657 8.35920799692426 0.5567287234042552
10 0.86 4.5055 81.04097169811321 5.040194518125553 7.946681780708985 0.810105958755839
10 0.88 2.008 82.9386845124283 5.437094017094017 7.928444377449503 0.9044761577258138
10 0.88 2.5075 82.80709185441941 5.368927294398093 7.930870752427184 0.8926855965488377
10 0.88 7.003 82.1434251497006 4.832358974358974 7.998208469055374 0.7082107843137254
10 0.9 6.004 83.55412749003983 5.068251192368839 7.913096217105263 0.8075626371088788
10 0.9 6.5035 83.5236519386835 5.01699099099099 7.895158207687407 0.7955721820188887
10 0.9 8.5015 83.41842908438062 4.832520179372197 8.09467680608365 0.7111438474870017
10 0.92 3.007 85.31198076923076 5.475425065731814 7.9463895281933254 0.8964010442565887
10 0.94 4.5055 86.26305355575066 5.45661996497373 7.925554556354916 0.886757711645604
10 0.94 8.002 86.15809209100757 5.192015167930661 7.945771318508142 0.8394625313041802
10 0.94 9.001 86.14467128463475 5.147015113350126 7.894572902732658 0.8233117778013357
10 0.96 0.01 93.88381818181817 5.534835061262959 7.811765834932821 0.9496541307959523
10 0.98 0.01 96.34966197183098 5.51708848715509 7.803965279147761 0.9496191282268303
10 0.98 3.007 88.79874780058651 5.715983739837398 7.996440992348713 0.9174982674982675
10 1.02 3.007 91.36810625737898 5.899477551020408 8.175717111770524 0.9225727027780358
10 1.04 4.5055 92.68730324909748 6.097006092254134 8.367236142748672 0.9172566152013106
10 1.04 8.002 92.65602114803626 6.312179261862918 8.513230140186916 0.9104839142811106
10 1.04 9.001 92.6440699912511 6.404919168591224 8.579752899647 0.9073231761565836
10 1.06 4.5055 94.00561812688821 6.2195833333333335 8.47122461928934 0.9136693255982595
10 1.1 10.0 96.13145176695319 7.42297994269341 8.88360220685802 0.8092584115358205
10 1.14 3.5065 99.13576034482757 6.597179836512261 8.674154447702835 0.8978549978549978
10 1.14 9.5005 98.22108806584363 7.864351687388988 8.924227132205855 0.669174275506153
10 1.16 7.5025 99.52712399355877 7.706865900383141 8.912856844086583 0.7383516483516482
10 1.16 8.002 99.39054435178166 7.814457611668185 8.923828892646588 0.6928308145963876
10 1.16 9.001 99.20819834710744 8.002628676470588 8.933724351837125 0.57858407079646
10 1.18 4.006 101.46178167938932 6.9797380484610345 8.802453478724665 0.8708184777553867
10 1.2 4.5055 102.4109677419355 7.306137820512821 8.863284390123862 0.8349311676735663
10 1.2 8.002 101.28292387543253 8.167897603485837 8.938538977800723 0.44683040159309634
10 1.2 9.001 100.9623536977492 8.329176898590267 8.945266165314768 0.13373180873180834
10 1.22 1.5085 104.90714285714286 6.324923339011925 8.512232952882645 0.9124586375334839
10 1.22 10.0 101.5244667721519 8.679524599226092 8.949014989293362 0.0
10 1.24 0.5095 108.70417085427135 5.92602489626556 8.037146158290005 0.9315860766767917
10 1.24 2.008 105.759 6.596903984323971 8.657198683669272 0.899963987755837
10 1.24 2.5075 105.53308035714285 6.803156732891832 8.746817560382803 0.8858502842271077
10 1.24 7.003 103.40428516377649 8.20334299516908 8.942064098998888 0.3650666666666664
10 1.26 6.5035 104.46013960784313 8.334328530259366 8.942460125664573 0.2943691786621504
10 1.28 3.007 107.54502418682235 7.187253164556962 8.846613289158844 0.8487842496824533
10 1.3 7.5025 105.67607617360495 8.600586630286493 8.949036815068492 0.0
10 1.32 9.5005 105.73293567251463 8.94265611560296 8.949911344853493 0.0
10 1.34 4.006 109.76167621145375 7.916195262024408 8.929118822828952 0.6290451813932783
10 1.36 5.005 109.65867725631769 8.360652307692307 8.945167127253587 0.13102189781021858
10 1.38 7.5025 108.82845654565456 8.880907466952483 8.949858604091457 0.0
10 1.4 0.5095 119.02376623376624 6.054823529411765 8.210842803030303 0.9267287994021189
10 1.4 2.008 115.1896694750486 7.1535941320293395 8.833012724175934 0.8573519342690858
10 1.4 2.5075 114.6585671641791 7.437677767776778 8.8842649815985 0.8119061054057103
10 1.44 3.007 115.73064344637946 7.86099220411056 8.927982543317635 0.6654556403050982
10 1.48 6.004 113.93204278074866 8.798589959164065 8.94991435526039 0.0
10 1.48 6.5035 113.23877922077922 8.945389908256882 8.949956462993544 0.0
10 1.48 8.5015 112.36531854199683 8.982779356305212 9.0 0.0
10 1.5 4.006 116.80748322147652 8.600275614140203 8.947629222309505 0.0
10 1.52 5.5045 115.92500612557427 8.767644565546473 8.949896287389148 0.0
10 1.56 6.004 117.04366831683168 8.964237742731466 9.0 0.0
10 1.56 6.5035 116.8281921641791 8.911416423066703 9.0 0.0
10 1.56 8.5015 115.2 8.98947723972473 9.0 0.0
10 1.58 0.01 143.2416124031008 5.5271834625322995 7.81304754773493 0.9492215824269566
10 1.58 3.007 122.12921557971015 8.340936721474838 8.943722987574285 0.22980591497227323
10 1.6 2.008 125.81545602605863 7.698356902356902 8.913687208700155 0.7374448645242595
10 1.6 2.5075 124.32101694915255 8.056401486988847 8.935566551977423 0.5402206896551722
10 1.6 7.003 117.81737704918032 8.980490460025752 9.0 0.0
10 1.64 6.004 120.16834085213033 8.981175739778632 9.0 0.0
10 1.64 6.5035 119.7636864 8.985112768523067 9.0 0.0
10 1.64 8.5015 118.96337444146559 8.98928029328531 9.0 0.0
10 1.68 5.005 122.56592413599326 8.96849040552037 9.0 0.0
10 1.7 7.5025 121.95944536082474 8.988297289706502 9.0 0.0
10 1.72 3.5065 126.80484112149533 8.722053501180174 8.94976944636991 0.0
10 1.72 9.5005 122.60673053892216 8.989245709123757 9.0 0.0
10 1.76 1.5085 135.68631196581197 7.615603271983639 8.907028504490434 0.7611835506519558
10 1.76 3.5065 128.24301355713362 8.757023105857067 8.949971484316373 0.0
10 1.76 9.5005 124.2 9.0 9.0 0.0
10 1.8 8.002 126.0 8.98977265056914 9.0 0.0
10 1.8 9.001 126.0 9.0 9.0 0.0
10 1.82 1.5085 138.616718503937 7.789924462521789 8.919107940205786 0.7176520413349143
10 1.82 3.5065 130.64482710779083 8.943232288828337 8.949957965531736 0.0
10 1.82 10.0 126.9 9.0 9.0 0.0
10 1.86 4.006 131.20706780487805 8.966854926916575 9.0 0.0
10 1.88 5.5045 130.385128072445 8.986157551596694 9.0 0.0
10 1.9 7.003 130.5 8.989942370938056 9.0 0.0
10 1.92 4.006 134.72635815899582 8.81873844480696 9.0 0.0
10 1.94 0.01 171.1668095238095 5.555587248322147 7.829278462654097 0.9489212381244253
10 1.98 4.5055 134.96525602346534 8.98565600929472 9.0 0.0
10 2.0 5.005 136.0343568945539 8.987683269287615 9.0 0.0
12 0.0 0.01 39.05790229885057 6.509650383141955 9.207786016949152 0.9495413399533771
12 0.0 3.007 12.806556903523974 2.1344261505900173 4.658245528056849 0.0
12 0.02 3.007 17.990342857142856 2.384878729338758 5.400202675314146 0.0
12 0.04 6.004 18.791324675324677 1.9715616045839583 7.945494699646643 0.0
12 0.04 6.5035 18.89074418604651 1.992524328249669 7.236231884057971 0.0
12 0.04 8.5015 17.363904710341092 1.83333333333 8.901231138803393 0.0
12 0.06 7.5025 18.26 1.83333333333 11.0 0.0
12 0.06 8.002 19.858713144830563 1.83333333333 9.86501174374342 0.0
12 0.06 9.001 18.8 1.83333333333 10.0 0.0
12 0.08 4.5055 26.223305389221554 2.3236688640944165 9.700610741871744 0.0
12 0.08 8.002 20.68 1.83333333333 11.0 0.0
12 0.08 9.001 22.19516991643454 2.0 11.0 0.0
12 0.12 5.5045 27.109424755120216 1.9925724043714361 10.936677937768321 0.0
12 0.14 7.5025 27.94 1.83333333333 11.0 0.0
12 0.16 2.008 42.39958620689655 3.925810878242029 7.529001650165016 0.7972631066780196
12 0.16 7.003 31.13525283263192 1.9871533398076637 11.0 0.0
12 0.18 2.008 45.150520179372194 4.042560073938005 7.674784240150093 0.8062652563059397
12 0.18 2.5075 44.15579527559055 3.7909962756035744 7.887531172069825 0.7255557385147372
12 0.18 7.003 32.78 1.83333333333 11.0 0.0
12 0.2 3.5065 44.81054108216433 3.3608890819549355 10.869758537157146 0.0
12 0.2 9.5005 35.2 1.83333333333 11.0 0.0
12 0.22 2.008 50.286296875 4.241595772106549 7.857871198568873 0.8247423764458464
12 0.22 2.5075 49.4046625 3.9942749999998854 8.600718015665796 0.7512016718913269
12 0.22 7.003 38.12526923076923 1.9412968441802854 11.0 0.0
12 0.24 0.01 62.045494047619044 6.520058400719179 9.243299492385786 0.9496890847621348
12 0.26 5.005 44.57311746522411 2.3092606903634203 11.0 0.0
12 0.3 5.005 49.26725781491798 2.301728051168879 11.0 0.0
12 0.32 3.5065 59.73245528455284 3.8597287184256324 10.926235892896658 0.0
12 0.32 9.5005 49.72 1.83333333333 11.0 0.0
12 0.34 7.5025 52.73049099595737 1.9824472212010047 11.0 0.0
12 0.34 8.002 52.14 1.83333333333 11.0 0.0
12 0.36 3.5065 64.5618524590164 4.084636736665946 10.918741163278241 0.0
12 0.36 9.5005 55.14045838682669 1.984494371569138 11.0 0.0
12 0.38 5.5045 59.256900355871885 2.445403321469845 11.0 0.0
12 0.4 2.008 71.26145390070923 4.891404886559783 8.648542402826855 0.8451166248489916
12 0.4 2.5075 70.66079872204472 4.691820702405285 8.965059760956175 0.7795661949477581
12 0.4 7.003 60.687169230769236 2.1908803418827065 11.0 0.0
12 0.42 5.005 65.20198702422145 2.804869802903862 10.949923384310308 0.0
12 0.44 1.5085 76.52575959079283 5.261806142574901 8.598244245025361 0.8914060463904091
12 0.44 3.5065 73.95774324324324 4.44881978653428 10.875572974990668 0.32054626987362383
12 0.44 9.5005 64.73493084216396 1.9806341792150803 11.0 0.0
12 0.48 4.006 75.30808540925267 3.6752116402146315 10.945956549935149 0.0
12 0.5 5.005 75.14955396966994 3.048959262564167 10.94997598895492 0.0
12 0.54 1.5085 87.2320625 5.531892564924153 8.824539080758244 0.8969072802622626
12 0.54 3.5065 85.10576818181818 4.766635533415689 10.749217574480891 0.5349609374999998
12 0.54 10.0 76.97023051409619 2.0616777224998515 11.0 0.0
12 0.56 3.5065 87.30076012461059 4.835748106057321 10.615436086755883 0.567427978198806
12 0.56 9.5005 79.48382083029861 2.107507890266777 11.0 0.0
12 0.58 4.006 89.04182758620689 4.739254229211771 10.855421582234559 0.3399207920792076
12 0.62 7.5025 87.96343213114754 2.6857158469971067 11.0 0.0
12 0.62 8.002 88.00552513227514 2.704177689596189 11.0 0.0
12 0.62 9.001 87.622329657574 2.5361094989366864 11.0 0.0
12 0.66 4.5055 97.31968358714043 4.905513878467727 10.797902267491208 0.2840635738831612
12 0.68 2.008 101.21783979328166 5.679284467716616 8.912791472351765 0.8742777400618541
12 0.68 7.003 96.059575 3.2810286458320923 11.0 0.0
12 0.7 1.5085 103.57283378746594 5.924002976188956 8.971756540309663 0.904547276788271
12 0.7 3.5065 102.29073304157549 5.326359719975406 9.026782449725776 0.7173168249660786
12 0.7 10.0 97.17720087815587 2.6540004878674535 11.0 0.0
12 0.74 7.5025 104.42099906803355 4.250121102028454 10.942298770988403 0.0
12 0.74 8.002 103.03867620995229 3.435048852532216 10.949968480773272 0.0
12 0.74 9.001 104.36793617021277 4.162642973859462 10.944835004799259 0.0
12 0.76 0.5095 110.53062576687117 6.3862342941588475 9.203168635875402 0.9391248767303407
12 0.76 1.009 109.96893959731543 6.220583804144303 9.118373317729667 0.9260854139873165
12 0.78 0.01 114.22820289855072 6.5540008841743775 9.267112431896978 0.9497709601591224
12 0.78 3.007 110.80697552447552 5.740906555091019 9.139214463840398 0.8377433800623052
12 0.8 7.5025 111.57387541607227 4.962251815979874 10.746316590563167 0.04377510040160601
12 0.8 8.002 111.39615004122012 4.819506537323242 10.844219085895878 0.0
12 0.82 0.01 118.64986 6.5296109510092375 9.299101229895932 0.9497649044547591
12 0.82 3.007 114.85343738656987 5.89416666666455 8.994920472036942 0.855671977831659
12 0.84 6.004 116.14163930187459 5.435855333761327 9.137127976190476 0.6547845898922948
12 0.84 8.5015 115.79950714771954 5.1013700181179695 10.31552361396304 0.24344076259645905
12 0.88 6.004 120.32092134831461 5.713174306206649 9.12544731610338 0.775437887361897
12 0.88 8.5015 120.06343631436314 5.37523336344225 9.06788256227758 0.5894827586206894
12 0.9 5.5045 122.3802972972973 5.911929012343918 9.053533333333332 0.830274949083503
12 0.92 5.005 124.44645566166439 6.124139311451642 9.269424460431654 0.870547572815534
12 0.94 0.01 131.57655319148938 6.550335120644438 9.281289384391663 0.9496981952073399
12 0.94 3.007 126.70109523809523 6.462328562909205 9.480565234223771 0.9112182389602088
12 0.96 1.009 129.78760655737705 6.655085730895284 9.548368055555555 0.9341485578822599
12 1.0 0.5095 134.05084241823587 6.698505892257952 9.55749255706252 0.9408342208022719
12 1.0 2.008 132.37239158437097 6.782654949119878 9.6793798038696 0.9322424587364826
12 1.0 2.5075 132.0 6.791084585910529 9.690325097529259 0.931588884784304
12 1.0 7.003 132.0 6.81846694795788 9.692446892210857 0.9305888722305513
12 1.02 5.005 133.99612053571428 6.993190715883532 9.786684448091917 0.92752532939079
12 1.04 0.01 143.3203 6.558763102726542 9.291690962099125 0.9496434829899087
12 1.04 3.007 135.99691 7.026883701884239 9.821240861489825 0.9276417469827212
12 1.08 0.5095 142.28168253968255 6.766786817713026 9.62817679558011 0.9391737527827452
12 1.08 2.008 140.12274860335197 7.1062581699367655 9.824478213108751 0.9274306613837244
12 1.08 2.5075 139.95396510067113 7.213708430009186 9.872106230165357 0.9249437089075024
12 1.08 7.003 139.59680655737705 8.007357357357504 10.41519298245614 0.8967923710446467
12 1.1 4.5055 141.60249692496924 7.760969116080498 10.229805914972273 0.9081201764057332
12 1.1 9.001 141.0443404735062 8.735285285285874 10.800059980806141 0.8370453656628861
12 1.12 2.008 143.96827669172933 7.285020876825321 9.885336463223787 0.9232642725598527
12 1.12 7.003 142.9449312977099 8.614231699941788 10.75311805658421 0.8488802248617281
12 1.14 7.5025 144.36065688487585 9.046406801412543 10.857534832036926 0.788194179692464
12 1.16 0.01 155.8697894736842 6.555340814631198 9.32579456471672 0.9496343527136468
12 1.16 3.007 147.41251131824234 7.828711231553611 10.184189916789036 0.9053710327598932
12 1.18 10.0 146.36027071823204 10.12560473497108 10.943303738476715 0.08372732270478245
12 1.2 3.007 150.89744502617802 8.120281923717165 10.515494186046512 0.8928305041152262
12 1.22 8.002 149.67843383084576 10.021074283031954 10.941967270194986 0.189348249027237
12 1.22 9.001 149.1483951120163 10.282799413722223 10.946470323741007 0.0
12 1.24 6.004 152.10556488549616 9.60761935906036 10.923661429945495 0.5717625899280574
12 1.24 6.5035 151.78634745762713 9.855605306796448 10.931532678798833 0.45886363636363614
12 1.24 8.5015 150.6374129032258 10.313446888001069 10.947512124456761 0.0
12 1.28 5.005 155.5819855072464 9.597251557001675 10.916889398623717 0.6149919149919149
12 1.34 10.0 155.79756470588237 10.951402495908171 11.0 0.0
12 1.36 3.5065 162.87170414201185 9.39042008196502 10.903642250101173 0.692774193548387
12 1.36 9.5005 157.13186242299793 10.98382723955584 11.0 0.0
12 1.4 6.004 161.99467415730336 10.650734102905805 10.949519944271133 0.0
12 1.4 6.5035 161.51412587412588 10.720733684648918 10.949793656053258 0.0
12 1.4 8.5015 160.33971391417427 10.948946272121137 11.0 0.0
12 1.42 0.5095 175.28910344827585 7.1901894451986035 9.844223535733477 0.9299352614763746
12 1.42 2.008 170.437873015873 8.577117208673629 10.747584431319098 0.8522560056732559
12 1.42 2.5075 169.02176772616139 9.051407163743718 10.858802100982718 0.7881672597864767
12 1.42 7.003 162.13259689476712 10.789505101488354 11.0 0.0
12 1.44 5.005 165.73801119104715 10.467332641404987 10.948533226284585 0.0
12 1.46 0.5095 178.99883673469387 7.235141685310065 9.87042276690245 0.9290040892826716
12 1.46 1.009 176.54063636363637 7.791715116277401 10.18974234321828 0.9091964042495233
12 1.46 2.5075 172.02874734042555 9.163467313470584 10.878785454545454 0.752788490062296
12 1.48 5.5045 167.2860224047797 10.624583762469133 10.949838986366508 0.0
12 1.5 10.0 165.46619592640454 10.983179937427254 11.0 0.0
12 1.52 4.006 172.06311764705882 10.286234518025356 10.947824317555723 0.0
12 1.56 5.5045 172.09616153846153 10.926841365976063 10.949992499024873 0.0
12 1.58 1.009 187.0979222748815 8.088671599719884 10.46699712184202 0.8955636318065041
12 1.6 8.5015 171.6362908680947 10.991198246724053 11.0 0.0
12 1.62 0.5095 193.99672324723247 7.42330840455687 9.931576819407008 0.9234334803381109
12 1.62 1.009 190.74665714285715 8.153765813477627 10.518989898989899 0.8896809637278262
12 1.62 2.5075 182.98312845138057 9.83906249999678 10.931541115583668 0.4521038790269557
12 1.64 5.5045 176.59883992467044 10.975204558297877 11.0 0.0
12 1.68 1.5085 192.4199656283566 9.046511164275252 10.849112801013941 0.79817147008961
12 1.68 3.5065 182.8666138379657 10.572665550609772 10.949504650528675 0.0
12 1.68 9.5005 176.88 11.0 11.0 0.0
12 1.7 0.01 215.66735714285713 6.564022140222683 9.303929084810733 0.9492555944588217
12 1.72 7.5025 179.52 11.0 11.0 0.0
12 1.74 4.5055 184.50268802698145 10.785946207195902 11.0 0.0
12 1.76 7.5025 183.60460284463895 10.988074385721509 11.0 0.0
12 1.76 8.002 182.16 11.0 11.0 0.0
12 1.76 9.001 182.16 11.0 11.0 0.0
12 1.78 4.006 187.7496614334471 10.886988066155864 11.0 0.0
12 1.8 0.01 226.60646616541354 6.5781347352040545 9.348601558917927 0.9491487673907737
12 1.8 3.007 191.8407614213198 10.427391025626504 10.949280301877605 0.0
12 1.82 7.5025 186.7117992987143 10.989841531051788 11.0 0.0
12 1.82 8.002 186.12 11.0 11.0 0.0
12 1.82 9.001 186.12 11.0 11.0 0.0
12 1.84 0.5095 214.21179545454544 7.6734817813795795 9.999179016952766 0.9148643816723706
12 1.84 2.008 199.78679310344828 9.982128922815589 10.940111390585699 0.2605590062111798
12 1.84 2.5075 196.36687684729065 10.483702134334468 10.948501421332345 0.0
12 1.84 7.003 187.97676673164392 10.990326867939238 11.0 0.0
12 1.86 1.5085 205.4200418118467 9.474740596627251 10.911590282198175 0.6743454474404063
12 1.86 10.0 188.76 11.0 11.0 0.0
12 1.9 4.5055 193.7760672757475 10.971483078391449 11.0 0.0
12 1.92 10.0 192.72 11.0 11.0 0.0
12 1.94 0.5095 223.0581875862069 7.795903814260186 10.216039510818439 0.9095757378472222
12 1.94 1.009 216.4653359375 8.827435707217475 10.81294051627385 0.8262587303241946
12 1.96 2.008 207.53244868735084 10.229571663929093 10.945527339281629 0.0
12 1.96 7.003 195.36 11.0 11.0 0.0
12 2.0 1.5085 214.9562106918239 9.719650304781451 10.927976319087334 0.5092167255594815
12 2.0 3.5065 201.08449691991785 10.981841852961898 11.0 0.0
12 2.0 10.0 198.0 11.0 11.0 0.0
14 0.02 5.005 19.989770609318995 2.1009925761883945 5.828536269430051 0.0
14 0.04 5.5045 25.273463917525774 2.213610981851344 8.032427307206067 0.0
14 0.06 0.01 60.616324324324324 7.531601150527957 10.775013054830287 0.9495596646793572
14 0.08 3.007 37.87744117647059 3.200364783594579 8.207055961070559 0.20821852731591414
14 0.1 2.008 45.117077922077925 3.9725700723321817 7.795329849771391 0.7258717105263157
14 0.1 2.5075 43.45859903381643 3.6408455793812795 8.129671098670398 0.5843640897755609
14 0.1 7.003 29.9 1.85714285714 13.0 0.0
14 0.12 4.006 41.39852631578947 2.6775300038750176 12.723415200796548 0.0
14 0.14 0.01 71.0184649122807 7.540669583413406 10.779745870393901 0.9496221738604763
14 0.2 7.5025 47.48909000166362 1.980194643153821 13.0 0.0
14 0.2 8.002 46.8 1.85714285714 13.0 0.0
14 0.22 8.5015 50.79175540313187 1.969185971268958 13.0 0.0
14 0.24 1.009 74.83568503937008 5.696858496957221 9.21925165962583 0.9040748201438848
14 0.26 3.5065 62.827411929824564 2.9322196887068825 12.949164277435491 0.0
14 0.26 9.5005 56.94 1.85714285714 13.0 0.0
14 0.3 3.5065 73.91345238095238 3.596835443039911 12.945932005449945 0.0
14 0.3 9.5005 63.7 1.85714285714 13.0 0.0
14 0.32 7.5025 67.08 1.85714285714 13.0 0.0
14 0.34 0.01 96.8555831202046 7.553263619498451 10.777854055428426 0.9497543034578396
14 0.36 7.5025 76.13657397328056 2.3697709761760906 13.0 0.0
14 0.36 8.002 74.27210914051842 1.9535957902933614 13.0 0.0
14 0.38 4.006 83.07850043440487 3.2013528608662596 12.94995496036512 0.0
14 0.42 1.5085 101.1431 5.848552522743644 9.582432432432432 0.8875902070546975
14 0.42 3.5065 96.79564016736401 4.689279325329623 12.930286933244103 0.0
14 0.42 9.5005 84.59874244120941 2.009542473204478 13.0 0.0
14 0.44 7.5025 88.44436363636365 2.133766233768909 13.0 0.0
14 0.44 8.002 87.36 1.85714285714 13.0 0.0
14 0.46 0.5095 110.1618268041237 6.843405453465524 10.206069200226885 0.9367596281540504
14 0.46 2.008 106.2288669527897 5.690841141176572 9.7491318074191 0.8469232182218956
14 0.46 2.5075 105.30661302681992 5.468137056521688 9.851291512915129 0.7834610887358711
14 0.46 7.003 91.97244920440636 2.1831876202141647 13.0 0.0
14 0.48 10.0 94.64 2.0 13.0 0.0
14 0.5 1.5085 112.88761029411765 6.102735849058658 9.85 0.8950242489135226
14 0.5 3.5065 109.72608858858858 5.14769899565544 12.849927966864758 0.4135467980295564
14 0.52 2.008 115.29508463949843 5.910452261304742 9.806424318395488 0.8605738664882048
14 0.52 7.003 103.17658458458459 2.54065017398432 13.0 0.0
14 0.54 7.5025 106.6558630910374 2.601199717715503 13.0 0.0
14 0.54 8.002 105.79922235434007 2.335162221841446 13.0 0.0
14 0.54 9.001 104.89338990654205 2.053847797063827 13.0 0.0
14 0.56 7.5025 109.72204481213375 2.5331314325116194 13.0 0.0
14 0.6 2.008 126.97394531249999 6.138990729037756 9.864370485036119 0.8648256285482562
14 0.6 7.003 116.86960113960114 2.739143264146307 13.0 0.0
14 0.62 0.01 133.35763039014375 7.548897651909923 10.80353522867738 0.9498117980065645
14 0.62 3.007 128.7901411764706 5.797830729459477 9.916402921485089 0.7426740775050177
14 0.64 2.008 132.9350076335878 6.290469924807839 9.940635798203179 0.8721169339369292
14 0.64 7.003 124.44903043478261 3.1623136645981575 13.0 0.0
14 0.7 7.5025 134.85110787172013 3.548146605581971 13.0 0.0
14 0.7 8.002 134.37628225806452 3.3220391705033534 13.0 0.0
14 0.7 9.001 133.51692006269593 2.912819077472506 13.0 0.0
14 0.72 2.008 144.34058687258687 6.551004168246568 10.187960074859637 0.884112084550132
14 0.72 2.5075 143.9110426716141 6.371228864329737 10.041324041811846 0.853360900932606
14 0.72 7.003 141.09540223048327 5.086402382665793 12.906601288876436 0.0
14 0.74 0.01 149.51827272727274 7.510816326530828 10.762253886010363 0.9498133092442035
14 0.74 3.007 146.37583026874117 6.265062857139604 9.9809181897302 0.8223134328358208
14 0.76 6.004 147.861956302521 5.610912698414917 12.5143648018648 0.18339049485546266
14 0.76 6.5035 147.66280329094988 5.513437369082799 12.543494932895097 0.0
14 0.76 8.5015 144.6819793814433 3.786892488955 12.949669334138608 0.0
14 0.78 1.009 153.5336638655462 7.137383309762295 10.612473498233216 0.9292512097801171
14 0.8 0.01 157.9267755102041 7.548897058824507 10.773979328165375 0.9498344570190224
14 0.82 1.009 158.96718947368421 7.237075592567012 10.675668028921722 0.9308222305233885
14 0.84 5.5045 159.92055421686746 6.228584217929252 10.238477951635845 0.7119923967513391
14 0.86 4.006 163.17901771336554 6.66279358939259 10.34435524335173 0.8446257108231564
14 0.86 5.005 162.9209898305085 6.451201153106006 10.251395631067961 0.7930336520551347
14 0.88 5.5045 165.6712773261066 6.512734034368041 10.356478578892371 0.8068937550689375
14 0.92 1.5085 172.16675524475525 7.462769406827407 10.804761904761904 0.9297965544838044
14 0.92 3.5065 171.606 7.1686030428784715 10.654345127250155 0.9023837413611339
14 0.92 9.5005 171.01645890410958 6.385103262859733 10.195622688039457 0.7579230210602759
14 0.96 6.5035 176.74439303482586 7.218781094526424 10.70055469953775 0.9042676622630672
14 0.96 9.5005 176.6737045045045 6.97712998712953 10.612302607418288 0.8818697285420652
14 0.98 3.5065 179.4450570902394 7.626706500093064 10.899583828775267 0.9293232126197948
14 0.98 9.5005 179.388906323185 7.349163599863159 10.77831481002843 0.9131384198457368
14 1.0 6.004 182.0 7.772507773917599 10.968867142146292 0.9355341533225032
14 1.0 8.5015 182.0 7.785588657574303 10.964664827138451 0.935703263637065
14 1.02 3.5065 184.77032949308756 7.970768983268399 11.116236811254396 0.9343379427175669
14 1.02 9.5005 184.73108200212994 8.242084515923471 11.465947925142391 0.9292842292842293
14 1.06 4.006 190.16929958960327 8.40153626860747 11.552015027322405 0.9278640986799394
14 1.06 5.005 190.09962146892656 8.563635019226354 11.663274821722435 0.9238845503950313
14 1.08 6.004 192.55003597883598 9.063312572986863 11.88421630094044 0.9088088854844887
14 1.08 6.5035 192.498122875817 9.16672290963796 11.92596769702033 0.9039974655837797
14 1.08 8.5015 192.26276230661043 9.613048521169862 12.243440762596459 0.8845855550169656
14 1.1 3.007 195.51232857142858 8.562213554364968 11.664366235908716 0.9234405144694533
14 1.16 1.009 204.7512362459547 8.175015733166763 11.337360074626865 0.9339371358357446
14 1.18 4.5055 204.57892307692308 9.94885009232733 12.53996687827767 0.8592076364250717
14 1.18 9.001 202.0413194103194 11.59086503946039 12.931779296795055 0.3594542659492695
14 1.2 5.005 206.39843654822334 10.383357432056648 12.748839662447256 0.8080944156591824
14 1.22 0.01 219.91345238095238 7.574222121282429 10.77382822396757 0.9496708539678705
14 1.22 3.007 210.3514639905549 9.550755569404348 12.16914257228315 0.8873013726418283
14 1.24 5.5045 209.9625317919075 11.13173313999601 12.89111517606324 0.6462860780984718
14 1.28 3.5065 216.31459003831418 10.352212244903622 12.750829720436538 0.8157528189254919
14 1.28 9.5005 210.05716666666666 12.741616413672169 12.949894781144781 0.0
14 1.3 0.5095 224.69979041916167 8.12349967384461 11.2256291730868 0.9363393300485084
14 1.3 1.009 223.0186896551724 8.571160220995898 11.652473058856037 0.9257627722595875
14 1.3 2.5075 220.2081543624161 9.783655876144378 12.442015400066957 0.8696362925303089
14 1.34 4.5055 220.3279521640091 11.422951482506669 12.923087217351176 0.45921479558728073
14 1.36 7.5025 218.07973101952277 12.564445094952104 12.949986496624156 0.0
14 1.38 0.5095 235.42497452229298 8.209818968909387 11.32229981378026 0.9344644542308902
14 1.38 1.009 233.18451272727273 8.800708540788934 11.780798835032245 0.92044011647334
14 1.38 2.5075 228.7034665153235 10.287232485810204 12.722955452127659 0.8233117778013357
14 1.4 5.5045 223.9201237113402 12.309459944909614 12.948192471480526 0.0
14 1.42 6.004 224.77201591895803 12.520388559864733 12.94961608222491 0.0
14 1.42 8.5015 221.9257386569873 12.833460740538953 13.0 0.0
14 1.44 3.5065 231.71889591078067 11.443521279502125 12.920249772716398 0.46477199743095676
14 1.44 9.5005 223.72076112338277 12.941122650823088 13.0 0.0
14 1.46 6.004 227.83027670940172 12.601126687861994 12.94991435526039 0.0
14 1.46 6.5035 227.51974074074073 12.659423963131468 12.94987820647761 0.0
14 1.46 8.5015 225.56827535867103 12.836436708747556 13.0 0.0
14 1.48 4.006 233.41753333333335 12.218214285726999 12.945181555058545 0.0
14 1.5 4.5055 234.38542003231018 12.230225718705064 12.94832578904942 0.0
14 1.52 1.5085 248.01628266666665 9.869136036374798 12.475385583884167 0.8664824160858767
14 1.52 10.0 230.25285647175178 12.942929050797835 13.0 0.0
14 1.54 4.006 238.6679857142857 12.249200401472384 12.94775398890317 0.0
14 1.54 5.005 235.91116524701874 12.551346402873223 12.949926393270243 0.0
14 1.58 9.5005 234.78 13.0 13.0 0.0
14 1.6 5.5045 239.83203241895262 12.699891598925957 13.0 0.0
14 1.62 6.004 241.38569128156266 12.801145679323715 13.0 0.0
14 1.62 6.5035 240.68479480630054 12.795314760526445 13.0 0.0
14 1.62 8.5015 238.97434853875475 12.986466977374592 13.0 0.0
14 1.66 0.5095 271.7277598499062 8.663182207017806 11.67544363256785 0.9245290708205035
14 1.66 2.008 258.4461533742331 11.090973132399506 12.89513652950799 0.6395544982698961
14 1.66 2.5075 255.69458979591835 11.596012986991791 12.92963056786996 0.3396592709984149
14 1.66 7.003 242.06 13.0 13.0 0.0
14 1.68 7.5025 245.0096430894309 12.988261684082458 13.0 0.0
14 1.68 8.002 245.2036814908937 12.842282968196251 13.0 0.0
14 1.7 0.5095 276.6191978609626 8.66817722372304 11.719413475521085 0.9232289267618609
14 1.7 1.009 271.48634382566587 9.680709637437763 12.372004521477015 0.8802658045977011
14 1.7 2.5075 258.79286006128706 11.709402985087449 12.938877072025818 0.1350804359107417
14 1.76 0.01 299.472096 7.591576275099916 10.814700976888254 0.949328104098261
14 1.78 1.5085 274.65275 10.820434720406546 12.84923563998191 0.7377340676632571
14 1.78 10.0 252.98 13.0 13.0 0.0
14 1.82 0.01 308.46834615384614 7.595616883118796 10.817826188802998 0.949311152337216
14 1.82 3.007 265.66076813317477 12.373201382355662 12.949655651543527 0.0
14 1.84 6.004 258.44 12.992702810381212 13.0 0.0
14 1.84 8.5015 258.44 13.0 13.0 0.0
14 1.86 4.5055 263.4944738937017 12.836404245489097 13.0 0.0
14 1.86 8.002 260.26 13.0 13.0 0.0
14 1.86 9.001 260.26 12.992527851872856 13.0 0.0
14 1.88 2.008 278.4870779661017 11.814127277502735 12.937985563327876 0.12966057441253226
14 1.88 7.003 262.08 13.0 13.0 0.0
14 1.92 4.5055 269.3937876724931 12.82163733966714 13.0 0.0
14 1.94 6.004 269.26518794466404 12.949102180403713 13.0 0.0
14 1.94 6.5035 268.3206207527976 12.989869809391106 13.0 0.0
14 1.94 8.5015 267.54 13.0 13.0 0.0
14 1.98 5.005 271.18 13.0 13.0 0.0
14 2.0 7.5025 273.0 13.0 13.0 0.0
14 2.0 8.002 273.0 13.0 13.0 0.0
14 2.0 9.001 273.0 13.0 13.0 0.0
16 0.0 3.5065 17.30066622251832 2.16258327781479 5.208594491927825 0.0
16 0.0 9.5005 15.0 1.875 5.3628822629969415 0.0
16 0.02 3.5065 26.682888888888886 2.491891543485734 6.334687357371063 0.0
16 0.02 9.5005 19.5 1.875 15.0 0.0
16 0.06 0.5095 66.21822641509434 6.846927083333333 10.659084556254367 0.9172031793343268
16 0.06 1.009 56.48908571428571 5.48778073286052 9.355130890052356 0.8562074022948839
16 0.08 5.005 38.44674736842106 2.222620604475443 14.888634237605238 0.0
16 0.12 10.0 42.0 1.875 15.0 0.0
16 0.14 0.5095 82.61937398373985 7.045933493589743 10.857534618517512 0.9232324628068721
16 0.14 1.009 75.43739072847681 5.944707207207207 9.819002306805075 0.8853556197551244
16 0.14 2.5075 66.67471428571429 4.396778897136797 8.91344181110718 0.678677462887989
16 0.18 5.5045 56.20470609077105 1.9824247089590012 15.0 0.0
16 0.2 0.01 103.0943115942029 8.554049003322259 12.13909490886235 0.9496526099565007
16 0.22 5.5045 67.33298945030539 2.329004719600222 15.0 0.0
16 0.24 6.5035 69.90836697247707 2.0244024625784647 15.0 0.0
16 0.26 7.5025 73.76599615680246 1.9199317832436587 15.0 0.0
16 0.28 4.006 83.2608275862069 2.788338122605364 15.0 0.0
16 0.3 7.5025 82.5 1.875 15.0 0.0
16 0.32 0.01 123.69987313432836 8.556550687285224 12.154121212121211 0.9497012312892322
16 0.34 0.5095 121.49796244131456 7.468230519480519 11.359425587467362 0.9329079784236374
16 0.34 1.009 117.79933333333334 6.690282846715329 10.674261129816685 0.9111235535647629
16 0.36 0.01 130.44044827586208 8.543305687203791 12.046158896913985 0.9497073023536512
16 0.38 1.5085 123.8003659574468 6.351941624365482 10.493644679826673 0.8795475897954759
16 0.38 10.0 100.5 1.875 15.0 0.0
16 0.4 5.5045 109.40100386100386 2.7918758043758043 15.0 0.0
16 0.42 7.5025 110.17053873417721 2.019512658227848 15.0 0.0
16 0.42 8.002 110.01744162239211 1.9865175910327848 15.0 0.0
16 0.44 0.01 144.17576109215017 8.550853174603175 12.09616122840691 0.9497482437362438
16 0.46 6.004 122.12103266475644 2.713202005730659 15.0 0.0
16 0.46 8.5015 120.54749240292628 2.348956574751454 15.0 0.0
16 0.48 4.5055 130.18778802747792 3.6001801152737753 14.949795168383638 0.0
16 0.5 7.5025 128.87846726190477 2.2196168154761904 15.0 0.0
16 0.5 8.002 128.431902891526 2.1079757228814975 15.0 0.0
16 0.5 9.001 128.86340763809213 2.215851909523029 15.0 0.0
16 0.54 0.01 161.33019672131147 8.570604631217838 12.179140034863451 0.9498042404529574
16 0.54 3.007 152.89779775280897 6.1187851617440225 11.187383573243014 0.7051132342533615
16 0.56 0.01 164.74937302977233 8.55337237479806 12.109221183800623 0.9497830671889123
16 0.58 4.5055 153.4310427201395 4.225749577702703 14.949593225464993 0.0
16 0.62 1.009 172.21526 7.534112318840579 11.439130434782609 0.9242099040516575
16 0.66 5.005 174.373230964467 5.7651013143483025 14.903172021146808 0.0
16 0.7 0.01 188.97791946308726 8.554166666666667 12.12356570018507 0.9498435148961781
16 0.7 3.007 184.68507575757576 6.771372976338729 10.951842691070986 0.7926474247325205
16 0.74 1.009 194.4563947368421 7.869244909502262 11.76894429055094 0.9292722257585402
16 0.78 3.5065 199.7159640718563 6.983565873741995 11.37674003569304 0.8093020594965674
16 0.78 9.5005 193.97645585585587 3.850259009009009 15.0 0.0
16 0.8 0.5095 205.81229390681005 8.307224264705882 11.946277342966084 0.941896461565278
16 0.8 1.009 205.30454676258992 8.090670894526035 11.862872822715342 0.9320767788735838
16 0.82 3.5065 207.4164126506024 7.252927442528735 11.318077922077922 0.8414478691019787
16 0.82 9.5005 204.52790212071778 5.35181484502447 14.94224078181314 0.0
16 0.84 4.006 211.0163780487805 7.248557692307692 11.437323943661971 0.8329959919839679
16 0.86 1.5085 215.80778873239436 8.077468039772727 11.911558380414313 0.9260099440646364
16 0.86 10.0 213.4269247311828 6.255557210965435 11.396145760336369 0.12509186351705998
16 0.88 4.006 218.61945774647887 7.5867460796139925 11.594049008168028 0.8739830636624829
16 0.9 7.003 221.72268874172184 7.130825407608696 11.366970802919708 0.7938273132112814
16 0.92 7.5025 225.50042054958183 7.305318831942789 11.41702661978905 0.8287578341724031
16 0.92 8.002 225.44 7.25 11.55314606741573 1.0
16 0.92 9.001 225.35332455315148 7.112805738476011 11.21070780399274 0.7820167407794925
16 0.94 3.5065 229.61546889952155 8.13816510172144 11.936130389064143 0.9181344859767179
16 0.94 9.5005 229.13869014084506 7.371268844221105 11.473394941634242 0.8386544046466602
16 0.98 7.5025 236.53173209549072 8.320009946949602 11.99818488023952 0.9246041798606712
16 1.0 5.5045 240.0 8.736491402116402 12.459806081974438 0.939992799279928
16 1.02 7.5025 243.62598427260812 9.224599023709903 12.811910490856592 0.93493519675203
16 1.02 8.002 243.62072972972973 9.235182225063939 12.830774664469036 0.9347569091051436
16 1.04 3.5065 247.26520765027323 9.193777860326895 12.779714857428715 0.93543426047881
16 1.04 9.5005 247.0354603960396 10.010599173553718 13.379290964115867 0.9204173232106193
16 1.06 1.5085 251.59510236220473 9.021995614035088 12.677620657854288 0.9388187357756406
16 1.06 10.0 250.23418479880775 10.722832464146023 13.842191936399773 0.8965938702072217
16 1.08 5.5045 253.94694672754946 10.173176691729322 13.526967071057193 0.9150119830707256
16 1.1 5.005 257.2948152866242 10.368549999999999 13.677684381778741 0.909226077011056
16 1.14 0.5095 267.1575944055944 8.927094127806562 12.613684936228886 0.9422107416525085
16 1.14 2.008 265.0387 9.649785825545171 12.987735702041451 0.9291760506522755
16 1.14 2.5075 264.76732668329174 9.879020833333334 13.225674960296454 0.923545871559633
16 1.16 9.5005 263.74147773766543 13.029248687664042 14.90218896713615 0.4871692307692305
16 1.18 3.007 271.07436144578315 10.50537610619469 13.74567003050927 0.9045308740978347
16 1.2 3.5065 273.48212418300653 11.034827170418007 13.969854814060112 0.880059009786989
16 1.2 9.5005 268.2370913461538 13.721354947526237 14.940968336048735 0.0
16 1.22 1.009 279.96700305810396 9.452843347639485 12.892227469500197 0.9335181491822896
16 1.24 4.006 278.6545168539326 11.743885216346154 14.559307244843998 0.8189353612167299
16 1.26 0.5095 288.5627971014493 9.133704545454545 12.726530031312269 0.9395136998729813
16 1.26 2.008 284.95435333333336 10.45727306547619 13.737352406902815 0.9066274509803921
16 1.26 2.5075 283.9536523297491 10.835144163150492 13.899516832917705 0.8884180223605811
16 1.26 7.003 276.92475185735515 13.745391757246377 14.937967098407027 0.0
16 1.28 7.5025 278.7060813397129 13.95361620795107 14.94599157485418 0.0
16 1.3 6.004 282.89393835616437 13.60562704248366 14.936783614640621 0.0
16 1.3 6.5035 282.09579415501906 13.831262088974855 14.943218751064627 0.0
16 1.3 8.5015 279.9401773049645 14.771039171656687 14.94972853954274 0.0
16 1.32 0.5095 299.2061527272727 9.218715564738291 12.788512334911537 0.9377167414050822
16 1.32 2.008 294.1676888888889 10.834397289586304 13.894263342921061 0.891575591985428
16 1.32 2.5075 292.79579566563467 11.298854581673307 14.195996140858659 0.8609693026359693
16 1.34 3.007 294.1546111111111 11.981166443850267 14.670025737477728 0.7974109638993557
16 1.36 0.01 313.00346666666667 8.598419744318182 12.199709976798143 0.9496480468868009
16 1.38 6.004 291.92198372513565 14.04196572580645 14.94781614953505 0.0
16 1.38 6.5035 290.914462478185 14.231712115666179 14.949352740974838 0.0
16 1.38 8.5015 288.22613230629815 14.744355864549522 15.0 0.0
16 1.4 4.006 298.7149140893471 13.23973142164782 14.920493250011926 0.3762350299401195
16 1.42 5.5045 297.0679060773481 14.246308037456107 14.948803563200737 0.0
16 1.44 7.5025 296.0492590529248 14.72177763478732 15.0 0.0
16 1.44 8.002 295.20161873638347 14.730714847727484 15.0 0.0
16 1.46 5.5045 301.0663812849162 14.404423786919832 14.94990682856456 0.0
16 1.48 7.003 300.4560789993417 14.703059251237624 15.0 0.0
16 1.52 4.5055 310.41769758064515 14.10327369052379 14.94817636267529 0.0
16 1.52 9.001 303.99576103190765 14.861134866231865 15.0 0.0
16 1.54 1.5085 328.9032797527048 11.372951612903226 14.146594982078852 0.8576808129109383
16 1.54 10.0 304.8 15.0 15.0 0.0
16 1.56 7.003 310.4072424877708 14.86286760423946 15.0 0.0
16 1.6 4.006 321.4447549019608 14.267446599213041 14.948560229622542 0.0
16 1.62 5.5045 318.10128121137205 14.856169784887925 15.0 0.0
16 1.64 7.003 316.8 15.0 15.0 0.0
16 1.66 6.004 322.27155062911925 14.85789511494253 15.0 0.0
16 1.66 6.5035 319.700345137881 14.992121558765694 15.0 0.0
16 1.66 8.5015 320.17484091622214 14.991377472891317 15.0 0.0
16 1.68 0.01 374.5395514018692 8.60094049247606 12.133435207823961 0.9494893475164409
16 1.7 6.004 325.747394416607 14.863536508198525 15.0 0.0
16 1.7 6.5035 326.5968574884096 14.806241749174918 15.0 0.0
16 1.7 8.5015 324.0 15.0 15.0 0.0
16 1.72 0.5095 368.0362322580645 9.970017361111111 13.310019550342131 0.9233278130462784
16 1.72 2.008 348.0668727272727 12.964006193693693 14.893057427013154 0.5497839005942732
16 1.72 2.5075 342.7684180327869 13.466201274362819 14.936166219839142 0.022463343108503973
16 1.74 5.005 333.7602933884298 14.803430951563037 15.0 0.0
16 1.76 0.5095 374.5136386404293 9.96431311018131 13.304282964388834 0.9217585203267299
16 1.76 1.009 366.17058778625955 11.258313679245283 14.043226176808266 0.8690216110019646
16 1.78 4.5055 338.67241279999996 14.712523875212224 15.0 0.0
16 1.78 8.002 334.7815353711791 14.868031957590555 15.0 0.0
16 1.78 9.001 333.6 15.0 15.0 0.0
16 1.8 3.5065 344.52284444444444 14.477999510284036 14.949965476869503 0.0
16 1.8 9.5005 336.0 15.0 15.0 0.0
16 1.82 1.009 374.9107439613527 11.351421232876712 14.190529383195726 0.8540159411404046
16 1.84 5.5045 341.43970987124465 14.992091652748254 15.0 0.0
16 1.86 3.007 353.87567250437826 14.437875514403292 14.949863129079807 0.0
16 1.9 5.005 350.0743581544084 14.967401423877327 15.0 0.0
16 1.92 3.007 360.4680327455919 14.425475876366377 14.949909839514335 0.0
16 1.98 1.5085 385.96575374732333 12.885231481481481 14.89762913825932 0.5339205816554807
16 1.98 3.5065 364.32557461645746 14.621526415788184 15.0 0.0
16 1.98 10.0 357.6 15.0 15.0 0.0
16 2.0 0.01 434.99117647058824 8.596180555555556 12.210487106017192 0.949328104098261
16 2.0 3.007 369.11424979044426 14.760465915338099 15.0 0.0
18 0.0 7.5025 17.0 1.88888888889 4.764123973959808 0.0
18 0.02 7.5025 23.38 1.88888888889 15.0 0.0
18 0.04 2.008 49.04976470588235 3.9998299829983015 8.232496782496781 0.5118043350908024
18 0.04 7.003 28.56 1.88888888889 17.0 0.0
18 0.06 6.5035 37.974692468619246 1.999959217319624 15.018433451118963 0.0
18 0.08 3.5065 57.89585401459854 3.441443746603324 12.853814089203835 0.0
18 0.08 9.5005 40.12 1.88888888889 17.0 0.0
18 0.1 5.5045 46.8 2.0 17.0 0.0
18 0.12 4.5055 55.1999225381129 2.314203635028676 16.941010122460536 0.0
18 0.14 6.004 57.46 1.88888888889 17.0 0.0
18 0.14 6.5035 57.46 1.88888888889 17.0 0.0
18 0.14 8.5015 57.46 1.88888888889 17.0 0.0
18 0.16 4.006 69.0136495806151 2.6473385240718876 16.948811425061425 0.0
18 0.18 4.006 77.37171140939597 2.887059373540166 16.944911584862005 0.0
18 0.2 0.5095 119.408880866426 7.998746726524517 12.067053206002727 0.926242421560384
18 0.2 1.009 111.48290697674419 6.850979491890073 11.006945481702763 0.8932833909591497
18 0.22 4.006 88.23449050632911 2.9792721518989413 17.0 0.0
18 0.28 1.5085 129.4223816793893 6.535231271998796 10.964996043260353 0.8655453372055502
18 0.3 0.01 151.99708881578948 9.54408875339106 13.64110629067245 0.9496206510896835
18 0.32 0.5095 148.9005981308411 8.248099958692272 12.44214797136038 0.931162233603172
18 0.32 1.009 143.46427160493826 7.309661835745695 11.74378511235955 0.9068466353677621
18 0.32 2.5075 136.4521403508772 5.967715874515064 11.22705357142857 0.7450749464668093
18 0.34 6.004 117.39284370677731 2.247953485986968 17.0 0.0
18 0.34 6.5035 115.92 2.0 17.0 0.0
18 0.34 8.5015 115.26 1.88888888889 17.0 0.0
18 0.36 0.5095 158.74453968253968 8.360243700946418 12.585504368546465 0.9326068497028022
18 0.36 1.009 154.01864788732394 7.4704386414040185 11.814815950920245 0.9095413839891452
18 0.38 4.5055 133.09168343815514 3.0128464942929067 17.0 0.0
18 0.38 9.001 127.44 2.0 17.0 0.0
18 0.4 4.006 142.03844174410293 3.636669049324577 16.949998499985 0.0
18 0.42 0.01 178.84069198312235 9.568340026778078 13.619985223494643 0.9497406670285266
18 0.44 0.5095 178.1736377952756 8.53080274845227 12.775766192733018 0.9353465999456922
18 0.44 1.009 174.37580303030305 7.751600000002484 11.983477448001869 0.9143965074473549
18 0.46 5.5045 154.73222427745665 2.8749432669676387 17.0 0.0
18 0.48 3.007 178.04 6.44444444444 13.0 1.0
18 0.5 0.01 196.1518181818182 9.57930327869273 13.644 0.9497512737797341
18 0.5 3.007 182.96983496332518 6.486675839925548 11.973015075376884 0.6873569686737947
18 0.54 1.009 199.25175471698114 8.072990457705885 12.323498845265588 0.9202841017792233
18 0.56 0.5095 206.5202282878412 8.746663144922413 12.8828246124031 0.9379116376098942
18 0.56 1.009 204.12310638297873 8.129074074072783 12.424642857142857 0.9211066931742876
18 0.56 2.5075 199.73196296296297 6.975778014436403 11.790687450039968 0.798853487810765
18 0.62 9.5005 198.91608735632184 2.688914431676163 17.0 0.0
18 0.66 1.5085 227.1033922077922 8.058411360798416 12.437746336533602 0.9059265112603714
18 0.66 3.5065 223.71371678321677 6.9847991653626975 11.813118994826311 0.6715214820654315
18 0.68 4.006 228.2545590778098 6.875369632582035 11.931310398144568 0.5718725918314922
18 0.7 1.009 237.80264781491005 8.587535353539478 12.836906108597285 0.9283755908895573
18 0.74 9.5005 234.93081686746987 3.628554216871184 17.0 0.0
18 0.78 7.5025 251.5789121887287 6.449615384611354 16.86430839371489 0.0
18 0.8 6.004 257.5207907425265 7.038178156834491 11.898484848484848 0.4825520024837005
18 0.8 6.5035 257.24075517661385 6.88405754836317 12.409081364829396 0.3359760956175296
18 0.82 7.5025 262.05902237521514 6.846696824052047 12.144976958525344 0.19366231253023672
18 0.86 8.002 272.170406779661 7.12975903614328 12.321060070671377 0.5254271070615032
18 0.86 9.001 271.91147976878614 6.929150702427274 12.005454545454544 0.3177650429799424
18 0.9 4.5055 283.00365979381445 8.392989985689919 12.800529265255292 0.884353316680544
18 0.92 0.01 290.2415081967213 9.578789923530978 13.663915684172919 0.9498797137186503
18 0.94 7.5025 292.18733539412676 8.366357547652184 12.76409813407049 0.8808989566957267
18 1.0 4.006 306.0 9.707557911271083 13.811951631046119 0.9428115564095525
18 1.02 0.01 313.85847727272727 9.578741168918791 13.660805230557466 0.9499128501021757
18 1.04 7.5025 315.08 10.8888888889 15.0 1.0
18 1.06 8.002 319.23660797342194 11.584531963511866 15.14412455934195 0.9126513285467218
18 1.06 9.001 319.1162442477876 11.817877877896091 15.45231075697211 0.9058467969720935
18 1.08 4.006 324.07979271708683 10.931991991998792 14.761049798115748 0.9270463100761621
18 1.1 1.5085 329.28409200968525 10.311766790682983 14.202298173246906 0.9383662451002145
18 1.1 3.5065 328.4955 11.031020968054904 14.814868049010368 0.9246621163495005
18 1.1 9.5005 326.471088 13.224409601216427 16.231935483870966 0.822161758429364
18 1.12 4.006 332.440945054945 11.58776963781086 15.227879103699843 0.9127930096274591
18 1.14 6.004 335.1281646234676 12.925599692964646 15.965617775494477 0.8523083739477182
18 1.14 6.5035 334.79574874371855 13.065887230507506 16.08723986856517 0.8327613887216535
18 1.14 8.5015 333.62127307692305 13.965829949554298 16.74107503495417 0.7229554521276594
18 1.18 5.005 343.18471921182265 13.087371182303423 16.15992943548387 0.8352412020561486
18 1.2 7.5025 343.80807692307695 14.618983402527729 16.87150566648678 0.4994894894894893
18 1.22 3.5065 352.33819769357495 12.593356441404037 15.853961344245167 0.8689598238855255
18 1.22 9.5005 344.76726649746195 15.622805682432443 16.943098562698438 0.0
18 1.26 6.004 354.68372826086954 14.79952949694368 16.89400279827016 0.4164215686274507
18 1.26 8.5015 351.17796654719234 16.176239316221693 16.94798389613632 0.0
18 1.28 0.01 376.7048791208791 9.611732091376693 13.676363020656959 0.9497876058205043
18 1.3 5.5045 361.5293406593407 14.942289865970947 16.906164846301092 0.31524239934264553
18 1.32 6.004 363.26593520518355 15.579441363771775 16.93635877658559 0.0
18 1.32 6.5035 362.26931170336036 15.763114346172749 16.944458144494803 0.0
18 1.32 8.5015 359.55481453154874 16.39964207901388 16.94951535712122 0.0
18 1.34 5.005 368.7630969976905 14.967801827805047 16.913821096173734 0.25957352287872026
18 1.36 0.5095 389.7342162162162 10.403646429894724 14.26724960254372 0.9379070114000447
18 1.36 1.009 386.99534369602765 11.09531695155742 14.849978089395266 0.9244538119844076
18 1.38 5.5045 372.90904863221886 15.753911086124779 16.945125604978106 0.0
18 1.42 4.006 383.1659211563732 15.013502740407219 16.916216759664202 0.2171441991545323
18 1.44 0.01 415.0896363636364 9.622130090293073 13.712265084075172 0.9496526099565007
18 1.48 4.5055 389.95910869565216 15.692662309398925 16.94616080369545 0.0
18 1.5 5.005 390.2953695836873 16.1933010335724 16.949452582415915 0.0
18 1.52 3.007 403.16953675450765 14.844588744604286 16.897804893003862 0.4077114427860694
18 1.54 4.5055 398.0798839285714 16.150753295653477 16.94943724782332 0.0
18 1.54 8.002 391.28576547945204 16.79367609256562 17.0 0.0
18 1.54 9.001 389.6546899937656 16.98706510519869 17.0 0.0
18 1.56 4.5055 400.2294716049383 16.33557137205027 16.949758847290045 0.0
18 1.64 4.5055 412.1196731793961 16.419089469475114 16.949968480773272 0.0
18 1.66 5.5045 410.2150944723618 16.75785428249388 17.0 0.0
18 1.68 0.5095 459.65660683760683 11.036758409782257 14.830337601862631 0.9261509149718641
18 1.68 1.009 451.3208524590164 12.306433663680016 15.766922209695602 0.8836915561758548
18 1.7 5.5045 415.7701723404255 16.87656432555178 17.0 0.0
18 1.72 6.004 418.90240063216123 16.819242823134534 17.0 0.0
18 1.72 6.5035 418.1922512035011 16.876299569466255 17.0 0.0
18 1.72 8.5015 416.16 17.0 17.0 0.0
18 1.74 1.5085 453.1905491803279 13.650265181684404 16.624109156517818 0.7613545246277204
18 1.74 3.5065 429.7848003748828 16.471980676306085 16.949909839514337 0.0
18 1.76 6.5035 422.28 17.0 17.0 0.0
18 1.78 3.007 439.402271446863 16.085296465627586 16.948591961999938 0.0
18 1.8 7.5025 428.4 17.0 17.0 0.0
18 1.82 9.5005 431.46 17.0 17.0 0.0
18 1.84 4.006 441.8186978520286 16.62958439019412 17.0 0.0
18 1.86 5.005 440.19651228070177 16.88203283437146 17.0 0.0
18 1.9 1.5085 479.11053781512607 14.318085880608658 16.826204379562043 0.622576992753623
18 1.9 3.5065 451.95651639344266 16.566456228999584 17.0 0.0
18 1.92 5.005 450.41618795430946 16.87258130798503 17.0 0.0
18 1.96 4.006 458.27708183079056 16.776485851156092 17.0 0.0
18 1.96 5.005 453.7981091914305 16.9877040774935 17.0 0.0
18 1.98 7.5025 455.94 17.0 17.0 0.0
18 1.98 8.002 455.94 17.0 17.0 0.0
18 1.98 9.001 455.94 17.0 17.0 0.0
18 2.0 1.009 508.35582706766917 13.401304200501876 16.423885240235048 0.8010385579563088
20 0.02 0.01 110.68443902439024 10.51468220338983 14.910780390195097 0.9495245305875227
20 0.08 7.5025 47.88 1.9 19.0 0.0
20 0.1 4.006 64.50490039840638 2.815337756332931 18.92298770908419 0.0
20 0.12 3.007 89.95132 4.4529055441478445 17.792355605889014 0.21456173421300626
20 0.14 5.5045 72.10949573507276 2.1894957350727546 18.938609156875025 0.0
20 0.16 1.5085 115.79076363636364 6.296346368715083 10.959047094464335 0.8337953729557239
20 0.18 1.5085 123.56260606060606 6.478679012345679 11.214727639542703 0.8402319785276073
20 0.2 6.004 93.13395316322963 2.141744145403705 19.0 0.0
20 0.2 6.5035 93.79884580703336 2.2248557258791704 19.0 0.0
20 0.2 8.5015 92.0 2.0 19.0 0.0
20 0.26 0.5095 165.37963696369638 8.939387351778656 13.588288288288288 0.9280819848975188
20 0.26 1.009 157.18316455696203 7.760575657894737 12.458296622613803 0.8990123606398448
20 0.26 2.5075 146.82388679245284 6.13248492159228 11.673811074918566 0.7301327720207252
20 0.28 4.5055 126.49407664233577 2.7908439781021896 19.0 0.0
20 0.28 8.002 120.8 2.0 19.0 0.0
20 0.28 9.001 120.08 1.9 19.0 0.0
20 0.3 0.5095 177.63845901639343 9.01793172690763 13.600976645435244 0.9301642503980558
20 0.3 1.009 170.08166666666665 7.8773285714285715 12.601103117505994 0.9022520673274295
20 0.3 2.5075 160.69 6.343700873362446 11.953730664240219 0.7317399002092386
20 0.32 6.004 134.79185217391304 1.9399782608695646 19.0 0.0
20 0.32 6.5035 135.74014856860808 2.079433613030602 19.0 0.0
20 0.32 8.5015 135.2 2.0 19.0 0.0
20 0.36 6.004 153.0826722866175 2.544167544783983 19.0 0.0
20 0.36 6.5035 150.11651215559158 2.0807050243111833 19.0 0.0
20 0.36 8.5015 148.96 1.9 19.0 0.0
20 0.38 3.007 186.35959036144578 6.465601092896175 12.470234986945169 0.6156134686346861
20 0.4 1.5085 198.65704280155643 7.5951547619047615 12.503415369161225 0.8758232752197883
20 0.42 0.5095 214.08936523929472 9.32775 13.892445328031808 0.9340208226119314
20 0.42 1.009 208.8962463054187 8.387308917197453 13.036708860759493 0.9120335673193645
20 0.44 6.5035 181.11777368111393 2.4853167287703473 19.0 0.0
20 0.46 4.006 198.5024513064133 4.3191567695962 18.949664774100025 0.0
20 0.48 5.005 201.75710282485875 3.7225197740112996 19.0 0.0
20 0.5 1.009 233.67125407166122 8.658554421768708 13.40113944655453 0.9181666421171503
20 0.52 4.006 230.2781968911917 6.589201030927835 18.844175392670156 0.024180327868852033
20 0.52 5.005 217.06853097345135 4.05594395280236 19.0 0.0
20 0.54 9.5005 214.96538297872343 2.12290934320074 19.0 0.0
20 0.56 6.004 228.06370809248554 3.4690245664739883 19.0 0.0
20 0.56 6.5035 226.52838356164384 3.1200871731008717 19.0 0.0
20 0.56 8.5015 224.07786680650236 2.5631515469323545 19.0 0.0
20 0.58 5.005 239.7606311111111 4.609463768115941 18.949875191723557 0.0
20 0.6 4.006 256.8 7.067153558052434 14.0 1.0
20 0.64 4.006 269.65449056603774 7.195218340611354 12.772718764623303 0.48858545566124556
20 0.66 7.5025 264.03215645514223 3.891810722100656 19.0 0.0
20 0.66 8.002 261.6481514860978 3.190632790028763 19.0 0.0
20 0.66 9.001 261.1660356030263 3.048834000890076 19.0 0.0
20 0.68 1.5085 287.18155371900826 8.867104825291182 13.590340425531915 0.9090675977958426
20 0.7 9.5005 275.56491425771685 3.1883047525722685 19.0 0.0
20 0.72 4.006 295.3962702702703 7.668437146092865 12.740139480821387 0.668450368012731
20 0.76 2.008 310.6178685446009 8.954606918238994 13.670251899240304 0.9024408803558885
20 0.76 2.5075 309.89946226415094 8.650678233438486 13.435438413361169 0.8780136134084754
20 0.84 4.5055 332.78734277620396 8.441927877947295 13.236585365853658 0.8174879544459044
20 0.86 0.01 342.0971 10.573660886319846 14.951192443919716 0.9499023114611199
20 0.86 3.007 339.7808476821192 9.158025276461295 13.862065997130559 0.8979113071174812
20 0.88 4.5055 345.1230086956522 8.867839673913045 13.666653322658126 0.8684634204088074
20 0.92 1.009 358.18872258064516 10.332265917602996 14.79621188789652 0.9420781928757602
20 0.96 0.5095 369.79665384615384 10.560634615384615 14.965248889927553 0.9468899369065069
20 0.96 2.008 369.1906666666667 10.353548951048952 14.838340365682138 0.9401458019105078
20 0.96 2.5075 369.043626459144 10.292658450704225 14.830884074941451 0.9378120219394799
20 0.98 0.5095 375.4073333333333 10.612654462242562 14.963936265709156 0.9472195832541642
20 0.98 1.009 375.2478839285714 10.605594262295082 14.965453327378293 0.9456321764091857
20 0.98 2.5075 374.5574154929578 10.498075657894736 14.92434699257129 0.9417604304982877
20 1.02 0.5095 386.89488050314463 10.67222621184919 15.081448882870683 0.9471878069647327
20 1.02 1.009 386.7546183574879 10.791966911764707 15.23131736526946 0.9458371246587807
20 1.06 0.01 400.3389629629629 10.570233918128654 14.940555163490943 0.9499053229539238
20 1.06 3.007 397.1672130434783 11.461239837398374 15.804722792607803 0.9374948434277142
20 1.1 7.5025 406.153418972332 13.980618374558304 17.66464285714286 0.8723324396782841
20 1.1 8.002 405.86885036496346 14.194890656063617 17.792055303342963 0.8588021009827177
20 1.12 1.5085 414.4279911308204 11.483059033989267 15.812597787968707 0.938075422626788
20 1.14 5.5045 416.49087762237764 13.926763698630138 17.676332453825857 0.8678376020934104
20 1.18 1.5085 430.91358754863813 11.896159844054582 16.00089593383873 0.9322562289151729
20 1.18 3.5065 427.95769426751593 13.388935185185186 17.182620465619923 0.8929268919439804
20 1.18 9.5005 420.78897358490565 16.835656424581007 18.906127851309492 0.13821096173733158
20 1.2 0.01 441.56101123595505 10.592508771929824 14.9385498046875 0.9498178424111041
20 1.22 7.5025 430.2889727520436 16.655268096514746 18.896945526494775 0.25792520035618843
20 1.24 4.5055 439.40484285714285 15.112930693069307 18.413959212376934 0.7676425484455597
20 1.26 5.5045 441.3530122783083 16.078536269430053 18.799241146711637 0.5536422067487947
20 1.28 0.5095 461.17432258064514 11.27649504950495 15.674171952078929 0.9411330484229858
20 1.28 1.009 458.9484100719424 11.913468085106382 16.00443974630021 0.9317373853211008
20 1.28 2.5075 453.63466046511627 13.734096153846153 17.476034612490594 0.8810774170531572
20 1.32 5.5045 451.85365174129356 16.89800336983993 18.920089178693004 0.03323665893271419
20 1.34 1.5085 472.468020746888 12.964188376753507 16.883254083109364 0.9089334498961862
20 1.34 3.5065 462.89323518164434 15.51106090373281 18.59663601161665 0.7217064618467188
20 1.34 9.5005 448.0333615023474 18.71444045174538 19.0 0.0
20 1.36 6.004 458.15228671328674 17.417702818104182 18.94259686585156 0.0
20 1.36 6.5035 456.4902372881356 18.18870520231214 18.949027463453422 0.0
20 1.36 8.5015 452.9544379562044 18.398245108448354 19.0 0.0
20 1.4 4.5055 469.86293255131966 17.189051233396583 18.925520600589866 0.0
20 1.44 0.5095 505.2912911392405 11.682289377289376 15.915896614821591 0.9364752067690666
20 1.44 1.009 500.9095060728745 12.64503861003861 16.776608352144468 0.91700941094458
20 1.46 2.008 496.78571999999997 14.572612481857764 17.933520923520923 0.8265299750208159
20 1.5 1.5085 510.44026086956524 13.928886861313869 17.65400387919091 0.86841149534186
20 1.5 3.5065 492.7538034865293 16.894418367346937 18.913508043591076 0.09319912948857415
20 1.52 5.005 487.2020044642857 18.234230976794386 18.94988122086904 0.0
20 1.54 0.01 542.8591145038168 10.59558659217877 14.961928452973229 0.9496890847621348
20 1.54 3.007 503.96904780876497 16.734559859154928 18.89371213570563 0.31071133167907333
20 1.58 0.5095 542.9525421245421 11.97877659574468 16.195585638610947 0.9311792881327937
20 1.58 2.008 521.7052604006163 15.35581043956044 18.470216147488873 0.736365074343562
20 1.58 2.5075 516.2210087209302 16.342397408207344 18.837315763787213 0.510944835680751
20 1.6 4.5055 504.1246349206349 18.367536552946387 18.949736119907115 0.0
20 1.6 9.001 494.6 18.894926177356997 19.0 0.0
20 1.62 2.008 530.3642990990991 15.62444287729196 18.671262327416173 0.6861205273069678
20 1.66 4.006 517.1457712418301 18.05533844765343 18.94948934751644 0.0
20 1.68 6.004 513.6217841584158 18.678173127291775 19.0 0.0
20 1.68 6.5035 513.7881727006971 18.775157251453273 19.0 0.0
20 1.72 5.5045 522.395504 18.95456106870229 19.0 0.0
20 1.74 7.5025 521.34 18.9 19.0 0.0
20 1.74 8.002 521.0865670619236 18.994286644727822 19.0 0.0
20 1.74 9.001 521.34 18.9 19.0 0.0
20 1.78 5.005 535.500139088729 18.5778214790391 19.0 0.0
20 1.86 3.5065 554.8437664739885 18.559100553505537 18.94998799735942 0.0
20 1.86 9.5005 543.4 19.0 19.0 0.0
20 1.88 4.006 553.7902120582121 18.816161971830986 19.0 0.0
20 1.88 5.005 548.08 18.9 19.0 0.0
20 1.9 7.5025 551.0 19.0 19.0 0.0
20 1.9 8.002 551.0 19.0 19.0 0.0
20 1.9 9.001 551.0 19.0 19.0 0.0
20 1.92 1.5085 598.3098176 16.039634300126103 18.80642276422764 0.5852948494650408
20 1.92 3.5065 562.317237358715 18.688712072304714 19.0 0.0
20 1.94 2.008 589.5831913265306 17.121251646903822 18.928218269520652 0.0
20 1.94 2.5075 580.3382580645161 17.800416666666667 18.948335399876008 0.0
20 1.94 7.003 559.54 18.9 19.0 0.0
20 1.96 1.5085 604.291385123967 16.191545711592838 18.842897539824676 0.5051365795724463
20 1.98 0.01 673.0839090909092 10.608004073319755 14.963622222222222 0.9494403154861216
20 1.98 3.007 580.4893251748251 18.42420385157351 19.0 0.0
20 2.0 9.5005 570.0 19.0 19.0 0.0
