10 0.0 5.5045 9.0 1.8 4.220256166982922 0.0
10 0.02 5.5045 12.17643023255814 1.894987851440472 4.940766629086809 0.0
10 0.04 1.5085 19.357770833333333 3.156316425120773 5.768549810844893 0.753883638511518
10 0.04 10.0 13.437990416866315 1.8 7.841989002654532 0.0
10 0.06 6.004 16.390035294117645 1.975005111727764 8.576872302614877 0.0
10 0.06 8.5015 15.594452777777777 1.8 7.491549725442343 0.0
10 0.08 6.004 17.44818912529551 1.9414554334554335 8.35822102425876 0.0
10 0.08 6.5035 18.115973770491802 1.9613202112337973 7.854271203656678 0.0
10 0.08 8.5015 16.04 1.8 8.0 0.0
10 0.1 3.007 22.847689655172413 2.745558670404485 6.601069289991445 0.3932653804149979
10 0.12 7.5025 19.59698514557338 1.937712389380531 8.932214901578005 0.0
10 0.12 8.002 18.72 1.8 9.0 0.0
10 0.12 9.001 18.72 1.8 9.0 0.0
10 0.16 5.005 23.630446411012784 2.0918407596785977 8.939026888604353 0.0
10 0.18 5.005 25.946380813953486 2.16099388004896 8.942927096531179 0.0
10 0.2 2.008 33.6 3.6 7.0 1.0
10 0.2 2.5075 32.88576606260296 3.3980846484935436 7.159285714285714 0.7468560145808019
10 0.2 7.003 25.2 1.8 9.0 0.0
10 0.22 5.005 29.14163963963964 2.136812749003984 8.945377380133058 0.0
10 0.24 5.5045 29.44758414239482 2.0651537216828477 9.0 0.0
10 0.28 3.5065 38.401233644859815 3.2699429386590584 8.902940833915677 0.0
10 0.28 9.5005 31.68 1.8 9.0 0.0
10 0.32 2.008 43.387419501133785 4.0416613924050635 7.066042966042965 0.8513600285383037
10 0.32 7.003 35.9284889298893 2.0876768522394307 8.949666294204693 0.0
10 0.36 2.008 46.547825641025646 4.160138297872341 7.477582748244734 0.8526739149650844
10 0.36 2.5075 46.07137414965986 3.97497249259416 7.715252100840336 0.7941837490738453
10 0.36 7.003 38.841340358271864 2.0129188619599576 9.0 0.0
10 0.38 7.5025 40.301621781342334 1.968265090755593 9.0 0.0
10 0.38 8.002 40.28578182473855 1.9631554273350162 9.0 0.0
10 0.4 5.005 43.67445121951219 2.557375168690958 8.949851060628855 0.0
10 0.44 2.008 52.54213793103448 4.369155812831645 7.539140070921985 0.8596699503241558
10 0.44 2.5075 52.1080119047619 4.173628389154705 7.88246679316888 0.7982935979668401
10 0.44 7.003 45.66417479796468 2.165776713558815 9.0 0.0
10 0.46 3.007 53.199143847487 4.107268648345485 8.64792986903253 0.7035396655994307
10 0.48 0.01 58.213756097560974 5.513228200371057 7.804381139489195 0.9498042404529574
10 0.52 0.01 60.70596621621622 5.504082433758587 7.796282154340836 0.9498072637475155
10 0.52 3.007 57.75092523364486 4.268673684210526 8.427447612504293 0.7406721643068305
10 0.54 0.5095 61.16990697674419 5.196800518134715 7.696923461730865 0.9376001497566454
10 0.54 2.008 59.78435570469799 4.59393351800554 7.677608401084011 0.8627326634821281
10 0.54 2.5075 59.455987096774194 4.446550151975684 7.906968959220937 0.810127591706539
10 0.54 7.003 53.97459791332263 2.3367817014446226 9.0 0.0
10 0.56 2.008 61.24710559006211 4.647787456445992 7.71456279809221 0.862494843659764
10 0.56 7.003 55.97746908315565 2.5352132196162045 8.949987997359418 0.0
10 0.58 0.01 64.79374842767295 5.522104300091491 7.811830824919032 0.9497649044547591
10 0.58 3.007 62.00834594594595 4.423842443729904 8.23650939074668 0.7481184826960857
10 0.6 3.007 63.34491503267974 4.459942816297355 8.261214539007092 0.7432290864273609
10 0.62 6.004 61.21772795969773 2.8514357682619647 8.949758847290047 0.0
10 0.62 6.5035 61.133815281276235 2.8072347535505426 8.94990231146112 0.0
10 0.62 8.5015 60.457568275862066 2.451351724137931 9.0 0.0
10 0.64 3.007 66.23233133253301 4.570826594788858 8.148339294839039 0.761593477327993
10 0.66 9.5005 63.35365112107623 2.325677130044843 9.0 0.0
10 0.68 5.005 68.19973238180197 4.198763102725367 8.842407337367625 0.157806973218797
10 0.7 0.5095 72.14567567567568 5.385180640763463 7.802387318563789 0.9376305055570108
10 0.7 2.008 70.95438095238096 4.972193181818182 7.828891352549889 0.8758880035743539
10 0.7 2.5075 70.71110544217687 4.858654923939151 7.893606724401426 0.8402013422818791
10 0.72 3.007 71.83581927710844 4.786008583690987 7.954812235762248 0.8003473885960708
10 0.74 6.004 72.29700297619047 4.242102941176471 8.858849932249322 0.03603238866396719
10 0.74 6.5035 72.05584346224678 4.15206334841629 8.883439401356739 0.0
10 0.74 8.5015 70.70781037277148 3.156731078904992 8.948729543496984 0.0
10 0.76 4.006 74.23213793103447 4.708584183673469 8.224790697674418 0.7177954622417879
10 0.78 5.5045 75.25825320512821 4.533364928909952 8.526236498010233 0.521613088404133
10 0.8 8.5015 76.15223894637818 4.1452775164628415 8.889761227594418 0.0
10 0.82 5.5045 78.11200497512438 4.711805298829328 8.478830519074421 0.6481528393497993
10 0.84 1.5085 80.59707906976743 5.406446644664467 7.889874223849706 0.9126650597359044
10 0.84 3.5065 79.90263621533443 5.106652142338417 7.903705870879657 0.8406748876780422
10 0.84 9.5005 79.05237122002086 4.31159375 8.79124498997996 0.0503133903133899
10 0.86 7.5025 80.69802773925105 4.679375866851594 8.3684350132626 0.5888751850024665
10 0.88 1.5085 83.19106607929515 5.499967819790829 7.92131361461505 0.9156272147413181
10 0.88 3.5065 82.56607556675063 5.245089877010407 7.926682817096383 0.8648694665153235
10 0.88 9.5005 81.95504724716906 4.590105427567356 8.417033927946834 0.5092167255594815
10 0.9 8.002 83.4410657596372 4.873912386706948 8.071993318485523 0.7282849690251059
10 0.9 9.001 83.39612558735584 4.789346433148227 7.995502645502645 0.6765573452357848
10 0.94 5.5045 86.220225 5.379325189063409 7.93382098474123 0.8757862572663586
10 0.96 4.006 87.53784496124031 5.573675742574257 7.971728636660144 0.9043939654677909
10 1.0 5.005 90.0 5.821805128205128 8.111567164179105 0.9234580941446613
10 1.04 5.5045 92.67617835671344 6.172600574712644 8.420076548364648 0.9154517323593567
10 1.06 7.5025 93.93755046528274 6.523903614457831 8.649632121084718 0.9014020350212967
10 1.08 5.005 95.2709441860465 6.4663578564940964 8.598965351299325 0.9052257477538951
10 1.1 6.004 96.45835626911315 6.791355263157895 8.749744744744744 0.8879228027704928
10 1.1 6.5035 96.41389949748744 6.87032021957914 8.768802885282286 0.8796171903214156
10 1.12 5.005 97.73785849056604 6.804488372093023 8.76162757437071 0.8856701879544518
10 1.14 4.5055 99.02167903225806 6.826910798122065 8.752494802494802 0.883210707028239
10 1.16 5.5045 99.98234734917733 7.276748120300752 8.860876460767946 0.840293215791491
10 1.18 0.5095 104.7257728531856 5.853406593406593 7.983320589841616 0.9329592534491774
10 1.18 1.009 103.21904318936876 6.048820614469772 8.263499779054353 0.9232642725598527
10 1.2 5.5045 102.11394305435721 7.607325933400605 8.903931062309066 0.7748007026077556
10 1.22 6.004 102.88035865724382 7.818053259871442 8.925520600589865 0.6791722810394609
10 1.22 6.5035 102.70242694928085 7.966662995594714 8.931670219744179 0.6086640056351255
10 1.22 8.5015 101.94968981064021 8.406727868852458 8.946423864476518 0.0
10 1.24 1.5085 106.07751710654937 6.384925775978408 8.547215430589514 0.9106806002143623
10 1.24 3.5065 105.05644478293983 7.194508038585209 8.847077713551702 0.8486881525192919
10 1.24 10.0 102.3423399840383 8.835306324110672 8.949667814217552 0.0
10 1.26 4.5055 105.57206174698794 7.679628804751299 8.91264675052411 0.7491798344620014
10 1.32 4.5055 108.46212820512821 7.985608947804474 8.93321980927959 0.5978040540540539
10 1.34 1.009 113.42951123595506 6.337885532591415 8.523118741058655 0.9144843509492047
10 1.36 2.008 113.01501923076923 7.030334029227557 8.81196976534296 0.8702654316182766
10 1.36 2.5075 112.6119284116331 7.317400450788881 8.868067759043774 0.8365018638414753
10 1.36 7.003 108.32470678617157 8.704787203656098 8.94972853954274 0.0
10 1.4 1.5085 115.99054676258993 6.791964407939767 8.734221017381598 0.8876508257499157
10 1.4 3.5065 113.21228971962617 8.039597550306212 8.931580459770116 0.615702098224579
10 1.4 10.0 109.17536026200874 8.976963372494817 9.0 0.0
10 1.42 5.005 112.40832399299475 8.547303980699638 8.948145728330534 0.0
10 1.46 4.006 115.14605373525556 8.337046710195882 8.945525558896588 0.10823970037453144
10 1.46 5.005 113.94346653144017 8.679667738478027 8.9490196678188 0.0
10 1.48 7.5025 112.72473180873182 8.97791280148423 9.0 0.0
10 1.48 8.002 112.54476320272573 8.970558205264087 9.0 0.0
10 1.48 9.001 111.99524715789474 8.987990344430033 9.0 0.0
10 1.5 1.009 122.90845248107654 6.611950672645739 8.666058906030855 0.8993477867020955
10 1.52 0.01 138.12366666666665 5.53532184950136 7.816440677966101 0.9492416859544403
10 1.54 7.5025 115.25430374620316 8.97646070192783 9.0 0.0
10 1.56 8.002 116.00773770491803 8.984720388705536 9.0 0.0
10 1.56 9.001 115.27193158494869 8.989398257108327 9.0 0.0
10 1.58 4.006 120.13613486238532 8.674656820156386 8.949369664935144 0.0
10 1.6 1.5085 127.65784046692606 7.30320189274448 8.862664798945287 0.8341427007662453
10 1.6 3.5065 121.61279475982532 8.730843243243244 8.948880505459453 0.0
10 1.6 9.5005 117.0 8.98993538647343 9.0 0.0
10 1.62 4.006 121.75920030935808 8.696890812250333 8.949743697985767 0.0
10 1.62 5.005 120.30126548672565 8.887232746955345 9.0 0.0
10 1.64 8.002 119.24072765181131 8.988515417743324 9.0 0.0
10 1.64 9.001 119.36790357843596 8.984964366260712 9.0 0.0
10 1.68 2.008 129.60168270214945 7.909045599151644 8.92849236313712 0.6427989712816115
10 1.68 2.5075 127.87591365079366 8.220743440233235 8.942410421201755 0.32848509266720355
10 1.68 7.003 121.21687700035042 8.98605330320907 9.0 0.0
10 1.72 4.5055 124.8826424352567 8.971450839328536 9.0 0.0
10 1.74 9.5005 123.3 8.989900930105735 9.0 0.0
10 1.76 6.004 125.48201347708894 8.985749829001367 9.0 0.0
10 1.76 8.5015 124.74685983510011 8.987830309225657 9.0 0.0
10 1.78 0.01 158.81415 5.52266309204647 7.818671488389798 0.9490368150684931
10 1.8 5.5045 126.76856058689603 8.98615237620472 9.0 0.0
10 1.82 6.004 127.62865881403792 8.983859971916912 9.0 0.0
10 1.82 6.5035 126.9 9.0 9.0 0.0
10 1.82 8.5015 126.9 9.0 9.0 0.0
10 1.84 5.005 129.12535846153844 8.982060168989829 9.0 0.0
10 1.86 0.5095 147.71959898477158 6.530907519446845 8.618778591033852 0.9084130124189471
10 1.86 1.009 143.9100299500832 7.210640895218718 8.853076516220028 0.84375175775757
10 1.86 2.5075 135.08740865737346 8.62407326007326 8.949024345485686 0.0
10 1.88 0.01 166.51215037593985 5.541844331641285 7.82437126831916 0.9489087119122065
10 1.88 3.007 134.48042185514612 8.879093217265144 8.949743697985767 0.0
10 1.9 9.5005 130.5 9.0 9.0 0.0
10 1.92 1.009 146.99042530282637 7.331112618724559 8.870648040357004 0.8305338078291814
10 1.94 4.006 134.9060051369863 8.942921232876712 9.0 0.0
10 2.0 0.5095 156.1392030848329 6.62503582395087 8.672618346100963 0.901924208544192
10 2.0 2.008 143.71311249137335 8.526656113969134 8.947574861600403 0.0
10 2.0 2.5075 141.37685738684885 8.738648302370276 8.949646525679759 0.0
10 2.0 7.003 135.0 9.0 9.0 0.0
12 0.04 4.5055 20.069055555555554 2.2091088260513354 6.616125290023201 0.0
12 0.04 8.002 17.85956561085973 1.9160521809190423 7.803310771041789 0.0
12 0.04 9.001 18.305716484926236 1.9272246965315982 7.619301050708086 0.0
12 0.06 5.5045 22.74296923076923 2.158383498586737 8.802172831315309 0.0
12 0.08 5.5045 23.301102717031146 1.9880577963849342 9.955390258813939 0.0
12 0.1 5.005 25.43815752461322 2.0918688619313577 10.74215655940594 0.0
12 0.12 0.01 50.267791304347824 6.493769617074577 9.20690928270042 0.9495901763300366
12 0.16 3.5065 39.7865 3.237121729238285 10.570327403970095 0.017275943396225985
12 0.16 9.5005 30.36 1.83333333333 11.0 0.0
12 0.18 3.5065 42.56714705882353 3.3457604895074047 10.724421296296295 0.0
12 0.18 9.5005 32.78 1.83333333333 11.0 0.0
12 0.22 1.5085 51.48046153846153 4.548267790263138 7.813734939759036 0.8704570184983678
12 0.22 3.5065 47.15033333333333 3.351810539925908 10.913079530638853 0.0
12 0.22 9.5005 37.62 1.83333333333 11.0 0.0
12 0.24 4.006 45.431255813953484 2.841924581996127 10.945450677489037 0.0
12 0.26 2.008 55.28577941176471 4.423007384770551 8.130907668231611 0.8366620932967463
12 0.26 7.003 42.59012672521958 1.8626411543259855 11.0 0.0
12 0.28 7.5025 45.59198375634518 1.998144388042828 11.0 0.0
12 0.3 2.008 59.854827586206895 4.5508669656213465 8.268048469387754 0.8376801714063108
12 0.3 7.003 48.46219119445577 2.1100455224916694 11.0 0.0
12 0.34 5.5045 54.38368201284796 2.399919700212131 11.0 0.0
12 0.38 0.01 74.91792105263158 6.536260053620028 9.252451481103167 0.9497573327706267
12 0.4 3.5065 68.73542750929367 4.09127526330954 10.92818115223855 0.0
12 0.4 9.5005 59.4 1.83333333333 11.0 0.0
12 0.42 2.008 73.51100465116279 4.940768678159735 8.599959497772378 0.8501438590181621
12 0.42 2.5075 72.91453191489362 4.74959989997501 9.418790322580644 0.7850805931656994
12 0.42 7.003 62.94260538473793 2.1559210875714894 11.0 0.0
12 0.44 6.004 66.72016083009079 2.5714764375284505 11.0 0.0
12 0.44 8.5015 64.73913976803617 1.9818868357246886 11.0 0.0
12 0.46 5.005 69.86637735849057 2.822955974839849 11.0 0.0
12 0.48 1.009 81.53552713178294 5.641985219166958 8.757060755336617 0.9201504335744741
12 0.5 0.5095 84.4271102661597 6.043703241896136 8.91582681462616 0.937623502994012
12 0.5 2.008 82.10567703952901 5.192155903459587 8.7271625163827 0.8633852459016392
12 0.5 2.5075 81.48863271852446 4.976883745962939 8.988852578068265 0.8055646290247316
12 0.5 7.003 73.24108061749571 2.413693539163511 11.0 0.0
12 0.54 6.004 79.04035135135135 2.8117215041103396 11.0 0.0
12 0.54 6.5035 78.4399165808445 2.5941726742209017 11.0 0.0
12 0.54 8.5015 77.70483596214511 2.327839116716129 11.0 0.0
12 0.58 1.009 91.89422222222223 5.832765700479781 8.859737281067556 0.921046897205116
12 0.6 5.005 90.146968503937 4.416824127905313 10.924271888772775 0.0
12 0.62 5.5045 91.71857766367137 4.23826844262342 10.940697384806974 0.0
12 0.64 5.005 93.82997765363129 4.251027131782904 10.94293295898103 0.0
12 0.68 3.5065 100.16912204007285 5.236029216468022 9.975934702474987 0.6834377967711299
12 0.68 9.5005 94.77602814919071 2.6125146610390786 11.0 0.0
12 0.7 6.004 100.71669956140352 4.487361923326583 10.928041619894655 0.0
12 0.7 6.5035 100.47405 4.439067955948285 10.928267699591133 0.0
12 0.7 8.5015 97.78846038114342 2.993589100635111 11.0 0.0
12 0.72 5.005 103.69212522361359 5.0333192329391885 10.410851891127606 0.3738918106686699
12 0.74 5.5045 105.71794994994995 5.012657613967275 10.617641660931406 0.2937711864406777
12 0.76 1.5085 109.60318309859154 6.071453730388877 9.04414996767938 0.9112324243715381
12 0.76 10.0 104.7486 3.0754166666681746 10.949986496624156 0.0
12 0.8 5.5045 112.04104861773118 5.311581764486277 8.92408737283064 0.5813363476513437
12 0.84 7.5025 115.93150755287009 5.222134436921104 10.235107847636531 0.46869620656678335
12 0.84 8.002 115.81860991253644 5.121320535197308 9.674061196105702 0.299411517444304
12 0.84 9.001 115.72091966759002 4.994012533875219 10.651390922401172 0.03991935483870926
12 0.88 7.5025 120.16636869207002 5.497701446280946 9.200509832483611 0.6895119225037256
12 0.88 8.002 120.0846644693474 5.44414800175558 9.381467473524962 0.643410355156183
12 0.88 9.001 120.04558308157101 5.34041876046582 9.553812771233726 0.5595401691331922
12 0.9 0.01 127.3275 6.537965425532674 9.307652338214455 0.9497452133273029
12 0.9 3.007 122.77339285714285 6.257636307310723 9.330579710144928 0.8955767182507361
12 0.92 0.5095 126.59971900826446 6.591316371683242 9.454592240696753 0.9397759710930442
12 0.92 2.008 125.04118485523387 6.478241147204716 9.51776091081594 0.918037865748709
12 0.92 2.5075 124.89724829157176 6.435835694049708 9.403769589157136 0.9107857831067337
12 0.92 7.003 124.27822302158273 5.900674460429668 9.006413793103448 0.8273922949461474
12 0.96 10.0 128.19426477187733 6.1421465968614815 9.299795814190913 0.8702351292432263
12 0.98 2.008 130.98046616541353 6.70963005339597 9.620463887257781 0.9290796136334624
12 0.98 7.003 130.1468231511254 6.552215076814192 9.580168918918918 0.9144404517453798
12 1.0 1.5085 132.66882962962964 6.78581239530845 9.659836289222374 0.9341927587159947
12 1.0 3.5065 132.0 6.805375861034023 9.694063567113211 0.9306148786478498
12 1.02 2.008 134.94109333333333 6.862991656731467 9.727279322853688 0.9309426144603273
12 1.02 2.5075 134.03154691075514 6.888360719872571 9.7322351268073 0.9304411335086181
12 1.02 7.003 133.98655620155037 7.082852564104221 9.822733346058408 0.9263564863909508
12 1.08 1.5085 140.8128458781362 7.025339087546746 9.792677022392576 0.9296038182125359
12 1.08 3.5065 139.842625 7.394118773944242 9.929855581050074 0.9201313015142802
12 1.08 10.0 139.3451747747748 8.520526315789883 10.718462837837837 0.8597290018515401
12 1.12 3.5065 143.5992067669173 7.666574220816855 10.022463343108504 0.9108525887890457
12 1.12 9.5005 142.48527560718057 9.204002192984296 10.881735613425105 0.7593212996389891
12 1.16 4.006 147.007031543052 8.188147694820916 10.563462545835517 0.8891010712622263
12 1.18 6.004 147.85479416058394 9.099367521369508 10.86847380050505 0.7841062176165802
12 1.18 6.5035 147.67067671232877 9.258672211952826 10.88729375169056 0.7424752781211371
12 1.22 5.5045 151.066659160696 9.286501702014775 10.892995634309194 0.729212022745735
12 1.24 7.5025 151.19989048239896 10.125182826163277 10.942292777508483 0.1539593908629438
12 1.24 8.002 150.7901444557477 10.142251062566398 10.945708329261539 0.0
12 1.24 9.001 150.2750472361809 10.380279383405728 10.9491130583458 0.0
12 1.26 3.007 155.99241966426857 8.494028755868426 10.699314450658488 0.8641756988020536
12 1.28 2.008 158.5910924657534 8.054577611320276 10.465458627325209 0.8973327584082789
12 1.28 7.003 153.8639951923077 10.231796311154033 10.946911928651058 0.0
12 1.3 4.006 158.05259835315644 9.295050356176041 10.889145327569006 0.7390072032571249
12 1.3 5.005 156.84039612676057 9.722630853995586 10.930701426136128 0.5145062627439555
12 1.34 6.5035 158.01973973799127 10.363064807615268 10.948520509019026 0.0
12 1.38 4.006 163.28230385015607 9.780970760232679 10.932217658302493 0.4879569892473116
12 1.38 5.005 161.97075379426644 10.328467232714097 10.945441749320763 0.0
12 1.4 7.5025 160.43805280528053 10.809474666642878 11.0 0.0
12 1.4 8.002 160.5364430769231 10.885826825569712 11.0 0.0
12 1.4 9.001 159.65777032690696 10.972326824727148 11.0 0.0
12 1.42 1.5085 171.82692701664533 8.152192218353798 10.552683843263553 0.8892558139534883
12 1.42 3.5065 167.0035168269231 9.675561694293954 10.92665463826791 0.551480086114101
12 1.44 2.008 171.9802051282051 8.64616692831271 10.77280534351145 0.8418990703851261
12 1.44 2.5075 170.72193085106383 9.05679312581177 10.868307522123894 0.7726813966175667
12 1.44 7.003 163.3673870967742 10.77904696761264 10.949905322953924 0.0
12 1.46 1.5085 174.99904836895388 8.307182244276731 10.623769751693002 0.8788383250945042
12 1.46 10.0 163.2539820604818 10.985673886880408 11.0 0.0
12 1.48 0.01 191.25118248175184 6.5772617611595665 9.32559109874826 0.9493850405417716
12 1.48 3.007 172.2094835355286 9.658917539621765 10.922479069767443 0.5860158966716342
12 1.5 9.5005 165.1263004484305 10.991069208674483 11.0 0.0
12 1.52 0.5095 184.97162116991643 7.288312368971214 9.87199676637025 0.9266933497536946
12 1.52 1.009 181.91591897654584 7.923060915624643 10.284063573883161 0.9038978262123046
12 1.56 0.01 200.2664 6.5674681463227635 9.290869774147044 0.9493558189000304
12 1.56 3.007 177.22683333333336 9.953099173552781 10.939754202060366 0.2852915951972553
12 1.6 7.5025 171.6 10.991368363265524 11.0 0.0
12 1.6 8.002 172.69468522483942 10.975573044900731 11.0 0.0
12 1.62 1.5085 188.22929639889196 8.823093401882252 10.810494599204093 0.8297374604147512
12 1.62 10.0 173.48263287625602 10.98186911210829 11.0 0.0
12 1.64 0.01 208.83580487804878 6.565737298638242 9.341195551436515 0.9492880180125357
12 1.64 3.007 182.40118175235335 10.181609597045759 10.944752718111907 0.0
12 1.66 5.005 178.16721890547262 10.960128701968008 11.0 0.0
12 1.68 8.5015 177.27013913043479 10.990559293998475 11.0 0.0
12 1.7 4.006 183.06128736740598 10.941395921225972 10.949884234897915 0.0
12 1.76 5.5045 183.9873269889608 10.938008629013861 11.0 0.0
12 1.78 0.5095 208.5564758064516 7.633317353789819 9.993893726278188 0.9171125920031827
12 1.78 1.009 204.07427390180877 8.510947503201242 10.71750847457627 0.8627552700922265
12 1.78 2.5075 192.61732653061225 10.181742480763072 10.947117428689278 0.0
12 1.82 5.5045 187.03954981549816 10.987736918003316 11.0 0.0
12 1.84 1.5085 204.09752069297403 9.403506148220071 10.90477088332762 0.6961903025884068
12 1.84 3.5065 192.19026153011393 10.822184805045605 11.0 0.0
12 1.84 9.5005 187.44 11.0 11.0 0.0
12 1.86 6.004 189.48927843137255 10.987581772390858 11.0 0.0
12 1.86 6.5035 189.50535769593958 10.987648035333324 11.0 0.0
12 1.86 8.5015 188.76 11.0 11.0 0.0
12 1.92 6.5035 192.72 10.99134091853526 11.0 0.0
12 1.92 9.5005 192.72 11.0 11.0 0.0
12 1.94 1.5085 211.1711948051948 9.601430555557585 10.919213804469003 0.601458632233381
12 1.94 10.0 194.04 11.0 11.0 0.0
12 1.96 3.5065 199.3480417000802 10.950921672546132 11.0 0.0
12 1.96 9.5005 195.36 11.0 11.0 0.0
12 2.0 6.004 198.0 11.0 11.0 0.0
12 2.0 6.5035 198.63134262331343 10.99035909716486 11.0 0.0
12 2.0 8.5015 198.0 11.0 11.0 0.0
14 0.0 2.008 19.593203125 2.7990290178571913 5.722245384157237 0.0
14 0.0 7.003 13.0 1.85714285714 4.321381744831064 0.0
14 0.02 2.008 26.302190476190475 3.139923255259014 6.483779193205945 0.37693457943925207
14 0.02 7.003 18.439471321695763 1.85714285714 6.429603011635866 0.0
14 0.04 3.007 28.07634188034188 2.7635306898443 7.3804809843400445 0.0
14 0.06 4.006 31.466223684210526 2.663421292086981 8.554844720496893 0.0
14 0.1 3.5065 41.280139534883716 3.1475164404671547 10.49524021352313 0.0
14 0.1 9.5005 29.9 1.85714285714 13.0 0.0
14 0.12 1.009 54.86944303797468 5.218198257437853 8.747765363128492 0.8835127201565557
14 0.14 4.006 42.07256962025316 2.5497717937025013 12.91001997516601 0.0
14 0.16 7.5025 40.04 1.85714285714 13.0 0.0
14 0.18 7.5025 43.42 1.85714285714 13.0 0.0
14 0.18 8.002 43.42 1.85714285714 13.0 0.0
14 0.2 5.5045 47.295371258853095 1.9456020105083933 13.0 0.0
14 0.22 7.5025 50.18 1.85714285714 13.0 0.0
14 0.22 8.002 50.18 1.85714285714 13.0 0.0
14 0.24 10.0 53.56 1.85714285714 13.0 0.0
14 0.28 0.01 89.07581950509461 7.51864874815943 10.747078768909756 0.9496526099565007
14 0.34 4.006 76.19964158094207 3.0994895196864203 13.0 0.0
14 0.36 5.5045 76.7216448598131 2.5003671562082848 13.0 0.0
14 0.38 0.5095 98.87774889867842 6.71605543710441 9.973900946021146 0.9349529719392733
14 0.38 1.009 96.56849038461539 6.144073359076155 9.713747228381374 0.9145018980199036
14 0.4 7.5025 80.6 1.85714285714 13.0 0.0
14 0.4 8.002 80.6 1.85714285714 13.0 0.0
14 0.42 8.5015 83.98 1.85714285714 13.0 0.0
14 0.44 5.5045 90.40264205669084 2.633327055280941 13.0 0.0
14 0.46 1.5085 107.2359837398374 5.989384841961949 9.74 0.8911222889992161
14 0.46 3.5065 103.42380616740087 4.9014490470920595 12.922630210751091 0.0
14 0.46 9.5005 91.01806228172293 1.9307043073327235 13.0 0.0
14 0.48 6.5035 96.80286909090908 2.5941948051966888 13.0 0.0
14 0.48 9.5005 94.9572669005848 2.0871612364261374 13.0 0.0
14 0.5 6.004 100.97153704555913 2.8490105844430165 13.0 0.0
14 0.5 8.5015 98.09467952706908 2.0270512934488476 13.0 0.0
14 0.52 3.5065 112.98466396761134 5.262881987574495 12.670417243424955 0.5133722627737224
14 0.52 9.5005 101.2414791111111 1.9647259259252203 13.0 0.0
14 0.54 5.5045 108.56007155963303 3.1925688073398213 13.0 0.0
14 0.58 9.5005 111.95830238970588 2.176293329833118 13.0 0.0
14 0.6 3.5065 125.4 5.57142857143 11.0 1.0
14 0.6 9.5005 116.06782793414764 2.4527956907660693 13.0 0.0
14 0.62 4.006 127.90887323943663 5.487683463796231 12.409599716613531 0.418457780879274
14 0.64 3.5065 131.41382159624413 5.727302868678854 10.243840330350997 0.6534206695778747
14 0.64 9.5005 122.32127557879014 2.317966499516257 13.0 0.0
14 0.68 7.5025 130.89767022538553 3.1864599220477876 13.0 0.0
14 0.7 5.5045 139.01726076555025 5.402462441103925 12.701842576028623 0.0
14 0.72 3.5065 143.24471428571428 6.05568421052743 10.050739773716275 0.7405914396887159
14 0.72 9.5005 137.03642681564244 3.0594014365534625 13.0 0.0
14 0.74 4.006 145.85421437578816 6.014302287040392 10.024014869888475 0.7025343565946813
14 0.76 4.5055 148.56866367713005 5.959695378150454 10.131913245546087 0.652626094205919
14 0.76 9.001 144.56036069364163 3.7145004128861907 12.949683009298393 0.0
14 0.78 7.003 150.52004771642808 5.517369584014181 12.528514851485149 0.0
14 0.8 4.006 154.56456293706293 6.298090609265186 10.143803278688525 0.7799445471349352
14 0.82 7.003 156.5872303030303 5.782949655766774 10.76135792120704 0.35797380585516153
14 0.84 0.01 163.9485806451613 7.560451680673478 10.776195294712876 0.9498072637475155
14 0.86 0.5095 164.97260256410257 7.46956791399567 10.785967983991997 0.9410539345711759
14 0.86 1.009 164.3894773869347 7.350555050042507 10.730351703129326 0.9321597199609247
14 0.86 2.008 163.81925239616612 7.117481789804638 10.651130610867364 0.9111567164179104
14 0.86 2.5075 163.64048295454546 6.973623147888765 10.566198830409357 0.8988898325649114
14 0.88 0.01 169.8069523809524 7.533350586612123 10.763689567430026 0.9497981927710843
14 0.92 6.004 171.268732 6.786542029399845 10.394447036864209 0.8582858600459145
14 0.92 8.5015 171.10174149659863 6.502332361516082 10.16571250777847 0.7969667438177609
14 0.94 2.008 174.6862705882353 7.485011709601574 10.823286406646664 0.9269919838801524
14 0.94 7.003 173.97344258373207 6.879408749143179 10.490274207369323 0.8721561708982127
14 0.96 4.5055 176.79683135391926 7.35948144382027 10.818876678876679 0.9160014111480698
14 1.0 7.5025 182.0 7.802333452083959 10.972317033147357 0.935989707350795
14 1.0 8.002 182.0 7.762792033705423 10.963039049235993 0.9357156632082385
14 1.0 9.001 182.0 7.789348370927851 10.979864328259431 0.935703263637065
14 1.04 2.008 187.68715384615385 7.960795357568767 11.10191502094554 0.9346878796191073
14 1.04 7.003 187.4155566150179 8.495053571428473 11.603067484662576 0.9247946936197093
14 1.06 0.5095 192.45007142857145 7.768484042554768 10.912802066039475 0.9421103817165086
14 1.06 2.008 190.39708241758242 8.059009628611909 11.162815479528884 0.9330373644033748
14 1.06 2.5075 190.29029699248122 8.140667361838059 11.311532916866891 0.9317848811034256
14 1.08 7.5025 192.3938774662513 9.35555352575524 11.987990001136234 0.8955309013413564
14 1.08 8.002 192.31593587174348 9.484715919404305 12.083223322332232 0.8906795224977043
14 1.08 9.001 192.15903696682463 9.738951230041895 12.379486224869694 0.874144831231594
14 1.12 7.5025 196.86287711864406 10.155295735938845 12.663428917609046 0.8368539545810493
14 1.14 4.006 200.27976486129458 9.304050187097115 11.966019882620673 0.900149772346034
14 1.14 5.005 199.8979503945885 9.666717505510874 12.32275497765136 0.881483325037332
14 1.2 2.008 208.7413349514563 8.846715449856303 11.791166007905138 0.9168188850626341
14 1.2 7.003 205.03405405405405 11.256939935062158 12.904322617680826 0.5900885391047711
14 1.24 0.01 222.87866666666667 7.560398268399476 10.76751282051282 0.9496221738604763
14 1.24 3.007 212.6049829172142 9.741858569393573 12.357231006556113 0.8769690706429467
14 1.26 5.005 212.24459445178334 11.0624788559314 12.886649891186071 0.6539962632343781
14 1.3 1.5085 221.82370579915136 9.006361267911547 11.872894562334217 0.9120289243112002
14 1.3 10.0 211.62212467532467 12.725158378217095 13.0 0.0
14 1.32 5.005 217.93222018348624 11.517456298968304 12.927408536585366 0.40665717337130625
14 1.38 1.5085 231.70422135416666 9.30170960186957 11.963202042304887 0.8986685311284046
14 1.38 10.0 217.6544521477016 12.952073268906716 13.0 0.0
14 1.4 0.01 246.68301369863013 7.559148446491402 10.780403530895335 0.949535228752233
14 1.4 3.007 229.4156147021546 10.810197250424217 12.853657037492317 0.7266808789767135
14 1.42 7.5025 223.16 12.758523372648405 13.0 0.0
14 1.42 8.002 222.11004532374102 12.808261723882024 13.0 0.0
14 1.42 9.001 221.57388071570577 12.98043228138795 13.0 0.0
14 1.46 4.5055 230.55501478953357 12.091349504181787 12.947642383689882 0.0
14 1.46 8.002 225.9558310696095 12.786406077567985 13.0 0.0
14 1.46 9.001 225.69212093023253 12.967945611191245 13.0 0.0
14 1.48 1.009 245.43571764705882 9.098292324643905 11.906314668289713 0.910184835910977
14 1.52 6.004 232.96 12.732354530722246 13.0 0.0
14 1.52 6.5035 232.17555152300713 12.81924091505849 13.0 0.0
14 1.52 8.5015 230.63916176470588 12.837766229503584 13.0 0.0
14 1.54 0.5095 256.4405626911315 8.447855119383822 11.56455149501661 0.9293801110122452
14 1.54 1.009 252.85399999999973 9.228353197916999 11.94242385786802 0.9027255748803548
14 1.54 2.5075 244.60709375 11.156700153280978 12.896939154093495 0.6193879881251425
14 1.56 1.009 255.30676679841898 9.271697830961262 11.966674754337014 0.900862479181537
14 1.58 4.5055 240.51558312958437 12.499817948168845 12.94982690628857 0.0
14 1.6 0.01 275.9418518518519 7.569155844157227 10.782973977695168 0.9494142284812431
14 1.62 4.5055 243.39933868808566 12.570972237374606 12.949939929116358 0.0
14 1.62 8.002 239.62872681754456 12.846410380205487 13.0 0.0
14 1.62 9.001 238.42 13.0 13.0 0.0
14 1.64 1.009 264.9445777777778 9.462791149067579 12.11345744680851 0.890822743351238
14 1.66 1.5085 262.8764186046512 10.442604813687554 12.765847148075302 0.8071618650931389
14 1.66 3.5065 249.7068253275109 12.45893975545931 12.949144112531657 0.0
14 1.66 10.0 242.06 13.0 13.0 0.0
14 1.68 5.5045 246.3611385135135 12.821621448789578 13.0 0.0
14 1.7 1.5085 266.53294900221726 10.515121053370704 12.791061802682712 0.7861560174493198
14 1.7 10.0 245.7 13.0 13.0 0.0
14 1.72 4.006 252.3091844155844 12.776430992725505 13.0 0.0
14 1.72 5.005 250.65224531516185 12.82436477341267 13.0 0.0
14 1.76 4.006 256.26434223433245 12.77986275326853 13.0 0.0
14 1.78 6.004 254.32176665270214 12.979103036679707 13.0 0.0
14 1.78 6.5035 253.5008758222045 12.991591623403911 13.0 0.0
14 1.78 8.5015 252.98 13.0 13.0 0.0
14 1.8 2.008 271.09119617224883 11.545379847178042 12.929606791400937 0.3689132904202951
14 1.8 7.003 256.10714693608605 12.986874310911167 13.0 0.0
14 1.82 4.006 261.8216878680801 12.809341210863348 13.0 0.0
14 1.84 7.5025 258.44 13.0 13.0 0.0
14 1.84 8.002 258.44 13.0 13.0 0.0
14 1.84 9.001 258.44 13.0 13.0 0.0
14 1.86 5.5045 261.7553894174595 12.930643751799758 13.0 0.0
14 1.88 3.5065 268.5788798185941 12.59785539641666 12.94999099855977 0.0
14 1.88 9.5005 262.08 13.0 13.0 0.0
14 1.94 4.5055 270.7711435963778 12.822765149923454 13.0 0.0
14 1.94 9.001 267.54 13.0 13.0 0.0
14 1.96 7.5025 269.36 13.0 13.0 0.0
14 1.98 0.5095 311.42140753424655 9.097340684289282 11.928683241252301 0.9096982174784635
14 1.98 2.008 286.8355181616012 11.9630464425974 12.944716067400822 0.0
14 1.98 2.5075 280.87423884349465 12.944730733502453 12.949861620841105 0.0
14 2.0 5.5045 273.0 13.0 13.0 0.0
16 0.04 5.005 30.94409230769231 2.344027389044382 9.438360778443114 0.0
16 0.06 10.0 28.5 1.875 15.0 0.0
16 0.08 2.008 52.229451612903226 4.1871513429752065 8.323125 0.6827146392537596
16 0.08 7.003 33.0 1.875 15.0 0.0
16 0.1 7.5025 38.24228472295237 1.9780951004100515 15.0 0.0
16 0.1 8.002 37.5 1.875 15.0 0.0
16 0.12 6.5035 42.88 2.0 15.0 0.0
16 0.14 1.5085 70.99504347826087 5.198254107981221 9.272198921509887 0.836630072534797
16 0.14 10.0 46.5 1.875 15.0 0.0
16 0.16 0.01 96.31042314647378 8.544935897435897 12.145361445783132 0.9496297863338269
16 0.18 0.01 99.54205511811024 8.517051630434782 12.098394070413836 0.9496647741000241
16 0.2 4.006 63.8549504612231 2.4773360095661086 15.0 0.0
16 0.22 0.01 106.55429469548133 8.551999080882354 12.096361273554255 0.949666294204693
16 0.24 4.5055 73.5752706155633 2.627511614401858 15.0 0.0
16 0.28 0.5095 110.36168731563421 7.3705981595092025 11.077275747508304 0.9306985446985446
16 0.28 1.009 105.61414084507042 6.511024962178517 10.49990888382688 0.9047273350863153
16 0.28 2.5075 99.55396610169491 5.287329306722689 10.983618721461188 0.7390480663848441
16 0.32 4.006 93.709436928702 3.1025804289544237 14.949917365305447 0.0
16 0.34 1.5085 115.44262857142857 6.196273377337734 10.36330623306233 0.8773222434859413
16 0.34 10.0 91.5 1.875 15.0 0.0
16 0.36 4.006 103.79652088452089 3.3977579852579853 15.0 0.0
16 0.38 6.004 103.09469770879527 2.3981245380635623 15.0 0.0
16 0.38 6.5035 100.5 1.875 15.0 0.0
16 0.38 8.5015 102.02482192669477 2.182423775543302 15.0 0.0
16 0.4 0.01 137.2525704225352 8.527226307189542 12.104758922980588 0.9497239902265392
16 0.42 5.5045 113.85065224913495 2.812640570934256 15.0 0.0
16 0.44 4.006 122.10016281628164 3.6830720572057203 14.949780040978666 0.0
16 0.46 7.5025 119.35650409734293 2.0732648373479017 15.0 0.0
16 0.46 8.002 120.54645661718587 2.3487168095337654 15.0 0.0
16 0.46 9.001 119.96776420838972 2.2147602334235454 15.0 0.0
16 0.5 5.5045 132.53289353958144 3.1332233848953592 15.0 0.0
16 0.52 7.5025 132.91247378898476 2.112623382548109 15.0 0.0
16 0.54 4.006 150.86705671641792 5.578092680986476 14.90421264367816 0.0
16 0.56 4.006 154.75370454545453 5.616483656792646 14.9264831723347 0.0
16 0.6 7.5025 153.1534572490706 2.8604553903345726 15.0 0.0
16 0.64 7.5025 162.96745054945055 3.252586996336996 15.0 0.0
16 0.66 0.5095 180.8205268065268 8.060930321592648 11.816662293361322 0.9397454900401286
16 0.66 2.008 178.10191240875912 7.053984848484848 11.1196644295302 0.875767740011926
16 0.66 2.5075 177.42333901918977 6.811128393665158 10.976437399247716 0.8304476093591047
16 0.68 0.01 185.56974528301888 8.550398489932885 12.08111753371869 0.9498042404529574
16 0.7 4.006 183.73955357142856 6.421849279835391 10.989380234505862 0.6212045454545453
16 0.72 7.5025 181.87679603960396 4.052141089108911 14.949872176606815 0.0
16 0.74 7.003 186.76283833718244 4.404310841983852 14.948727966284185 0.0
16 0.76 3.007 196.29957314974183 7.0718962585034015 11.216857962697274 0.8395089070775156
16 0.78 4.5055 199.1794835680751 6.697201305220884 11.11919111816019 0.6870046948356806
16 0.8 10.0 198.60656 4.128993506493506 14.948880505459453 0.0
16 0.82 4.5055 206.97788764044944 6.956536806883365 11.020868945868946 0.7704586145159068
16 0.84 0.5095 212.99975 8.39249574829932 11.978260059612518 0.9425117273730684
16 0.84 1.009 212.60532727272727 8.223499340369393 11.93119587628866 0.9348232441733145
16 0.86 6.004 214.20700705882354 6.9333868144690785 11.007422186751795 0.7342210173815977
16 0.86 6.5035 214.06777249224405 6.811121134020619 11.500971397733405 0.6930570902394105
16 0.86 8.5015 213.67648448145346 6.4892816742081445 10.948796886058032 0.43386548913043455
16 0.88 0.5095 220.1635652173913 8.458452023988006 12.042397856664433 0.9431005052574082
16 0.88 1.009 219.7490306748466 8.333935676392572 11.98248420221169 0.9359626541668268
16 0.9 3.5065 222.3493304843305 7.803996710526316 11.73682073703935 0.8974717027559055
16 0.9 9.5005 221.42048178613396 6.770362190812721 11.444422827496757 0.6699603960396038
16 0.92 5.5045 225.738875 7.643004742547426 11.69996565934066 0.8770779556014455
16 0.96 3.007 233.1893101045296 8.394025037936267 12.103485424588087 0.9294189887354959
16 1.0 0.01 243.75029644268776 8.592905890804598 12.217944444444445 0.9498284166164961
16 1.0 3.007 240.0 8.756305704099821 12.47004627681952 0.9400100781053162
16 1.02 5.5045 243.6432750716332 9.086340381991814 12.71942792410082 0.9364073409897363
16 1.06 6.004 250.5930455172414 9.911122366288492 13.279780114722753 0.9223599012437694
16 1.06 6.5035 250.55497834394905 9.977218264248705 13.358802970729576 0.9197814891466525
16 1.06 8.5015 250.36165889212828 10.389655923344948 13.705022715800101 0.9086038604957227
16 1.08 0.01 259.48354929577465 8.55665716612378 12.112067881835323 0.9497966806229103
16 1.08 3.007 254.38405546995378 9.498278635778636 12.905765086206896 0.930574415795393
16 1.1 2.008 258.118587962963 9.38331043956044 12.875088229188291 0.9333559918429365
16 1.1 2.5075 257.9350246305419 9.551961172741679 12.94672214673913 0.9296602658788774
16 1.1 7.003 256.75944776119405 10.978830891330892 13.95934065934066 0.8808649035025017
16 1.12 0.01 267.1257263157895 8.578037925696595 12.117613991255466 0.949780040978667
16 1.14 1.5085 265.4077251908397 9.403301495016612 12.894465161923454 0.9329457676214998
16 1.14 10.0 261.05349436795996 12.877142481598318 14.88489640883978 0.5809152627608748
16 1.16 4.5055 266.7823440233236 11.093674496644296 13.976673156485763 0.8762565892048407
16 1.22 7.003 272.3761154362416 13.160310132575757 14.911557442292386 0.4321294718909708
16 1.24 1.009 283.4774716981132 9.496759868421053 12.924430983847284 0.9320490867579908
16 1.26 1.5085 285.75975099337745 9.977980895915678 13.34501138952164 0.9205008347245409
16 1.26 3.5065 282.16225000000003 11.624779335410176 14.460614886731392 0.8364697802197801
16 1.26 9.5005 274.6655256281407 14.333022875816994 14.949646525679759 0.0
16 1.3 8.002 280.38524920466597 14.258451219512194 14.94932810409826 0.0
16 1.3 9.001 279.72759525825575 14.477300649049607 14.949683009298393 0.0
16 1.32 1.5085 295.6181617021277 10.31284039334342 13.639488476672287 0.91171204576756
16 1.32 3.5065 290.0606718027735 12.261963619402986 14.767448025673225 0.7573238206173557
16 1.32 10.0 280.89472489082965 14.587113512739766 15.0 0.0
16 1.36 4.006 293.82542647058824 12.994413183279743 14.894083629893238 0.5381823219728454
16 1.38 4.5055 294.84616 13.395391856392294 14.933605545153966 0.1761245674740481
16 1.38 8.002 288.52369433314254 14.778143886564388 14.949998499985 0.0
16 1.38 9.001 288.42240592783503 14.693095831445401 15.0 0.0
16 1.4 1.009 310.38298550724636 9.995365338164252 13.418835758835758 0.9198509257032941
16 1.42 0.01 324.5608823529412 8.58230444785276 12.187817551963049 0.9496586927630783
16 1.44 5.5045 299.1390225225225 14.361551816239317 14.94938042884043 0.0
16 1.46 0.01 332.30351304347823 8.588042635658915 12.190286054827174 0.9495932254649931
16 1.46 3.007 309.29003698811096 12.832096851145039 14.885638808837657 0.5908934707903778
16 1.48 9.5005 299.39705603985055 14.950548896273439 15.0 0.0
16 1.54 6.004 308.8593990147783 14.73646646228168 15.0 0.0
16 1.54 6.5035 308.10247418478264 14.93046144859813 15.0 0.0
16 1.54 8.5015 306.76671643090316 14.830530949839915 15.0 0.0
16 1.56 3.5065 318.6779154929577 13.710476804123712 14.94168707578196 0.0
16 1.56 9.5005 307.2 15.0 15.0 0.0
16 1.6 0.5095 347.81239795918367 9.716757641921397 12.983754567600487 0.9281749622926093
16 1.6 1.009 342.5681461434371 10.700159801136364 13.819919939001144 0.8969009031300259
16 1.62 0.01 362.62367088607596 8.599436773255814 12.17070707070707 0.9495535579164018
16 1.62 3.007 328.11998 13.587691223832529 14.938838941690213 0.0
16 1.64 3.5065 326.6889904761905 14.194783014950167 14.948447262604391 0.0
16 1.64 9.5005 317.44 14.875 15.0 0.0
16 1.66 7.5025 319.821094220839 14.958826581027669 15.0 0.0
16 1.66 8.002 319.2 15.0 15.0 0.0
16 1.66 9.001 319.2 15.0 15.0 0.0
16 1.68 4.006 329.6846455266138 14.341638283378746 14.949840495967257 0.0
16 1.7 4.5055 330.78776748971194 14.664104869950194 15.0 0.0
16 1.7 8.002 324.60087595581984 14.990338643108885 15.0 0.0
16 1.7 9.001 324.0 15.0 15.0 0.0
16 1.72 1.5085 353.514456241033 12.153907263294423 14.74239567233385 0.7676425484455597
16 1.72 10.0 326.4 15.0 15.0 0.0
16 1.74 0.5095 370.97580097879285 9.987394514767931 13.396914385049978 0.9227234792284866
16 1.74 2.008 349.9790076530612 12.941361899563319 14.900560825726389 0.5000899820035991
16 1.74 2.5075 344.8296995121951 13.784136284722223 14.939936574290966 0.0
16 1.74 7.003 328.8 15.0 15.0 0.0
16 1.76 10.0 331.2 15.0 15.0 0.0
16 1.78 5.5045 336.31704826189673 14.859985766791583 15.0 0.0
16 1.8 4.5055 341.2550787878788 14.71357736013986 15.0 0.0
16 1.82 7.003 338.4 15.0 15.0 0.0
16 1.84 0.01 405.0931428571428 8.59154255319149 12.174479476502082 0.9493250228032837
16 1.88 7.5025 346.3666540958269 14.98978437285476 15.0 0.0
16 1.9 0.5095 396.8919691119691 10.269770168855535 13.559353574926542 0.9147860320057263
16 1.9 2.008 368.5961821903787 13.570474137931035 14.936627376425855 0.03267556587347607
16 1.9 2.5075 363.3564882943144 14.274553115423902 14.947634158602488 0.0
16 1.94 3.007 363.3305296017223 14.51147435897436 14.949951954837548 0.0
16 1.98 6.004 359.3705453874539 14.946415252057614 15.0 0.0
16 1.98 6.5035 357.6 15.0 15.0 0.0
16 1.98 8.5015 357.6 15.0 15.0 0.0
16 2.0 4.006 364.36800208116546 14.832620524816925 15.0 0.0
18 0.04 3.5065 41.74299236641221 2.9578229645771987 9.53235294117647 0.0
18 0.04 9.5005 28.56 1.88888888889 17.0 0.0
18 0.06 4.5055 47.31501960784313 2.8056042496699387 12.738138626749105 0.0
18 0.1 0.01 107.93161849710982 9.538198198201254 13.619052945563013 0.949626741620576
18 0.14 4.5055 61.528951785714284 2.4145932539641084 17.0 0.0
18 0.14 8.002 58.32 2.0 17.0 0.0
18 0.14 9.001 57.46 1.88888888889 17.0 0.0
18 0.16 0.5095 109.04663157894737 7.877072899277802 11.976535186015239 0.9237731534415733
18 0.16 1.009 100.41885714285714 6.658732157853959 10.874674267100977 0.8859674329501915
18 0.16 2.5075 89.45375824175824 4.922051457195679 10.12111344537815 0.6829560585885485
18 0.18 0.5095 114.43757281553398 7.982492142725262 12.071438547486032 0.9249166591584828
18 0.18 1.009 105.9249900990099 6.746280602639072 10.954305260674687 0.892067089755213
18 0.2 1.5085 106.79943319838057 6.104882857804564 10.566830796777081 0.8536570374923171
18 0.2 10.0 74.8 1.88888888889 17.0 0.0
18 0.22 0.5095 124.2555306122449 8.041651376146373 12.222471229557843 0.9269407793801779
18 0.22 1.009 116.88341592920354 6.900302858225491 11.327969121140143 0.895485044208942
18 0.24 3.007 111.30698734177214 5.034618012846448 16.9220694814607 0.0
18 0.26 4.006 99.73549022346369 3.0268699565484587 16.949951954837548 0.0
18 0.28 6.004 99.94873506891271 2.201965288410436 17.0 0.0
18 0.28 6.5035 100.28913409961686 2.254496003024748 17.0 0.0
18 0.28 8.5015 99.12076076555024 2.0741914761644185 17.0 0.0
18 0.3 4.006 113.33281153450051 3.332343774346061 16.94972853954274 0.0
18 0.32 1.5085 140.29894117647058 6.7109783089891675 11.265931989924432 0.8710982211910285
18 0.34 4.5055 121.76717161716172 2.9843723261216573 17.0 0.0
18 0.34 9.001 115.8742343984024 1.9922953532664738 17.0 0.0
18 0.36 1.5085 150.88993846153846 6.85778546712945 11.340529164161154 0.8759803556812262
18 0.4 0.5095 168.4018181818182 8.430374852912152 12.688204951856946 0.9337217163081083
18 0.4 1.009 164.09654320987653 7.588798701302813 11.868888888888888 0.9121680016863406
18 0.42 4.006 147.5861022395326 3.6525100075767734 17.0 0.0
18 0.46 0.01 187.19845033112583 9.540835850959963 13.631089036055924 0.9497618760549795
18 0.5 4.006 172.6576968973747 4.3535812672140946 16.9496450043808 0.0
18 0.56 1.5085 202.27019402985076 7.647336901124832 11.979024156900262 0.8952354013451504
18 0.6 0.01 218.23791932059447 9.555624855629299 13.658104738154613 0.9498374766748932
18 0.62 4.5055 211.72898113207546 6.2712171661090155 16.900838886244646 0.0
18 0.64 0.01 226.79944703770198 9.516657071580683 13.630861943024104 0.9498465334617237
18 0.66 6.004 214.85204518664045 4.213086662298677 17.0 0.0
18 0.66 6.5035 213.9764077046549 3.926930622436971 17.0 0.0
18 0.66 8.5015 211.67586503067483 3.17511929106846 17.0 0.0
18 0.68 0.5095 234.30327027027027 8.982568498907554 13.046073662265462 0.9403621140015028
18 0.68 1.009 233.0393738317757 8.534142314679965 12.81603125 0.9266320376810318
18 0.68 2.5075 230.1687851851852 7.499188034187969 11.948069345941686 0.8414478691019787
18 0.72 0.01 244.66465289256197 9.542603850054066 13.62269799166351 0.9498314369995786
18 0.74 4.5055 243.07895490716183 7.040494738280311 11.815079365079365 0.6085720995772661
18 0.76 5.005 247.88886832740212 7.021141622171159 12.415303983228512 0.558256029684601
18 0.8 4.5055 258.2928428927681 7.434154818321093 11.953584278992526 0.7378990407296744
18 0.8 9.001 253.84240143369178 5.02093023255793 16.946720158557635 0.0
18 0.84 6.5035 267.5212217573222 7.233240611958725 12.01611111111111 0.6183421112892143
18 0.86 5.5045 272.90052870090636 7.6733599069954606 12.333950223356732 0.7772089292875283
18 0.88 6.5035 277.62884745762716 7.687370892021906 12.446062322946176 0.7702687801516195
18 0.9 7.5025 282.32803499327053 7.692492085032474 12.28040293040293 0.7766715797936485
18 0.92 4.006 287.88964853556485 8.72415458937474 12.950230733733271 0.9078254617852007
18 0.96 5.005 297.03229123328384 9.05642669296459 13.27242582897033 0.9233701149425287
18 0.98 4.006 301.5967416520211 9.466530214422274 13.617226115824419 0.9363976340393054
18 0.98 5.005 301.57767507886433 9.41160104986465 13.625251022685013 0.9345365278868814
18 1.0 1.009 306.7242200328407 9.699173027992831 13.78697306791569 0.9452463863337713
18 1.02 4.006 310.6641013133208 10.03444222665435 13.950286767718149 0.9404898775306173
18 1.06 5.5045 319.5347101910828 10.96725631104068 14.794734189972285 0.9272501091226538
18 1.08 1.009 325.37557142857145 9.995988167868408 13.944244135534317 0.9419652494864027
18 1.1 8.5015 326.80451239669424 12.84700716847408 15.958991365285947 0.8510678223572513
18 1.12 0.5095 335.30150909090906 9.880652798918833 13.88005249343832 0.9440385454789645
18 1.12 1.009 334.322776119403 10.15321537289183 14.034638757596218 0.9402723526249775
18 1.12 2.5075 333.224788368336 10.873429118786603 14.731016042780748 0.9288312908322303
18 1.14 8.002 333.8404320457797 13.642868307968499 16.55684658335549 0.7604971978732575
18 1.14 9.001 333.36123300970877 14.0953939393844 16.77001517869463 0.6832573166096539
18 1.18 2.008 346.482452892562 11.144936708846265 14.859721920486638 0.9241719745222929
18 1.18 2.5075 345.92881504702194 11.406769055704489 14.983112903225805 0.916752409969532
18 1.22 4.5055 350.58698502994014 13.34411877391195 16.395685279187816 0.8029439583825962
18 1.24 9.5005 347.5431559202813 16.200754951574204 16.948292122979556 0.0
18 1.26 7.5025 352.0289617021276 15.544161133280127 16.940585341508626 0.0
18 1.26 8.002 351.8513102625298 15.57225353881266 16.94259686585156 0.0
18 1.26 9.001 350.63963848920866 16.182689075611982 16.948590376310918 0.0
18 1.28 4.006 361.79486173633444 13.746633825969507 16.61311513463324 0.7566861313868612
18 1.3 0.01 381.37193548387097 9.593780307826115 13.665494428969359 0.9497527886644558
18 1.3 3.007 367.9462741935484 13.009143968870681 15.994376663708962 0.8367260971786833
18 1.32 7.5025 360.93522090261285 16.48708424706569 16.948523688924578 0.0
18 1.32 8.002 359.8076009975062 16.47626207063252 16.94959474989415 0.0
18 1.32 9.001 358.54319805982215 16.694956271149564 17.0 0.0
18 1.34 0.5095 385.20455762081787 10.351732617894628 14.298523985239852 0.9385503078568005
18 1.34 2.008 378.64321974522295 12.27635658911965 15.745461077844311 0.8852688098024368
18 1.34 2.5075 376.68220440251577 12.938060159613315 15.950005970149254 0.8457901554404145
18 1.36 1.5085 384.76724953095686 11.815903381660922 15.410339053997488 0.9055801042374801
18 1.38 0.01 400.7446296296296 9.600265035681877 13.69409948542024 0.9496738933510478
18 1.38 3.007 381.2619446494465 13.82288272422144 16.681380233225006 0.7428725701943844
18 1.4 9.5005 369.94575021936237 16.873022808633518 17.0 0.0
18 1.42 1.009 399.61994454713493 11.33872685181798 14.976654411764706 0.9184269772905246
18 1.44 4.006 386.6838982511924 15.235426408348756 16.92609852347803 0.09516829533116139
18 1.5 0.5095 420.6144444444444 10.621948099453009 14.563740317226115 0.933769123783032
18 1.5 2.008 407.5050476190476 13.382710989639932 16.42248787248787 0.8038945758324508
18 1.5 2.5075 403.3559639389737 14.142300493434808 16.78241514360313 0.6796039984621298
18 1.54 5.5045 394.8836554524362 16.556435185229542 17.0 0.0
18 1.56 7.5025 393.31732892561985 16.97495755390529 17.0 0.0
18 1.58 5.005 402.1833770491803 16.286247519812644 17.0 0.0
18 1.6 6.004 401.2461787234042 16.691523055457022 17.0 0.0
18 1.6 6.5035 399.351609538003 16.87322544570704 17.0 0.0
18 1.64 7.5025 405.86483967704726 16.857259702073293 17.0 0.0
18 1.66 0.01 468.2372 9.581344574150316 13.67016497016497 0.9495901763300366
18 1.66 3.007 423.58290202702705 15.53173277664334 16.940540829795584 0.0
18 1.7 3.007 429.3713793103448 15.73312576315245 16.94430037095211 0.0
18 1.72 8.002 416.88 16.8888888889 17.0 0.0
18 1.72 9.001 416.84356829290505 16.8888888889 17.0 0.0
18 1.74 6.004 420.65682622887863 16.88041691447892 17.0 0.0
18 1.74 6.5035 419.22 17.0 17.0 0.0
18 1.74 8.5015 419.22 17.0 17.0 0.0
18 1.76 4.5055 428.99009802073516 16.665529120865713 17.0 0.0
18 1.82 4.5055 436.6163199635369 16.73343177950729 17.0 0.0
18 1.84 1.009 480.72051219512196 12.810681114570016 15.951269740998105 0.8494399277326106
18 1.86 2.008 463.2707619047619 15.126467803017656 16.923766180304625 0.15094243504839494
18 1.9 6.004 443.7 17.0 17.0 0.0
18 1.9 6.5035 443.7 17.0 17.0 0.0
18 1.9 8.5015 443.7 17.0 17.0 0.0
18 1.92 0.5095 509.39099999999996 11.500416214260195 15.082321428571428 0.9141230420445177
18 1.92 2.008 471.52952564102566 15.423443028973933 16.93658879926952 0.0
18 1.92 2.5075 464.1450179310345 16.02635233917865 16.948485504110774 0.0
18 1.94 5.005 454.3855829603845 16.843918299082038 17.0 0.0
18 1.96 0.5095 517.7743765996344 11.568239188952756 15.181985499163412 0.9116792962747072
18 1.96 1.009 501.1961491525424 13.310482180262452 16.24957226474561 0.811224374221316
18 1.96 2.5075 469.8169043478261 16.197528503627296 16.94876736751506 0.0
18 1.98 5.5045 456.84517792029317 16.98390221758776 17.0 0.0
20 0.0 4.006 20.76597589342356 2.076597589342356 5.291674733785091 0.0
20 0.0 5.005 19.05193401592719 1.9051934015927188 4.575038245792962 0.0
20 0.02 4.006 36.77824242424243 2.6091081750619325 9.39513319672131 0.0
20 0.04 7.5025 34.12 1.9 18.0 0.0
20 0.06 3.007 63.3013 3.826106094808126 10.335367372353673 0.05942437923250523
20 0.1 0.5095 114.58050561797752 8.460500863557858 12.962014717076883 0.9186141901460032
20 0.1 1.009 101.03833333333333 6.881596899224807 11.55365 0.8677327196254265
20 0.14 3.007 99.22665789473685 4.790168269230769 17.34152977412731 0.4104350902016269
20 0.16 6.004 77.4952231701841 1.98752656787906 19.0 0.0
20 0.16 6.5035 77.6 2.0 19.0 0.0
20 0.16 8.5015 77.3374783423964 1.9687474217138572 19.0 0.0
20 0.18 6.004 87.95458516063233 2.3847055073941865 19.0 0.0
20 0.18 6.5035 84.8 2.0 19.0 0.0
20 0.18 8.5015 83.98 1.9 19.0 0.0
20 0.2 4.5055 95.12232273838632 2.390290342298288 19.0 0.0
20 0.2 9.001 91.2 1.9 19.0 0.0
20 0.22 6.004 100.24878254030673 2.1344593000393237 19.0 0.0
20 0.22 6.5035 98.42 1.9 19.0 0.0
20 0.24 5.005 108.20893566381555 2.2380178505020454 19.0 0.0
20 0.26 1.5085 152.10852542372882 6.978283093053736 11.817058823529411 0.8579234506862159
20 0.28 5.5045 123.63121298701299 2.393224025974026 19.0 0.0
20 0.3 1.5085 165.36812500000002 7.124891304347826 11.928511278195488 0.8642641908950239
20 0.32 4.5055 140.98013972602737 2.8500205479452054 19.0 0.0
20 0.32 8.002 135.2 2.0 19.0 0.0
20 0.32 9.001 134.52 1.9 19.0 0.0
20 0.34 3.007 172.80365573770493 6.264169708029197 13.530468749999999 0.6060742141337744
20 0.36 4.5055 154.3863140495868 2.7478615702479336 19.0 0.0
20 0.36 9.001 150.16342512562815 2.088035175879397 19.0 0.0
20 0.4 6.004 168.15258087367178 2.6920968122786304 19.0 0.0
20 0.4 6.5035 167.8213557483731 2.6368926247288504 19.0 0.0
20 0.4 8.5015 164.0 2.0 19.0 0.0
20 0.44 4.5055 187.84492438162545 3.686593639575972 19.0 0.0
20 0.44 9.001 178.91636910994765 2.092208769633508 19.0 0.0
20 0.46 1.009 221.293 8.501462925851703 13.139318665720369 0.9140433212996389
20 0.48 0.5095 231.79042823529412 9.448406593406594 13.938182261208578 0.9359232632347853
20 0.48 2.008 222.77045714285714 7.543748344370861 12.640664100096245 0.8456759259259259
20 0.48 2.5075 220.85424615384616 7.182386237513874 12.430130057803467 0.7761616975557345
20 0.52 0.5095 243.70625742574256 9.564664246823956 14.09443254817987 0.9367140036452004
20 0.52 1.009 240.2247192429022 8.747216312056738 13.439527559055119 0.9190332766577605
20 0.52 2.5075 234.08623636363637 7.378693609022557 12.505548926014319 0.7959476003917727
20 0.54 4.5055 226.19907718120805 4.535324459234609 18.949550503980387 0.0
20 0.56 4.5055 232.96138605619146 4.581792746113989 18.949969982589902 0.0
20 0.56 8.002 224.70650476190477 2.7060238095238094 19.0 0.0
20 0.56 9.001 223.0993003910416 2.340750088873089 19.0 0.0
20 0.58 0.5095 261.5218404255319 9.678089285714284 14.198148148148148 0.9383935832039624
20 0.58 2.008 254.70007843137253 7.984795539033457 12.845768337205444 0.8618566100290095
20 0.58 2.5075 253.2901185185185 7.6494580645161285 12.74479060265577 0.8098242811501597
20 0.6 0.5095 267.28836734693874 9.76434065934066 14.32046485260771 0.9389688381119777
20 0.6 1.009 264.513544973545 9.03859375 13.746364932287953 0.9235598972665565
20 0.6 2.5075 259.69931232091693 7.767396373056995 12.73295631825273 0.820379351223192
20 0.64 0.5095 278.8282305986696 9.830039447731757 14.402462022001048 0.9397759710930442
20 0.64 1.009 276.66766666666666 9.189970802919706 13.842692190823458 0.92579582387249
20 0.64 2.5075 272.32668221574346 7.916940639269407 12.895328661995329 0.8256042691221094
20 0.66 5.5045 267.35753940886696 4.865338785046729 18.94931269387507 0.0
20 0.68 6.004 274.0080088790233 4.871796791443851 18.949908334084693 0.0
20 0.68 6.5035 272.92704909560723 4.5397028423772605 19.0 0.0
20 0.68 8.5015 270.0326640316206 3.635207509881423 19.0 0.0
20 0.7 4.5055 288.4871176470588 7.383704035874439 12.768760330578512 0.4831937984496122
20 0.72 0.5095 301.8606709677419 10.000060606060606 14.605766129032258 0.941752289089257
20 0.72 1.009 300.50664 9.510168421052631 14.049646892655367 0.9306927811044577
20 0.76 3.5065 308.63452391799547 8.145677852348992 13.007622950819671 0.8045155993431855
20 0.76 9.5005 298.59030215827335 4.079292565947242 19.0 0.0
20 0.78 4.006 314.40845128205126 8.08979761904762 12.93431111111111 0.7703004410143328
20 0.78 5.005 313.4945153061224 7.7 13.03236111111111 0.9953683442742521
20 0.8 3.007 321.5108358208955 8.674534412955465 13.456223849372385 0.8676381829733163
20 0.82 4.006 326.8600689655172 8.384642424242424 13.174950166112957 0.818323522999782
20 0.82 5.005 326.1823636363636 8.061430379746835 13.190708556149731 0.7255557385147372
20 0.94 4.006 363.1282663755458 9.765283993115318 14.41994923857868 0.9227879180950616
20 0.94 5.005 363.0021904761905 9.572142857142858 14.110628019323672 0.9140211503740004
20 0.96 1.5085 369.33261946902655 10.389751332149201 14.8428250491435 0.9419268292682926
20 0.96 3.5065 368.9015011876485 10.136730103806228 14.745551948051947 0.9333879541185404
20 0.98 1.5085 375.1547875 10.5288683127572 14.958598875351452 0.944025389575497
20 1.0 6.5035 380.0 10.691983870967741 15.12667103538663 0.9450405592560839
20 1.0 9.5005 380.0 10.70544513457557 15.10365111561866 0.9454596027356916
20 1.02 1.5085 386.4532 10.838069105691057 15.280147058823529 0.9450115473441109
20 1.04 4.006 391.4571550387597 11.376245421245422 15.762530339805824 0.9386182005671565
20 1.04 5.005 391.3977973856209 11.563657243816253 15.868577981651375 0.9366803434389483
20 1.08 9.5005 400.84152029520294 13.959307568438003 17.653906673901247 0.8686914047112582
20 1.1 5.5045 406.9525625 13.09231884057971 16.91192709254999 0.903402109655732
20 1.12 6.004 411.3893134328358 13.855115452930729 17.637018375815057 0.8745993529456022
20 1.12 6.5035 411.1844021164021 14.023822894168466 17.710287555775906 0.8669513850083819
20 1.12 8.5015 409.9504480874317 14.927578772802654 18.1209388185654 0.7946402168555938
20 1.14 0.01 423.8549574468085 10.589584837545125 14.952025435704192 0.9498947811447811
20 1.14 3.007 418.56506818181816 12.55664609053498 16.69036001190122 0.9185346302360818
20 1.16 5.005 421.4261208053691 14.125639534883721 17.740110522680176 0.8596463157894736
20 1.18 8.5015 421.9565318107667 16.325183246073298 18.8482196521264 0.4661434977578473
20 1.2 4.006 431.89369811320756 14.125467479674796 17.785283400809718 0.859776207302709
20 1.26 0.01 459.40103999999997 10.616298701298701 14.96954555731404 0.9497860930344662
20 1.28 1.5085 457.2324078711986 12.532392523364486 16.653690658499233 0.9186935948095029
20 1.32 0.01 477.61436363636363 10.574096153846153 14.960428670200507 0.9497770144036641
20 1.32 3.007 460.48074285714284 14.683307189542482 17.941247316956833 0.8116723163841807
20 1.34 6.004 454.4060132596685 17.472227171492204 18.93900680670424 0.0
20 1.34 8.5015 449.2836175889328 18.335673485140873 19.0 0.0
20 1.36 4.5055 462.5634990215264 16.740632716049383 18.89095132164355 0.3072734829592682
20 1.36 8.002 453.6537120980092 18.295292607802875 18.949935417980836 0.0
20 1.36 9.001 452.4934513715711 18.478865999229882 19.0 0.0
20 1.42 6.5035 465.89276543209877 18.35991515151515 19.0 0.0
20 1.42 9.5005 462.0961291172595 18.696605738575983 19.0 0.0
20 1.44 1.5085 496.5340403669725 13.568970037453184 17.384970364098223 0.8873394619440313
20 1.46 3.5065 485.4652222222222 16.65046247818499 18.900370613904 0.2922717622080676
20 1.46 9.5005 469.7330422535211 18.78195040069309 19.0 0.0
20 1.5 6.004 481.65384279475984 18.444070469798657 19.0 0.0
20 1.5 6.5035 479.34783431455 18.570846597866016 19.0 0.0
20 1.5 8.5015 476.9932331465444 18.78736007887153 19.0 0.0
20 1.52 2.008 509.2777975986278 14.955934256055363 18.2618689105403 0.7865667819182993
20 1.52 2.5075 504.53114012738854 15.798512820512821 18.717460586540092 0.6521911519198663
20 1.58 1.5085 528.1036666666666 14.400056925996205 17.88208516886931 0.8417038655142938
20 1.58 3.5065 506.61657491675913 17.546654135338347 18.94120572879921 0.0
20 1.62 3.5065 514.3572688927943 17.644837988826815 18.944782003710575 0.0
20 1.62 9.5005 498.9708006428715 18.890942340090213 19.0 0.0
20 1.66 1.009 554.8651801470588 13.584301948051948 17.412794476035742 0.8862165483342436
20 1.68 4.5055 518.6479867374005 18.49387977254265 18.94999099855977 0.0
20 1.68 9.001 511.0085611598938 18.96942676327616 19.0 0.0
20 1.7 5.005 518.3242198581561 18.69069602556421 19.0 0.0
20 1.72 0.01 596.0694426229509 10.648936605316973 14.980027643400138 0.9495932254649931
20 1.72 3.007 536.1362666666666 17.656456422018348 18.945138248847925 0.0
20 1.74 5.5045 523.4040761061947 18.869339587932302 19.0 0.0
20 1.76 3.007 541.0515491071428 17.892056567593478 18.948208570274385 0.0
20 1.78 2.008 560.4793321167883 16.558824152542375 18.88140742849011 0.37925512104283027
20 1.8 4.006 540.2398820058997 18.551871209933584 19.0 0.0
20 1.8 5.005 539.2113379583747 18.680174854288094 19.0 0.0
20 1.84 6.5035 540.2640507729044 18.99343224179375 19.0 0.0
20 1.88 0.5095 621.3579141630902 12.650692167577413 16.748323529411763 0.9170630971337579
20 1.88 1.009 605.0953948339483 14.439567901234568 17.882701838529176 0.8383414161008729
20 1.88 2.5075 570.0400314136126 17.778139661756683 18.94561975920911 0.0
20 1.9 5.5045 551.9 18.89477392449517 19.0 0.0
20 1.92 6.004 556.7975116857285 18.794678989879642 19.0 0.0
20 1.92 8.5015 554.8 19.0 19.0 0.0
20 1.94 3.5065 568.9317158273382 18.59219411823748 19.0 0.0
20 1.94 9.5005 558.6 19.0 19.0 0.0
20 1.96 6.004 562.4 19.0 19.0 0.0
20 1.96 6.5035 562.4 19.0 19.0 0.0
20 1.96 8.5015 562.4 19.0 19.0 0.0
20 1.98 4.006 572.9758958974359 18.769020446096654 19.0 0.0
20 2.0 4.5055 574.9433034501494 18.779721377296507 19.0 0.0
