10 0.0 0.01 27.501762977473064 5.500352595494613 7.7882460044507384 0.9494924088608746
10 0.0 3.007 10.51296460176991 2.1025929203539824 4.362739383846794 0.0
10 0.02 3.007 13.850290909090909 2.213409090909091 4.8554235274147 0.0
10 0.04 6.004 14.360234234234234 1.9484600958533027 6.737326527356835 0.0
10 0.04 6.5035 14.14534693877551 1.9085126676602087 5.930256081946222 0.0
10 0.04 8.5015 13.839280898876405 1.8 5.86361223982088 0.0
10 0.06 7.5025 15.597474635163307 1.8 6.925955247317456 0.0
10 0.06 8.002 14.805418641390206 1.8 8.900992039919212 0.0
10 0.06 9.001 14.654039537126325 1.8 7.91521507097876 0.0
10 0.08 4.5055 19.07664573991031 2.184387424872862 8.220804114071996 0.0
10 0.08 8.002 16.57963859111792 1.8 8.89906128875969 0.0
10 0.08 9.001 16.539801549243823 1.8 7.925891507336594 0.0
10 0.12 5.5045 21.55763025210084 2.126559645723775 8.823386669492423 0.0
10 0.14 7.5025 22.053578703703703 1.9747242348070384 8.940680499697477 0.0
10 0.16 2.008 30.092091954022987 3.4519502719502717 6.513547599674532 0.8096722621902477
10 0.16 7.003 22.598972364380757 1.9512589559877176 8.94995496036512 0.0
10 0.18 2.008 31.84271710526316 3.5276888131743327 6.679250911501491 0.8148522550544323
10 0.18 2.5075 31.205346704871058 3.3351941998964265 7.082317880794702 0.728859606312022
10 0.18 7.003 24.273992056074764 1.9221168224299066 8.948439288476411 0.0
10 0.2 3.5065 31.706 3.010319865319865 8.804332002817564 0.16831337325349266
10 0.2 9.5005 25.2 1.8 9.0 0.0
10 0.22 2.008 35.27862209302326 3.70272030651341 6.865023974427277 0.8319011598587998
10 0.22 2.5075 34.71359681697613 3.5045134328358207 7.452214022140221 0.7610123315170633
10 0.22 7.003 27.783657798165137 2.047091743119266 9.0 0.0
10 0.24 0.01 42.8608346281909 5.494415322580645 7.790269067367995 0.9497073023536512
10 0.26 5.005 32.17551478846874 2.3200349283967867 8.94885697628034 0.0
10 0.3 5.005 34.73170555108609 2.2088313725490196 8.94994293608842 0.0
10 0.32 3.5065 41.67708554572271 3.4398335854765505 8.904541809851088 0.12692509167103158
10 0.32 9.5005 34.92 1.8 9.0 0.0
10 0.34 7.5025 36.54 1.8 9.0 0.0
10 0.34 8.002 36.821725584594226 1.8853713892709765 9.0 0.0
10 0.36 3.5065 45.02199999999999 3.5934598655595096 8.894891845872486 0.28620985010706607
10 0.36 9.5005 38.16 1.8 9.0 0.0
10 0.38 5.5045 41.55116065073717 2.3713421453990846 8.949960970337456 0.0
10 0.4 2.008 49.511364985163205 4.251886503067484 7.513397129186602 0.8557968506662051
10 0.4 2.5075 49.07174078780178 4.100295629820051 8.119545694664554 0.7939037962161493
10 0.4 7.003 42.47164830508475 2.157216101694915 9.0 0.0
10 0.42 5.005 45.204958160572936 2.549947604790419 8.949915860328145 0.0
10 0.44 1.5085 53.01480632411067 4.542753534111862 7.472428154935443 0.8960067386285643
10 0.44 3.5065 51.32125207756233 3.8931810193321614 8.8485368956743 0.4473806366047743
10 0.44 9.5005 44.64 1.8 9.0 0.0
10 0.48 4.006 53.550579365079365 3.723980404164115 8.932587768969423 0.0
10 0.5 5.005 52.415306712962966 2.9449488972565896 8.9491332478789 0.0
10 0.54 1.5085 60.163788617886176 4.766984667802385 7.638742261322906 0.8982789136405248
10 0.54 3.5065 58.78341693811075 4.174923572003218 8.750494011976048 0.59634294017922
10 0.54 10.0 53.32757677902622 2.0554681647940076 9.0 0.0
10 0.56 3.5065 60.173282758620694 4.193974082073434 8.752016069037346 0.5775158428390366
10 0.56 9.5005 54.875425110132156 2.034284140969163 9.0 0.0
10 0.58 4.006 61.416267857142856 4.147837837837838 8.837869649805448 0.3943677325581393
10 0.62 7.5025 60.640186162269785 2.547466401194624 9.0 0.0
10 0.62 8.002 62.244191780821915 3.3768169398907104 8.943131568172513 0.0
10 0.62 9.001 60.441026905829595 2.4426457399103136 9.0 0.0
10 0.66 4.5055 66.8755219858156 4.272706514439221 8.843104584392357 0.33624054161688544
10 0.68 2.008 69.57871293375395 4.927792032410533 7.805539954046464 0.8748629777010285
10 0.68 7.003 66.06339295392954 3.039620596205962 8.949614559085825 0.0
10 0.7 1.5085 71.22597457627118 5.114996353026988 7.800408777969019 0.9024694247761718
10 0.7 3.5065 70.24166071428571 4.609999999999999 8.378328981723238 0.7244212962962961
10 0.7 10.0 66.56504218040233 2.3766947869348907 9.0 0.0
10 0.74 7.5025 71.78615619879847 3.9167257112184646 8.931940871411655 0.0
10 0.74 8.002 70.83389681335356 3.2542255639097744 8.948115057746787 0.0
10 0.74 9.001 70.9506759956943 3.339418483904465 8.946169498094438 0.0
10 0.76 0.5095 76.30654545454544 5.4512108559498955 7.843536324786324 0.9371554617095886
10 0.76 1.009 75.67842051282052 5.362902338376892 7.8480533333333335 0.9238462944347985
10 0.78 0.01 80.00614285714285 5.519564393939394 7.795746746941154 0.9497300557985221
10 0.78 3.007 75.94360849056604 4.978979266347688 7.869564274875352 0.8344228094575799
10 0.8 7.5025 76.33583926754832 4.318984293193718 8.706204829895999 0.08473366282262453
10 0.8 8.002 76.24291568163909 4.219434571890146 8.887483966785931 0.0
10 0.82 0.01 83.17755813953488 5.5144756554307115 7.799093539054966 0.949719440086883
10 0.82 3.007 78.65528731942214 5.110968188105118 7.913042628079781 0.8535927617709065
10 0.84 6.004 79.43235239567232 4.749979529170931 8.25293590318243 0.6649849246231154
10 0.84 8.5015 79.18272115384615 4.427451923076923 8.749669570441574 0.3066971713810313
10 0.88 6.004 82.19507178631052 4.953759733036708 7.9810967144840355 0.7656166502601602
10 0.88 8.5015 82.03095491043854 4.711216800494132 8.241029143897997 0.6194748858447487
10 0.9 5.5045 83.5869885212694 5.126051212938005 7.9226325193567595 0.8214377544461109
10 0.92 5.005 84.94274303405572 5.294100386100387 7.933860813340139 0.8631159658344283
10 0.94 0.01 92.41324999999999 5.527597042513863 7.8055544877955025 0.9496221738604763
10 0.94 3.007 86.65933333333334 5.556037110669317 7.96233503905198 0.9042236524537409
10 0.96 1.009 89.13873684210526 5.678803571428571 7.952874442319949 0.9289071830745607
10 1.0 0.5095 92.28976169461606 5.700921739130434 7.938630611429333 0.9376538360827441
10 1.0 2.008 90.39929166666667 5.784128787878788 8.027028604786922 0.9256203141735094
10 1.0 2.5075 90.0 5.796173200702165 8.051394422310757 0.9240025534631343
10 1.0 7.003 90.0 5.800288248337028 8.073540856031128 0.9226517542231297
10 1.02 5.005 91.3523152039555 5.960476534296029 8.23790580704161 0.9199817562052907
10 1.04 0.01 100.27745454545455 5.532308998302207 7.802367661212704 0.9496054183170561
10 1.04 3.007 92.71595131845842 5.985876902713435 8.2505845323741 0.9203031607134318
10 1.08 0.5095 97.81146820809249 5.7735765379113015 7.964875572613594 0.9353315485197687
10 1.08 2.008 95.57368275862068 6.032004069175992 8.272501091226538 0.9205387365911799
10 1.08 2.5075 95.42066605335786 6.110206540447504 8.350973520249221 0.9168396367627981
10 1.08 7.003 95.18273844205193 6.739983498349835 8.727306937172775 0.8903775322283609
10 1.1 4.5055 96.55905223880596 6.552942084942084 8.651245030341075 0.901132993237632
10 1.1 9.001 96.19872577803876 7.300206677265501 8.866063966570234 0.8343899046104928
10 1.12 2.008 98.12824499999999 6.178070422535211 8.409390503189227 0.9164561403508772
10 1.12 7.003 97.52564072727273 7.158067692307692 8.845015808071416 0.8485506587914584
10 1.14 7.5025 98.54 7.6 9.0 1.0
10 1.16 0.01 109.71922222222221 5.525637467476149 7.813617103235747 0.9494878167050551
10 1.16 3.007 100.48726486486487 6.593061224489795 8.657972501539092 0.8990184792487125
10 1.18 10.0 99.88375930851065 8.330485175202156 8.944967972000264 0.12278947368421014
10 1.2 3.007 102.91596726190475 6.819725158562368 8.755077149155033 0.8858033573141486
10 1.22 8.002 102.15381871921181 8.308690476190476 8.94387648584032 0.2308721735117671
10 1.22 9.001 101.85149598163031 8.530726089133701 8.946871314271142 0.0
10 1.24 6.004 103.81589910979228 8.005030211480362 8.93236069964693 0.5838451935081147
10 1.24 6.5035 103.59943390357698 8.15350488934637 8.938955426143647 0.49767932489451455
10 1.24 8.5015 102.89189804386484 8.54393743257821 8.94746580092038 0.0
10 1.28 5.005 106.17167741935484 7.976450268016676 8.933015834739972 0.6199954400364796
10 1.34 10.0 106.49554903364351 8.888403080013392 8.949966978866474 0.0
10 1.36 3.5065 111.23094736842104 7.814488977955912 8.921016965216568 0.704642920432394
10 1.36 9.5005 107.32129750479847 8.940665717337131 9.0 0.0
10 1.4 6.004 110.59507500000001 8.68825943569073 8.949524530587523 0.0
10 1.4 6.5035 110.35888143176734 8.78458040976705 8.949786093034467 0.0
10 1.4 8.5015 109.42775751601773 8.934005147495546 9.0 0.0
10 1.42 0.5095 120.33967625899281 6.108981064021641 8.276291793313069 0.9257131395970761
10 1.42 2.008 116.31596551724138 7.181730407523511 8.847956577266922 0.8496300974377481
10 1.42 2.5075 115.5561276923077 7.535711159737418 8.897541033995205 0.7906418791609093
10 1.42 7.003 110.76156040955631 8.787921315811225 9.0 0.0
10 1.44 5.005 113.15663859208044 8.577256614436168 8.948757916743528 0.0
10 1.46 0.5095 122.77503703703704 6.137328825021132 8.331716118684843 0.924436686766106
10 1.46 1.009 120.67822804314329 6.537037643207856 8.634174714661984 0.9045855278223036
10 1.46 2.5075 117.55784647018505 7.7128436018957345 8.910962124045088 0.7553647438720092
10 1.48 5.5045 114.34129906542056 8.728064911206369 8.949804240452957 0.0
10 1.5 10.0 112.95484782870203 8.986171333748185 9.0 0.0
10 1.52 4.006 117.53250778210116 8.511876777251185 8.948320982295122 0.0
10 1.56 5.5045 117.50171540726203 8.91869756097561 8.949980492782329 0.0
10 1.58 1.009 128.13798400000002 6.7459463601532565 8.718652937204592 0.8926372069054367
10 1.6 8.5015 117.56376551724138 8.987913705583756 9.0 0.0
10 1.62 0.5095 132.99295808383232 6.263165182987142 8.461834032935098 0.9189348249027237
10 1.62 1.009 130.22261007957562 6.821097142857143 8.757111629262605 0.886642181867646
10 1.62 2.5075 125.11011077389985 8.116728919071873 8.93827037037037 0.4802931088244463
10 1.64 5.5045 120.71897930098405 8.896478260869566 9.0 0.0
10 1.68 1.5085 131.8803694267516 7.470735434574976 8.89154031365914 0.8066473317865428
10 1.68 3.5065 125.16981969775925 8.723382352941176 8.949426508071367 0.0
10 1.68 9.5005 120.6 9.0 9.0 0.0
10 1.7 0.01 152.21904411764706 5.545279279279279 7.821983964199142 0.9490461632528279
10 1.72 7.5025 122.86524409448819 8.988390624455821 9.0 0.0
10 1.74 4.5055 125.82330917592051 8.892678686413394 9.0 0.0
10 1.76 7.5025 124.2 8.989678597968789 9.0 0.0
10 1.76 8.002 124.2 8.98974180643176 9.0 0.0
10 1.76 9.001 124.79041236306729 8.987964326978625 9.0 0.0
10 1.78 4.006 128.16367621145375 8.970061074187175 8.94993842549485 0.0
10 1.8 0.01 160.25347826086954 5.54153711790393 7.823078365204349 0.9490368150684931
10 1.8 3.007 131.10486312399357 8.747273673257025 8.949497000181807 0.0
10 1.82 7.5025 127.60828997564936 8.985603351472747 9.0 0.0
10 1.82 8.002 127.42100765696784 8.988410805548796 9.0 0.0
10 1.82 9.001 126.9 9.0 9.0 0.0
10 1.84 0.5095 146.76945110410094 6.481230486685032 8.591394949742584 0.9102235389173174
10 1.84 2.008 136.9313878351864 8.245280403276622 8.941588981565852 0.3527378640776696
10 1.84 2.5075 134.61873403241182 8.721563845050216 8.948001747106355 0.0
10 1.84 7.003 128.47889884989678 8.987270297105324 9.0 0.0
10 1.86 1.5085 140.3674987714988 7.918687845303867 8.926867046950417 0.6694367314557714
10 1.86 10.0 128.7 9.0 9.0 0.0
10 1.9 4.5055 131.94188073394497 8.981451226976796 9.0 0.0
10 1.92 10.0 131.4 9.0 9.0 0.0
10 1.94 0.5095 152.643889298893 6.571729428172943 8.64882005899705 0.9041520501466443
10 1.94 1.009 148.111872 7.358502604166667 8.8757584793142 0.8257319113341697
10 1.96 2.008 141.8786218487395 8.508339529120198 8.946960921588595 0.0
10 1.96 7.003 133.2 9.0 9.0 0.0
10 2.0 1.5085 146.93449691991788 8.116329684481649 8.937684139684439 0.5222986529091428
10 2.0 3.5065 137.83672551055727 8.980713955102985 9.0 0.0
10 2.0 10.0 135.0 9.0 9.0 0.0
12 0.02 5.005 16.071714285714283 1.998235070850167 6.10391156462585 0.0
12 0.04 5.5045 19.327214285714284 2.068028273810884 7.25926294820717 0.0
12 0.06 0.01 44.641 6.496304608019076 9.245904095904095 0.9495535579164018
12 0.08 3.007 28.857562913907284 2.9539366595886047 6.983668270591565 0.3359760956175296
12 0.1 2.008 33.93705607476635 3.5616436384583428 6.960396701582349 0.7368645405746762
12 0.1 2.5075 32.835906735751294 3.2956099903920277 7.208338480543545 0.60193455935037
12 0.1 7.003 24.311983535868286 1.9830614335812509 10.93422132765017 0.0
12 0.12 4.006 32.79355172413793 2.664311190373326 10.617992207196883 0.0
12 0.14 0.01 52.733366153846156 6.512517289073556 9.297259615384615 0.949645004380797
12 0.2 7.5025 35.2 1.83333333333 11.0 0.0
12 0.2 8.002 35.73554938516462 1.9449061219081933 11.0 0.0
12 0.22 8.5015 37.62 1.83333333333 11.0 0.0
12 0.24 1.009 55.47825429553264 5.073316412861026 8.069245524296674 0.9070336903168228
12 0.26 3.5065 52.461829787234045 3.639856065801289 10.920200134061094 0.0
12 0.26 9.5005 42.46 1.83333333333 11.0 0.0
12 0.3 3.5065 55.66386363636364 3.395796943229357 10.942120433393526 0.0
12 0.3 9.5005 47.77450908388094 1.946311686637246 11.0 0.0
12 0.32 7.5025 50.94976226488268 2.1347456531602154 11.0 0.0
12 0.34 0.01 71.16678504672898 6.501515151515181 9.246707503828484 0.9497482437362438
12 0.36 7.5025 54.84241099564198 1.9068778634465675 11.0 0.0
12 0.36 8.002 55.57752755905512 2.098314468505903 11.0 0.0
12 0.38 4.006 62.511398514851486 3.162756010688918 10.94773105027127 0.0
12 0.42 1.5085 74.35180281690141 5.180878136203482 8.565447822514379 0.8893440446155888
12 0.42 3.5065 71.43862962962963 4.289974538508904 10.911977818853973 0.05995487873660421
12 0.42 9.5005 62.35554785109442 1.987226393992395 11.0 0.0
12 0.44 7.5025 65.6950416967944 2.2663814573786327 11.0 0.0
12 0.44 8.002 64.74642624303692 1.984055429474958 11.0 0.0
12 0.46 0.5095 80.68659544658495 5.997248134328303 8.900952925481228 0.9368984969522584
12 0.46 2.008 77.98235692307692 5.063071065991109 8.746756238003838 0.8514660012476606
12 0.46 2.5075 77.37689268292682 4.879640804595294 9.145210280373831 0.7854402677651904
12 0.46 7.003 68.20010641110376 2.3086748182395564 11.0 0.0
12 0.48 10.0 69.98234307065218 2.1225458559807118 11.0 0.0
12 0.5 1.5085 82.7135652853792 5.407567647931544 8.706299938537185 0.8952354013451504
12 0.5 3.5065 80.51682776801405 4.654427456604458 10.739088916718847 0.542868897421832
12 0.52 2.008 84.49862702702703 5.253521703521563 8.797077309868007 0.8608067479539001
12 0.52 7.003 75.56491003297221 2.4044826503356624 11.0 0.0
12 0.54 7.5025 77.79297819767442 2.359774709299521 11.0 0.0
12 0.54 8.002 77.62725016300804 2.2997283199284606 11.0 0.0
12 0.54 9.001 76.76169549485633 1.986121556107089 11.0 0.0
12 0.56 7.5025 80.71781177654755 2.5749287032392103 11.0 0.0
12 0.6 2.008 92.87361940298507 5.469646643108933 8.898743126472898 0.8663003369164126
12 0.6 7.003 86.02029782359679 2.841790759828833 11.0 0.0
12 0.62 0.01 97.46847058823529 6.517197298601405 9.253776888444222 0.9497830671889123
12 0.62 3.007 94.23307012987013 5.201701653945952 8.955030403537865 0.7584842776409215
12 0.64 2.008 97.0728416988417 5.592790893762396 8.885008355216042 0.8718908531898539
12 0.64 7.003 91.06043567753001 3.0464979988574195 11.0 0.0
12 0.7 7.5025 98.28613941018767 3.2700774501034564 10.949640439932319 0.0
12 0.7 8.002 98.01745652173912 3.120809178746377 11.0 0.0
12 0.7 9.001 97.73842192691029 2.965789959393926 11.0 0.0
12 0.72 2.008 105.27242244224422 5.820883940617947 8.960648885350318 0.8833986287952986
12 0.72 2.5075 104.96158600583091 5.655447916669776 8.940744528533441 0.8514660012476606
12 0.72 7.003 102.76865594855306 4.494833738848234 10.91975058982137 0.0
12 0.74 0.01 109.90524705882353 6.522033514493194 9.292990878540566 0.9497558181598938
12 0.74 3.007 106.74314965986395 5.583579841141085 8.949989018229738 0.8174479737130339
12 0.76 6.004 107.67563253588517 4.999948055802908 10.668582223105986 0.241029143897996
12 0.76 6.5035 107.40484363636364 4.842040023891703 10.817647702407003 0.0
12 0.76 8.5015 105.4101679389313 3.534662447258077 10.949103734693255 0.0
12 0.78 1.009 111.98015294117647 6.277095059411049 9.210091743119266 0.9269279670305581
12 0.8 0.01 116.382 6.578965378423479 9.302503610977372 0.9497966806229103
12 0.82 1.009 115.90691803278689 6.382638084200047 9.306294706723891 0.9282213608957794
12 0.84 5.5045 116.27757661290322 5.531446225785532 8.965878220140516 0.7055300353356889
12 0.86 4.006 118.59741135972462 5.895253759396401 9.10838023764853 0.8371090695856137
12 0.86 5.005 118.42244827586207 5.747898799313978 8.991238729909838 0.7933928350068178
12 0.88 5.5045 120.35551822503962 5.772406967536712 8.996034356725145 0.7988777603475322
12 0.92 1.5085 125.22023300970874 6.5283313562678655 9.49516660563896 0.9253671861006627
12 0.92 3.5065 124.61615294117647 6.2900820599870775 9.342836744407425 0.8953077889447236
12 0.92 9.5005 124.14832779097387 5.641656769599033 9.163402385436283 0.7526417334520629
12 0.96 6.5035 128.24742921348314 6.351928838948349 9.41836051861146 0.8959548036706411
12 0.96 9.5005 128.1993827328348 6.163754815321653 9.288906168999482 0.8728001221094406
12 0.98 3.5065 130.17841778975742 6.655184887462911 9.620645354048401 0.9239713529787428
12 0.98 9.5005 130.13519439868205 6.4599533223495555 9.469964525029562 0.9078865922405217
12 1.0 6.004 132.0 6.800547175389874 9.69930412371134 0.9297728900686807
12 1.0 8.5015 132.0 6.80929515418265 9.689024707412223 0.9300440713536201
12 1.02 3.5065 134.00475771971497 6.9574707185809785 9.762589445438282 0.9283016432934698
12 1.02 9.5005 133.974886347391 7.173921568630494 9.859658234210086 0.9243028431283495
12 1.06 4.006 137.90946507352942 7.283818011255683 9.895028740096318 0.9225187113569802
12 1.06 5.005 137.8678473837209 7.423347472603628 9.939267627580833 0.9188282277309696
12 1.08 6.004 139.6663653846154 7.819884341634215 10.229805914972273 0.9051880084191364
12 1.08 6.5035 139.6253501048218 7.927274381366813 10.345622300745976 0.9013144650364142
12 1.08 8.5015 139.47156781609195 8.282578806169052 10.614100486223663 0.8817104329311568
12 1.1 3.007 141.80405966277561 7.440867579907493 9.94484888304862 0.9193584284884846
12 1.16 1.009 148.83912612612613 7.097363765040871 9.817355686797486 0.9297166230918444
12 1.18 4.5055 148.51572972972974 8.565505162243198 10.736989111566988 0.8591124260355029
12 1.18 9.001 146.61399738219896 9.883333333331 10.937953242498697 0.35723100655611234
12 1.2 5.005 149.86244736842107 8.945848429950608 10.836901849496037 0.8093456874857011
12 1.22 0.01 162.83383333333333 6.533311316601282 9.2756851021425 0.9495642437813956
12 1.22 3.007 152.6435152151102 8.257565011820029 10.592094958394517 0.8837645581979217
12 1.24 5.5045 152.3726997389034 9.472973251028266 10.909961644427637 0.6549989650175946
12 1.28 3.5065 157.08351428571427 8.881270718229668 10.822879914984059 0.8159765926907364
12 1.28 9.5005 152.43940371545082 10.675949008528203 10.949876699145916 0.0
12 1.3 0.5095 163.6762015503876 7.053831891224809 9.773893617021276 0.9335499561438482
12 1.3 1.009 161.97515068493152 7.40621177369843 9.937532064263534 0.922127739101995
12 1.3 2.5075 159.8353735926305 8.41008230452495 10.667391738176013 0.8704368781094527
12 1.34 4.5055 160.08430177514794 9.829371257481855 10.9314086999465 0.4938657758882476
12 1.36 7.5025 158.50918181818182 10.636189656612764 10.949829926853496 0.0
12 1.38 0.5095 171.35531578947368 7.149007936510917 9.809804290553256 0.9313154207533174
12 1.38 1.009 169.2396909090909 7.585221579963169 9.980866635687732 0.9162630627009646
12 1.38 2.5075 166.12526546146526 8.866143410850036 10.822294487685255 0.823666948793906
12 1.4 5.5045 162.23783177570093 10.55770316597242 10.94917977802171 0.0
12 1.42 6.004 163.27330641330167 10.646486837255845 10.94967085396787 0.0
12 1.42 8.5015 161.63056885327993 10.79880034806601 11.0 0.0
12 1.44 3.5065 168.29115138121549 9.829901632011111 10.931594500307819 0.45065919578114677
12 1.44 9.5005 162.08152699029125 10.963236721361978 11.0 0.0
12 1.46 6.004 165.42265714285716 10.650782415839794 10.949986496624156 0.0
12 1.46 6.5035 164.86661994301994 10.702365236542706 10.94999399939994 0.0
12 1.46 8.5015 163.77919267399267 10.97181867369495 11.0 0.0
12 1.48 4.006 169.97923902439024 10.3333333333 11.0 0.0
12 1.5 4.5055 169.85523356401384 10.585259168220288 10.949052393470685 0.0
12 1.52 1.5085 179.83980743243242 8.452888700084019 10.704066051136364 0.8650663860103627
12 1.52 10.0 167.11473056443026 10.983048554745293 11.0 0.0
12 1.54 4.006 173.4562286962855 10.37951079419258 10.948165080549854 0.0
12 1.54 5.005 171.0093499142367 10.913651435067178 10.949900805578935 0.0
12 1.58 9.5005 170.57509401709402 10.990722309428914 11.0 0.0
12 1.6 5.5045 174.61647368421052 10.823277341251282 11.0 0.0
12 1.62 6.004 174.76358067192038 10.97378907969533 11.0 0.0
12 1.62 6.5035 174.21722180451127 10.969621245254933 11.0 0.0
12 1.62 8.5015 174.01733763699144 10.985589908523687 11.0 0.0
12 1.66 0.5095 197.7579715302491 7.470347551342218 9.939958295321256 0.9222730028447512
12 1.66 2.008 187.94413799448023 9.551498501499532 10.913870084233373 0.6569164265129681
12 1.66 2.5075 185.7194065934066 10.0 11.0 0.9681330472102997
12 1.66 7.003 175.56 10.991475377972476 11.0 0.0
12 1.68 7.5025 177.43023631783834 10.988707994577688 11.0 0.0
12 1.68 8.002 177.80584172661872 10.98835143483923 11.0 0.0
12 1.7 0.5095 201.31387218045114 7.521653713299224 9.953289156626505 0.9197969298878783
12 1.7 1.009 197.43578947368422 8.308461955047756 10.634094401756311 0.878369700065679
12 1.7 2.5075 188.19979635584136 9.939480620153828 10.940411154808723 0.20138955438428333
12 1.76 0.01 222.359776 6.557052070521846 9.297116770783276 0.9492664069158651
12 1.78 1.5085 199.85831385108088 9.26426724137874 10.886796169258982 0.7431895223420646
12 1.78 10.0 184.09437049305643 10.989100124253918 11.0 0.0
12 1.82 0.01 228.932875 6.582904483432458 9.35289030496131 0.949249413842453
12 1.82 3.007 193.3032136325852 10.614447852783625 10.949591700943625 0.0
12 1.84 6.004 187.55119833420093 10.99115705811642 11.0 0.0
12 1.84 8.5015 187.44 11.0 11.0 0.0
12 1.86 4.5055 191.23851330304996 10.975389090689387 11.0 0.0
12 1.86 8.002 189.40720872921617 10.98955623229608 11.0 0.0
12 1.86 9.001 188.76 11.0 11.0 0.0
12 1.88 2.008 202.3343193277311 10.162700000032538 10.942782107178413 0.13821096173733158
12 1.88 7.003 190.08 11.0 11.0 0.0
12 1.92 4.5055 194.9052389380531 10.923727805219965 11.0 0.0
12 1.94 6.004 194.71103896995706 10.989902092646448 11.0 0.0
12 1.94 6.5035 194.04 11.0 11.0 0.0
12 1.94 8.5015 194.04 11.0 11.0 0.0
12 1.98 5.005 198.27443017009847 10.979870772942833 11.0 0.0
12 2.0 7.5025 198.29852693602695 10.99102709046486 11.0 0.0
12 2.0 8.002 198.0 10.991621423255447 11.0 0.0
12 2.0 9.001 198.0 11.0 11.0 0.0
14 0.0 3.5065 14.686378413524057 2.0980540590768264 4.7955776762402085 0.0
14 0.0 9.5005 13.0 1.85714285714 4.4825520024837004 0.0
14 0.02 3.5065 21.639393548387098 2.3685394008114096 6.079820359281436 0.0
14 0.02 9.5005 18.084832094645837 1.85714285714 5.8856152631940155 0.0
14 0.06 0.5095 51.397999999999996 6.0816898722122 9.486615186615186 0.9175390856916683
14 0.06 1.009 44.14365 4.9254970544904095 8.382730514518594 0.8596581340518693
14 0.08 5.005 31.130635028248587 2.232594350542478 11.805787198438153 0.0
14 0.12 10.0 33.28 1.85714285714 13.0 0.0
14 0.14 0.5095 63.59919760479042 6.264498346193027 9.679433333333334 0.9245359050982522
14 0.14 1.009 58.43422047244094 5.320979277458367 8.81351048951049 0.8899286752080307
14 0.14 2.5075 51.76273913043478 3.9765089572801915 8.468661518661518 0.6724896836313616
14 0.18 5.5045 45.82482996972755 2.2469114891139874 12.948754765711474 0.0
14 0.2 0.01 78.77028653295129 7.536175991309794 10.750908160654898 0.949666294204693
14 0.22 5.5045 52.81812560777958 2.3381743459101694 12.949944439438989 0.0
14 0.24 6.5035 54.151624086135854 1.968350392130166 13.0 0.0
14 0.26 7.5025 58.310775947573504 2.121771418452919 13.0 0.0
14 0.28 4.006 65.78049510489511 2.875754245751761 12.94978458015727 0.0
14 0.3 7.5025 63.7 1.85714285714 13.0 0.0
14 0.32 0.01 94.27265620542083 7.531031341108492 10.753889334402565 0.9497179231906356
14 0.34 0.5095 93.06697382198952 6.6592788555783375 9.951396090945353 0.9336399108138238
14 0.34 1.009 90.53318644067797 6.051745184055965 9.633774124374552 0.9129660574412533
14 0.36 0.01 99.43377479892762 7.545006016848072 10.777916888652104 0.9497679324894515
14 0.38 1.5085 94.95586923076922 5.7126150698985585 9.512685873605948 0.8845055782690042
14 0.38 10.0 77.22 1.85714285714 13.0 0.0
14 0.4 5.5045 82.29731870229008 2.26126635768505 13.0 0.0
14 0.42 7.5025 84.56 2.0 13.0 0.0
14 0.42 8.002 84.53799038413382 1.9945789123481232 13.0 0.0
14 0.44 0.01 109.75326694329185 7.527319864116405 10.762800709040263 0.9497830671889123
14 0.46 6.004 93.946935546875 2.705538504468396 13.0 0.0
14 0.46 8.5015 92.22763562753036 2.250697255957879 13.0 0.0
14 0.48 4.5055 104.94976056338028 4.5537786989806674 12.942987617158103 0.0
14 0.5 7.5025 99.4700626118068 2.420017889086057 13.0 0.0
14 0.5 8.002 98.49896102652494 2.1425602932956926 13.0 0.0
14 0.5 9.001 98.78144505638605 2.223270016109136 13.0 0.0
14 0.54 0.01 122.911 7.53576867295213 10.794813176007866 0.9497981927710843
14 0.54 3.007 116.86759782608695 5.5568803186685285 9.99800629590766 0.7243757234992557
14 0.56 0.01 125.651461682243 7.552099784638515 10.789831804281345 0.9497936560532578
14 0.58 4.5055 121.06135201401051 5.076804798256716 12.901843345111896 0.0
14 0.62 1.009 131.34628571428573 6.737254524454427 10.200296033155713 0.9234088506961996
14 0.66 5.005 133.31917647058822 5.3517094509006835 12.884824822057908 0.0
14 0.7 0.01 143.9637106918239 7.536445728734701 10.75563492063492 0.9498102866779089
14 0.7 3.007 140.615498489426 6.1248697351305905 10.25087601078167 0.7920264537060144
14 0.74 1.009 148.09210000000002 7.055974722329729 10.493594605983986 0.9282399035563592
14 0.78 3.5065 151.90772727272727 6.305303776679193 10.104965986394557 0.799482675649663
14 0.78 9.5005 148.01184126984128 3.9297670583370823 12.948637904468413 0.0
14 0.8 0.5095 156.68983177570092 7.387258687256432 10.728998589562764 0.9406868327402135
14 0.8 1.009 156.19113402061853 7.228484638082241 10.677372488408038 0.9302022697767913
14 0.82 3.5065 157.67119260400617 6.537225636524011 10.162446220036877 0.832778167954249
14 0.82 9.5005 156.0272281938326 5.3294273127719185 12.844131674927523 0.0
14 0.84 4.006 160.3526800618238 6.519799732977699 10.331995477671 0.8204954227248249
14 0.86 1.5085 164.08029596412558 7.2309320743207195 10.670923498933252 0.9230552606066201
14 0.86 10.0 162.0880113708149 5.679161784591235 12.000179964007199 0.148339294839039
14 0.88 4.006 166.01945605306798 6.809188730000956 10.508133333333333 0.8640981735159817
14 0.9 7.003 168.3204097452935 6.4411537843472075 10.323350253807106 0.7852190721649484
14 0.92 7.5025 171.13516144578313 6.588175559382142 10.249173789173788 0.8191710968861885
14 0.92 8.002 171.10739288811794 6.543216453971872 10.2575 0.806737012987013
14 0.92 9.001 171.04860306242637 6.44124179707101 10.174326750448833 0.7766117142474198
14 0.94 3.5065 174.25506132075472 7.273183199775286 10.75768581081081 0.9123481462003681
14 0.94 9.5005 173.87155965082445 6.645877788557718 10.30790513833992 0.8310491637100861
14 0.98 7.5025 179.40110853835023 7.433587943846731 10.813006049325267 0.919603492354445
14 1.0 5.5045 182.0 7.7889024390249455 10.958070964517741 0.9357850125216721
14 1.02 7.5025 184.7453745624271 8.150097847360616 11.316535796766743 0.9312559290575376
14 1.02 8.002 184.7406328125 8.199139655862389 11.365184526456202 0.9306350923922091
14 1.04 3.5065 187.5091632183908 8.124969604865722 11.312404214559386 0.9319019407558733
14 1.04 9.5005 187.3487600849257 8.792445582586804 11.76566532684578 0.9185624938923092
14 1.06 1.5085 191.11917777777776 7.972225695529297 11.048724331051648 0.935165519119306
14 1.06 10.0 189.78485300668152 9.385531985413687 11.997257383966245 0.8959483081533275
14 1.08 5.5045 192.60770616113743 8.931140427007822 11.83047320935371 0.9132965718150132
14 1.1 5.005 195.15246527777776 9.10124810254883 11.896591247395058 0.9076671652540025
14 1.14 0.5095 203.44412154696133 7.879500412879506 10.968235294117648 0.9402209389907105
14 1.14 2.008 201.043 8.50928386858638 11.623165680473372 0.9256335891486703
14 1.14 2.5075 200.83290674318508 8.684770159421742 11.720004849660523 0.920855691153426
14 1.16 9.5005 200.09117617866005 11.417473338827538 12.920640891343682 0.4712246192893399
14 1.18 3.007 205.5640624303233 9.229235484418767 11.942279172629114 0.9026687689792104
14 1.2 3.5065 207.544661117717 9.693552610051325 12.336240541616885 0.8780493158703446
14 1.2 9.5005 203.5932785200411 11.979759265119046 12.94321101230025 0.0
14 1.22 1.009 212.62123853211008 8.341503139714256 11.466886902448504 0.9304353270169873
14 1.24 4.006 211.43883793517406 10.348972250775503 12.726636050516648 0.816442731277533
14 1.26 0.5095 219.38619081272086 8.056689029203975 11.14716231555051 0.9374032900172763
14 1.26 2.008 216.2993743315508 9.160229405632855 11.918026538678713 0.9056335635828332
14 1.26 2.5075 215.52941065088757 9.508516833485157 12.12001055966209 0.8879454080946618
14 1.26 7.003 210.53132024793388 11.872867759782551 12.939209249735566 0.04432339449541243
14 1.28 7.5025 211.53772717023676 12.059970419367216 12.94700139913508 0.0
14 1.3 6.004 214.8056401384083 11.805739489037162 12.938674663330636 0.08423076923076883
14 1.3 6.5035 214.23005298013246 12.013531300164573 12.945141860312027 0.0
14 1.3 8.5015 212.18280973451328 12.655741332674372 12.949888755261576 0.0
14 1.32 0.5095 227.4615 8.148931909214836 11.2142177589852 0.9359552720565631
14 1.32 2.008 223.25702651113468 9.51501700680302 12.191707080504365 0.8882084646857602
14 1.32 2.5075 222.27146062567422 9.877410964383301 12.500539406652681 0.8620738166170142
14 1.34 3.007 223.3524696066746 10.427542429535144 12.769474412171508 0.7971890971039182
14 1.36 0.01 240.62892929292929 7.568122347950443 10.787314745038934 0.9495520309946123
14 1.38 6.004 221.4300806766428 12.19155895247926 12.948938451640574 0.0
14 1.38 6.5035 220.70271867881547 12.373531575732477 12.949736119907115 0.0
14 1.38 8.5015 219.02405168363353 12.6754975869818 13.0 0.0
14 1.4 4.006 226.62042363433667 11.585757575733304 12.931888026154475 0.3448506289308173
14 1.42 5.5045 225.82050061652282 12.50558698726792 12.94830334987593 0.0
14 1.44 7.5025 224.6215616766467 12.819474766623056 13.0 0.0
14 1.44 8.002 224.0632998585573 12.913070463646793 13.0 0.0
14 1.46 5.5045 228.63748405253284 12.566041471266695 12.949875191723557 0.0
14 1.48 7.003 228.26781227436823 12.982619169277216 13.0 0.0
14 1.52 4.5055 235.56022222222222 12.400571428591599 12.949187524770586 0.0
14 1.52 9.001 229.8549393939394 12.990380963920678 13.0 0.0
14 1.54 1.5085 250.011305019305 9.966607142856475 12.55625665601704 0.8600117587770871
14 1.54 10.0 232.1035607329843 12.983370582478598 13.0 0.0
14 1.56 7.003 235.18344489795916 12.810161799502376 13.0 0.0
14 1.6 4.006 243.74290066225166 12.417392896400171 12.94896659420068 0.0
14 1.62 5.5045 241.65456296296296 12.817728852811841 13.0 0.0
14 1.64 7.003 242.516869829222 12.96500587888427 13.0 0.0
14 1.66 6.004 244.09218702290076 12.846651521566715 13.0 0.0
14 1.66 6.5035 243.63094945410433 12.8439779781934 13.0 0.0
14 1.66 8.5015 242.06 13.0 13.0 0.0
14 1.68 0.01 287.96684848484847 7.566288308741394 10.800929181315922 0.9493804288404301
14 1.7 6.004 247.39283239323126 12.961101127255116 13.0 0.0
14 1.7 6.5035 247.75430904522614 12.849742204481135 13.0 0.0
14 1.7 8.5015 246.18350528855075 12.991479692250083 13.0 0.0
14 1.72 0.5095 279.3650909090909 8.709819413096747 11.731389084094635 0.922175009338812
14 1.72 2.008 264.46808085612366 11.258309317960173 12.911796147332769 0.5780506329113922
14 1.72 2.5075 260.6766153846154 11.817294460614482 12.939917087238644 0.08873701476216472
14 1.74 5.005 252.3295021046302 12.789327419929746 13.0 0.0
14 1.76 0.5095 284.48946511627906 8.767349624061783 11.775911625911625 0.9206030868902438
14 1.76 1.009 278.3441397590361 9.841762070679843 12.47522040302267 0.8686189500236481
14 1.78 4.5055 257.2839755671902 12.965607395627412 13.0 0.0
14 1.78 8.002 252.98 13.0 13.0 0.0
14 1.78 9.001 252.98 13.0 13.0 0.0
14 1.8 3.5065 261.13023923444973 12.798338214001763 13.0 0.0
14 1.8 9.5005 254.8 13.0 13.0 0.0
14 1.82 1.009 285.084281134402 9.968068097704764 12.57590330788804 0.85839422259983
14 1.84 5.5045 259.38815054887607 12.99115593194891 13.0 0.0
14 1.86 3.007 268.5854822546973 12.47706845864 12.949834457019023 0.0
14 1.9 5.005 265.8408928571429 12.986505327586068 13.0 0.0
14 1.92 3.007 274.2793454545455 12.633048952684668 12.949730055798522 0.0
14 1.98 1.5085 293.4368326446281 11.291575663013992 12.913467628887389 0.5266401590457255
14 1.98 3.5065 276.68512286002016 12.824517480297484 13.0 0.0
14 1.98 10.0 271.18 13.0 13.0 0.0
14 2.0 0.01 334.2947194719472 7.577638762512927 10.798571428571428 0.9491565235959855
14 2.0 3.007 279.0218884120172 12.938995644357819 13.0 0.0
16 0.0 7.5025 15.0 1.875 4.965373819852003 0.0
16 0.02 7.5025 20.974730843706777 1.875 9.0 0.0
16 0.04 2.008 39.92256716417911 3.709422588832487 7.595340356564019 0.5259670079635947
16 0.04 7.003 25.04 1.875 13.0 0.0
16 0.06 6.5035 29.866251428571427 1.9636916172882537 14.936402487884916 0.0
16 0.08 3.5065 47.15871428571428 3.277740423797881 10.61074297188755 0.0
16 0.08 9.5005 33.0 1.875 15.0 0.0
16 0.1 5.5045 40.26115113547377 2.2146979166666667 14.845231683536076 0.0
16 0.12 4.5055 49.21585185185185 2.5955840773809524 14.916128220611917 0.0
16 0.14 6.004 46.5 1.875 15.0 0.0
16 0.14 6.5035 46.5 1.875 15.0 0.0
16 0.14 8.5015 46.5 1.875 15.0 0.0
16 0.16 4.006 56.1856 2.606615070093458 14.947150965532549 0.0
16 0.18 4.006 63.171496503496506 2.8655041641879833 14.945979321297767 0.0
16 0.2 0.5095 94.44721739130435 7.191415895061728 10.925363306085377 0.9271865443425076
16 0.2 1.009 88.49026455026456 6.181118073878628 9.97623782887922 0.8956159579131959
16 0.22 4.006 70.74949815498154 2.829696007259528 14.949579501452082 0.0
16 0.28 1.5085 102.68184946236559 5.923812929061785 9.980152484013772 0.8726543398533007
16 0.28 10.0 78.0 1.875 15.0 0.0
16 0.3 0.01 120.24129943502825 8.546858752166377 12.106832694763728 0.9496784517375683
16 0.32 0.5095 117.59028841607565 7.424981910274964 11.213385826771653 0.9322727457434272
16 0.32 1.009 113.83070817120623 6.669875 10.577518427518427 0.9076006209114093
16 0.32 2.5075 108.31895412844035 5.481527990797546 10.931078066914498 0.7555082881032711
16 0.34 6.004 94.99594403379092 2.5371106124604013 15.0 0.0
16 0.34 6.5035 92.74710741501556 2.111194586177192 15.0 0.0
16 0.34 8.5015 91.5 1.875 15.0 0.0
16 0.36 0.5095 125.41987786259543 7.516496447602131 11.31028387787895 0.9335605517021446
16 0.36 1.009 121.94993406593406 6.788728419654714 10.757303010890455 0.9113740295650324
16 0.38 4.5055 105.76404880694143 2.936300162689805 15.0 0.0
16 0.38 9.001 100.5 1.875 15.0 0.0
16 0.4 4.006 112.92367630057804 3.5230910633484163 14.94985558697876 0.0
16 0.42 0.01 140.73589399293286 8.533326271186441 12.045142101784533 0.9497361199071142
16 0.44 0.5095 140.31452044609665 7.684960658082976 11.495775261324042 0.9356337375453773
16 0.44 1.009 137.68838356164383 6.9970086705202315 10.893158168574402 0.9148861199060361
16 0.46 5.5045 123.24317211597779 2.9729565083281924 15.0 0.0
16 0.48 3.007 140.6476984924623 5.887860576923077 12.818558558558557 0.6742181391712274
16 0.5 0.01 154.3721083455344 8.57701355661882 12.152732732732732 0.9498117980065645
16 0.5 3.007 144.59030658250677 5.960623034591195 10.801077121930202 0.7143126499828589
16 0.54 1.009 157.17298979591837 7.3172668038408775 11.210548780487805 0.9210169652165671
16 0.56 0.5095 162.55488650963596 7.903235035211267 11.71831119544592 0.9379624804585721
16 0.56 1.009 160.903221719457 7.381361788617886 11.24628242074928 0.9212073937502955
16 0.56 2.5075 157.7088552631579 6.405195356738392 10.83968974650019 0.8034783634005424
16 0.62 9.5005 155.60682868975903 2.2390883847891567 15.0 0.0
16 0.66 1.5085 178.7890024691358 7.31302347715736 11.365359828141782 0.9045636738433348
16 0.66 3.5065 176.3859935064935 6.411223041997729 10.887678384963452 0.6802800690581238
16 0.66 10.0 165.63171837488457 2.6587199907663894 15.0 0.0
16 0.68 4.006 179.7835046210721 6.31826263924593 11.08882421420256 0.5803877139979857
16 0.7 1.009 187.1372765072765 7.794544491525423 11.732215836526182 0.9279887664722402
16 0.74 9.5005 185.10681285714284 3.609044642857143 15.0 0.0
16 0.78 7.5025 197.88934689507494 5.998060344827586 10.9631176283073 0.0
16 0.8 6.004 202.39186728395063 6.465912073490814 12.106151419558358 0.46971046770601316
16 0.8 6.5035 202.1776581196581 6.336747948951686 11.02188420019627 0.31692622950819643
16 0.82 7.5025 205.91181188118813 6.2485595703125 14.215670588235295 0.23016166281755163
16 0.84 10.0 209.4131889596603 6.094351131541726 10.877521739130435 0.0
16 0.86 8.002 213.78515476190475 6.579616336633663 11.264241164241163 0.518294797687861
16 0.86 9.001 213.58465734265735 6.395707217694994 11.563869257950529 0.32330491270807926
16 0.88 10.0 217.42594350282485 6.476826069410815 10.857495429616087 0.4329023477373254
16 0.9 4.5055 222.14285909712723 7.608191872427984 11.652030456852792 0.8755079175380938
16 0.92 0.01 229.0802181818182 8.545126427406199 12.16025179856115 0.9498480426082508
16 0.94 7.5025 229.25643977900552 7.609864790286975 11.610459770114943 0.8725764525993883
16 1.0 4.006 240.0 8.758513864818024 12.485191417753471 0.9397977243994943
16 1.02 0.01 247.8566285714286 8.604910071942445 12.189285714285713 0.9498721766068152
16 1.04 7.5025 247.12391604197902 9.700464876033058 13.024784053156147 0.9265997269564451
16 1.06 8.002 250.40976923076923 10.310284090909091 13.598369732390033 0.9107953329051595
16 1.06 9.001 250.32733 10.531419491525424 13.762791223705044 0.904623748211731
16 1.08 4.006 254.2171582822086 9.733840240641712 13.05321272613849 0.9253002868411617
16 1.1 1.5085 258.38432176656147 9.20479525862069 12.782100297914598 0.936278482948463
16 1.1 3.5065 257.688273657289 9.868169315403422 13.213648433351036 0.9228629610774286
16 1.1 9.5005 256.10089376053963 11.83642703862661 14.56414748953975 0.8199135602377092
16 1.12 4.006 260.8120251968504 10.321111563517915 13.645219123505976 0.9115762109395723
16 1.14 6.004 262.9565416116248 11.470827464788732 14.324949372215471 0.8512406283470189
16 1.14 6.5035 262.67612911084046 11.703652897657213 14.466314441242394 0.8320366824549027
16 1.14 8.5015 261.75869150521606 12.35199938949939 14.79654541015625 0.7255105401844532
16 1.18 5.005 269.26956398104267 11.672944947209652 14.482069608452456 0.8370453656628861
16 1.2 7.5025 269.7498804780877 13.0793284789644 14.902991676852336 0.5039583333333331
16 1.22 3.5065 276.3971935483871 11.24467791411043 14.05193401592719 0.8679004517714195
16 1.22 9.5005 270.31001276935353 13.97916481316726 14.947006454484754 0.0
16 1.26 6.004 278.35508091603054 13.120887904468413 14.913714019465727 0.41744145403704974
16 1.26 8.5015 275.5354098057354 14.095082547169811 14.947546813532652 0.0
16 1.28 0.01 297.65975757575757 8.576809210526315 12.159916864608075 0.949681490203182
16 1.3 5.5045 283.5869484240688 13.289329268292683 14.925865136553687 0.26738461538461505
16 1.32 6.004 285.0910533208606 13.71924486803519 14.940489877530617 0.0
16 1.32 6.5035 284.37544333996027 13.977531055900622 14.94571717040125 0.0
16 1.32 8.5015 281.83198673300166 14.55693085106383 15.0 0.0
16 1.34 5.005 289.09351104972376 13.430305005213764 14.930750373940501 0.18895377128953736
16 1.36 0.5095 306.20694634146344 9.264271004942339 12.82267387218045 0.9370248620872061
16 1.36 1.009 303.71734890510953 9.897849233390119 13.283706225680934 0.9231864687989676
16 1.38 5.5045 292.8280025839793 13.988640684410646 14.945937266859126 0.0
16 1.4 7.003 292.2839432815665 14.459186962750715 14.949984995798824 0.0
16 1.42 4.006 300.99438648648646 13.342396496815287 14.924723363895037 0.2522655899506502
16 1.44 0.01 328.3222608695652 8.588574074074074 12.064501312335958 0.9496556515435268
16 1.48 4.5055 306.00428387096775 13.86225500204165 14.946633152956998 0.0
16 1.5 5.005 306.86148767605636 14.281101312551272 14.949574925120261 0.0
16 1.52 3.007 316.4860525502318 13.165160472972973 14.91351701951017 0.4210837096213961
16 1.54 4.5055 312.274135770235 14.466987476808905 14.949449516241545 0.0
16 1.54 8.002 306.26719558573853 14.862301139826892 15.0 0.0
16 1.54 9.001 305.2965775075988 14.983474458634092 15.0 0.0
16 1.56 4.5055 314.2807955801105 14.388309407452658 14.949823885359907 0.0
16 1.6 10.0 312.0 15.0 15.0 0.0
16 1.64 4.5055 322.64469126213595 14.548235998526161 15.0 0.0
16 1.66 5.5045 319.4686723585912 14.993174409461718 15.0 0.0
16 1.68 0.5095 361.01270078740157 9.870936213991769 13.20363537710255 0.9254072681704261
16 1.68 1.009 354.6186032786885 10.970716666666666 13.930803692641868 0.8839102876645538
16 1.7 5.5045 327.5439044117647 14.970186390955924 15.0 0.0
16 1.72 6.004 328.71687282965746 14.845113685267536 15.0 0.0
16 1.72 6.5035 327.00655473624505 14.99084472227105 15.0 0.0
16 1.72 8.5015 326.4 15.0 15.0 0.0
16 1.74 1.5085 355.9701657608696 12.235575738916257 14.752788490062295 0.7557590855803047
16 1.74 3.5065 338.03982573940846 14.38056784660767 14.94969364039721 0.0
16 1.74 10.0 328.8 15.0 15.0 0.0
16 1.76 6.5035 333.1786219367119 14.984627942153029 15.0 0.0
16 1.78 3.007 345.6671438658429 14.267883532723435 14.948858545566125 0.0
16 1.8 7.5025 337.4872899408284 14.872036640582706 15.0 0.0
16 1.82 9.5005 338.4 15.0 15.0 0.0
16 1.84 4.006 347.9113969230769 14.644566042510121 15.0 0.0
16 1.86 5.005 346.80017009132416 14.856099745985667 15.0 0.0
16 1.9 1.5085 376.59886438809264 12.753823296354993 14.87024523160763 0.6352155832786166
16 1.9 3.5065 355.59883737517833 14.81744820441989 15.0 0.0
16 1.9 10.0 348.0 15.0 15.0 0.0
16 1.92 5.005 352.0342897773008 14.866949864760432 15.0 0.0
16 1.96 4.006 357.6649169054441 14.867998235590656 15.0 0.0
16 1.96 5.005 358.274472406181 14.865981451019437 15.0 0.0
16 1.98 7.5025 357.6 15.0 15.0 0.0
16 1.98 8.002 357.6 15.0 15.0 0.0
16 1.98 9.001 357.6 15.0 15.0 0.0
16 2.0 1.009 399.5118120805369 11.868822751322751 14.609214536928487 0.800633971291866
18 0.02 0.01 90.34524185248713 9.540993132597047 13.637193362193361 0.9495428675224025
18 0.08 7.5025 40.12 1.88888888889 17.0 0.0
18 0.1 4.006 61.98198863636364 3.1981985535811868 16.74171703083837 0.0
18 0.12 3.007 74.38362264150943 4.213606911444948 11.120546448087431 0.40496251338807543
18 0.14 5.5045 59.12321744642079 2.1037748638776175 17.0 0.0
18 0.16 1.5085 94.884 5.823463129369901 10.273869969040247 0.8396787225856098
18 0.16 10.0 63.24 1.88888888889 17.0 0.0
18 0.18 1.5085 100.96093478260869 5.975374355102801 10.386595625350532 0.8467402298850574
18 0.18 10.0 69.02 1.88888888889 17.0 0.0
18 0.2 6.004 76.33679401657571 2.1023325023011576 17.0 0.0
18 0.2 6.5035 76.08612052730697 2.0675167399030703 17.0 0.0
18 0.2 8.5015 74.8 1.88888888889 17.0 0.0
18 0.22 10.0 80.58 1.88888888889 17.0 0.0
18 0.26 0.5095 134.18671428571426 8.11655900086016 12.338255416191561 0.9284432423149579
18 0.26 1.009 127.80866216216216 7.10158961881488 11.441297786720321 0.9012208854382742
18 0.26 2.5075 119.66713253012048 5.674020337304848 10.891750599520384 0.7430311440024667
18 0.28 4.5055 104.40749832026876 2.8900460370796113 17.0 0.0
18 0.28 8.002 97.92 1.88888888889 17.0 0.0
18 0.28 9.001 97.92 1.88888888889 17.0 0.0
18 0.3 0.5095 144.18253731343282 8.215472636813764 12.410910005027652 0.9307590046113581
18 0.3 1.009 138.2925136612022 7.246887441184646 11.623371478873239 0.9045582087842867
18 0.3 2.5075 130.8517840375587 5.871514982320288 11.104325437693099 0.7436240578372557
18 0.32 6.004 112.11243424536629 2.319025203488033 17.0 0.0
18 0.32 6.5035 112.63843613572509 2.404973224787632 17.0 0.0
18 0.32 8.5015 109.48 1.88888888889 17.0 0.0
18 0.36 6.004 121.63938438106842 1.992948677268894 17.0 0.0
18 0.36 6.5035 121.68 2.0 17.0 0.0
18 0.36 8.5015 121.04 1.88888888889 17.0 0.0
18 0.38 3.007 151.23475581395348 5.959598459846388 16.27503262287951 0.570770023177955
18 0.4 1.5085 161.34879256965945 7.032219083489948 11.575583055687767 0.8779510837727006
18 0.42 0.5095 173.15965281173595 8.478918387412277 12.699790722009068 0.9343638010475328
18 0.42 1.009 169.3259111111111 7.671452043544054 11.956365946632783 0.9136290615121521
18 0.44 6.5035 147.8129135802469 2.6136733294179333 17.0 0.0
18 0.46 4.006 160.70426064735946 4.0905096203839095 16.94967845173757 0.0
18 0.48 5.005 164.0310015948963 3.6647439305367566 17.0 0.0
18 0.5 1.009 189.23867132867133 7.96559975613508 12.259552599758162 0.9188519402113053
18 0.52 4.006 185.10406666666668 5.779912935325584 16.940379180826326 0.0
18 0.52 5.005 173.83225098039216 3.4056136528644987 17.0 0.0
18 0.54 9.5005 175.17009959758553 2.3985747820215004 17.0 0.0
18 0.56 6.004 184.69548447204969 3.3675465838472562 17.0 0.0
18 0.56 6.5035 184.7643294663573 3.3849316834197136 17.0 0.0
18 0.56 8.5015 180.9665900032669 2.425906566477283 17.0 0.0
18 0.58 5.005 193.14696226415094 4.144699011678696 17.0 0.0
18 0.6 4.006 207.54582386363637 6.505566622399737 13.684714285714286 0.41805167597765336
18 0.64 4.006 218.06384536082476 6.707232601335824 11.90533940397351 0.5005394066526818
18 0.66 7.5025 212.50281725312146 3.445365115394797 17.0 0.0
18 0.66 8.002 211.93922696929238 3.2611852840798687 17.0 0.0
18 0.66 9.001 211.35167073170732 3.0691734417337253 17.0 0.0
18 0.68 1.5085 232.01989380530975 8.13568568568433 12.524366385060027 0.9082920655882029
18 0.7 9.5005 222.8992248603352 3.2219351334552604 17.0 0.0
18 0.72 4.006 238.49847116968698 7.08007109276379 11.886693847294293 0.6605498981670059
18 0.76 2.008 250.62395238095237 8.213069544362376 12.591362530413624 0.9008447855315604
18 0.76 2.5075 250.05872921108744 7.952661568451515 12.43336881319851 0.8749287107909349
18 0.84 4.5055 268.35702739726025 7.766962634112578 12.359733671528218 0.8093456874857011
18 0.86 0.01 276.1164918032787 9.554548666317736 13.677411603158255 0.9499158603281447
18 0.86 3.007 273.9404858757062 8.42808201057773 12.818362204724409 0.8948056046452916
18 0.88 4.5055 278.1783913043478 8.1769553072608 12.648775748153906 0.8604103852596314
18 0.92 1.009 288.74227096774194 9.369660333905342 13.574270664505672 0.9402273705350739
18 0.96 0.5095 298.47979104477616 9.568641493059868 13.661359026369167 0.9459337593667888
18 0.96 2.008 297.5283958333333 9.407059829055758 13.584854294478527 0.9373656520105224
18 0.96 2.5075 297.31310967741933 9.34780780780433 13.57094440213252 0.9348385331143951
18 0.98 0.5095 303.2242 9.630410312276753 13.727456647398844 0.9461486268174475
18 0.98 1.009 302.4082671755725 9.62390180878929 13.73458195984417 0.9438670348915532
18 0.98 2.5075 301.6646931818182 9.573764871954252 13.707608695652173 0.9395794816023201
18 1.02 0.5095 312.5350909090909 9.700627082111557 13.748434677904877 0.9462753440995391
18 1.02 1.009 311.66906049822063 9.761835748794653 13.837085213697902 0.944396997497915
18 1.06 0.01 323.553 9.623670634924398 13.681528882739537 0.9498887552615755
18 1.06 3.007 319.83377371048255 10.415604026804077 14.39901914992994 0.9362979666717627
18 1.1 7.5025 327.09623718887264 12.545700354646488 15.868922095366017 0.8718711562115621
18 1.1 8.002 326.91929856115104 12.670869408402321 15.908503871681416 0.8604454492171145
18 1.12 1.5085 333.8119644444444 10.391197447408327 14.335262645914396 0.9367524286581663
18 1.14 5.5045 335.45391794871796 12.60458768877357 15.859634437991117 0.8670999122876963
18 1.18 1.5085 347.03952258064515 10.727648148175383 14.620365448504984 0.9315129848783694
18 1.18 3.5065 344.8262267716535 12.049376693762 15.626297273526825 0.8947989648425172
18 1.18 9.5005 339.00789 15.055679528895718 16.918418991678905 0.16456140350877158
18 1.2 0.01 357.0855223880597 9.610249358273057 13.681197159283057 0.9497936560532578
18 1.22 7.5025 346.65656756756755 15.068837675343817 16.91524104963385 0.25660124888492386
18 1.24 4.5055 354.2179970282318 13.574128540347598 16.571911271601753 0.786098474712336
18 1.26 5.5045 355.4 14.5555555556 17.0 0.9599515738498786
18 1.28 0.5095 371.7285777777778 10.210367063471026 14.127621951219512 0.940205926670015
18 1.28 1.009 369.9099607843137 10.751487455221984 14.656577677709874 0.9307158297306285
18 1.28 2.5075 365.56584615384617 12.409155856323062 15.80337578330301 0.879678024833959
18 1.32 5.5045 364.42886873508354 15.28165345410547 16.927810984060983 0.0503133903133899
18 1.34 1.5085 380.78800368324124 11.727494050915041 15.3520823798627 0.908998088998089
18 1.34 3.5065 372.7147451612903 13.995674603175036 16.732857829780414 0.7165476190476189
18 1.34 9.5005 360.92781678411274 16.665150229565935 17.0 0.0
18 1.36 6.004 368.7583384615385 15.810593885675171 16.94712581688979 0.0
18 1.36 6.5035 367.85254969325155 15.99424128770178 16.948229483754737 0.0
18 1.36 8.5015 364.4600909090909 16.621509658928634 17.0 0.0
18 1.4 4.5055 378.2310246433203 15.354680597993754 16.93323318511397 0.0
18 1.44 0.5095 407.48587537091987 10.535728848142751 14.496596097965961 0.9351024063546453
18 1.44 1.009 403.82633463035023 11.41272694258763 14.981122614040764 0.9159505799293999
18 1.46 2.008 400.46594623655915 13.075892343112733 16.0287296037296 0.8255677655677655
18 1.5 1.5085 411.53060606060603 12.550362151373314 15.872713097713097 0.8707483520744475
18 1.5 3.5065 396.94187116564416 15.132617900410157 16.92595735228787 0.07302558398220205
18 1.52 5.005 393.26166598778 16.265798196738203 16.949860112511658 0.0
18 1.54 0.01 439.1864 9.597154724822305 13.660064701653486 0.9496465256797583
18 1.54 3.007 406.4080072992701 14.951637060262586 16.909575737847224 0.3489453124999997
18 1.58 0.5095 438.23238535645476 10.818225570221149 14.672366751269035 0.9308136156081361
18 1.58 2.008 420.65692097264434 13.855244513579363 16.70841497550735 0.7365734155207838
18 1.58 2.5075 416.2100083160083 14.715974603203005 16.879521468844874 0.5105139500734213
18 1.6 4.5055 406.38755519215044 16.25589902109754 16.949956462993544 0.0
18 1.6 9.001 397.8 17.0 17.0 0.0
18 1.62 2.008 427.03535643564356 14.048857736236029 16.759772268665323 0.6839780053090632
18 1.66 4.006 416.5053297062024 16.54550727556782 16.949866145285004 0.0
18 1.68 6.004 413.2200429447853 16.767163409205377 17.0 0.0
18 1.68 6.5035 413.292585671954 16.87631922292088 17.0 0.0
18 1.72 5.5045 418.303269751693 16.770293584101715 17.0 0.0
18 1.74 7.5025 419.96 16.883092135249566 17.0 0.0
18 1.74 8.002 419.73648459586803 16.993342360912052 17.0 0.0
18 1.74 9.001 419.22 17.0 17.0 0.0
18 1.78 5.005 430.63782771285474 16.624045518513494 17.0 0.0
18 1.86 3.5065 448.4185737874097 16.75752877173381 16.949903817252782 0.0
18 1.86 9.5005 437.58 17.0 17.0 0.0
18 1.88 4.006 448.8336174863388 16.835054909577217 17.0 0.0
18 1.88 5.005 443.7338784388995 16.880999446184095 17.0 0.0
18 1.9 7.5025 443.7 17.0 17.0 0.0
18 1.9 8.002 443.7 17.0 17.0 0.0
18 1.9 9.001 443.7 17.0 17.0 0.0
18 1.92 1.5085 481.8198086419753 14.498802744925309 16.84397116644823 0.5860158966716342
18 1.92 3.5065 456.96738426453817 16.51529116218998 17.0 0.0
18 1.94 2.008 474.8919296875 15.399193288117552 16.936453408570994 0.0
18 1.94 2.5075 467.45312160000003 16.16148962147347 16.948642652451237 0.0
18 1.96 1.5085 487.68463157894735 14.614210019306402 16.86933991846974 0.5122329528826454
18 1.98 0.01 545.1673653846153 9.64020541550313 13.71575637206223 0.9493327253381972
18 1.98 3.007 467.0086163873371 16.54537430382182 17.0 0.0
18 2.0 9.5005 459.0 17.0 17.0 0.0
20 0.0 0.5095 81.88438095238095 8.188438095238094 12.765339335180055 0.9112938421416786
20 0.0 1.009 60.13171247357294 6.013171247357294 10.44137068534267 0.798683415871482
20 0.0 2.5075 26.0778064516129 2.60778064516129 5.929552643470402 0.0
20 0.02 0.5095 88.965488 8.261989619377163 12.810003216468317 0.9119592203264486
20 0.02 1.009 69.59204255319149 6.243158813263525 10.67045621780721 0.8229927782497876
20 0.02 2.5075 43.403882352941174 3.39408592321755 7.60624192854068 0.0
20 0.08 0.01 127.58411231101512 10.546766467065869 14.927085402184707 0.9495825518785165
20 0.1 1.5085 92.77717948717948 5.857968299711816 10.637021276595744 0.7980981223500908
20 0.12 5.005 63.2 2.0 19.0 0.0
20 0.16 4.5055 81.9664884318766 2.506109682947729 18.949758847290045 0.0
20 0.16 8.002 76.76 1.9 19.0 0.0
20 0.16 9.001 76.76 1.9 19.0 0.0
20 0.18 4.5055 90.25658435582822 2.665437116564417 19.0 0.0
20 0.18 9.001 83.98 1.9 19.0 0.0
20 0.22 4.5055 104.97723086053412 2.7406706231454008 19.0 0.0
20 0.22 9.001 98.42 1.9 19.0 0.0
20 0.24 0.5095 158.9475 8.854404040404042 13.51350210970464 0.9269215591704301
20 0.24 2.008 141.7126875 6.340779054916986 11.35269796776454 0.7991685745270514
20 0.24 2.5075 139.43569491525423 5.973632404181185 11.902017484868862 0.7193635292136722
20 0.26 6.004 116.25703807418324 2.3590591992139522 19.0 0.0
20 0.26 6.5035 112.86 1.9 19.0 0.0
20 0.26 8.5015 112.86 1.9 19.0 0.0
20 0.28 3.007 151.5658604651163 5.861673596673596 18.81109599909328 0.4244820441988948
20 0.3 6.004 131.0428330721003 2.434690438871473 19.0 0.0
20 0.3 6.5035 128.0 2.0 19.0 0.0
20 0.3 8.5015 127.88580894587452 1.9836869922677889 19.0 0.0
20 0.32 5.5045 138.93459557344065 2.54920523138833 19.0 0.0
20 0.38 5.005 162.2757156943303 2.883179950698439 19.0 0.0
20 0.4 4.5055 172.15178034682083 3.358630057803468 19.0 0.0
20 0.4 9.001 163.4 1.9 19.0 0.0
20 0.42 6.004 175.0293846153846 2.660238726790451 19.0 0.0
20 0.42 6.5035 174.66255284552847 2.596991869918699 19.0 0.0
20 0.48 1.5085 224.9237846153846 7.996675639300134 12.800992131371878 0.8899504787058434
20 0.48 3.5065 217.1427213114754 6.426258620689655 18.93272110765753 0.0
20 0.5 6.5035 205.0 3.0 19.0 0.0
20 0.5 9.5005 200.5 2.1 19.0 0.0
20 0.52 1.5085 237.44700869565216 8.129939301972685 12.882735294117646 0.8926579506665807
20 0.56 5.5045 230.2457355769231 3.9649399038461537 19.0 0.0
20 0.58 1.5085 256.481937007874 8.426286201022146 13.210237780713342 0.8986500456065672
20 0.58 3.5065 251.18114814814817 7.131738636363636 13.329727095516569 0.5840529074120288
20 0.6 1.5085 262.5261003861004 8.50203237410072 13.326986951364175 0.9016231849840632
20 0.64 1.5085 274.869855361596 8.679762282091916 13.504064642507345 0.9036756631797954
20 0.66 0.01 286.83629175475687 10.56300796812749 14.936812652068127 0.9498495516639586
20 0.66 3.007 277.9577714285714 7.802019704433497 12.815232035928144 0.7760714765551524
20 0.68 4.5055 281.8072317880795 7.213285077951002 12.564521276595745 0.4045373347624149
20 0.68 8.002 270.14794482758623 3.6712327586206897 19.0 0.0
20 0.68 9.001 268.9288787878788 3.290274621212121 19.0 0.0
20 0.72 1.5085 299.3370430379747 9.058785357737104 13.806716651046548 0.9151806615776081
20 0.78 0.5095 319.0349099526066 10.162267441860465 14.726162790697675 0.9431470869149952
20 0.78 2.008 316.5967969543147 9.045879218472468 13.775521885521885 0.9049229891614375
20 0.78 2.5075 315.976 8.78653743315508 13.514748858447488 0.885717224355458
20 0.82 0.5095 330.2985 10.227570281124498 14.7539098740888 0.9437704530886272
20 0.82 2.008 328.6476495956873 9.324610778443114 13.91770861282533 0.9144667966745356
20 0.82 2.5075 328.1415727272727 9.07030349013657 13.778806451612903 0.8990245971162001
20 0.84 3.007 333.7508254620123 8.993581460674157 13.808232862555977 0.8894321348016452
20 0.88 3.007 345.79272972972973 9.382607944732298 13.951933418693981 0.907338633457497
20 0.9 4.006 351.2870597014925 9.233439597315435 13.931419939577038 0.8970918745369226
20 0.9 5.005 351.0090786948177 8.979835329341316 13.723312152501986 0.8761830473218928
20 0.92 6.5035 356.7199621109608 8.889485791610284 13.706161652772744 0.86637537080093
20 0.94 0.5095 364.16107500000004 10.487164948453609 14.890055387713998 0.9463427982744189
20 0.94 1.009 363.86 10.5 15.0 1.0
20 0.94 2.5075 363.3756518987342 10.07296923076923 14.676150474799122 0.9334092452754804
20 0.96 6.004 368.7269775051125 9.804979508196721 14.471232227488152 0.9223019905831895
20 0.96 8.5015 368.583638225256 9.456194539249147 14.12819986310746 0.9067893294558469
20 0.98 6.004 374.44738362068966 10.227650862068964 14.785696 0.9349783482229937
20 0.98 6.5035 374.43414576271186 10.166152542372881 14.725445205479453 0.9338033203590436
20 0.98 8.5015 374.40967896678967 10.04839483394834 14.67515455950541 0.9299411517444304
20 1.0 4.5055 380.0 10.699521276595744 15.061628709454796 0.9452607724645297
20 1.02 6.004 385.756157164869 11.16510752688172 15.592397881996973 0.9407121513944223
20 1.02 6.5035 385.7531201413428 11.238241965973534 15.642264288314525 0.9399560487066791
20 1.02 8.5015 385.72632142857145 11.4254 15.765983363042187 0.9379601712265029
20 1.04 0.5095 392.73355056179776 10.737185628742514 15.071824324324323 0.9469676721394934
20 1.04 1.009 392.472756097561 10.835916334661356 15.19239802224969 0.9450079187013329
20 1.04 2.5075 391.58840170940175 11.111844444444444 15.57389344262295 0.9415275049115913
20 1.06 1.009 398.07602898550726 10.899548494983279 15.33975321888412 0.9443096765570703
20 1.08 4.5055 402.2534675052411 12.25652087475149 16.48719737382027 0.9248625011270399
20 1.1 0.01 412.0582954545455 10.591568265682657 14.956581716156183 0.9499113448534936
20 1.12 4.5055 412.48442677824266 13.02718811881188 16.923429118773946 0.9054676422210878
20 1.12 8.002 410.2702555780933 14.631765625 17.960617128463475 0.8182244519576835
20 1.12 9.001 409.79481724845994 15.07197461212976 18.341225296442687 0.7758305312710154
20 1.16 0.5095 427.2066597938144 11.012484472049689 15.415066539923954 0.9440967330784195
20 1.16 2.008 424.84423703703703 12.120826923076923 16.27347266881029 0.9283047274917193
20 1.16 2.5075 424.2272452830189 12.464696132596686 16.627266553480474 0.9211290933181904
20 1.18 7.5025 422.9956597938144 15.92770588235294 18.77892293407614 0.6204281484855384
20 1.18 8.002 422.36706077348066 16.333074003795065 18.82774906986358 0.5443685073810823
20 1.2 0.5095 438.5139779005525 11.120806451612903 15.579219194794632 0.9430226993026117
20 1.2 1.009 437.1619878296146 11.57891544117647 15.878362133734035 0.9369581662758151
20 1.2 2.5075 434.42572093023256 12.932091503267975 16.878119546247817 0.9106039476507187
20 1.26 4.006 444.79929918032786 14.987685512367491 18.261214539007092 0.7873021949974476
20 1.28 6.004 443.9496402515723 16.6805375 18.902137279079327 0.24240909090909057
20 1.28 6.5035 442.62405333333334 16.96805309734513 18.922435778108714 0.0
20 1.28 8.5015 439.49329219600725 17.963796889295516 18.947789994674686 0.0
20 1.3 2.008 460.3595625 13.332320754716982 17.12420611144398 0.8970219338894038
20 1.32 4.006 457.1076482084691 15.740157657657658 18.70071826180643 0.6752338269680435
20 1.34 7.5025 451.6522904884319 17.865192061459666 18.94903837333741 0.0
20 1.34 8.002 450.3875512082854 18.105111287758348 18.949631308552433 0.0
20 1.34 9.001 448.91139643515675 18.356806958473623 19.0 0.0
20 1.36 5.5045 459.9355935828877 17.298498475609758 18.93586655379406 0.0
20 1.38 2.008 479.12286181818183 13.929381625441696 17.674993204675182 0.8691655545961221
20 1.42 4.5055 473.4692027027027 17.178225152129816 18.933358656537386 0.0
20 1.44 6.004 472.1393374613003 18.031196293176073 18.949524530587524 0.0
20 1.44 6.5035 471.43147826086954 18.29619647355164 18.94976339030051 0.0
20 1.44 8.5015 466.2324433104768 18.6667126023567 19.0 0.0
20 1.48 5.005 481.10237542662117 17.85656422864167 18.949206107335506 0.0
20 1.5 7.5025 478.32480691430675 18.682299277824978 19.0 0.0
20 1.5 8.002 476.4886746506986 18.824685946678716 19.0 0.0
20 1.5 9.001 475.81812527280664 18.89420318586533 19.0 0.0
20 1.52 3.5065 495.94221645021645 17.151727272727275 18.92976401179941 0.0
20 1.52 9.5005 479.7695034976411 18.89207842205323 19.0 0.0
20 1.56 4.006 499.7713608938547 17.683420348058903 18.947264673311185 0.0
20 1.56 5.005 495.96888770053476 18.191061390532543 18.94999399939994 0.0
20 1.58 6.004 494.4701963381379 18.69963655881 19.0 0.0
20 1.58 6.5035 493.2460675920338 18.817162027833003 19.0 0.0
20 1.58 8.5015 491.2975727478205 18.89066222197322 19.0 0.0
20 1.6 3.007 514.6805612244898 16.999409171075836 18.923643943558734 0.0
20 1.64 4.006 513.2561315396114 18.002036697247707 18.94978306718891 0.0
20 1.64 5.005 508.472771967655 18.679696066746125 19.0 0.0
20 1.7 2.008 545.4916221374046 16.08981543624161 18.810257285974497 0.5681005441824305
20 1.74 0.01 602.1481219512195 10.622099792099792 14.95998663994656 0.9495825518785165
20 1.74 3.007 539.2276449864498 17.782511170688114 18.94551309294191 0.0
20 1.78 3.5065 541.1218316062176 18.238851030110936 18.949751273779736 0.0
20 1.78 9.5005 528.98 18.9 19.0 0.0
20 1.8 0.5095 601.3874639175258 12.479737302977233 16.64244109947644 0.9214191419141914
20 1.8 1.009 586.8668725868727 14.14780276816609 17.798446014127144 0.8580686366345908
20 1.8 2.5075 556.596798378926 17.455491266375546 18.9357007831488 0.0
20 1.84 4.5055 542.4572969479353 18.790754936765033 19.0 0.0
20 1.86 7.5025 543.4 19.0 19.0 0.0
20 1.88 1.5085 589.5640898876405 15.920589430894308 18.76234136603451 0.62945753668297
20 1.9 0.01 649.2383809523809 10.653158914728682 14.989369133376991 0.9495428675224025
20 1.9 3.007 567.4764822546973 18.197207275483137 19.0 0.0
20 1.92 7.5025 554.8 19.0 19.0 0.0
20 1.92 8.002 554.8 19.0 19.0 0.0
20 1.92 9.001 554.8 19.0 19.0 0.0
20 1.96 4.5055 565.1542310957396 18.891036837859637 19.0 0.0
20 1.96 8.002 562.4 19.0 19.0 0.0
20 1.96 9.001 562.4 19.0 19.0 0.0
20 1.98 1.009 626.2051645101664 14.836247933884298 17.996611104978474 0.806737012987013
