10 0.0 1.5085 14.455853840417598 2.8911707680835197 5.147997644287397 0.617729357798165
10 0.0 10.0 9.0 1.8 4.3370548219287715 0.0
10 0.02 1.5085 17.57895774647887 3.0193327154772938 5.600760330578512 0.698116283282014
10 0.02 10.0 11.571010840108402 1.8 5.466485275288092 0.0
10 0.04 0.01 30.11866235167206 5.499180487804878 7.791080651569328 0.9495795014520813
10 0.06 5.005 16.92946218487395 2.097917293233083 6.525210572175428 0.0
10 0.08 4.006 19.66981954887218 2.3424366250472946 7.227549081697276 0.0
10 0.1 6.004 20.060584192439862 1.9996306282016716 7.996952680443247 0.0
10 0.1 6.5035 17.887499156260546 1.8874991562605468 8.902297907263028 0.0
10 0.1 8.5015 17.767312612326887 1.8 8.93019057591623 0.0
10 0.12 0.5095 31.824995708154507 4.639936708860759 6.9860149253731345 0.9263597402023593
10 0.12 2.008 26.32661313868613 3.259313868613139 6.15698224852071 0.773330613355093
10 0.12 2.5075 25.58947924528302 3.0553746397694526 6.228865373309818 0.6845163732727616
10 0.12 7.003 18.72 1.8 9.0 0.0
10 0.14 5.005 23.47604 2.1468895144264604 8.922207701283547 0.0
10 0.16 5.5045 23.74919397993311 2.0008995686999382 8.929873353809905 0.0
10 0.2 3.007 32.33394126738794 3.2380763582966225 8.217144199154532 0.6138322520852639
10 0.24 1.5085 37.760612716763006 3.9995690050435577 6.874418103448276 0.881365221723966
10 0.24 3.5065 35.18690256410257 3.166885382059801 8.835922425674346 0.21603951081843803
10 0.24 9.5005 28.44 1.8 9.0 0.0
10 0.26 4.5055 32.97589554700385 2.4823597883597883 8.947786723473575 0.0
10 0.26 8.002 30.56060597826087 1.9352989130434783 9.0 0.0
10 0.26 9.001 30.6170634826461 1.9505576980124593 9.0 0.0
10 0.3 4.5055 37.09160714285714 2.6075975975975973 8.946592110744383 0.0
10 0.3 8.002 33.859831074809726 1.959951735659922 9.0 0.0
10 0.3 9.001 33.3 1.8 9.0 0.0
10 0.32 3.007 42.35786004514673 3.6767922077922077 8.687708450440322 0.6519732720818541
10 0.34 5.005 38.08809024896266 2.2691182572614106 9.0 0.0
10 0.36 3.007 45.55262983425415 3.7827564356435643 8.783994297563504 0.6310978308986276
10 0.38 2.008 48.016380952380956 4.19210274270788 7.528531206006569 0.8536955758426966
10 0.38 2.5075 47.59664650283554 4.035421133231241 7.929210637399747 0.7901938569989928
10 0.38 7.003 40.389093032159266 1.9964816232771823 9.0 0.0
10 0.42 4.5055 46.49986578947368 2.8887835420393557 8.947747437063047 0.0
10 0.42 9.001 43.58863368560106 1.9960805812417437 9.0 0.0
10 0.44 3.007 51.77031485587583 4.048043636363636 8.678615503278056 0.6887581699346403
10 0.46 6.5035 47.68884339622642 2.329201257861635 9.0 0.0
10 0.48 6.004 49.27963770053476 2.338322192513369 9.0 0.0
10 0.48 8.5015 48.69264323189927 2.1125550891920253 9.0 0.0
10 0.5 4.5055 54.16398078975453 3.477222222222222 8.943842447521817 0.0
10 0.52 6.004 52.96842261353105 2.5701760889712695 9.0 0.0
10 0.52 6.5035 52.65975969581749 2.4415665399239543 9.0 0.0
10 0.52 8.5015 52.051432714091526 2.188096964204803 9.0 0.0
10 0.56 3.007 60.570797441364604 4.361079447322971 8.276291793313069 0.7418370508054521
10 0.58 6.004 58.02135878428465 2.772075611564121 9.0 0.0
10 0.58 6.5035 57.750803041825094 2.6432395437262355 9.0 0.0
10 0.58 8.5015 56.871752591568765 2.2246440912232206 9.0 0.0
10 0.6 6.004 60.233691056910565 3.088386075949367 8.948226267395626 0.0
10 0.6 6.5035 61.10609297725025 3.4795421245421245 8.942868405717615 0.0
10 0.6 8.5015 58.65056456846204 2.325282284231019 9.0 0.0
10 0.62 5.005 63.75069187986652 3.9703030303030302 8.918118398427904 0.0
10 0.64 6.004 64.38601837928154 3.6376179056754596 8.94077956225128 0.0
10 0.64 6.5035 64.03871662763466 3.465966735966736 8.945658765609208 0.0
10 0.64 8.5015 62.24576504297995 2.5809805794333016 9.0 0.0
10 0.66 4.006 67.21054373024236 4.393260785075787 8.616938634796599 0.5502698327037235
10 0.68 5.5045 67.94378823529412 4.121393692777213 8.883683439179286 0.0
10 0.72 6.004 70.80465040650407 4.171257533145842 8.867617156473392 0.0
10 0.72 6.5035 70.61282666666668 4.049540889526543 8.919634505038816 0.0
10 0.72 8.5015 69.62508870967743 3.442593984962406 8.946689483111566 0.0
10 0.74 5.005 72.56662451811874 4.452700074794316 8.621892014519055 0.5057236061684458
10 0.76 7.5025 73.29050925925925 4.029033742331288 8.902051010813352 0.0
10 0.76 8.002 73.04940630797773 3.8407110300820415 8.938484535321473 0.0
10 0.78 1.5085 76.59317974683543 5.278906810035842 7.858500357909807 0.9082365248031713
10 0.78 10.0 74.13463173957274 3.5754868154158217 8.94308107369715 0.0
10 0.8 5.005 76.79053816046967 4.714881235154394 8.036032388663967 0.6585330874820732
10 0.82 1.5085 79.21831651376147 5.370171052631579 7.880798479087453 0.9102380439465747
10 0.82 10.0 77.52452430044183 4.05718703976436 8.905590800951625 0.0
10 0.86 7.003 80.72359444779723 4.7150452079566 8.344335169158143 0.6260489118240967
10 0.9 0.5095 85.87325088339223 5.588397260273972 7.899839556592766 0.9370272414705104
10 0.9 1.009 84.96226368159205 5.581621271076523 7.938410144532315 0.9272723305842824
10 0.9 2.008 84.21650646950093 5.5141506410256405 7.9388769517261135 0.9074312690919188
10 0.9 2.5075 84.08945588235294 5.455260223048327 7.931654892529686 0.8985945485519591
10 0.92 4.5055 84.97495652173913 5.338275401069519 7.921715418939018 0.8704570184983678
10 0.94 1.5085 87.01743720930233 5.617884187082405 7.96395618556701 0.9210019907100199
10 0.94 10.0 86.12263969465648 5.0742442748091605 7.9433541122059115 0.8061976744186046
10 0.96 7.5025 87.48214196242172 5.406319082377477 7.965405157942927 0.8797908402452217
10 0.96 8.002 87.474057208238 5.3692562929061785 7.9593072932560265 0.8760357010040907
10 0.96 9.001 87.46726867627785 5.335950196592399 7.920711297071129 0.8683803206191265
10 0.98 4.5055 88.7730448772227 5.685160744500846 7.988115189425233 0.9121031536757725
10 0.98 8.002 88.75913297555158 5.590137149672033 7.994832713754647 0.9033404859943165
10 0.98 9.001 88.75607826086957 5.560534161490683 7.975437918598661 0.9004301332218173
10 1.02 4.5055 91.35416926770708 5.943413498836307 8.208970099667773 0.9204666921168162
10 1.02 9.001 91.34061857529306 6.0956292517006805 8.350720685625243 0.9168437858604
10 1.04 1.5085 93.70662157809984 5.884836956521739 8.100053995680344 0.9264377455091142
10 1.04 10.0 92.63609443507589 6.470957345971564 8.604297245963913 0.9047109942256018
10 1.06 7.003 93.94521986674742 6.510931244560487 8.628549141965678 0.9038257357184073
10 1.1 4.006 96.59203436807095 6.4569762845849805 8.598095008439836 0.9059583591942673
10 1.12 5.5045 97.67751699463328 6.936796036333608 8.77962448763718 0.8793470392355581
10 1.14 1.009 100.57154884547069 5.966969696969697 8.181385068762278 0.925453976205385
10 1.16 1.5085 101.23242553191488 6.175778401122019 8.398303249097472 0.9181947580249337
10 1.16 3.5065 100.36613684210526 6.737231939163498 8.731955612737215 0.8929268919439804
10 1.16 10.0 99.03314901256732 8.153100349475785 8.939808595160708 0.44331997327989286
10 1.18 5.5045 101.0582670157068 7.388780773739742 8.882874209416725 0.8155693261037954
10 1.2 1.5085 103.59566371681416 6.28266046511628 8.48637904468413 0.914912191137431
10 1.2 10.0 100.76555061179087 8.476651624548737 8.947033400069914 0.0
10 1.22 4.006 103.70109109518935 7.26935368043088 8.860468815403934 0.8384824110863455
10 1.22 5.005 103.32505364995603 7.596487854251012 8.904547276788271 0.7758908161893235
10 1.26 1.009 108.400025 6.179338028169014 8.413133802816901 0.9193232973522435
10 1.28 4.5055 106.54489873417721 7.806853146853147 8.9196616215174 0.7084659786601363
10 1.28 8.002 104.66245652173913 8.57432288037166 8.949218488163066 0.0
10 1.28 9.001 104.24888501452885 8.790827411167513 8.949757332770627 0.0
10 1.3 3.5065 108.25104575163398 7.543337988826815 8.894712571067593 0.7923632739504173
10 1.3 9.5005 104.81508050089445 8.785791679137983 8.949986496624156 0.0
10 1.32 1.009 112.09272521246459 6.301339055793991 8.46801787424194 0.9153142624866623
10 1.34 5.5045 108.51934067547724 8.433964664310954 8.946155585707825 0.022463343108503973
10 1.36 3.007 111.91458505564387 7.556594253679046 8.89906128875969 0.7817884262896045
10 1.38 3.5065 112.24004635193134 7.860284005979073 8.925520600589865 0.6722320550639134
10 1.38 9.5005 108.16168534201954 8.965842811763501 9.0 0.0
10 1.44 4.5055 113.68040572495333 8.546297544535387 8.947269678562389 0.0
10 1.44 9.001 110.55962376910017 8.980348994871191 9.0 0.0
10 1.46 7.5025 111.99228073451603 8.940802699342923 9.0 0.0
10 1.48 0.5095 124.12665217391304 6.134110738255034 8.314397367338543 0.9243269012485811
10 1.48 2.008 119.61019873817035 7.393305785123967 8.878484981044036 0.8187187296062649
10 1.48 2.5075 118.60454221533695 7.706284470246734 8.915163392039092 0.733242637644046
10 1.5 5.5045 115.07266839378238 8.79484324529736 8.949912850102177 0.0
10 1.54 2.008 122.72606880375294 7.567435197817189 8.89976545585759 0.7854402677651904
10 1.54 7.003 115.55782197496522 8.978605994480457 9.0 0.0
10 1.56 0.5095 129.26175999999998 6.194497574497575 8.36336898395722 0.9222149624305782
10 1.56 2.008 124.06717210348707 7.6178744939271255 8.90637568812493 0.7669602908277404
10 1.56 2.5075 122.54634586466166 7.930393423370522 8.929686972662841 0.6279687499999999
10 1.58 7.5025 117.0940836689038 8.9839524359715 9.0 0.0
10 1.58 8.002 117.07638910256411 8.9819767504731 9.0 0.0
10 1.58 9.001 116.4996216066482 8.988576422206991 9.0 0.0
10 1.62 7.5025 118.6054178343949 8.986801029499109 9.0 0.0
10 1.64 0.5095 134.30025101214576 6.273352272727273 8.456569938050212 0.9188005456494203
10 1.64 2.008 127.66536308316431 7.823075506445672 8.92379058070416 0.6984440021711597
10 1.64 2.5075 126.1095243147657 8.197972909855206 8.939051415197834 0.4332879972798365
10 1.66 9.5005 119.7 8.989562249498999 9.0 0.0
10 1.68 3.007 126.12762285714287 8.475348101265823 8.947964408367156 0.0
10 1.7 3.5065 126.09923076923077 8.64645785352372 8.949414228481244 0.0
10 1.7 9.5005 121.5 9.0 9.0 0.0
10 1.72 1.009 135.95889144736842 7.005142857142857 8.812414181204277 0.8722933108574055
10 1.74 4.006 126.57296036988112 8.939381705764685 8.949987997359418 0.0
10 1.76 5.005 125.63573167060846 8.974497743095402 9.0 0.0
10 1.8 1.5085 137.62337078651686 7.7090664556962025 8.914942587394744 0.7444103665082041
10 1.8 10.0 126.0 9.0 9.0 0.0
10 1.82 5.005 128.62069939577037 8.979608490854591 9.0 0.0
10 1.88 6.004 129.85957021996614 8.989236680658703 9.0 0.0
10 1.88 6.5035 130.82329411764707 8.986505546109626 9.0 0.0
10 1.88 8.5015 129.6 8.989952072343632 9.0 0.0
10 1.9 4.006 132.9760807860262 8.973945599499766 9.0 0.0
10 1.92 5.5045 132.27366876053316 8.986911932152813 9.0 0.0
10 1.94 7.5025 132.3 9.0 9.0 0.0
10 1.94 8.002 132.3 9.0 9.0 0.0
10 1.96 5.5045 133.2 8.989993395773295 9.0 0.0
10 1.98 7.003 134.1 9.0 9.0 0.0
12 0.0 4.5055 11.598374224061484 1.9330623706755752 4.36876026272578 0.0
12 0.0 8.002 11.0 1.83333333333 4.37827287066246 0.0
12 0.0 9.001 11.0 1.83333333333 3.964286559394226 0.0
12 0.02 4.5055 16.437801242236027 2.0947446910064285 4.992962103634957 0.0
12 0.02 8.002 14.950820512820512 1.83333333333 7.869278431372549 0.0
12 0.02 9.001 14.611864964399706 1.83333333333 5.933005064715813 0.0
12 0.04 0.5095 36.03213688212928 5.250150659133704 8.01548172757475 0.9170341978197023
12 0.04 1.009 30.464910344827587 4.266388270229485 7.173219540906415 0.8508545861297538
12 0.04 2.5075 22.76246511627907 2.792659985933596 5.953294685990338 0.26609423161602785
12 0.06 1.5085 30.006713178294575 3.7110056610072206 6.787659914712154 0.7820167407794925
12 0.06 3.5065 24.564314465408803 2.574355458037691 6.81902794653706 0.0
12 0.06 9.5005 18.26 1.83333333333 11.0 0.0
12 0.08 1.5085 32.95290909090909 3.8406990521295152 6.92011482032745 0.8078067343173431
12 0.08 10.0 20.68 1.83333333333 11.0 0.0
12 0.12 6.004 26.28483301386853 1.9686792949217624 10.949229316437188 0.0
12 0.12 8.5015 25.52 1.83333333333 11.0 0.0
12 0.14 3.5065 36.77833862433862 3.0709695352471384 9.66437380104138 0.0
12 0.14 9.5005 27.94 1.83333333333 11.0 0.0
12 0.2 5.005 36.86996794871795 2.1586750975093785 10.949046163252827 0.0
12 0.24 7.5025 40.04 1.83333333333 11.0 0.0
12 0.24 8.002 40.04 1.83333333333 11.0 0.0
12 0.24 9.001 40.04 1.83333333333 11.0 0.0
12 0.26 0.01 63.74745954198473 6.531905430712248 9.253919597989949 0.9497042670046472
12 0.26 3.007 53.625972972972974 3.957185466376584 10.697733043162858 0.5832208052013002
12 0.28 2.008 57.565111111111115 4.486680613667795 8.076755617977527 0.8353388658367911
12 0.28 7.003 45.531320188271216 1.984101895432833 11.0 0.0
12 0.3 3.007 58.35548104956268 4.113310258026181 10.809498228368957 0.5275793650793649
12 0.32 5.005 52.95499045346062 2.6250298329380612 10.949957965531736 0.0
12 0.34 3.5065 62.3906582278481 4.038233642236092 10.904185110663985 0.10344271113501843
12 0.34 9.5005 52.14 1.83333333333 11.0 0.0
12 0.36 5.005 57.037819155037276 2.47859873829053 11.0 0.0
12 0.42 3.007 72.29856 4.569156434744448 10.620168641750228 0.6529154518950436
12 0.44 5.005 67.0267670171555 2.6627282789185838 11.0 0.0
12 0.48 5.5045 71.71133 2.676708333336265 11.0 0.0
12 0.52 5.5045 77.25523778501629 2.9914020086860384 11.0 0.0
12 0.54 5.005 80.44805321100918 3.3026294498360826 10.949099071585634 0.0
12 0.56 5.005 82.9434566284779 3.413143004113489 10.948787832232293 0.0
12 0.58 5.5045 84.511846875 3.1537586805586306 10.949947445869245 0.0
12 0.6 5.5045 87.31199285075961 3.378507596065488 10.949167378309138 0.0
12 0.62 1.5085 95.4927296137339 5.726260239446444 8.855860403863037 0.9002632996230028
12 0.62 3.5065 93.8297610619469 5.030678104575777 10.251257861635219 0.6324807056229326
12 0.62 10.0 87.33798801498128 2.411398252182997 11.0 0.0
12 0.64 5.5045 92.38877979479085 3.6314869161190395 10.948986900097943 0.0
12 0.66 7.003 93.47199111900532 3.113721136769592 11.0 0.0
12 0.7 5.005 101.6035500650195 4.9541168658689365 10.711343955663319 0.2485572587917039
12 0.72 5.5045 103.43031346578366 4.918354579790623 10.76183195198628 0.12783882783882747
12 0.74 1.5085 107.6647591240876 6.03057164928605 9.042581888246628 0.9092903015130075
12 0.74 3.5065 106.49338764044944 5.46169651055938 9.132900136798906 0.764988719684151
12 0.74 10.0 102.29613549832027 2.9590612168711483 11.0 0.0
12 0.76 0.01 112.04465 6.5331808278873735 9.295729366602687 0.9497694463699105
12 0.78 8.002 109.29970365265335 4.756797340669146 10.87311001141987 0.0
12 0.78 9.001 107.76151537744641 3.637255813956233 10.94893532277337 0.0
12 0.8 1.5085 113.47860228716645 6.196182170544788 9.182910321489 0.9138210961737332
12 0.8 3.5065 112.5992234332425 5.692347119125671 8.995989650711513 0.8134639059876888
12 0.8 9.5005 111.11934687953556 4.595429329476101 10.913789892929188 0.0
12 0.82 8.002 113.75908666666666 5.023732335827574 10.575579322638147 0.18379040156709073
12 0.82 9.001 113.44940699815837 4.807048143612569 10.824760803280412 0.0
12 0.84 2.008 117.22124137931034 6.212987249546107 9.272926208651398 0.9036700959426656
12 0.84 2.5075 116.99708855291577 6.090787037038853 9.184999999999999 0.8874003513038778
12 0.84 7.003 115.9773909626719 5.282702761468577 9.566817593790427 0.5213383113153358
12 0.86 4.5055 118.53107881773398 5.816244292234793 9.000207612456746 0.8137765363128491
12 0.88 2.008 121.11787250996016 6.329977375562412 9.385926258992805 0.909546293281233
12 0.88 2.5075 120.97165995525727 6.249474548440086 9.29316801619433 0.899372094427338
12 0.88 7.003 120.20410290456431 5.570245992262323 9.046242331288344 0.7139203570202539
12 0.9 6.004 122.3315407554672 5.847597292721148 9.091304347826087 0.8138389366692728
12 0.9 6.5035 122.29084345479082 5.7979658350171865 8.999876521432352 0.7990232726395755
12 0.9 8.5015 122.13028818443804 5.545196926033565 8.98458064516129 0.702002503128911
12 0.92 3.007 124.74705 6.346858425129536 9.427143454621497 0.9024751316559391
12 0.94 4.5055 126.37858839779005 6.30865623447356 9.427780163160154 0.8944993037093303
12 0.94 8.002 126.24264053751399 6.002668906308378 9.1522378908645 0.851822546230441
12 0.94 9.001 126.22022749590835 5.943439716310925 9.113946015424164 0.8315103113627172
12 0.96 0.01 134.39620512820514 6.5182262569836045 9.296741734547197 0.9497497588036662
12 0.98 0.01 135.953 6.534779706275729 9.243830665978317 0.9497543034578396
12 0.98 3.007 130.19761965811963 6.679107981223493 9.642342342342342 0.9244914601549404
12 1.02 3.007 134.01450812064965 6.942869595535817 9.756420145190562 0.9297965544838044
12 1.04 4.5055 135.95858872651357 7.149714199762321 9.851097017483717 0.9248692751532636
12 1.04 8.002 135.90575850340136 7.457755930086546 9.941720430107527 0.9182389011528084
12 1.04 9.001 135.8842669683258 7.588498699370034 9.982825767010075 0.9148382811302437
12 1.06 4.5055 137.89049840255592 7.348369079532266 9.917849002849003 0.9199663865546218
12 1.1 10.0 140.91569395017794 8.90732801595029 10.837283998828468 0.8052920560747663
12 1.14 3.5065 145.4088317677199 7.827655516428818 10.2728184991274 0.9049067153534547
12 1.14 9.5005 143.86554571703562 9.483182240817888 10.915490315383835 0.6512450303410754
12 1.16 7.5025 145.87353354632586 9.282717803028994 10.89249871001032 0.7323859987154784
12 1.16 8.002 145.7130047573739 9.475388531617943 10.90623347398031 0.687883895131086
12 1.16 9.001 145.36744340602286 9.671470937132442 10.92426156502772 0.5693281653746768
12 1.18 4.006 148.71774896779522 8.327434782605598 10.667723285486444 0.87675983436853
12 1.2 4.5055 150.07442329227322 8.749533195020765 10.802031120085521 0.8346035526446363
12 1.2 8.002 148.32981818181818 9.874938875303123 10.93662255684843 0.38063916759568905
12 1.2 9.001 147.99593377483444 10.033915989166674 10.941554160676088 0.08523600439077897
12 1.22 1.5085 153.73078559738136 7.470117411225061 9.947838912402206 0.9183350482630211
12 1.22 10.0 148.8660457665904 10.395610119026742 10.94806008289445 0.0
12 1.24 0.5095 157.97771764705882 6.98362318840547 9.737774186100207 0.9351529063886078
12 1.24 2.008 155.03605454545453 7.856214689262661 10.277546597312528 0.9058414778826055
12 1.24 2.5075 154.69775577557755 8.118155668361076 10.504989604989605 0.8924084952553095
12 1.24 7.003 151.4544 9.954035226076893 10.937089042388555 0.31326740832303224
12 1.26 6.5035 153.09575381008207 9.973814835470753 10.938411795137092 0.2988220445940258
12 1.28 3.007 157.67892682926828 8.603656009475134 10.762578347578348 0.8502111979868787
12 1.3 7.5025 154.75652908067542 10.588165121885122 10.94881456912966 0.0
12 1.32 9.5005 154.81212724757953 10.810481792232032 11.0 0.0
12 1.34 4.006 160.7215995740149 9.528379721670548 10.91570828908107 0.6393985287754217
12 1.36 5.005 160.69117678100264 10.073331376017798 10.943156781828723 0.06470258136924763
12 1.38 7.5025 159.62276366217176 10.804317244202696 10.949986496624156 0.0
12 1.4 0.5095 173.23549857549855 7.1639752446780065 9.83152 0.9309626377267831
12 1.4 2.008 168.79169712793734 8.48816235969697 10.725871710526317 0.8605855290673358
12 1.4 2.5075 167.72045924225029 8.955033454986935 10.84132711348058 0.8072064777327934
12 1.44 3.007 169.41506770833334 9.475957246886999 10.914052186468647 0.6597182523478969
12 1.48 6.004 166.3958918918919 10.79652998126851 10.949725506756756 0.0
12 1.48 6.5035 166.0546055865922 10.951681451837034 11.0 0.0
12 1.48 8.5015 165.08114520098442 10.97893346478167 11.0 0.0
12 1.5 4.006 170.86407728706624 10.333109884299038 10.946920382165604 0.0
12 1.52 5.5045 169.86513955928646 10.7621980367002 10.949884234897915 0.0
12 1.56 6.004 171.18082646691633 10.923727805219965 11.0 0.0
12 1.56 6.5035 171.04669775948787 10.915541704655247 11.0 0.0
12 1.56 8.5015 169.79380669144982 10.975809167169826 11.0 0.0
12 1.58 0.01 202.26874418604652 6.558408408409576 9.333924511141428 0.9493080689802001
12 1.58 3.007 178.51346127946127 9.977683792814926 10.940909735517266 0.23685897435897402
12 1.6 2.008 183.744407971864 9.312179487177 10.895202464788733 0.7252390372568412
12 1.6 2.5075 181.66055837563454 9.771288723667054 10.929926424216944 0.5180161943319836
12 1.6 7.003 173.36883251930047 10.821546692578385 11.0 0.0
12 1.64 6.004 176.74143775397118 10.95679885950406 11.0 0.0
12 1.64 6.5035 176.04221471806306 10.97702561133166 11.0 0.0
12 1.64 8.5015 174.84952057021383 10.983098063073387 11.0 0.0
12 1.68 5.005 180.1433994805195 10.786338432107836 11.0 0.0
12 1.7 7.5025 178.9849815498155 10.986788579216737 11.0 0.0
12 1.72 3.5065 184.9528806818182 10.585446718120634 10.94976339030051 0.0
12 1.72 9.5005 180.20395220710256 10.989292551617435 11.0 0.0
12 1.76 1.5085 198.07454770318023 9.2118242122735 10.883869843924192 0.7528618030842229
12 1.76 3.5065 187.9747408256881 10.617753885825273 10.949755818159893 0.0
12 1.76 9.5005 182.16 11.0 11.0 0.0
12 1.8 8.002 184.8 11.0 11.0 0.0
12 1.8 9.001 184.8 11.0 11.0 0.0
12 1.82 1.5085 202.50490754877015 9.367065972219564 10.904196125768811 0.6991516245487364
12 1.82 3.5065 191.78024020618557 10.757456978964512 10.949840495967257 0.0
12 1.82 10.0 186.12 11.0 11.0 0.0
12 1.86 4.006 192.4488751733703 10.893854286056978 11.0 0.0
12 1.88 5.5045 190.84115733803438 10.988336762254319 11.0 0.0
12 1.9 7.003 191.4 11.0 11.0 0.0
12 1.92 4.006 195.5139701120797 10.978748119241917 11.0 0.0
12 1.94 0.01 242.3278686131387 6.55724061810269 9.317429906542056 0.949131695406684
12 1.98 4.5055 198.77870266666665 10.980843849845604 11.0 0.0
12 2.0 5.005 199.65441343963553 10.981812130335305 11.0 0.0
14 0.0 0.01 52.55410872313527 7.507729817590907 10.747296248382924 0.9495413399533771
14 0.0 3.007 15.514109024278515 2.21630128918183 4.781915322580645 0.0
14 0.02 3.007 22.575065217391302 2.5292284673438057 5.887560620756547 0.0
14 0.04 6.004 23.521518850987434 1.9848173288078417 8.98339022241797 0.0
14 0.04 6.5035 22.641125188536954 1.9349462872207117 8.833053453169347 0.0
14 0.04 8.5015 21.040446158409967 1.85714285714 10.907064793130367 0.0
14 0.06 7.5025 26.474720930232557 1.9991520284288418 10.887175015852884 0.0
14 0.06 8.002 23.14 1.85714285714 13.0 0.0
14 0.06 9.001 23.14 1.85714285714 13.0 0.0
14 0.08 4.5055 32.120427906976744 2.282306288364891 11.93310610033211 0.0
14 0.08 8.002 26.52 1.85714285714 13.0 0.0
14 0.08 9.001 26.52 1.85714285714 13.0 0.0
14 0.12 5.5045 35.26229294755877 2.0720115650786988 12.946358340574813 0.0
14 0.14 7.5025 36.66 1.85714285714 13.0 0.0
14 0.16 2.008 56.924388349514565 4.415596059111612 8.466647727272727 0.7874107142857142
14 0.16 7.003 41.6019239267943 2.1227761780286967 13.0 0.0
14 0.18 2.008 60.528776470588234 4.523844710298389 8.60123578843302 0.7977551268049993
14 0.18 2.5075 59.42492913385827 4.26866265527607 8.996568047337277 0.7195052170986199
14 0.18 7.003 44.188541210135924 1.9910350540304695 13.0 0.0
14 0.2 3.5065 59.69633187772926 3.5624495289379916 12.929562167187896 0.0
14 0.2 9.5005 46.8 1.85714285714 13.0 0.0
14 0.22 2.008 67.6557 4.752600588814931 8.947505057316251 0.8152217294900221
14 0.22 2.5075 66.43197101449276 4.461578180854521 9.615503246753246 0.7367398515242457
14 0.22 7.003 50.18 1.85714285714 13.0 0.0
14 0.24 0.01 83.9440933125972 7.505462184874059 10.735755415409926 0.9496571721992327
14 0.26 5.005 60.22998161623899 2.4922744432892254 13.0 0.0
14 0.3 5.005 66.80922041105599 2.491677634909219 13.0 0.0
14 0.32 3.5065 80.56665625 4.255723928913042 12.935203327890521 0.0
14 0.32 9.5005 67.08 1.85714285714 13.0 0.0
14 0.34 7.5025 70.46 1.85714285714 13.0 0.0
14 0.34 8.002 70.46 1.85714285714 13.0 0.0
14 0.36 3.5065 85.99126530612244 4.144805194807954 12.941005946481665 0.0
14 0.36 9.5005 73.84 1.85714285714 13.0 0.0
14 0.38 5.5045 80.3536241860465 2.5791760797358023 13.0 0.0
14 0.4 2.008 96.80901477832512 5.486159029649318 9.613002944062806 0.8396015782889038
14 0.4 2.5075 95.96175206611571 5.249931693986574 10.692509025270757 0.7636221812508863
14 0.4 7.003 81.9262813832307 2.172924138865805 13.0 0.0
14 0.42 5.005 88.30050533049041 2.921306731646309 13.0 0.0
14 0.44 1.5085 104.1102 5.916963381095459 9.721719918422842 0.888358228950365
14 0.44 3.5065 100.11081318681319 4.812961737057474 12.92645397581855 0.0
14 0.44 9.5005 87.36 1.85714285714 13.0 0.0
14 0.48 4.006 101.38849838187703 3.778452710725256 12.948491872179986 0.0
14 0.5 5.005 101.97893766756032 3.1368393335914 13.0 0.0
14 0.54 1.5085 118.97886131386862 6.2185404047856 9.857872016251905 0.8955898014157739
14 0.54 3.5065 116.26045205479451 5.36412525527298 11.062553648068668 0.5726410256410255
14 0.54 10.0 105.13497227272728 2.128873376625954 13.0 0.0
14 0.56 3.5065 119.2063 5.4139449697572015 12.64606073476322 0.5561384820239679
14 0.56 9.5005 107.66022438465941 1.8637092157957857 13.0 0.0
14 0.58 4.006 121.67071101871102 5.290995053821831 12.749744744744744 0.2522655899506502
14 0.62 7.5025 120.27851563357103 2.796434448711094 13.0 0.0
14 0.62 8.002 120.64957794676806 2.9359315589340795 13.0 0.0
14 0.62 9.001 119.7965972906404 2.615262139340799 13.0 0.0
14 0.66 4.5055 133.69302947845804 5.51948310139204 10.882744924977935 0.3484362783424548
14 0.68 2.008 138.61690909090908 6.42857142857 10.0 1.0
14 0.68 7.003 131.43712842557764 3.4272894757028523 13.0 0.0
14 0.7 1.5085 141.98752747252746 6.698780487808854 10.211400462962963 0.9067319529938443
14 0.7 3.5065 140.28307339449543 5.956706125731809 9.971390046580044 0.7163063829787233
14 0.7 10.0 133.24601265822784 2.7838155515378795 13.0 0.0
14 0.74 7.5025 141.69322433035714 3.8534199617320226 13.0 0.0
14 0.74 8.002 141.41456653696497 3.7003112840506986 13.0 0.0
14 0.74 9.001 140.7850882123341 3.354444072708141 13.0 0.0
14 0.76 0.5095 151.34055319148936 7.306211180120347 10.662342171717171 0.9401801737133012
14 0.76 1.009 150.79045744680852 7.100951341237202 10.610579257717655 0.9286454319719154
14 0.78 0.01 155.19092307692307 7.538273953650021 10.773276308968377 0.9498435148961781
14 0.78 3.007 152.2438762088975 6.486719091305981 10.17687116564417 0.8454326254289158
14 0.8 7.5025 153.39774193548388 5.558554639805811 12.507621861152142 0.0
14 0.8 8.002 153.20398760330576 5.422212824848513 12.748688178528347 0.0
14 0.82 0.01 160.98010909090908 7.57142857143 11.0 1.0
14 0.82 3.007 157.84543951612903 6.634547811062599 10.357035040431267 0.8645730072316568
14 0.84 6.004 159.81668155111635 6.13225278658614 9.988101636941119 0.6644453392389771
14 0.84 8.5015 159.27835916824196 5.704956819003739 11.502199528672428 0.19715799614643512
14 0.88 6.004 165.609593625498 6.415033657440334 10.3031340684852 0.7851083032490974
14 0.88 8.5015 165.25513257243196 6.058108616582123 9.974275934702474 0.5935869300170689
14 0.9 5.5045 168.5271500630517 6.704382708661734 10.354202750891492 0.8428827300150828
14 0.92 5.005 171.35869083155652 6.9334094020981665 10.567888100866824 0.8770688892166986
14 0.94 0.01 178.52987499999998 7.551746419840365 10.77116769547325 0.9497785277367644
14 0.94 3.007 174.3785283018868 7.3479579732218365 10.797230538922156 0.9172935688765382
14 0.96 1.009 177.77862857142858 7.619430910156355 10.87501018329939 0.9373632981322109
14 1.0 0.5095 183.82759643916913 7.680134184261498 10.896619038035823 0.9435724684294274
14 1.0 2.008 182.2535854616896 7.784842300557344 10.945630901287554 0.9373538808494644
14 1.0 2.5075 182.0 7.784233339354229 10.961151452282158 0.9365912117177096
14 1.0 7.003 182.0 7.772920035940258 10.971421396283274 0.9355790043290043
14 1.02 5.005 184.7569242685026 8.017121535181579 11.127527127355796 0.9331823284156511
14 1.04 0.01 193.06663157894738 7.561580474484932 10.789571739656424 0.9497588472900464
14 1.04 3.007 187.51839751552797 8.080059523811125 11.22598013591218 0.9329646462615131
14 1.08 0.5095 195.22816129032256 7.80171730515183 10.949982614742698 0.9414453344575604
14 1.08 2.008 193.11571842650105 8.184483454399485 11.324646280237335 0.9317513615331067
14 1.08 2.5075 192.9629379310345 8.288914453039075 11.46289184952978 0.9296365094777725
14 1.08 7.003 192.4391958224543 9.274336134450065 11.952193363986579 0.9009331906799809
14 1.1 4.5055 195.25353499406881 8.965088658413487 11.848983526112864 0.9124172359432474
14 1.1 9.001 194.39135844748859 10.181360723736464 12.652481234361968 0.8374109842942151
14 1.12 2.008 198.42736666666667 8.415270935958898 11.567476060191519 0.9281192047267866
14 1.12 7.003 197.03717493472584 10.012662822980523 12.563805286574196 0.8530765162200281
14 1.14 7.5025 198.8877389221557 10.504540559940754 12.795069470060248 0.7903785687334925
14 1.16 0.01 210.9858181818182 7.557531343811852 10.778214107053527 0.9496921219438575
14 1.16 3.007 203.1181902017291 9.060896637610185 11.892391128379472 0.9099081081081081
14 1.18 10.0 201.57909523809525 11.768663285802505 12.940821616247693 0.024751316559391032
14 1.2 3.007 207.94743859649122 9.360479148178221 11.978068340306834 0.8955439959889696
14 1.22 8.002 206.031980154355 11.803899587982656 12.93918263090677 0.10584763948497815
14 1.22 9.001 205.4998862275449 12.078432055772659 12.945580696770824 0.0
14 1.24 6.004 209.4056206896552 11.24551595286181 12.911123553564764 0.5603534687417566
14 1.24 6.5035 209.02686607142857 11.486414565831765 12.923849773838352 0.4574544270833331
14 1.24 8.5015 207.4152893401015 12.139578273391399 12.946007321260812 0.0
14 1.28 5.005 214.13565436893202 11.261760602673867 12.90704924432547 0.5922945205479451
14 1.34 10.0 214.77602440775303 12.798612866956253 13.0 0.0
14 1.36 3.5065 224.12232781954887 11.009681071903263 12.879920749279538 0.6747902439024389
14 1.36 9.5005 216.64481932773108 12.884305150596973 13.0 0.0
14 1.4 6.004 223.11930843706776 12.44685208598839 12.949351201871941 0.0
14 1.4 6.5035 222.633092926491 12.527739872057134 12.94957034795764 0.0
14 1.4 8.5015 220.78515723270442 12.74861961192919 13.0 0.0
14 1.42 0.5095 240.75931818181817 8.285451453304324 11.394907407407407 0.9324237755433019
14 1.42 2.008 234.47587671232876 9.996655382532094 12.578370857576523 0.8540287265720791
14 1.42 2.5075 232.86044204018546 10.488581258195918 12.782016740779493 0.7920004991888181
14 1.42 7.003 223.4741498905908 12.7184707546511 12.949920374988732 0.0
14 1.44 5.005 227.57803688853247 12.342254733221264 12.948878937521087 0.0
14 1.46 0.5095 245.95736363636362 8.381383577050496 11.48076631259484 0.9318796746638329
14 1.46 1.009 243.09735294117647 9.010740978005767 11.880247751569659 0.9126833612740989
14 1.46 2.5075 236.83644733044733 10.719815059457252 12.842153613031536 0.7468944570994683
14 1.48 5.5045 230.50698271604938 12.445048528987707 12.949845024224368 0.0
14 1.5 10.0 227.5 12.992725550698987 13.0 0.0
14 1.52 4.006 237.06438888888889 12.093632730502925 12.946335887693992 0.0
14 1.56 5.5045 236.72568237347295 12.90004198149814 13.0 0.0
14 1.58 1.009 257.383734282325 9.36716334512679 11.977340974212034 0.8983905383161617
14 1.6 8.5015 237.49428213166144 12.975187578150122 13.0 0.0
14 1.62 0.5095 266.6920686695279 8.564529472596947 11.665376166941241 0.9264312513793864
14 1.62 1.009 262.4628623853211 9.452717086833788 12.028163265306121 0.8922415465183939
14 1.62 2.5075 251.82183021223472 11.431728778495216 12.924216796253353 0.43539972899728974
14 1.64 5.5045 243.62819768664565 12.819869845217601 13.0 0.0
14 1.68 1.5085 264.8486096654275 10.469440083738021 12.781445056386048 0.8010385579563088
14 1.68 3.5065 251.8889315068493 12.325137792340755 12.949247868453106 0.0
14 1.68 9.5005 244.55076941315946 12.976270679681939 13.0 0.0
14 1.7 0.01 290.86471698113206 7.574110109161425 10.791016377649326 0.9493727408037422
14 1.72 7.5025 247.52 13.0 13.0 0.0
14 1.74 4.5055 254.0835442896936 12.803697290342479 13.0 0.0
14 1.76 7.5025 251.68136171816127 12.99150431741699 13.0 0.0
14 1.76 8.002 251.16 13.0 13.0 0.0
14 1.76 9.001 251.58212536676447 12.991952002701659 13.0 0.0
14 1.78 4.006 258.8076801470588 12.62367861232551 12.949984995798824 0.0
14 1.8 0.01 305.52657142857146 7.587600678255249 10.799737344794652 0.9493065271610195
14 1.8 3.007 263.42525139664804 12.407083978949922 12.949481692531522 0.0
14 1.82 7.5025 256.62 13.0 13.0 0.0
14 1.82 8.002 256.62 13.0 13.0 0.0
14 1.82 9.001 256.62 13.0 13.0 0.0
14 1.84 0.5095 294.51523338485316 8.942913907283627 11.81857248247879 0.9169391009668095
14 1.84 2.008 274.79013924050633 11.668365019011917 12.933382629201807 0.26577092511013184
14 1.84 2.5075 271.17703720930234 12.241236068899148 12.947247982275677 0.0
14 1.84 7.003 259.37688535031845 12.849572109885221 13.0 0.0
14 1.86 1.5085 282.4450975 11.04107328676719 12.887575042158517 0.6610331502948951
14 1.86 10.0 260.26 13.0 13.0 0.0
14 1.9 4.5055 266.17011213456146 12.984044763112548 13.0 0.0
14 1.92 10.0 265.72 13.0 13.0 0.0
14 1.94 0.5095 306.70490031152644 9.061437788019662 11.889124709527499 0.9112891207153502
14 1.94 1.009 297.55041163793106 10.360973466885817 12.71450839328537 0.8214568826995179
14 1.96 2.008 285.80694555873924 11.88413958172387 12.943499779653548 0.0
14 1.96 7.003 269.36 13.0 13.0 0.0
14 2.0 1.5085 295.55187878787876 11.428151594264234 12.91685208281367 0.4884284837323509
14 2.0 3.5065 277.3200925313946 12.830920390150137 13.0 0.0
14 2.0 10.0 273.0 13.0 13.0 0.0
16 0.02 5.005 24.093880952380953 2.0955750531753266 7.897695371775417 0.0
16 0.04 5.5045 29.22358787878788 2.1169503449527958 10.054086265607264 0.0
16 0.06 0.01 78.65503422053231 8.52348949211909 12.096655948553055 0.9495749251202614
16 0.08 3.007 48.098827586206895 3.443047703180212 10.224167257264352 0.09516829533116139
16 0.1 2.008 57.858789808917194 4.3740971705137754 8.527260397830018 0.7242845326716293
16 0.1 2.5075 55.72258620689655 3.994493769470405 8.703736730360934 0.5906925343811393
16 0.1 7.003 37.5 1.875 15.0 0.0
16 0.12 4.006 49.859102941176474 2.623093220338983 14.921673950843555 0.0
16 0.14 0.01 92.83463620386644 8.539946546052631 12.13359853121175 0.9496176052719083
16 0.2 7.5025 60.0 1.875 15.0 0.0
16 0.2 8.002 60.0 1.875 15.0 0.0
16 0.22 8.5015 65.27010580493844 1.9984143918170565 15.0 0.0
16 0.24 1.009 97.1137011494253 6.346744505494505 10.308118701007839 0.9016057618513489
16 0.26 3.5065 81.86232946145724 3.255187434002112 14.949651089025163 0.0
16 0.26 9.5005 73.5 1.875 15.0 0.0
16 0.3 3.5065 92.2478725490196 3.529345346715328 14.949081966211468 0.0
16 0.3 9.5005 82.5 1.875 15.0 0.0
16 0.32 7.5025 88.5299387938794 2.1562387488748875 15.0 0.0
16 0.34 0.01 126.99724809160305 8.54807525951557 12.087587080430652 0.9496906033988348
16 0.36 7.5025 97.175258444619 2.1045426649646504 15.0 0.0
16 0.36 8.002 96.0 1.875 15.0 0.0
16 0.38 4.006 108.21405242868157 3.4292596153846153 14.949981993877918 0.0
16 0.42 1.5085 131.89288524590165 6.487868303571428 10.62630712227254 0.8847132876807082
16 0.42 3.5065 120.16551807228916 4.095839235127479 14.94849664719879 0.0
16 0.42 9.5005 109.5 1.875 15.0 0.0
16 0.44 7.5025 116.23249111470112 2.3733239095315026 15.0 0.0
16 0.44 8.002 114.52906357308585 1.993094547563805 15.0 0.0
16 0.46 0.5095 144.3294393939394 7.720950210378682 11.527178851714167 0.936263862332696
16 0.46 2.008 138.6810495049505 6.303535218783351 10.626556603773585 0.843045484508899
16 0.46 2.5075 137.52279545454547 6.02903605015674 10.914391951006124 0.7759209464909921
16 0.46 7.003 121.40219716646989 2.546804899645809 15.0 0.0
16 0.48 10.0 123.41096943011699 1.9737907283935086 15.0 0.0
16 0.5 1.5085 147.62671149144253 6.766525135869565 10.855273660205246 0.8941576173239346
16 0.5 3.5065 143.48655046826224 5.6904360465116275 14.805201028517999 0.4565699380502117
16 0.52 2.008 150.72156962025315 6.524525703794369 10.77483280535023 0.8569847262742405
16 0.52 7.003 134.19036774989715 2.4454082682023857 15.0 0.0
16 0.54 7.5025 139.34175 2.6472146739130435 15.0 0.0
16 0.54 8.002 139.03327263681592 2.563389303482587 15.0 0.0
16 0.54 9.001 137.35845098039215 2.1082747229326513 15.0 0.0
16 0.56 7.5025 143.44293651979086 2.569016056758775 15.0 0.0
16 0.6 2.008 166.370625 6.814962984054669 10.903640315131758 0.8671846362259941
16 0.6 7.003 153.72747663551402 3.039836448598131 15.0 0.0
16 0.62 0.01 175.1133076923077 8.569257305194805 12.08260300850229 0.9497951683836375
16 0.62 3.007 168.8997281553398 6.4018491972477065 10.998271679805942 0.7401060346171837
16 0.64 2.008 174.2161714285714 6.968429989550679 11.042375263527758 0.8702452316076293
16 0.64 7.003 163.18113501144165 3.326782990083905 15.0 0.0
16 0.7 7.5025 177.22088764044943 3.8420365168539323 15.0 0.0
16 0.7 8.002 176.40761437908498 3.5031726579520694 15.0 0.0
16 0.7 9.001 175.742437357631 3.2260155656795746 15.0 0.0
16 0.72 2.008 189.57216113744076 7.283295306388527 11.335247629083245 0.8875067494600432
16 0.72 2.5075 189.0261953125 7.07086625282167 11.147919556171983 0.8557219529085872
16 0.72 7.003 182.32 4.25 15.0 0.0
16 0.74 0.01 196.04929139072848 8.567702205882354 12.13671586715867 0.9498736842105263
16 0.74 3.007 192.39817059891107 6.95596649484536 11.033109118086696 0.8279091378420237
16 0.76 6.004 194.39682342177494 6.195269367764915 11.023271375464683 0.2319354838709674
16 0.76 6.5035 194.16975257731957 6.094532786885246 11.956974716652136 0.0
16 0.76 8.5015 190.25324571428573 4.089875 14.948772091593668 0.0
16 0.78 1.009 201.72943750000002 8.013928571428572 11.856567957479118 0.9314058770269158
16 0.8 0.01 206.63648044692738 8.592251131221719 12.202478386167147 0.9498570955804928
16 0.82 1.009 208.97891954022987 8.122951555023924 11.876326623970723 0.9326122993571342
16 0.84 5.5045 210.49692817679556 6.875 11.689013452914796 1.0
16 0.86 4.006 214.78998452012385 7.375248091603053 11.599698924731182 0.851993606251665
16 0.86 5.005 214.4973828125 7.1659046692607005 11.388405036726128 0.8076514714368147
16 0.88 5.5045 218.1548263959391 7.20635101010101 11.370372369131138 0.8116084548434497
16 0.92 1.5085 226.5867543252595 8.369747506234415 12.03636972538513 0.9328566249043225
16 0.92 3.5065 226.0450054054054 7.98174268018018 11.86539739330437 0.9083676947605696
16 0.92 9.5005 225.31776975169302 7.05732223476298 11.376380193511666 0.7630845771144278
16 0.96 6.5035 232.97144624447716 8.026158088235293 11.855039331366765 0.9101945147906676
16 0.96 9.5005 232.87957665677547 7.748182492581602 11.7627258805513 0.887658398490159
16 0.98 3.5065 236.57987808896212 8.505004118616144 12.230298013245033 0.9336214106495678
16 0.98 9.5005 236.51299871630295 8.206081514762516 11.949911154985193 0.9197312656520901
16 1.0 6.004 240.0 8.736217948717949 12.468705784436121 0.9397149781169747
16 1.0 8.5015 240.0 8.761651490066225 12.513503937007874 0.9402937488805302
16 1.02 3.5065 243.66280471380472 8.964430758988016 12.65353339787028 0.9383571270064354
16 1.02 9.5005 243.61028680203046 9.328944600280504 12.85039911308204 0.9331474870642974
16 1.06 4.006 250.76572714870397 9.5218646179402 12.947878678461816 0.9305483790315859
16 1.06 5.005 250.6778530120482 9.711063611491108 13.01578947368421 0.9268670469504168
16 1.08 6.004 253.896625 10.298981629392971 13.619120624819207 0.9112513312034078
16 1.08 6.5035 253.78939212598425 10.454462905718701 13.70525376179546 0.9072612953483196
16 1.08 8.5015 253.48859484066767 10.9142207278481 13.916004092370653 0.8854659153380978
16 1.1 3.007 257.80661616161615 9.72963028169014 13.116235718580878 0.9266643199718396
16 1.16 1.009 269.5605135135135 9.245346102150538 12.777880994225457 0.9363903518815357
16 1.18 4.5055 269.6291727272727 11.320589285714286 14.139989680082559 0.8600822699798522
16 1.18 9.001 266.2418760429082 13.232344685628743 14.922572702778035 0.34122529644268745
16 1.2 5.005 272.0 11.888930084745763 15.0 1.0
16 1.22 0.01 286.22573033707863 8.579080414012738 12.12879548306148 0.9497633903005094
16 1.22 3.007 277.1577731092437 10.873958333333333 13.89489127196902 0.887575042158516
16 1.24 5.5045 276.6204153627312 12.6271875 14.857838621630842 0.6416469576435173
16 1.28 3.5065 285.0038646362098 11.778182137834037 14.595264691597864 0.815344560159539
16 1.28 9.5005 276.9170366972477 14.371011567909454 14.94978458015727 0.0
16 1.3 0.5095 295.5623024054983 9.185587539432177 12.770317926796688 0.9385706914344685
16 1.3 1.009 293.82817102137767 9.697395833333333 12.98739975323874 0.9279077814784377
16 1.3 2.5075 289.9766358595194 11.175686813186813 13.990019346762262 0.8693296746373971
16 1.34 4.5055 290.35348717948716 13.115055988315483 14.90807456841873 0.46391122547442887
16 1.36 7.5025 286.88883636363636 14.42381076388889 15.0 0.0
16 1.38 0.5095 309.53617730496455 9.333092383638927 12.83440500111632 0.9360142813267813
16 1.38 1.009 307.23302358490565 10.0 13.412526843235504 1.0
16 1.38 2.5075 301.192351687389 11.711607142857142 14.539076327433628 0.8236856024542473
16 1.4 5.5045 294.50454810495626 14.097924498746867 14.948615735602417 0.0
16 1.42 6.004 296.04442388059704 14.46013342423062 14.949545922382999 0.0
16 1.42 8.5015 292.0716284183817 14.825805785123967 15.0 0.0
16 1.44 3.5065 305.0089822064057 13.081256476683938 14.913525993566463 0.43957632817753844
16 1.44 9.5005 294.80824632152587 14.789685708435709 15.0 0.0
16 1.46 6.004 300.29569367088607 14.54226072279587 14.949957965531736 0.0
16 1.46 6.5035 299.5520460606061 14.736361270816811 14.94999399939994 0.0
16 1.46 8.5015 297.75977955112216 14.8432460752934 15.0 0.0
16 1.48 4.006 307.5398961038961 13.846953032104636 14.942485938093101 0.0
16 1.5 4.5055 307.8113369467028 14.185369198312236 14.948008235330818 0.0
16 1.52 1.5085 326.3081833333333 11.263612459546925 14.104887218045112 0.8655561829474873
16 1.52 10.0 303.43582880976845 14.861344792554238 15.0 0.0
16 1.54 4.006 314.7745943536404 13.93491344605475 14.946070215175538 0.0
16 1.54 5.005 310.76338200000004 14.463480275665399 14.949817842411104 0.0
16 1.58 9.5005 310.65193001676914 14.978374766452148 15.0 0.0
16 1.6 5.5045 316.0771967909391 14.599690696709981 15.0 0.0
16 1.62 6.004 317.2936008174387 14.748064711585071 15.0 0.0
16 1.62 6.5035 316.5146934801016 14.852065444738 15.0 0.0
16 1.62 8.5015 314.93430137667934 14.990207863320173 15.0 0.0
16 1.66 0.5095 357.8530442890443 9.798168276972625 13.117821782178217 0.9256335891486703
16 1.66 2.008 340.65073435326843 12.676185064935066 14.858514431239389 0.6490419035586438
16 1.66 2.5075 336.0857668269231 13.289494219653179 14.92232009694258 0.3172060630888977
16 1.66 7.003 319.80498851174934 14.990142536077597 15.0 0.0
16 1.68 7.5025 322.1573689677559 14.99135241989042 15.0 0.0
16 1.68 8.002 321.6 15.0 15.0 0.0
16 1.7 0.5095 364.5182244897959 9.896542096219932 13.293317647058823 0.9246484922464849
16 1.7 1.009 357.51904895104894 10.997577160493828 13.951909677419355 0.8815675406807361
16 1.7 2.5075 340.7740312771503 13.406512237762238 14.931411522633745 0.14264403292181033
16 1.76 0.01 389.1457886178862 8.600210244648318 12.175799637899818 0.9494418491779408
16 1.78 1.5085 361.37877566539925 12.262518601190475 14.789052018731805 0.7365317736326271
16 1.78 10.0 333.6 15.0 15.0 0.0
16 1.82 0.01 401.18306666666666 8.581453488372093 12.204853801169591 0.9493957979111003
16 1.82 3.007 350.319269121813 14.23533202458177 14.948985338679563 0.0
16 1.84 6.004 341.56141737763807 14.986574461915195 15.0 0.0
16 1.84 8.5015 340.8 15.0 15.0 0.0
16 1.86 4.5055 347.9126399427344 14.839116861867033 15.0 0.0
16 1.86 8.002 343.2 15.0 15.0 0.0
16 1.86 9.001 343.2 15.0 15.0 0.0
16 1.88 2.008 367.02470658682637 13.498490969581749 14.928007429484687 0.12093881856540047
16 1.88 7.003 345.6 15.0 15.0 0.0
16 1.92 4.5055 352.8336829112577 14.857455789473685 15.0 0.0
16 1.94 6.004 354.5611757299962 14.977739341810022 15.0 0.0
16 1.94 6.5035 352.8 15.0 15.0 0.0
16 1.94 8.5015 352.8 15.0 15.0 0.0
16 1.98 5.005 359.4756449930279 14.954895540160209 15.0 0.0
16 2.0 7.5025 360.0 15.0 15.0 0.0
16 2.0 8.002 361.0 14.875 15.0 0.0
16 2.0 9.001 360.0 15.0 15.0 0.0
18 0.0 3.5065 19.314073666849918 2.1460081852040864 4.765945635528331 0.0
18 0.0 9.5005 17.0 1.88888888889 4.748080411124547 0.0
18 0.02 3.5065 32.191745454545455 2.6447033338652317 6.850640071449836 0.0
18 0.02 9.5005 22.78 1.88888888889 17.0 0.0
18 0.06 0.5095 83.24274251497006 7.6014800917279794 11.733783783783784 0.9159971775616148
18 0.06 1.009 70.4942 6.049143955275539 10.037761732851985 0.8514130337880003
18 0.08 5.005 41.215854496764116 1.9935816418089267 16.94223477627976 0.0
18 0.12 10.0 51.68 1.88888888889 17.0 0.0
18 0.14 0.5095 104.02677528089887 7.8303418803435765 11.94188457008245 0.9219819313766793
18 0.14 1.009 94.54817721518988 6.534450402147528 10.795721760541705 0.8807626269852625
18 0.14 2.5075 83.1831224489796 4.772974963183419 9.75613614573346 0.6490419035586438
18 0.18 5.5045 69.02 1.88888888889 17.0 0.0
18 0.2 0.01 129.95866666666666 9.527363465162264 13.635238455715367 0.9496191282268303
18 0.22 5.5045 81.10108225453097 1.9631171302754358 17.0 0.0
18 0.24 6.5035 86.36 1.88888888889 17.0 0.0
18 0.26 7.5025 92.14 1.88888888889 17.0 0.0
18 0.28 4.006 105.95007 3.1251805555543037 16.949968480773272 0.0
18 0.3 7.5025 103.7 1.88888888889 17.0 0.0
18 0.32 0.01 156.39752715654953 9.542092092095459 13.650711938663745 0.9496845283018868
18 0.34 0.5095 153.81722368421052 8.306396775321156 12.51174107142857 0.9321818033854167
18 0.34 1.009 148.6376875 7.381426448733184 11.747810457516339 0.9086889826329918
18 0.36 0.01 165.19523472668808 9.541840796023248 13.647124773960217 0.94972853954274
18 0.38 1.5085 156.21998076923077 6.960972056681625 11.47235853780671 0.8779600205023065
18 0.4 5.5045 136.22496613995483 2.5601789148108525 17.0 0.0
18 0.42 7.5025 140.65023944942214 2.323800660805604 17.0 0.0
18 0.42 8.002 138.38 1.88888888889 17.0 0.0
18 0.44 0.01 183.33730628803247 9.599216931220939 13.649243515850143 0.949773987463838
18 0.46 6.004 153.5730592819371 2.6364319510194996 17.0 0.0
18 0.46 8.5015 151.46544042866148 2.2027655202986893 17.0 0.0
18 0.48 4.5055 164.1211788931789 3.684012584015744 17.0 0.0
18 0.5 7.5025 163.73434615384616 2.3854102564064026 17.0 0.0
18 0.5 8.002 162.9701279480569 2.215583988454935 17.0 0.0
18 0.5 9.001 162.42107680651577 2.093572623669235 17.0 0.0
18 0.54 0.01 205.23359523809523 9.577383913768736 13.639171857823378 0.9497694463699105
18 0.54 3.007 193.73241975308642 6.65717322980561 11.948714285714285 0.7058418637486762
18 0.56 0.01 209.19785171790235 9.52115349180195 13.621358858858859 0.9498148203908343
18 0.58 4.5055 196.92086705202314 5.010665552770709 16.94529850011487 0.0
18 0.62 1.009 218.5993966745843 8.326070096939318 12.622780373831775 0.9239748209642841
18 0.66 5.005 221.98902094240836 6.373077735526476 16.65719868366927 0.0
18 0.7 0.01 240.27511434511436 9.572700364302998 13.658144552319309 0.9498299268534962
18 0.7 3.007 234.57842504743832 7.411216305058347 12.084532095901006 0.7994102780117943
18 0.74 1.009 247.2390343137255 8.759807175599052 12.905399619410085 0.9306581793975702
18 0.78 3.5065 254.043843575419 7.640829403945074 12.276928062216461 0.8132339757956073
18 0.78 9.5005 246.91761165048544 4.1604099244859905 17.0 0.0
18 0.8 0.5095 261.72427457098286 9.220897832815128 13.37231467473525 0.9428233276157805
18 0.8 1.009 261.19544959128064 8.970492088332758 13.0657876943881 0.9339868504435994
18 0.82 3.5065 263.93224691358023 7.929878234399483 12.501885856079404 0.8454612888270746
18 0.82 9.5005 261.5294859218892 6.537050395754893 12.004740406320542 0.0
18 0.84 4.006 268.5590397553517 7.91434977578561 12.46252688172043 0.8390128465179174
18 0.86 1.5085 274.76296142433233 8.968655489809649 13.149375780274656 0.9289889651058753
18 0.88 4.006 278.31839316239314 8.283202997716295 12.650075930144267 0.8766321243523315
18 0.92 7.5025 287.3343896103896 8.029549462882501 12.598997134670487 0.8395706997786119
18 0.92 8.002 287.26661704681874 7.957089502468083 12.392806922660897 0.826367329930201
18 0.92 9.001 287.11886008230454 7.772096479197524 12.35913660555884 0.7999399831952946
18 0.94 3.5065 292.6151105769231 9.032253861901781 13.178670886075949 0.9228808069590968
18 0.94 9.5005 292.01339495798317 8.098612778443725 12.619701086956521 0.8504262765861975
18 0.98 7.5025 301.54020113851993 9.220570987652115 13.49758064516129 0.9288312908322303
18 1.0 5.5045 306.0 9.730754586364755 13.825438596491228 0.9431470869149952
18 1.02 7.5025 310.62351227495907 10.284594298217154 14.274243258117776 0.9374267908094308
18 1.02 8.002 310.61323146747355 10.359667067753845 14.340081177067479 0.9368889393767276
18 1.04 3.5065 315.2758719512195 10.22072738478298 14.094076874606175 0.9379717156680313
18 1.04 9.5005 314.96252205882354 11.173134597995332 14.864405711885762 0.9219380825254087
18 1.06 1.5085 320.33332352941176 10.024315336460791 13.946548202614379 0.9408132102272727
18 1.08 5.5045 323.7448481012658 11.40765817897158 14.947884366925065 0.9165439887837363
18 1.1 5.005 327.9643457189014 11.633745519749887 15.22889593238246 0.9096639566395663
18 1.14 0.5095 339.8892564102564 9.919523508328867 13.891332733003152 0.9436125583598349
18 1.14 2.008 337.8748363636364 10.762933753966925 14.686470588235293 0.9308480624014605
18 1.14 2.5075 337.4867884615385 11.055012077289184 14.830352363960749 0.9251762065095398
18 1.16 9.5005 336.0773530031612 14.838519484298345 16.886332946873083 0.46699712184202086
18 1.18 3.007 345.4003975903615 11.75845336079233 15.373253757736515 0.9063599078599921
18 1.2 3.5065 348.5696671949287 12.425051367114126 15.804051830522418 0.8818027090277285
18 1.2 9.5005 342.00457831325303 15.483192982442695 16.93595773294909 0.0
18 1.22 1.009 356.7492447916667 10.544409991422263 14.47367741935484 0.934728803602898
18 1.24 4.006 354.92236946564884 13.301720666270395 16.309283050145048 0.815405914276221
18 1.26 0.5095 367.31057819905215 10.17435446007646 14.006997282608696 0.9408678067125523
18 1.26 2.008 362.93468771929827 11.716798941827262 15.297469586374696 0.9078611310741335
18 1.26 2.5075 361.8781220338983 12.202897805192329 15.688280832888415 0.8896225165562913
18 1.28 7.5025 355.1729426086956 15.821475575821447 16.94421274601687 0.0
18 1.3 6.004 360.330609375 15.365736493337534 16.932250721515384 0.0
18 1.3 6.5035 359.6136552748886 15.522502227331225 16.938997877168582 0.0
18 1.3 8.5015 356.32768656716416 16.262632560591907 16.94994293608842 0.0
18 1.32 0.5095 380.5974371257485 10.297469922121703 14.245712694877506 0.9390826023391813
18 1.32 2.008 374.72612673879445 12.162456140334632 15.697452393206381 0.8906364829396325
18 1.32 2.5075 372.94525373134326 12.707967398565463 15.882916421424367 0.8620966407413536
18 1.34 3.007 374.80131942215087 13.375798403156033 16.397215189873418 0.7995309117151791
18 1.36 0.01 395.67784615384613 9.62505787037412 13.666539923954373 0.9497330880357089
18 1.38 6.004 371.53991327201055 15.870113922190827 16.947455863808322 0.0
18 1.38 6.5035 369.9246811715481 16.10766090699589 16.949435713852314 0.0
18 1.38 8.5015 367.80500741525424 16.507089476291693 17.0 0.0
18 1.4 4.006 380.5281934566145 14.93552631579592 16.897288469834226 0.3813288789903487
18 1.42 5.5045 378.0128943661972 16.068501600680275 16.94885697628034 0.0
18 1.44 7.5025 377.1046719325961 16.82821100919149 17.0 0.0
18 1.44 8.002 375.8996270505524 16.553301012698647 17.0 0.0
18 1.46 5.5045 383.7502291950887 16.172222222205 16.949409622097434 0.0
18 1.52 4.5055 395.7105093457944 15.917602548793585 16.94863473865878 0.0
18 1.52 9.001 388.46826785714285 16.754835645878497 17.0 0.0
18 1.54 1.5085 418.7916228956229 12.791543566708922 15.958639980109398 0.8544748100934252
18 1.6 4.006 407.30393231265106 16.21648200310824 16.949381966167582 0.0
18 1.62 5.5045 407.0794690026954 16.50618501733366 16.949969982589902 0.0
18 1.66 6.004 410.8654314998292 16.76072853375007 17.0 0.0
18 1.66 6.5035 410.19712546012266 16.837788202125616 17.0 0.0
18 1.66 8.5015 407.5230137190258 16.992261548248283 17.0 0.0
18 1.68 0.01 472.8686336633663 9.614834620720826 13.720314591700134 0.9495657699639907
18 1.7 6.004 416.1626558407543 16.87591684568969 17.0 0.0
18 1.7 6.5035 413.1 17.0 17.0 0.0
18 1.7 8.5015 414.3338758365371 16.88185043012343 17.0 0.0
18 1.72 0.5095 467.98773154362414 11.107361327101756 14.856315671808629 0.9246212292524083
18 1.72 2.008 442.5772786421499 14.612912912951622 16.868172111049592 0.5345713487852554
18 1.72 2.5075 436.98417662337664 15.205590441284167 16.927976319087335 0.007916666666666234
18 1.74 5.005 424.05210957824204 16.666317519031107 17.0 0.0
18 1.76 0.5095 476.4683428571429 11.164199689183269 14.890483711747285 0.9227055604507721
18 1.76 1.009 466.022875 12.566376991560018 15.851262039189638 0.8675540368722187
18 1.78 4.5055 430.56776374269003 16.615957770514246 17.0 0.0
18 1.78 8.002 426.85731461780927 16.82454250638771 17.0 0.0
18 1.78 9.001 425.34 17.0 17.0 0.0
18 1.8 3.5065 439.34039032006245 16.520641861013313 16.94996397478235 0.0
18 1.8 9.5005 428.4 17.0 17.0 0.0
18 1.82 1.009 477.21742271293374 12.820376230679004 15.957900748825994 0.8549560525628752
18 1.84 5.5045 435.36 16.8888888889 17.0 0.0
18 1.86 3.007 450.2278938223938 16.303531406329487 16.949725506756756 0.0
18 1.9 5.005 445.0874504950495 16.972392831116522 17.0 0.0
18 1.92 3.007 459.3436601842375 16.51374075366112 16.949927897614614 0.0
18 1.98 1.5085 490.66716935483873 14.766600627396627 16.880188340162462 0.4783411580594677
18 1.98 3.5065 463.35656982097186 16.760003625878475 17.0 0.0
18 2.0 0.01 549.1170289855072 9.615320785269986 13.725073843124385 0.9493788914198936
18 2.0 3.007 469.3534234234234 16.46346759486552 17.0 0.0
20 0.0 7.5025 19.0 1.9 4.959679436171422 0.0
20 0.02 7.5025 28.22 1.9 13.94112473065103 0.0
20 0.04 2.008 59.13133333333333 4.293559150657229 8.797312390924956 0.49933914088314785
20 0.06 6.5035 40.66 1.9 19.0 0.0
20 0.08 3.5065 70.11866666666667 3.666826640548482 16.913257993384786 0.0
20 0.08 9.5005 47.88 1.9 19.0 0.0
20 0.1 5.5045 55.940637540068856 1.993404171118762 19.0 0.0
20 0.12 4.5055 66.82916363636363 2.3961094619666046 18.948990022647976 0.0
20 0.14 6.004 70.4 2.0 19.0 0.0
20 0.14 6.5035 71.0788598508783 2.078937191962593 19.0 0.0
20 0.14 8.5015 69.54 1.9 19.0 0.0
20 0.16 4.006 83.1998346581876 2.6562241653418126 18.949787605820504 0.0
20 0.18 4.006 93.17411416921509 3.0077777777777777 18.94929727427598 0.0
20 0.2 0.5095 147.02 8.80114967462039 13.386826666666666 0.9260000887981175
20 0.2 1.009 136.68621468926554 7.460343283582089 12.055826351865955 0.8898995904346677
20 0.22 4.006 106.18052727272728 2.8946363636363635 18.949998499985 0.0
20 0.28 1.5085 159.00442105263159 7.085827900912646 11.906136230182032 0.8625968672712283
20 0.3 0.01 188.1403144654088 10.539006085192698 14.921194556451614 0.9497088198907697
20 0.32 0.5095 183.47877363896848 9.0583738317757 13.710311143270623 0.9304933483464698
20 0.32 1.009 176.66104761904762 7.976471518987342 12.676344086021505 0.904443297786951
20 0.32 2.5075 167.67009677419355 6.461160809371672 11.778891149542217 0.7421565594059405
20 0.34 6.004 142.33802343794017 1.9906096118091159 19.0 0.0
20 0.34 6.5035 144.72973509526736 2.3529901659496004 19.0 0.0
20 0.34 8.5015 143.06 2.1 19.0 0.0
20 0.36 0.5095 196.2423552631579 9.214565217391304 13.85015206812652 0.9317792967950554
20 0.36 1.009 189.70768539325843 8.148696343402225 12.899306014540647 0.9082062014649996
20 0.38 4.5055 165.66787651331717 3.4303026634382565 19.0 0.0
20 0.38 9.001 156.18 1.9 19.0 0.0
20 0.4 4.006 174.83706484641638 3.806135593220339 18.949984995798825 0.0
20 0.42 0.01 221.03725760649087 10.568065134099616 14.92924824752236 0.9497558181598938
20 0.44 0.5095 220.03159999999997 9.36414364640884 13.897622950819672 0.9343638010475328
20 0.44 1.009 214.99176923076922 8.399095816464238 13.00562837316885 0.9128568440865836
20 0.46 5.5045 191.57669302809572 3.1067950052029136 19.0 0.0
20 0.48 3.007 219.70198870056498 6.929412404787813 12.360635155096011 0.6715214820654315
20 0.5 0.01 242.84102822580644 10.560680412371134 14.934098598356695 0.9498027286690961
20 0.5 3.007 226.08106796116505 7.029540757749713 12.681781609195403 0.6951344430217669
20 0.54 1.009 246.21168644067797 8.82005504587156 13.526623675725471 0.9202383231240429
20 0.56 0.5095 255.47424888888887 9.640357815442561 14.20537216828479 0.9380593132154006
20 0.56 1.009 252.43013333333334 8.898507692307692 13.566992447800978 0.9211962174940898
20 0.56 2.5075 246.78996899224808 7.536355013550136 12.63876673040153 0.7932133995037219
20 0.62 9.5005 245.31814311270125 2.5574060822898033 19.0 0.0
20 0.66 1.5085 281.0501793478261 8.772397058823529 13.555849582172701 0.9065331987438313
20 0.66 3.5065 276.960781420765 7.540634730538922 12.642132216014897 0.6796039984621298
20 0.68 4.006 282.5965659472422 7.4369941520467835 12.40807453416149 0.5765497967479672
20 0.7 1.009 294.541094890511 9.41373469387755 13.97608323133415 0.9293322026711893
20 0.74 9.5005 291.2655182679296 3.871353179972936 19.0 0.0
20 0.78 7.5025 311.79797955974846 6.982954014029618 13.58633419689119 0.0
20 0.8 6.004 319.19013245033113 7.570793060718711 12.790483460559797 0.46009070294784554
20 0.8 6.5035 318.99986247544206 7.476502100840336 12.69119066773934 0.3599462365591395
20 0.82 7.5025 324.9178168888889 7.385312775330397 12.46879283078545 0.2115894039735096
20 0.86 8.002 337.5891724137931 7.691125244618395 12.766418188594857 0.5243436073059359
20 0.86 9.001 337.3379764089122 7.511673202614379 12.891754834002189 0.352234745433346
20 0.9 4.5055 351.1478175313059 9.103588235294117 13.83790625 0.8868960369163952
20 0.92 0.01 359.0237727272727 10.587182608695652 14.936780511105804 0.9499309060322038
20 0.94 7.5025 362.70885042016806 9.138201680672267 13.857948877805486 0.8865727507826323
20 1.0 4.006 380.0 10.69754590984975 15.118365968939905 0.9451346369082889
20 1.02 0.01 388.06173333333334 10.581522935779816 14.933685198217217 0.9499083340846932
20 1.04 7.5025 391.23011460258783 11.975009633911368 16.059731113956467 0.9297817660936973
20 1.06 8.002 396.37484974093263 12.783021978021978 16.830960688532215 0.9130885957136152
20 1.06 9.001 396.2148824742268 13.07982824427481 16.908437093477048 0.9047436703434875
20 1.08 4.006 402.4057286012526 12.071229838709677 16.220490867579908 0.9283355548867007
20 1.1 1.5085 408.83821333333333 11.327515030060122 15.69376406300225 0.9395904313156941
20 1.1 3.5065 407.8612617702448 12.229873150105707 16.403501400560224 0.9257098283931356
20 1.1 9.5005 405.28424193548386 14.702654690618761 17.95056282722513 0.8205920344456404
20 1.12 4.006 412.7891356993737 12.758214971209213 16.786013135490148 0.9131067201918565
20 1.14 6.004 415.979407523511 14.277375000000001 17.838486221215554 0.8523868567885926
20 1.14 6.5035 415.65347588424436 14.478800578034683 17.904672482626054 0.8318672450317763
20 1.14 8.5015 414.03528 15.527078125 18.589987699877 0.7202584759986571
20 1.18 5.005 425.8759503311258 14.441107325383305 17.8886005699715 0.8363895160498674
20 1.2 7.5025 426.67059006211184 16.356503401360545 18.845804422240725 0.4698791348600507
20 1.22 3.5065 437.2245882352941 14.030841300191204 17.67530021834061 0.8661607644744238
20 1.22 9.5005 427.8111701346389 17.40040925266904 18.9440873561676 0.0
20 1.26 6.004 440.0597472222222 16.490166898470097 18.86586995010462 0.4162171628721539
20 1.26 8.5015 436.0847693661972 17.539 18.944840481863913 0.0
20 1.28 0.01 465.29949999999997 10.611129032258065 14.949187279151943 0.9497845801572715
20 1.3 5.5045 448.5125806451613 16.77526086956522 18.901570897064904 0.26447484554280637
20 1.32 6.004 451.2874929577465 17.33216393442623 18.934213538582988 0.0
20 1.32 6.5035 449.70602750491156 17.397986406117244 18.94047925148204 0.0
20 1.32 8.5015 445.6889121495327 18.309545454545454 18.94999399939994 0.0
20 1.34 5.005 457.1679329479769 16.87315659679408 18.911632469116167 0.17326388888888852
20 1.36 0.5095 483.2758985915493 11.48529520295203 15.80407667386609 0.9387265174074483
20 1.36 1.009 480.39870042194093 12.245140350877193 16.452895080539836 0.9247539503386004
20 1.38 5.5045 462.5040454545454 17.469959481361425 18.941081023755657 0.0
20 1.42 4.006 476.399974025974 16.693174418604652 18.89700284266469 0.2618689105403008
20 1.44 0.01 512.7953749999999 10.627317596566524 14.978660220994476 0.9497436979857676
20 1.48 4.5055 483.57826160337555 17.68854149203688 18.946023058488244 0.0
20 1.5 5.005 484.3749108734403 18.147056098816265 18.949556611482702 0.0
20 1.52 3.007 500.5225289855072 16.499674306393246 18.87903178980984 0.408552164655784
20 1.54 4.5055 494.36083369803066 18.02915915915916 18.948571340409774 0.0
20 1.54 8.002 485.0799951456311 18.78489350131424 19.0 0.0
20 1.54 9.001 482.6 19.0 19.0 0.0
20 1.56 4.5055 496.6421937244202 18.13602581521739 18.94967845173757 0.0
20 1.64 4.5055 511.3346366095581 18.261552257266544 19.0 0.0
20 1.66 5.5045 511.42618465089436 18.581881892048752 19.0 0.0
20 1.68 0.5095 570.362040201005 12.211589861751152 16.34751196172249 0.9266643199718396
20 1.68 1.009 559.453406360424 13.63031954887218 17.46457620676549 0.8826515524889107
20 1.7 5.5045 519.6327082478457 18.655352263594963 19.0 0.0
20 1.72 6.004 518.8479603686636 18.793151861286876 19.0 0.0
20 1.72 6.5035 516.8 19.0 19.0 0.0
20 1.72 8.5015 517.52 18.9 19.0 0.0
20 1.74 1.5085 562.1630306748466 15.259267326732672 18.429407737076342 0.7613203494200199
20 1.74 3.5065 534.6575454545455 18.13714962121212 18.949745213327304 0.0
20 1.76 6.5035 524.4 19.0 19.0 0.0
20 1.78 3.007 544.607370909091 17.99106993006993 18.949198366252133 0.0
20 1.8 7.5025 533.6 18.79491316954067 19.0 0.0
20 1.82 9.5005 535.8 19.0 19.0 0.0
20 1.84 4.006 545.9977579948143 18.68359313304721 19.0 0.0
20 1.86 5.005 546.9973715686275 18.785785074626865 19.0 0.0
20 1.9 1.5085 593.7127013422819 15.973814569536424 18.785523098700295 0.6032611283027849
20 1.9 3.5065 559.8887720111214 18.48220310880829 19.0 0.0
20 1.92 5.005 558.7340931349016 18.790313825768582 19.0 0.0
20 1.96 4.006 565.9396936936937 18.791108562283277 19.0 0.0
20 1.96 5.005 565.7189866492998 18.790722516003342 19.0 0.0
20 1.98 7.5025 566.2 19.0 19.0 0.0
20 1.98 8.002 566.2 19.0 19.0 0.0
20 1.98 9.001 566.2 19.0 19.0 0.0
20 2.0 1.009 629.86768 14.942019607843138 18.223707498835584 0.794031141868512
