10 0.0 7.5025 9.0 1.8 4.154110787172011 0.0
10 0.02 7.5025 11.59820975609756 1.8 4.922283455133581 0.0
10 0.04 2.008 17.85742857142857 2.7908651399491093 5.5768197088465845 0.5887737478411051
10 0.04 7.003 14.001386503067485 1.8323794712286159 6.631679012345678 0.0
10 0.06 6.5035 16.422657142857144 1.9733780830471432 6.961915694737809 0.0
10 0.08 3.5065 20.325648 2.50312077294686 6.377138714354761 0.0025733093955710787
10 0.08 9.5005 15.48 1.8 9.0 0.0
10 0.1 5.5045 20.34055928411633 2.117888623163649 8.103442711135019 0.0
10 0.12 4.5055 23.270413559322034 2.3653927540878485 8.259244444444445 0.0
10 0.14 6.004 21.56252525252525 1.9556979712481526 8.932832272104458 0.0
10 0.14 6.5035 21.293524295302014 1.9312275634413039 8.935551602799583 0.0
10 0.14 8.5015 20.34 1.8 9.0 0.0
10 0.16 4.006 27.371634517766495 2.593175914994097 8.733626338500878 0.0
10 0.18 4.006 28.642071856287426 2.5020859760394645 8.924078713615451 0.0
10 0.2 0.5095 37.504967320261436 4.77898431665422 7.160791968767429 0.9313210812592715
10 0.2 1.009 35.618010204081635 4.2487624750499 6.85868154158215 0.9063546465895044
10 0.22 4.006 32.25764814814815 2.7207429871114477 8.931779296795055 0.0
10 0.28 1.5085 40.99655882352941 4.144978540772533 6.933580873030248 0.8828742094167252
10 0.28 10.0 31.68 1.8 9.0 0.0
10 0.3 0.01 46.56270241850684 5.507734597156398 7.796187277755828 0.9497133719526912
10 0.32 0.5095 46.09617049180328 4.944664586583463 7.4543805480509455 0.9350973520249221
10 0.32 1.009 45.04571689497717 4.5564868421052624 7.133973240255962 0.9160479524505112
10 0.32 2.5075 42.998697986577184 3.867715517241379 7.562173507462687 0.7934440451109183
10 0.34 6.004 37.69686163345495 2.150564131349986 9.0 0.0
10 0.34 6.5035 36.815012542759405 1.8833371341695173 9.0 0.0
10 0.34 8.5015 36.67890952155376 1.842093794410232 9.0 0.0
10 0.36 0.5095 49.005042386185245 4.9886122448979595 7.515332861189801 0.9358813572362853
10 0.36 1.009 47.80891729323308 4.622017804154302 7.239948320413436 0.9169887438987947
10 0.38 4.5055 44.06295180722891 2.8418524332810042 8.947281353787758 0.0
10 0.38 9.001 40.2371131778058 1.9474558638083228 9.0 0.0
10 0.4 4.006 46.91292096219931 3.3181784037558684 8.942350662377642 0.0
10 0.42 0.01 54.03625772097976 5.503171206225681 7.794049031237643 0.9497709601591224
10 0.44 0.5095 54.45431775700934 5.111869488536155 7.621558132619684 0.9374432308673948
10 0.44 1.009 53.58809831029186 4.782713506965475 7.4508019246190855 0.9192216352445112
10 0.46 5.5045 48.41450588235294 2.5979651416122005 9.0 0.0
10 0.48 3.007 54.622125000000004 4.162281594571671 8.491704788045135 0.720680408915703
10 0.5 0.01 59.19070612668744 5.519045837231057 7.796923969820081 0.9498163314464652
10 0.5 3.007 55.97238237243207 4.193566066066066 8.571872591831493 0.7313507414571243
10 0.54 1.009 60.62668243243243 4.966030085022891 7.617266404596311 0.9208180911207183
10 0.56 0.5095 62.64 5.307553648068669 8.0 1.0
10 0.56 1.009 62.018 4.987741935483871 7.645959739155089 0.9212781031551105
10 0.56 2.5075 60.933746361746365 4.502487113402061 7.86478125 0.8135056506657714
10 0.62 9.5005 60.22868737554759 2.3308880923934687 9.0 0.0
10 0.66 1.5085 68.55131010452962 5.024420432220039 7.717985074626865 0.9006201180609384
10 0.66 3.5065 67.52528741092637 4.519387637203928 8.502031670152375 0.6783674257043611
10 0.66 10.0 63.36117804261466 2.3301047309498015 9.0 0.0
10 0.68 4.006 68.59592254495159 4.463717948717949 8.460789388547395 0.5926930596285434
10 0.7 1.009 71.63276729559747 5.2580542563143124 7.795009396533723 0.9223418134377038
10 0.74 9.5005 70.9405918762089 3.3382926829268293 8.944380297670694 0.0
10 0.78 7.5025 74.96012510425355 4.22031561461794 8.865599548423514 0.0
10 0.8 6.004 76.58784642541923 4.553968853232656 8.557552428988584 0.5073307715045815
10 0.8 6.5035 76.49871693121693 4.462560113154173 8.658812691914022 0.3701058201058198
10 0.82 7.5025 77.87260070671378 4.407636684303351 8.716209773539928 0.27090988626421664
10 0.84 10.0 78.95350846091861 4.191002819170358 8.865880743542286 0.0
10 0.86 8.002 80.6557770154374 4.612390745501285 8.49401942926533 0.5383102493074791
10 0.86 9.001 80.58595758564438 4.5382934782608695 8.6026936829559 0.43787521079257985
10 0.88 10.0 81.93079775853285 4.548782475802343 8.545362793235133 0.43539972899728974
10 0.9 4.5055 83.68945305378304 5.251680594243268 7.927591412277759 0.8557344412706656
10 0.92 0.01 91.35228571428571 5.528509485094851 7.806246461596528 0.9497148891235481
10 0.94 7.5025 86.17105175600739 5.228521256931608 7.913933134955365 0.8452316835360757
10 1.0 4.006 90.0 5.806981566820276 8.141318907779494 0.9227521319985168
10 1.02 0.01 98.60486567164179 5.5175718257645965 7.798016178736518 0.949638918265599
10 1.04 7.5025 92.6602324929972 6.293808267370273 8.515494186046512 0.9119499181150615
10 1.06 8.002 93.92454675118859 6.580551075268817 8.653708705589029 0.8983347566182749
10 1.06 9.001 93.895133371494 6.697329931972789 8.712141623488774 0.8928442844284428
10 1.08 4.006 95.31803898050974 6.322468513853904 8.530242390078918 0.9101945147906676
10 1.1 1.5085 97.64167785234899 6.017239130434782 8.243784029038112 0.9225079040357076
10 1.1 3.5065 96.63118173679499 6.365164670658682 8.561855941114615 0.9089234972677596
10 1.1 9.5005 96.17527203065134 7.364731034482759 8.873177598539035 0.8240949868073878
10 1.12 4.006 97.85519592875318 6.590685111989459 8.66891140246325 0.8985575167376749
10 1.14 6.004 98.80719288389513 7.2 9.0 1.0
10 1.14 6.5035 98.68506188925082 7.356677067082684 8.866160764474424 0.8315954329594826
10 1.14 8.5015 98.36492642642644 7.753054794520548 8.913346157845481 0.7402680380239987
10 1.18 5.005 101.15969240506328 7.317320977253581 8.87049728049728 0.8358254531126871
10 1.2 7.5025 101.39356924954241 8.045933544303796 8.93594050272888 0.5495405405405404
10 1.22 3.5065 103.9294064516129 7.104542190305207 8.825165215566978 0.862608193883439
10 1.22 9.5005 101.69666003616636 8.53460773480663 8.948043891642508 0.0
10 1.26 6.004 104.80200867678958 8.115908381051534 8.937681809684053 0.5014358360753812
10 1.26 8.5015 103.6853017988008 8.549841735052755 8.948820856107597 0.0
10 1.28 0.01 119.37215625 5.541101928374656 7.805637759880128 0.9494295770374416
10 1.3 5.5045 106.79779513888889 8.278362831858407 8.94074376933196 0.3712938513768387
10 1.32 6.004 107.22963033175355 8.415028768699655 8.9469558575475 0.0
10 1.32 6.5035 107.01382690659811 8.56938996836873 8.948132818821186 0.0
10 1.32 8.5015 105.99493841382366 8.838498062015505 8.94990381725278 0.0
10 1.34 5.005 108.93732364192809 8.278024871982442 8.94305579281834 0.3017595307917886
10 1.36 0.5095 116.47139336492891 6.024215148188803 8.183390494855463 0.928261524555589
10 1.36 1.009 114.47283069977426 6.400793269230769 8.545362793235133 0.9120474934036938
10 1.38 5.5045 110.26214794007491 8.54303872053872 8.948182807399347 0.0
10 1.4 7.003 109.94934472934473 8.781263001485884 8.949959467979705 0.0
10 1.42 4.006 113.41509319526627 8.281657971014493 8.942681752527685 0.3325190228273926
10 1.44 0.01 131.8698 5.546293823038397 7.830642410460489 0.9492540494458653
10 1.48 4.5055 115.37341666666666 8.575612798264642 8.948431311881189 0.0
10 1.5 5.005 115.49406288787753 8.710990654205608 8.949678451737569 0.0
10 1.52 3.007 119.49801221374047 8.165578313253011 8.937777197043232 0.5005394066526818
10 1.54 4.5055 117.96211783107404 8.632912280701754 8.949437247823317 0.0
10 1.54 8.002 115.21053529411765 8.979584762371386 9.0 0.0
10 1.54 9.001 115.0246176735798 8.983974808903419 9.0 0.0
10 1.56 4.5055 118.62538809723387 8.686425894378194 8.949581026711439 0.0
10 1.6 10.0 117.37162613981762 8.988592841010197 9.0 0.0
10 1.64 4.5055 121.8396148445336 8.870948509485094 8.949846533461724 0.0
10 1.66 5.5045 121.54336160990712 8.95441815944209 9.0 0.0
10 1.68 0.5095 136.90236241610737 6.327989778534923 8.478504380475595 0.9168852540766967
10 1.68 1.009 133.9082857142857 6.940353846153846 8.785274413810873 0.8772590028720818
10 1.7 5.5045 123.19409418548774 8.938566162919278 9.0 0.0
10 1.72 6.004 123.60386124009834 8.983963244491484 9.0 0.0
10 1.72 6.5035 123.07920439399487 8.982255935270947 9.0 0.0
10 1.72 8.5015 122.97923472140764 8.986563747027288 9.0 0.0
10 1.74 1.5085 134.89861746174617 7.5719115323854655 8.904481632185226 0.7727123960180007
10 1.74 3.5065 127.66954322033898 8.683801883501918 8.949707302353652 0.0
10 1.74 10.0 123.3 9.0 9.0 0.0
10 1.76 6.5035 124.90680210351508 8.984558298976236 9.0 0.0
10 1.78 3.007 130.17947612359552 8.712486216854817 8.949375816298636 0.0
10 1.8 7.5025 126.43694850603941 8.988869745233563 9.0 0.0
10 1.82 9.5005 126.90938671411625 8.989467264914055 9.0 0.0
10 1.84 4.006 130.3742757352941 8.947298023715415 9.0 0.0
10 1.86 5.005 130.2355146092038 8.974944377630788 9.0 0.0
10 1.9 1.5085 142.43970198675495 7.970190664036818 8.927338913593164 0.6456845238095237
10 1.9 3.5065 133.91513926630435 8.93004407135362 8.949947445869245 0.0
10 1.9 10.0 130.5 9.0 9.0 0.0
10 1.92 5.005 132.99164720974986 8.980495026331187 9.0 0.0
10 1.96 4.006 135.06519512195123 8.979782872392043 9.0 0.0
10 1.96 5.005 134.27920546505518 8.984246691871455 9.0 0.0
10 1.98 7.5025 134.1 8.98965136133619 9.0 0.0
10 1.98 8.002 134.1 9.0 9.0 0.0
10 1.98 9.001 134.1 9.0 9.0 0.0
10 2.0 1.009 151.4042174320525 7.450941475826972 8.88549738939269 0.8106022727272727
12 0.02 0.01 40.96668047337278 6.507831050228467 9.252585765488991 0.949535228752233
12 0.08 7.5025 21.364441786782095 1.83333333333 10.847441647597254 0.0
12 0.1 4.006 29.92397196261682 2.6101216905136315 10.84538961038961 0.0
12 0.12 3.007 34.87758762886598 3.1938181296637502 8.546135029354208 0.41662583129156433
12 0.14 5.5045 27.94 1.83333333333 11.0 0.0
12 0.16 1.5085 43.887217877094976 4.282119120653112 7.621210995542348 0.8586584124830393
12 0.16 10.0 30.36 1.83333333333 11.0 0.0
12 0.18 1.5085 46.43306719367589 4.372205488618595 7.716500161134386 0.8610736017337667
12 0.18 10.0 32.78 1.83333333333 11.0 0.0
12 0.2 6.004 35.2 1.83333333333 11.0 0.0
12 0.2 6.5035 35.2 1.83333333333 11.0 0.0
12 0.2 8.5015 35.2 1.83333333333 11.0 0.0
12 0.22 10.0 37.62 1.83333333333 11.0 0.0
12 0.26 0.5095 60.197537499999996 5.706126237625518 8.68907738095238 0.9322644883361781
12 0.26 1.009 57.73660070671378 5.093270383694911 8.134347826086955 0.909344574381289
12 0.26 2.5075 54.3712422907489 4.180053358445987 8.91254214430209 0.7634208658623136
12 0.28 4.5055 47.4925446985447 2.4304660429646523 10.94986765325152 0.0
12 0.28 8.002 45.46876377952756 1.9696212452604014 11.0 0.0
12 0.28 9.001 44.88 1.83333333333 11.0 0.0
12 0.3 0.5095 64.28706666666666 5.76309020436875 8.744001057082452 0.9337085355182563
12 0.3 1.009 62.0644 5.1652877307307765 8.348064353946707 0.9116184112843355
12 0.3 2.5075 59.129000000000005 4.332705479448746 9.05105708245243 0.7713717421124827
12 0.32 6.004 50.083243152599216 1.922363517792373 11.0 0.0
12 0.32 6.5035 51.065319818456885 2.16306858295838 11.0 0.0
12 0.32 8.5015 49.72 1.83333333333 11.0 0.0
12 0.36 6.004 56.79130824008138 2.414403187519482 11.0 0.0
12 0.36 6.5035 56.11280963855422 2.2377108433739856 11.0 0.0
12 0.36 8.5015 54.90974476190476 1.9244126984111867 11.0 0.0
12 0.38 3.007 67.82753333333334 4.439781453040733 10.197157996146435 0.6609641985353945
12 0.4 1.5085 72.09058510638297 5.150582990400817 8.498394097222222 0.8892116458388726
12 0.4 10.0 59.84323248158019 1.956453467104736 11.0 0.0
12 0.42 0.5095 76.73019166666667 5.953376365440974 8.86377508361204 0.9360363817784089
12 0.42 1.009 75.2513606557377 5.5079598804952505 8.673364779874214 0.9168520828136693
12 0.44 6.5035 66.04507784431138 2.37055888223294 11.0 0.0
12 0.46 4.006 75.03750943396227 4.09940476190675 10.939782498735457 0.0
12 0.48 5.005 72.63555389718076 2.972933941403549 11.0 0.0
12 0.5 1.009 83.45158528852251 5.669983719986921 8.780234634021934 0.9208744777819977
12 0.52 4.006 82.09272115384616 4.410121633360496 10.927588304296824 0.0
12 0.52 5.005 77.65031764097259 3.128582514229162 11.0 0.0
12 0.54 9.5005 76.34 1.83333333333 11.0 0.0
12 0.56 6.004 81.61080631578947 2.9131842105245793 11.0 0.0
12 0.56 6.5035 81.3439387163561 2.812097998617254 11.0 0.0
12 0.56 8.5015 79.79806666666667 2.226540404041342 11.0 0.0
12 0.58 5.005 86.98148809523809 3.9766733938777707 10.943255481410867 0.0
12 0.6 4.006 91.20269870609982 4.824911518658522 10.761456991555747 0.42348668280871643
12 0.64 4.006 95.58772781065089 4.9611300397493645 10.522298652909143 0.4882714154129565
12 0.66 7.5025 93.25319449541284 3.0064678899083863 11.0 0.0
12 0.66 8.002 92.87943117926251 2.8232505780669253 11.0 0.0
12 0.66 9.001 92.53269322098812 2.6532809906835197 11.0 0.0
12 0.68 1.5085 101.60059459459458 5.882639611513435 8.94009564097848 0.9036700959426656
12 0.68 10.0 94.4002653155228 2.416804851833128 11.0 0.0
12 0.7 9.5005 97.29048997772828 2.716938876517036 11.0 0.0
12 0.72 4.006 104.13141920374707 5.260464333781546 9.46173402868318 0.6599959200326396
12 0.76 2.008 109.26898023715415 5.940961646924933 8.973069743763787 0.8908370447995808
12 0.76 2.5075 109.02922916666667 5.821774563817147 8.984103134854386 0.8677327196254265
12 0.76 7.003 107.24439811701413 4.7700264375405075 10.840186019752613 0.0
12 0.84 4.5055 116.47517154811716 5.702875344354502 8.991396837349397 0.7882210927573061
12 0.86 0.01 123.14209756097561 6.5590972222234045 9.274119373776907 0.9497603617181613
12 0.86 3.007 118.84981374722838 6.064201762978757 9.120060240963856 0.8782186175653952
12 0.88 4.5055 120.53770451010887 5.935667798527293 9.017417218543045 0.8386387840061961
12 0.92 1.009 125.73384516129032 6.569024822696416 9.45030888030888 0.9323771655779608
12 0.96 0.5095 130.7352162162162 6.642880116961922 9.511051309651956 0.9401951989665936
12 0.96 2.008 128.9807942583732 6.615774084335957 9.575409299279633 0.925162767724844
12 0.96 2.5075 128.87597849462364 6.608694968555633 9.582408005164622 0.9217878930079775
12 0.96 7.003 128.24105867014342 6.331160551649108 9.427590673575128 0.8932423776582116
12 0.98 0.5095 132.83830379746837 6.664890939600613 9.53217420661715 0.9401006289308176
12 0.98 1.009 131.89051700680272 6.704981084491082 9.580320890635232 0.9348996172174049
12 0.98 2.5075 130.88944186046513 6.719154228856955 9.639196716505424 0.9269727906059676
12 1.0 10.0 132.0 6.825785907856047 9.702642174131856 0.9304353270169873
12 1.02 0.5095 136.09993749999998 6.7139218009493105 9.565780084333442 0.9402766331028057
12 1.02 1.009 135.0664125 6.781721958924481 9.668970302525672 0.935439262472885
12 1.06 0.01 144.74944736842104 6.555272952854703 9.29596391263058 0.9496966770289439
12 1.06 3.007 137.9583112840467 7.138482269506316 9.856253252385082 0.9249132765689057
12 1.1 7.5025 141.26883130081302 8.443445878846932 10.683678117289809 0.8703159041394335
12 1.1 8.002 141.2 8.66666666667 11.0 1.0
12 1.12 1.5085 144.4332 7.150045454548455 9.845923198316676 0.9275442333608659
12 1.12 10.0 142.40143032786884 9.32127514953494 10.895182692912396 0.7223554889222055
12 1.14 5.5045 144.90286666666665 8.469348823866284 10.715871121718378 0.865945467706909
12 1.18 1.5085 149.96607159904534 7.346941896021403 9.916383442265795 0.9225834920340006
12 1.18 3.5065 149.02719811320756 8.18166273585179 10.522298652909143 0.887998118406021
12 1.18 9.5005 146.52138170347004 9.969782575408981 10.939754202060366 0.2512578616352198
12 1.2 0.01 160.474 6.564085894406325 9.282010582010582 0.9495627175064306
12 1.22 7.5025 149.93621901528013 9.915277777776083 10.93557153349569 0.36962934947049897
12 1.24 4.5055 153.16290291262138 9.114742424244719 10.862551542140855 0.7797700845665961
12 1.26 5.5045 153.82537648131267 9.694035674472696 10.922687633361166 0.5763345195729536
12 1.28 0.5095 161.8138857142857 7.028747906198229 9.758640776699028 0.9343638010475328
12 1.28 1.009 160.09087804878047 7.3945940432455455 9.90756977727657 0.9226661098737936
12 1.28 2.5075 158.22006973848067 8.313649550331077 10.631179464483292 0.8778884899992673
12 1.32 5.5045 157.59982808902532 9.981233835386815 10.942238780107434 0.15695498229640834
12 1.34 1.5085 164.63840655105972 7.891329365077191 10.304672507300792 0.904163072853775
12 1.34 3.5065 161.50436208530806 9.290724751437407 10.888671431434107 0.7369476010101009
12 1.34 9.5005 156.06758278688523 10.810174749520558 11.0 0.0
12 1.36 6.004 159.5285636208369 10.376350427325697 10.948539582561443 0.0
12 1.36 6.5035 159.0 10.63590211836173 11.0 0.0
12 1.36 8.5015 157.75261556195966 10.767987924402748 10.94999399939994 0.0
12 1.4 4.5055 163.9578026449644 10.143079752254708 10.943520840393088 0.07559622850804175
12 1.42 10.0 160.90721166224915 10.965625128896313 11.0 0.0
12 1.44 0.5095 177.05115789473683 7.2012646281635195 9.851988140913846 0.9296305678699599
12 1.44 1.009 174.6655864978903 7.732145550528617 10.151374745417515 0.911468182301073
12 1.46 2.008 173.5546495098039 8.791227286265851 10.8118848758465 0.8310662882627203
12 1.46 7.003 164.67625056433408 10.836212657199948 11.0 0.0
12 1.5 1.5085 178.26500559910414 8.42362018881474 10.676243201243201 0.8698805527363572
12 1.5 3.5065 172.1686574074074 9.984713855421381 10.94084891933137 0.21530131826741963
12 1.52 5.005 170.36528689492326 10.710961820867304 10.949793656053258 0.0
12 1.54 0.01 198.34306666666666 6.544234116624035 9.327008310249306 0.9493988706053798
12 1.54 3.007 175.9021741935484 9.946576650298987 10.936178441508712 0.3701058201058198
12 1.58 0.5095 190.31611019283744 7.380651340993781 9.91827160493827 0.9254406370224568
12 1.58 2.008 182.5102368082368 9.294576719574936 10.890442384802471 0.7419969040247677
12 1.58 2.5075 180.40595533980581 9.67774433935514 10.925603713788332 0.5616254602840608
12 1.58 7.003 171.37393327085286 10.983525097361433 11.0 0.0
12 1.6 4.5055 176.23993472584857 10.611183742462648 10.94990231146112 0.0
12 1.6 9.001 171.93020430400435 10.990630305481536 11.0 0.0
12 1.62 2.008 185.38569689440993 9.3557142857114 10.895941811824937 0.7130337465564737
12 1.62 7.003 174.48828046344386 10.823901860175033 11.0 0.0
12 1.66 4.006 180.58666153846156 10.944949795206323 10.949888755261576 0.0
12 1.68 6.004 178.48962935323382 10.968401395360154 11.0 0.0
12 1.68 6.5035 177.86601305182342 10.984565020092855 11.0 0.0
12 1.72 5.5045 181.47657788110263 10.956892716730463 11.0 0.0
12 1.74 7.5025 181.4526659095602 10.988253411138832 11.0 0.0
12 1.74 8.002 181.7619194570136 10.980677286213906 11.0 0.0
12 1.74 9.001 180.84 11.0 11.0 0.0
12 1.78 5.005 184.91351714419915 10.96897315610534 11.0 0.0
12 1.84 10.0 187.44 11.0 11.0 0.0
12 1.86 3.5065 193.67034445118253 10.792428704641155 10.949861620841105 0.0
12 1.86 9.5005 188.76 11.0 11.0 0.0
12 1.88 4.006 193.28468852459017 10.79272767137598 11.0 0.0
12 1.88 5.005 191.07887078360147 10.987516477917092 11.0 0.0
12 1.9 7.5025 191.4 11.0 11.0 0.0
12 1.9 8.002 191.4 11.0 11.0 0.0
12 1.9 9.001 191.4 10.991514957132724 11.0 0.0
12 1.92 1.5085 209.14945123966942 9.57799882110383 10.919381832253071 0.6124854684956985
12 1.92 3.5065 197.0732860391087 10.787418732767401 11.0 0.0
12 1.94 2.008 206.36418418201515 10.254902545741874 10.944847782925216 0.0
12 1.94 2.5075 202.36793536121672 10.640581553096952 10.949530644379845 0.0
12 1.94 7.003 194.04 11.0 11.0 0.0
12 1.96 1.5085 212.1594 9.611983093445238 10.923549378468877 0.5741696474195195
12 1.96 10.0 195.36 11.0 11.0 0.0
12 1.98 0.01 246.76855319148936 6.563738207548445 9.316442173711101 0.9490757432246631
12 1.98 3.007 202.9373570504528 10.671171434162686 11.0 0.0
12 2.0 9.5005 198.0 11.0 11.0 0.0
14 0.0 0.5095 41.49002976190476 5.92714710884208 9.268149368478857 0.9101993534482758
14 0.0 1.009 31.55620347394541 4.508029067706648 7.775097626914989 0.8038253295668549
14 0.0 2.5075 16.811632183908046 2.4016617405563254 5.269661190965092 0.0
14 0.02 0.5095 44.87023880597015 5.982922233641316 9.372463768115942 0.9127564907872696
14 0.02 1.009 36.18114666666666 4.672202106652555 7.929857274401473 0.8282283829743378
14 0.02 2.5075 24.14080487804878 2.780497287523579 6.047892190739461 0.0
14 0.08 0.01 63.23933234859675 7.528229937393848 10.774080694586312 0.9495596646793572
14 0.1 1.5085 47.62933774834437 4.449377378068859 7.943299198575245 0.8175478927203065
14 0.1 10.0 29.9 1.85714285714 13.0 0.0
14 0.12 5.005 37.74203891050583 2.3259854014563737 12.899915931063472 0.0
14 0.16 4.5055 44.85439713774598 2.4648307971830348 12.93914043671949 0.0
14 0.16 8.002 40.04 1.85714285714 13.0 0.0
14 0.16 9.001 40.04 1.85714285714 13.0 0.0
14 0.18 4.5055 45.74292083127165 2.248685233616001 12.949435713852315 0.0
14 0.18 9.001 43.42 1.85714285714 13.0 0.0
14 0.22 4.5055 52.767948398576515 2.331126080321991 13.0 0.0
14 0.22 9.001 50.80574916943522 1.971748932130427 13.0 0.0
14 0.24 0.5095 78.61598826979471 6.4523736933788385 9.82123828317711 0.9302781844802342
14 0.24 2.008 71.18704347826088 4.855482652348354 8.87076777847703 0.8232743081327536
14 0.24 2.5075 69.9324827586207 4.57917179803114 11.730804077010191 0.7317399002092386
14 0.24 7.003 54.26991530584002 1.9905855838043272 13.0 0.0
14 0.26 6.004 59.579024999999994 2.366607142854475 13.0 0.0
14 0.26 6.5035 57.647473832684824 1.993720817120497 13.0 0.0
14 0.26 8.5015 56.94 1.85714285714 13.0 0.0
14 0.28 3.007 75.58741176470588 4.48118799603137 12.849914452949122 0.4556825604180272
14 0.3 6.004 66.30965997959878 2.3897265264465246 13.0 0.0
14 0.3 6.5035 64.3654351439399 1.9929459477426952 13.0 0.0
14 0.3 8.5015 64.4 2.0 13.0 0.0
14 0.32 5.5045 70.28244827586207 2.5299261083749824 13.0 0.0
14 0.38 5.005 80.6827374443738 2.6550086277390004 13.0 0.0
14 0.4 4.5055 85.89725 3.097261524420019 12.949284931840312 0.0
14 0.4 9.001 81.14855599567879 1.987751427542324 13.0 0.0
14 0.42 6.004 85.88612634408602 2.326632104451218 13.0 0.0
14 0.42 6.5035 85.892287642345 2.3281496655987803 13.0 0.0
14 0.46 10.0 90.74 1.85714285714 13.0 0.0
14 0.48 1.5085 110.15636866359446 6.021831589779205 9.751231367465975 0.8928098269985207
14 0.48 3.5065 107.06459842519685 5.176788852624811 12.62562893081761 0.4923240938166309
14 0.5 6.5035 100.4617319378798 2.7033519822554415 13.0 0.0
14 0.5 9.5005 97.5 1.85714285714 13.0 0.0
14 0.52 1.5085 116.20547432024169 6.155798319329941 9.833973527121723 0.8953800765802523
14 0.52 10.0 101.28669833119383 1.9781840271405868 13.0 0.0
14 0.56 5.5045 112.01489707750953 3.277563986200515 13.0 0.0
14 0.58 1.5085 124.8717375328084 6.3556431663545645 9.934800343495063 0.8992321644498186
14 0.58 3.5065 122.34460206185567 5.504852160727921 11.27211634904714 0.5922945205479451
14 0.58 10.0 112.1704515672873 2.2484529140408758 13.0 0.0
14 0.6 1.5085 127.63349726775955 6.398191504273864 9.933127921801955 0.9001018940302086
14 0.6 10.0 115.97534862385321 2.4197673656602565 13.0 0.0
14 0.64 1.5085 133.50167032967033 6.548803693858539 10.003113685734974 0.9023837413611339
14 0.64 10.0 122.91932303370785 2.555286918139147 13.0 0.0
14 0.66 0.01 138.7552142857143 7.538052612350048 10.794901765729918 0.9498027286690961
14 0.66 3.007 134.73520765832106 5.983915574963288 9.896567692726776 0.7660443571027512
14 0.68 4.5055 136.59002727272727 5.608530432042537 10.461632653061223 0.4871069182389934
14 0.68 8.002 130.72569848584595 3.1096868240405646 13.0 0.0
14 0.68 9.001 129.86733130699088 2.7264871906246047 13.0 0.0
14 0.72 1.5085 144.77776923076922 6.776488773186988 10.362986381322957 0.9104935288115568
14 0.72 10.0 136.7207963963964 2.8983655083634754 13.0 0.0
14 0.78 0.5095 154.0595277777778 7.369674502709871 10.689591296677447 0.9406636049699171
14 0.78 2.008 152.79760000000002 6.792533866995448 10.416024436090225 0.8989878787878788
14 0.78 2.5075 152.48941714285715 6.637190327847277 10.2392483056069 0.8737444133020226
14 0.82 0.5095 159.48906024096385 7.399197608556825 10.74283029001074 0.9411579876434245
14 0.82 2.008 158.3673097345133 6.9582710779073835 10.504509394572025 0.9037924266912952
14 0.82 2.5075 158.07554954954955 6.801416641813231 10.441947743467933 0.8862165483342436
14 0.84 3.007 160.6884399185336 6.761793279186493 10.438507877664504 0.8725667099931187
14 0.88 3.007 166.2523909090909 7.00101903480102 10.540356871678055 0.8938948306595365
14 0.9 4.006 168.75304285714284 6.9367370129857475 10.575696898311739 0.8796432697862506
14 0.9 5.005 168.56709227467812 6.742416326533491 10.400046019328117 0.8542329893300682
14 0.92 6.5035 171.2537149700599 6.742908468779587 10.43975011568718 0.8455472152719858
14 0.94 0.5095 176.0226 7.602429401995404 10.84811423588402 0.9424263359701543
14 0.94 1.009 175.35742222222223 7.552185714286758 10.835386313465783 0.9368865495304453
14 0.94 2.5075 174.54017142857143 7.421042667830079 10.821685861308502 0.9226338021631156
14 0.96 6.004 176.74849006622514 7.226947335224134 10.72556786703601 0.9066431412087604
14 0.96 8.5015 176.69040291262135 7.035766296810701 10.660899315738025 0.8898632128460979
14 0.98 6.004 179.41295577395576 7.508904469763544 10.860975609756098 0.9228057987124264
14 0.98 6.5035 179.40771574903968 7.47825214376895 10.837729015764806 0.9221968070208196
14 0.98 8.5015 179.39343160127254 7.380290865018057 10.804498436372384 0.9175023511359699
14 1.0 4.5055 182.0 7.7919459811263385 10.965883333333334 0.9360682777138473
14 1.02 6.004 184.75469253731342 8.090928906775796 11.251154618473896 0.9319436504695794
14 1.02 6.5035 184.74861694915253 8.117911138539847 11.29517141477547 0.9320933833116036
14 1.02 8.5015 184.73836894824709 8.227520737325813 11.349469312413474 0.9305078385590393
14 1.04 0.5095 189.65356140350877 7.729375661379192 10.893787849189295 0.9424482044198895
14 1.04 1.009 188.5986940874036 7.835926917623027 10.967716925107226 0.9388052577470994
14 1.04 2.5075 187.5564811594203 8.03606461658305 11.202002164502163 0.9333719768139116
14 1.06 1.009 191.3641924198251 7.873658008655482 10.974694977024242 0.9380478013604431
14 1.08 4.5055 192.73472201257863 8.731840899628564 11.738313643734074 0.9196925893803604
14 1.1 0.01 201.97535714285715 7.559815354714511 10.784510193933366 0.9497330880357089
14 1.12 4.5055 197.68765509518477 9.24803097709432 11.946345536287733 0.9027085400735508
14 1.12 8.002 196.77033714285713 10.268041370387094 12.701575649059983 0.8219337606837606
14 1.12 9.001 196.45472911392406 10.624941303942693 12.810516143701683 0.7757400430570505
14 1.16 0.5095 206.04092307692306 7.924690663665536 10.993341459698309 0.9398759063525847
14 1.16 2.008 203.6476472545757 8.657709170627925 11.712062356248403 0.9237312954743055
14 1.16 2.5075 203.36328744939271 8.847860360357966 11.811368052856588 0.9168562306694602
14 1.16 7.003 201.14809513960702 10.66509281678726 12.831322740613299 0.7592865395725014
14 1.18 7.5025 202.85975725026853 11.121899466733495 12.89430528251633 0.6332086267605632
14 1.18 8.002 202.5799216152019 11.303334648767636 12.910387655250283 0.555901945110578
14 1.2 0.5095 211.32863468634687 7.997485029940069 11.065426829268292 0.9390736949846469
14 1.2 1.009 209.89777251184836 8.288152783767883 11.448381941669997 0.9317513615331067
14 1.2 2.5075 208.365360094451 9.116300169155025 11.902397310334747 0.9077336138175376
14 1.26 4.006 213.4967169811321 10.536207411820543 12.78811339944063 0.7924408468244084
14 1.28 6.004 212.87335348837212 11.638078363867095 12.935516694393934 0.2502474134053078
14 1.28 6.5035 212.4040488888889 11.845371887248875 12.94220472987031 0.0
14 1.28 8.5015 210.87155505617977 12.304374453184662 12.949420369021608 0.0
14 1.3 2.008 220.97971553610503 9.372807991118433 11.987498588368153 0.8953735091023226
14 1.3 7.003 213.55647900763358 12.25307103610552 12.947328003033846 0.0
14 1.32 4.006 219.37467092651758 10.977044665302657 12.880067640497948 0.6660589060308554
14 1.34 7.5025 216.53966564885496 12.427964639959393 12.949651089025163 0.0
14 1.34 8.002 216.2236417266187 12.685706273541486 12.949773987463837 0.0
14 1.34 9.001 215.5081768569985 12.71490868750337 12.949923384310308 0.0
14 1.36 5.5045 220.41870040816326 12.031855353957933 12.944829526646807 0.0
14 1.38 2.008 230.20520102432778 9.86271428571154 12.504695393759286 0.8673643164093585
14 1.38 7.003 220.37503249630723 12.653049000176063 12.949838986366508 0.0
14 1.42 4.5055 227.3391335149864 12.084643734669127 12.943189719817301 0.0
14 1.44 6.004 226.10217614269789 12.561429421912887 12.949917365305447 0.0
14 1.44 6.5035 225.69608680555555 12.618506981725616 12.949959467979705 0.0
14 1.44 8.5015 224.10932542218166 12.800801162848991 13.0 0.0
14 1.48 5.005 230.9556148796499 12.37775768536595 12.949641961507085 0.0
14 1.5 7.5025 228.4799948533196 12.975824956841159 13.0 0.0
14 1.5 8.002 228.66770072992702 12.978235831803342 13.0 0.0
14 1.5 9.001 229.1873106060606 12.98008864357991 13.0 0.0
14 1.52 3.5065 238.34975342465754 11.718288982272256 12.940330087355004 0.043226176808265945
14 1.52 9.5005 230.6019493102342 12.944897014563427 13.0 0.0
14 1.56 4.006 240.3880782396088 12.368891671070235 12.948260019246888 0.0
14 1.56 5.005 238.29420746887968 12.630536153951274 12.949968480773272 0.0
14 1.58 6.004 237.42406825232678 12.955923731937906 13.0 0.0
14 1.58 6.5035 237.80374431818183 12.802757292937194 13.0 0.0
14 1.58 8.5015 235.8473838028169 12.990157496586688 13.0 0.0
14 1.6 3.007 247.21454022988507 11.923784355156839 12.9406022808268 0.0
14 1.64 4.006 247.1104237037037 12.506959502548236 12.949651089025163 0.0
14 1.64 5.005 244.57455542857144 12.806179672188879 13.0 0.0
14 1.7 2.008 262.40506944444445 11.310845481042815 12.907692733717324 0.5740608228980321
14 1.7 7.003 247.3622176360225 12.93602901663852 13.0 0.0
14 1.74 0.01 296.9492 7.576867413633657 10.808726823238565 0.9494096220974351
14 1.74 3.007 258.92357737321197 12.22895091199275 12.948784684878468 0.0
14 1.78 3.5065 259.83826416861825 12.6411314611238 12.949969982589902 0.0
14 1.78 9.5005 253.71443940562136 12.950395833318451 13.0 0.0
14 1.8 0.5095 289.6600421052632 8.850381060480698 11.810827767658369 0.9188716900311527
14 1.8 1.009 282.7270288248337 9.970624465354417 12.563004719454641 0.8608880727819046
14 1.8 2.5075 267.32029292107404 11.960286702904547 12.94501154734411 0.0
14 1.84 4.5055 261.61447831474595 12.974928924916139 13.0 0.0
14 1.86 7.5025 260.26 12.992570519218939 13.0 0.0
14 1.88 1.5085 284.12654643337817 11.12691594123973 12.889446802865482 0.6413384979556702
14 1.88 10.0 262.08 13.0 13.0 0.0
14 1.9 0.01 320.15110169491527 7.579951045840495 10.79681589657649 0.9492694953430328
14 1.9 3.007 272.4369587194608 12.591586867282539 12.949965476869503 0.0
14 1.92 7.5025 266.58947396863056 12.920261218998181 13.0 0.0
14 1.92 8.002 265.72 13.0 13.0 0.0
14 1.92 9.001 265.72 13.0 13.0 0.0
14 1.96 4.5055 271.2651387751546 12.96739249519701 13.0 0.0
14 1.96 8.002 269.36 13.0 13.0 0.0
14 1.96 9.001 269.36 13.0 13.0 0.0
14 1.98 1.009 301.7934368932039 10.313242840583278 12.744017816003685 0.8122874197544768
16 0.0 6.004 15.0 1.875 4.830539772727272 0.0
16 0.0 6.5035 15.0 1.875 4.3058309037900875 0.0
16 0.0 8.5015 15.0 1.875 4.164979959919839 0.0
16 0.02 6.004 23.626764378478665 2.0650308025308024 7.358876050420168 0.0
16 0.02 6.5035 21.96822336517267 1.9637421684650191 8.693072360616844 0.0
16 0.02 8.5015 20.76 1.875 10.0 0.0
16 0.04 4.006 33.490811881188115 2.68614028002154 8.84639175257732 0.0
16 0.06 2.008 46.45470731707317 3.979850260416667 7.890023142195937 0.6254606741573032
16 0.06 2.5075 43.92612121212121 3.569769575856444 7.873399668325042 0.4429478609625666
16 0.06 7.003 28.5 1.875 15.0 0.0
16 0.08 0.5095 70.69332701421801 6.889173387096774 10.728938802083333 0.9189466517531488
16 0.08 1.009 61.433647058823524 5.612202380952381 9.43707758210376 0.8670044685604851
16 0.08 2.5075 50.01172 3.794247685185185 8.427251597908192 0.5080578512396692
16 0.1 4.5055 43.24189674523008 2.366374478623566 14.909678643039072 0.0
16 0.1 9.001 37.5 1.875 15.0 0.0
16 0.12 1.5085 66.28897674418604 5.087727014755959 8.990496070726916 0.8251835535976504
16 0.12 3.5065 57.18548571428571 3.3893007202881154 14.76162757437071 0.0
16 0.12 9.5005 42.0 1.875 15.0 0.0
16 0.14 2.008 68.51529523809523 4.735175540123457 9.051101694915253 0.7686745315752949
16 0.14 7.003 46.5 1.875 15.0 0.0
16 0.16 3.007 70.00054736842105 4.221024072612471 12.938636363636363 0.45903927296332336
16 0.18 3.007 75.135248 4.386506622516556 13.767177419354837 0.5125182801988883
16 0.22 3.007 84.50573846153846 4.614287190082645 14.84588996763754 0.32385395537525324
16 0.24 6.004 71.05003330333034 2.212176530153015 15.0 0.0
16 0.24 8.5015 69.0 1.875 15.0 0.0
16 0.26 5.5045 75.73107659873507 2.2518710470836263 15.0 0.0
16 0.28 5.005 78.0 1.875 15.0 0.0
16 0.3 5.5045 83.38935000000001 2.0338125 15.0 0.0
16 0.34 2.008 113.94725443786982 5.838945507487521 10.077818448023425 0.8330461785034557
16 0.34 2.5075 112.62401526717558 5.552764730999146 10.493328748280605 0.7611493264545715
16 0.34 7.003 92.16 2.0 15.0 0.0
16 0.38 3.5065 113.03195652173913 4.22302807486631 14.944855082053996 0.0
16 0.38 9.5005 100.5 1.875 15.0 0.0
16 0.4 3.007 123.93935849056604 5.527661453077699 14.695301645338208 0.5586069915254236
16 0.46 4.5055 125.27861784287616 3.444124500665779 15.0 0.0
16 0.48 7.5025 124.28407386182745 2.1836716014008277 15.0 0.0
16 0.48 8.002 123.52 2.0 15.0 0.0
16 0.48 9.001 123.2807167310878 1.9424799834345665 15.0 0.0
16 0.52 4.5055 139.63386968838526 3.862986898016997 14.949998499985 0.0
16 0.52 8.002 133.77905633802817 2.338295921361502 15.0 0.0
16 0.52 9.001 133.41780684973773 2.2442205337858687 15.0 0.0
16 0.58 7.5025 148.2600307835821 2.6964377332089553 15.0 0.0
16 0.58 8.002 147.9121377506539 2.5928981400755595 15.0 0.0
16 0.58 9.001 147.13387002992732 2.3612708422402737 15.0 0.0
16 0.6 4.5055 162.97750957854407 5.781457948243992 14.786265709156194 1.799640071981238E-4
16 0.6 8.002 152.78690945877594 2.745909205867476 15.0 0.0
16 0.6 9.001 152.11389221556885 2.5355913173652693 15.0 0.0
16 0.62 0.5095 173.49059836065575 8.001595279720279 11.792010163749294 0.9391471028515097
16 0.62 2.008 170.36866666666666 6.882799295774648 10.962575 0.868701748857728
16 0.62 2.5075 169.66121505376344 6.649204681872749 10.918559782608696 0.823666948793906
16 0.62 7.003 158.8499947089947 3.305919312169312 15.0 0.0
16 0.64 4.5055 171.07963636363638 5.905071626617375 14.83775917453519 0.07044060234244243
16 0.64 8.002 162.51549974580578 3.0956596339603455 15.0 0.0
16 0.64 9.001 161.44585355648536 2.7242547071129706 15.0 0.0
16 0.66 1.009 179.80173892773894 7.69237034574468 11.589904229848363 0.9254306295020357
16 0.68 3.007 180.7418013245033 6.6715473506200675 10.931614839061647 0.7865121045215832
16 0.72 4.5055 187.3276010230179 6.368576035302104 11.085220125786163 0.5550720768820073
16 0.72 8.002 181.24388514851483 3.7695915841584156 15.0 0.0
16 0.72 9.001 180.34816994492527 3.3697187254130605 15.0 0.0
16 0.74 0.5095 195.1058181818182 8.188994956772333 11.915192693250168 0.9411704493311214
16 0.74 2.008 193.4089702970297 7.39019798136646 11.461572265625 0.8941105463786531
16 0.74 2.5075 192.8864 7.161601610904585 11.20314620604565 0.8641867666232073
16 0.76 5.5045 194.63088 6.304332890070922 11.681253804017041 0.4030444126074496
16 0.78 6.004 198.3751943127962 6.284517707362535 10.858393895348836 0.3463921568627448
16 0.78 6.5035 198.3385993485342 6.247099395313681 11.887680703959774 0.2040592168099328
16 0.78 8.5015 196.8755472263868 5.47858442503639 14.933719080569475 0.0
16 0.8 2.008 204.49352459016393 7.649484732824427 11.689387613082811 0.9030988372093023
16 0.8 2.5075 204.1439491916859 7.456999449944995 11.501296896711441 0.8838860248014491
16 0.8 7.003 202.0226569037657 6.241827868852459 11.528383458646616 0.148339294839039
16 0.82 6.004 206.3336732026144 6.579341385597083 10.930769230769231 0.5790098509724676
16 0.82 6.5035 206.15741420118343 6.47146897810219 10.998795798104023 0.4760452687834012
16 0.82 8.5015 205.60684272997034 6.098978276877761 14.687356968673795 0.0
16 0.84 5.005 210.6500532081377 6.974988015340364 10.990054406964092 0.7593907896636349
16 0.86 3.5065 214.9482243902439 7.501660714285714 11.610478087649403 0.8733895472500759
16 0.86 9.5005 213.49099915754002 6.320692923336141 11.750044052863435 0.2485572587917039
16 0.88 5.005 218.36427953410984 7.34572818086225 11.363504043126683 0.835906271536871
16 0.9 1.5085 222.99316091954023 8.277955212922173 11.968741216623169 0.9303655734280343
16 0.9 10.0 221.35795081967214 6.695089285714285 11.220674578388508 0.6207736063708759
16 0.94 6.004 229.3767975308642 7.83266029593095 11.77569550596148 0.8927477477477477
16 0.94 6.5035 229.3603275039746 7.740146454265159 11.729903846153846 0.8862087799549395
16 0.94 8.5015 229.2094818181818 7.513314393939393 11.489133363268971 0.8566402890073972
16 0.96 5.5045 233.01637366003064 8.157216692189893 11.931272420341845 0.9158657243816254
16 0.98 5.5045 236.55436863823934 8.446062585969738 12.182102776137034 0.9301408332634755
16 1.04 6.004 247.17396541786744 9.507979166666667 12.921315315315315 0.9302869332441024
16 1.04 6.5035 247.15113128834355 9.594314814814815 12.959808048493013 0.929010137149672
16 1.04 8.5015 247.08442071197413 9.802523847376788 13.131463273568537 0.9240925445188323
16 1.06 3.5065 250.811523364486 9.41258576329331 12.870894213909994 0.9320712422562765
16 1.06 9.5005 250.27009731543623 10.61416908563135 13.78462634901242 0.900909631391201
16 1.1 0.5095 259.9602727272727 8.84205383480826 12.51268448344635 0.9431412683792174
16 1.1 1.009 259.0324535315985 9.050019592476488 12.668390452876377 0.9392025972131027
16 1.12 3.007 261.23013684210525 9.867375319693094 13.256902699949057 0.9219015041469472
16 1.14 7.003 262.407444646098 11.820982676224611 14.617378328741966 0.813630772671363
16 1.16 6.004 265.73847989623863 11.698826219512195 14.491083969465649 0.8221048137474649
16 1.16 6.5035 265.47736692913384 11.974037356321839 14.670547539039335 0.7959975520195838
16 1.16 8.5015 264.1760249221184 12.810920626349892 14.8757584793142 0.603826955074875
16 1.18 0.01 278.77206896551724 8.55221440397351 12.10928927680798 0.9497482437362438
16 1.2 6.004 271.00148020654046 12.413554852320676 14.81077429609446 0.7171249151391716
16 1.2 6.5035 270.5573487773488 12.604418001885014 14.855771893388717 0.6624063196273039
16 1.2 8.5015 268.8973883928571 13.368122568093385 14.927173818054706 0.21567058823529378
16 1.22 0.5095 281.41479704797047 9.04393436578171 12.66947401377583 0.9406636049699171
16 1.22 2.008 278.4621857142857 10.200209284627093 13.566055646481178 0.9145369705671212
16 1.22 2.5075 277.81523308270675 10.564672312223859 13.77276273022752 0.903881199538639
16 1.24 5.005 277.2083529411765 12.380073302469135 14.806332791075993 0.7241019698725375
16 1.26 10.0 274.71448761609906 14.39265610217597 14.949635874656272 0.0
16 1.28 5.5045 281.4270291715286 13.17386638452237 14.912997859790154 0.43386548913043455
16 1.3 4.5055 285.4871336760926 12.729752358490567 14.869021611001966 0.6267189249720043
16 1.32 7.003 283.75844824775874 14.007950852965068 14.9475418607579 0.0
16 1.34 0.01 309.27627027027023 8.617770457697642 12.195959021058622 0.949594749894151
16 1.4 5.005 295.6414534883721 13.840495616171456 14.945289522058824 0.0
16 1.42 3.007 304.58236438356164 12.546290650406505 14.844335481460726 0.6781811160455685
16 1.48 1.5085 320.2896182136602 11.098317988668555 13.944770755885997 0.877637471551281
16 1.48 3.5065 309.51050569476087 13.502231494920174 14.927673147023086 0.19366231253023672
16 1.48 10.0 298.99057058185764 14.937304393620222 15.0 0.0
16 1.5 0.01 339.69793577981653 8.596915584415584 12.14234068627451 0.9496252191259142
16 1.5 3.007 314.4635629709365 13.001163116591929 14.894911727616645 0.5052834669041256
16 1.52 7.5025 304.9303957123716 14.74591566298496 15.0 0.0
16 1.52 8.002 304.19870042194094 14.909062636403318 15.0 0.0
16 1.54 3.5065 316.6653596138375 13.675839301700984 14.939162651481968 0.0
16 1.54 9.5005 304.8 14.99358468052348 15.0 0.0
16 1.56 1.5085 331.60313294797686 11.4884375 14.331716118684843 0.8487293519695044
16 1.56 10.0 307.2 15.0 15.0 0.0
16 1.58 5.5045 314.2623608510638 14.824786093034467 15.0 0.0
16 1.6 5.005 316.64079069767445 14.639710164107994 15.0 0.0
16 1.64 1.5085 342.87273130193904 11.790168338108883 14.595853540252183 0.8144813000890471
16 1.64 10.0 317.4023530740453 14.9583325 15.0 0.0
16 1.66 4.5055 325.567114934618 14.829321968866477 15.0 0.0
16 1.72 7.003 326.93823326264766 14.992206437976957 15.0 0.0
16 1.74 1.009 363.3808755622189 11.19829295154185 13.969238410596027 0.8719695805807343
16 1.76 2.008 352.7610942812983 13.18738810741688 14.908533640654154 0.4723963279518833
16 1.76 2.5075 347.6460632911393 13.689402173913043 14.94009847613571 0.0
16 1.76 7.003 331.2 15.0 15.0 0.0
16 1.78 7.5025 333.6 15.0 15.0 0.0
16 1.8 6.004 337.5218108250748 14.862203642282415 15.0 0.0
16 1.8 6.5035 336.7169194342327 14.987946919294187 15.0 0.0
16 1.8 8.5015 336.0 15.0 15.0 0.0
16 1.82 0.5095 384.11979632721204 10.120166015625 13.470522674865489 0.9192803177063154
16 1.82 2.008 359.1589859514687 13.302307524059492 14.922984150455154 0.29167020824479356
16 1.82 2.5075 354.0493143564357 14.052287485242031 14.945109340007903 0.0
16 1.84 3.007 351.7153501078361 14.503732537834692 14.949320400158117 0.0
16 1.86 0.01 408.27584210526317 8.594415266106443 12.161182669789227 0.9493573577223421
16 1.88 4.5055 349.1719583077866 14.97225496071381 15.0 0.0
16 1.88 8.002 345.6 15.0 15.0 0.0
16 1.88 9.001 345.6 15.0 15.0 0.0
16 1.9 1.009 385.9425493421053 11.656906847133758 14.484632034632034 0.8343240556660039
16 1.92 0.01 419.711462184874 8.616612787356322 12.200284252416145 0.9494050148746281
16 1.94 5.5045 352.8 15.0 15.0 0.0
16 1.96 0.01 428.25810256410256 8.573825115562403 12.19597902097902 0.9493080689802001
16 1.96 3.007 364.0522335766423 14.675513943510904 15.0 0.0
16 1.98 9.5005 357.6 15.0 15.0 0.0
18 0.0 5.5045 17.178560867422377 1.9087289852700655 4.753081481481481 0.0
18 0.02 5.5045 28.75305042016807 2.1642842567068565 7.608755868544601 0.0
18 0.04 1.5085 54.422639999999994 4.697810990341186 8.846328822343795 0.7093809938971228
18 0.04 10.0 28.56 1.88888888889 17.0 0.0
18 0.06 6.004 35.269343350383636 1.9703981955103842 16.733583759590793 0.0
18 0.06 8.5015 34.34 1.88888888889 17.0 0.0
18 0.08 6.004 40.12 1.88888888889 17.0 0.0
18 0.08 6.5035 40.12 1.88888888889 17.0 0.0
18 0.08 8.5015 40.12 1.88888888889 17.0 0.0
18 0.1 3.007 67.29588235294118 4.008498896247156 13.020561797752809 0.2740853658536582
18 0.12 7.5025 51.68 1.88888888889 17.0 0.0
18 0.12 8.002 51.68 1.88888888889 17.0 0.0
18 0.12 9.001 51.68 1.88888888889 17.0 0.0
18 0.16 5.005 64.70712221008273 2.082952673290536 17.0 0.0
18 0.18 5.005 73.90958045492839 2.5273893101210714 16.949984995798825 0.0
18 0.2 2.008 103.89446280991736 5.6236384571137235 10.528349514563107 0.7935975232198141
18 0.2 2.5075 101.97441095890412 5.274342032813026 10.500880758807588 0.7192689910729323
18 0.2 7.003 74.8 1.88888888889 17.0 0.0
18 0.22 5.005 84.07272368421053 2.3864278752398005 17.0 0.0
18 0.24 5.5045 86.36 1.88888888889 17.0 0.0
18 0.28 3.5065 107.60299176276772 3.3831777411640247 16.949992499024873 0.0
18 0.28 9.5005 97.92 1.88888888889 17.0 0.0
18 0.32 2.008 137.90332258064515 6.2527908805006165 11.3451871657754 0.8221237993596584
18 0.36 2.008 148.91900917431192 6.473817082386416 11.214186046511628 0.8253484229278004
18 0.36 2.5075 147.1239277108434 6.11784090908973 11.209190887666928 0.7444103665082041
18 0.38 7.5025 129.75135246455096 2.4142208717791878 17.0 0.0
18 0.38 8.002 127.32445107905625 1.979292308074803 17.0 0.0
18 0.4 5.005 138.45221800947866 2.9726329647185463 17.0 0.0
18 0.44 2.008 169.96645544554457 6.781491670489729 11.515297297297296 0.8395089070775156
18 0.44 2.5075 168.64915151515152 6.493316976281741 11.463161169881767 0.7659129213483145
18 0.46 3.007 172.69799999999995 6.307781367794445 11.709616368286445 0.6579022988505746
18 0.48 0.01 192.09537827715357 9.59403073286458 13.699932546374367 0.9497618760549795
18 0.52 0.01 200.82465271966527 9.573807939680465 13.656311018131102 0.9497997048281678
18 0.52 3.007 188.4523187250996 6.5699500624262726 11.945614035087718 0.6975136116152448
18 0.54 0.5095 201.62784827586205 8.716607981223492 12.842917214191854 0.9375393494228751
18 0.54 2.008 195.91951162790696 7.199106373813685 11.819419716452357 0.8592195286764084
18 0.54 2.5075 194.7253588850174 6.92025753351998 11.761020121665887 0.7966695132365499
18 0.56 2.008 200.92317187499998 7.272402727634661 11.817597126999674 0.8577901023890785
18 0.58 0.01 213.9919588477366 9.571953578340837 13.64181818181818 0.9498284166164961
18 0.58 3.007 203.93516913946587 6.805463836479933 12.072703180212013 0.7210543933054392
18 0.6 3.007 209.03188841201717 6.8904739919986335 11.908648648648649 0.7335837595907927
18 0.62 6.004 202.8981454965358 3.853258917117197 17.0 0.0
18 0.62 6.5035 202.51862909567495 3.7422892092642632 17.0 0.0
18 0.62 8.5015 199.09649087415946 2.7416639982948237 17.0 0.0
18 0.64 3.007 219.40106666666668 7.0998146431871385 11.814038319823139 0.7571116292626056
18 0.66 9.5005 210.71815245799627 2.862141326143949 17.0 0.0
18 0.68 5.005 227.2018174904943 6.50483671332039 16.47964408367156 0.04157561817136243
18 0.7 0.5095 238.82181034482758 9.032224070992468 13.049759119064005 0.9409683360487355
18 0.7 2.008 236.00436868686867 7.913751550594519 12.34705882352941 0.8839991648106904
18 0.7 2.5075 235.1877540106952 7.630477408358342 12.01516056758775 0.8499954999549995
18 0.72 3.007 239.62454782608694 7.514509043928809 12.102020958083832 0.8174479737130339
18 0.74 6.004 242.22716923076922 6.6383500860309645 12.826149319602795 0.051394422310756555
18 0.74 6.5035 241.77275920679887 6.510372340426361 13.2664375 0.0
18 0.74 8.5015 235.79963471074382 3.9998438934802585 17.0 0.0
18 0.76 4.006 248.6399190751445 7.3404837490517725 11.99748482220295 0.7424354813784576
18 0.78 5.5045 252.69042817679556 6.994600809418744 11.740350069092583 0.48983777165595327
18 0.8 8.5015 256.5105099394987 6.495482404111936 13.066997294860235 0.0
18 0.82 5.5045 262.8553333333333 7.3048652861247625 12.328379287155347 0.6669930069930069
18 0.84 1.5085 270.13339845758355 8.878835227273939 13.065633608815427 0.9269087400780599
18 0.84 3.5065 268.8652337164751 8.089314654579521 12.596499367355547 0.8670999122876963
18 0.84 9.5005 266.7247687434002 6.701548750442971 11.892634750585872 0.0
18 0.86 7.5025 272.326183745583 7.240237071770426 12.030177993527507 0.5889765721331688
18 0.88 1.5085 279.3750105263158 9.085155697097521 13.271193181818182 0.9308939381374907
18 0.88 3.5065 278.50773896353166 8.429739336488593 12.787032339885858 0.8907296925195043
18 0.88 9.5005 277.01259850374066 7.125507246375556 11.83926611796982 0.5084930698908874
18 0.9 8.002 282.2862574850299 7.646325985307478 12.15698704839809 0.7610123315170633
18 0.9 9.001 282.13240576496673 7.478260331599349 12.045600558659217 0.7051132342533615
18 0.94 5.5045 292.36841694915256 8.679507426211138 12.919995056846268 0.9041851106639839
18 0.96 4.006 297.10019491525424 9.188221871158378 13.442930232558139 0.9287643715006197
18 1.0 5.005 306.0 9.726085415561839 13.792309767943875 0.9429310049649032
18 1.04 5.5045 315.16009369369374 10.518574920112622 14.452951314088754 0.9338217192773476
18 1.06 7.5025 319.3143431372549 11.399424967498549 14.982598350253808 0.9167232936944139
18 1.08 5.005 323.8518579439252 11.225849056581188 14.901206896551724 0.9207201636303096
18 1.1 6.004 327.59722135007854 12.007682539681772 15.57120585427935 0.8961816369752086
18 1.1 6.5035 327.43320370370367 12.25044401123768 15.683743204763138 0.888997668997669
18 1.12 5.005 331.99325531914894 11.975976430978834 15.515235749472202 0.8983037403136249
18 1.14 4.5055 336.1113382084095 12.117777777766 15.655351681957185 0.8925125757771185
18 1.16 5.5045 339.1062896551724 12.987953555879288 15.98404623028732 0.842377529790051
18 1.18 0.5095 349.0933203883495 9.98347008547025 13.934001688476151 0.9426837236493689
18 1.18 1.009 347.74455102040815 10.398404255279308 14.339800498753117 0.9371151524298219
18 1.2 5.5045 346.0560205831904 13.669975138682839 16.602788369876073 0.7674804687499999
18 1.22 6.004 348.68 14.3333333333 17.0 1.0
18 1.22 6.5035 347.8064108280255 14.496316623975588 16.859314594412087 0.5526838432635532
18 1.22 8.5015 345.485884057971 15.42919642852851 16.93692953909029 0.0
18 1.24 1.5085 359.97070287539935 11.089523344712049 14.815649628462058 0.9239748209642841
18 1.24 3.5065 355.82425037257826 12.853109594250563 15.95916476263011 0.8497927180966113
18 1.26 4.5055 357.4154970588236 13.884681911474447 16.697128838815193 0.7329434385515141
18 1.32 4.5055 366.64906666666667 14.597668360076705 16.868380320619128 0.5285148514851483
18 1.34 1.009 382.82749716446125 10.98852674897234 14.799034414459024 0.9258222439805954
18 1.36 2.008 382.3718372093023 12.462201646060297 15.801646825396825 0.8768872802481902
18 1.36 2.5075 380.06857050243116 13.063200299787571 16.105847639484978 0.8352900484237572
18 1.4 1.5085 392.6815087719298 11.987203870538483 15.567497540177108 0.8965425201738051
18 1.4 3.5065 382.1887621696801 14.567164476347545 16.849249276410998 0.5703274039700952
18 1.42 5.005 380.03621842105264 15.71948017151787 16.945454247938212 0.0
18 1.46 4.006 388.60665530799474 15.364585934212398 16.934531385026318 0.0
18 1.46 5.005 385.0006738836265 16.07434460208283 16.948941580124377 0.0
18 1.48 7.5025 382.77330854154565 16.805395250996316 17.0 0.0
18 1.48 8.002 382.2626114398422 16.80763005218637 17.0 0.0
18 1.48 9.001 379.8546445551834 16.991220362733117 17.0 0.0
18 1.5 1.009 415.7992268041237 11.685141354403608 15.259969788519637 0.9095315638061119
18 1.52 0.01 434.3545581395349 9.608521469680763 13.663060869565218 0.9496510890251638
18 1.54 7.5025 391.2665489199492 16.7676073118942 17.0 0.0
18 1.56 8.002 393.8648206829808 16.765933269397674 17.0 0.0
18 1.56 9.001 391.68 16.994284293553385 17.0 0.0
18 1.58 4.006 405.41061126760565 16.104521118371466 16.94906796235179 0.0
18 1.6 1.5085 429.37825714285714 13.078366762169813 16.136872087001553 0.8338450802512212
18 1.6 3.5065 411.56363438520134 15.70419217216833 16.944361730538123 0.0
18 1.6 9.5005 397.8 17.0 17.0 0.0
18 1.62 4.006 411.80871415850396 16.077499652335458 16.948773666092944 0.0
18 1.62 5.005 407.29898887343535 16.49461811267896 17.0 0.0
18 1.64 8.002 404.56 16.8888888889 17.0 0.0
18 1.64 9.001 403.92 17.0 17.0 0.0
18 1.68 2.008 435.89638405797103 14.40392636033758 16.84338470212366 0.5999279884781563
18 1.68 2.5075 430.96374676258995 15.08204696100741 16.919789210260358 0.19013605442176834
18 1.72 4.5055 422.4596959887403 16.519880562527945 17.0 0.0
18 1.74 9.5005 419.22 17.0 17.0 0.0
18 1.76 6.004 424.7649202453988 16.875359601285272 17.0 0.0
18 1.76 8.5015 422.28 16.99432684223661 17.0 0.0
18 1.78 0.01 496.94539805825247 9.617829457368163 13.691253843525795 0.9495153571212213
18 1.8 5.5045 433.1620123839009 16.748927484623934 17.0 0.0
18 1.82 6.004 432.9244452151574 16.881640507794266 17.0 0.0
18 1.82 6.5035 431.46 17.0 17.0 0.0
18 1.82 8.5015 431.46 17.0 17.0 0.0
18 1.84 5.005 436.1185935573904 16.8774121357474 17.0 0.0
18 1.86 0.5095 497.21651467268623 11.419389312935161 14.975290794283815 0.9171908381775724
18 1.86 1.009 484.00277485380116 12.966837368097668 15.983592439324461 0.8422283226050737
18 1.86 2.5075 457.0031223958333 15.903752588001343 16.94515810601823 0.0
18 1.88 0.01 521.0538644067797 9.5925856307476 13.675320729237002 0.9494495162415456
18 1.88 3.007 453.44762025316453 16.25472943000336 16.949711854690282 0.0
18 1.9 9.5005 443.7 17.0 17.0 0.0
18 1.92 1.009 494.8076472795497 13.116547192341988 16.135529045643153 0.8294412607449856
18 1.94 4.006 454.3501345663265 16.8444790834155 17.0 0.0
18 2.0 0.5095 525.8741248097413 11.613154761943447 15.193743315508021 0.9100636736455859
18 2.0 2.008 482.7447949526814 15.692675213705947 16.941936944783137 0.0
18 2.0 2.5075 473.393 16.2895252524963 16.94981028667791 0.0
20 0.04 4.5055 41.90185507246377 2.334608019150209 13.057296380090497 0.0
20 0.04 8.002 34.27938071853192 1.9569216851899716 18.931213371853076 0.0
20 0.04 9.001 33.44 1.9 19.0 0.0
20 0.06 5.5045 43.601359350850075 2.1491549725442343 18.491549725442344 0.0
20 0.08 5.5045 48.748894680709235 1.9944450739901347 19.0 0.0
20 0.1 5.005 59.71061349693252 2.3713341836734694 18.947964408367156 0.0
20 0.12 0.01 138.46062385321102 10.532960526315788 14.923988877654196 0.9495566114827033
20 0.16 3.5065 87.67649947089947 3.168939980638916 18.94481856707721 0.0
20 0.16 9.5005 76.76 1.9 19.0 0.0
20 0.18 3.5065 96.97707482993196 3.3899892008639307 18.948384998916108 0.0
20 0.18 9.5005 83.98 1.9 19.0 0.0
20 0.22 1.5085 137.73835849056604 6.711602465331279 11.706262327416173 0.8513865358894337
20 0.22 3.5065 113.17795454545454 3.69120320855615 18.949286474973377 0.0
20 0.22 9.5005 98.42 1.9 19.0 0.0
20 0.24 4.006 113.96873491214667 2.9958861726508785 19.0 0.0
20 0.26 2.008 148.67893181818184 6.434614427860697 11.606483402489626 0.8010860484544694
20 0.28 7.5025 120.8 2.0 19.0 0.0
20 0.3 2.008 162.71322981366458 6.67859068627451 11.887303459119497 0.8105376833011253
20 0.34 5.5045 146.00370709939148 2.5460162271805276 19.0 0.0
20 0.38 0.01 210.10304296875 10.568498098859315 14.927732840305062 0.94972853954274
20 0.4 3.5065 179.4114358974359 4.497398081534772 18.9491130583458 0.0
20 0.4 9.5005 163.4 1.9 19.0 0.0
20 0.42 2.008 202.9386708074534 7.244919852034525 12.287917222963952 0.8296330369007461
20 0.42 2.5075 201.2809880952381 6.908197368421053 12.143834459459459 0.7523108931490562
20 0.44 6.004 182.03034206765125 2.6482753692234398 19.0 0.0
20 0.44 8.5015 177.84 1.9 19.0 0.0
20 0.46 5.005 193.39998309859155 3.4444413145539903 19.0 0.0
20 0.48 1.009 227.59123529411764 8.566511976047904 13.303462686567164 0.9167981230031949
20 0.5 0.5095 237.58296370967741 9.48350352112676 13.973880082701585 0.9367164065762995
20 0.5 2.008 228.87745945945946 7.620135951661631 12.646396608572774 0.8509212880143112
20 0.5 2.5075 227.31 7.281957831325301 12.372958579881656 0.795446735395189
20 0.54 6.004 219.52306507105462 3.1137097980553476 19.0 0.0
20 0.54 6.5035 220.46164656716417 3.317749253731343 19.0 0.0
20 0.54 8.5015 215.63690892123927 2.2688932437476668 19.0 0.0
20 0.58 1.009 258.5911597633136 8.967548845470693 13.667059780398535 0.921740151195004
20 0.6 5.005 245.9986046511628 4.499651162790697 18.94971640620286 0.0
20 0.62 5.5045 252.23757487922705 4.378309178743962 19.0 0.0
20 0.64 5.005 263.3246625 5.544263005780347 18.944343151005143 0.0
20 0.68 3.5065 283.3614558303887 7.665060096153846 12.913627090983272 0.7012011473646467
20 0.68 9.5005 266.6185483178239 2.5682963493199713 19.0 0.0
20 0.7 6.004 286.3864262820513 6.7155255681818184 18.906059068876115 0.0
20 0.7 6.5035 279.9087626546682 4.632992125984252 18.94981028667791 0.0
20 0.7 8.5015 277.23546153846155 3.7451538461538463 19.0 0.0
20 0.72 5.005 294.28120801232666 7.294761133603239 12.980467012601927 0.36819560272934015
20 0.74 5.5045 300.17797919075144 7.248767876787679 12.913260173754 0.2886470337174559
20 0.76 1.5085 311.3531023622047 9.255293072824156 13.911608579088472 0.9193740325077399
20 0.8 5.5045 319.5475913978495 7.744440433212996 12.828812922614576 0.5976098503138578
20 0.84 7.5025 331.3515442477876 7.582340659340659 12.793379366368805 0.44032907991940873
20 0.84 8.002 331.17003673469384 7.467474645030426 12.778307919331038 0.31411522633744826
20 0.84 9.001 330.82435932872653 7.247418719211822 12.839708333333332 0.01958823529411722
20 0.88 7.5025 344.1764058919804 8.108382352941176 13.190624999999999 0.7184628378378377
20 0.88 8.002 343.9680480192077 7.955418660287082 12.972254160363086 0.6717155800669685
20 0.88 9.001 343.7207421555252 7.748814713896458 12.779099437148217 0.5413593835993393
20 0.9 0.01 353.28239852398525 10.58173831775701 14.951050420168068 0.9499354179808357
20 0.9 3.007 351.67896309314585 9.585693779904306 14.242857142857142 0.9160014111480698
20 0.92 0.5095 358.46932571428573 10.489038461538462 14.91750061621888 0.9458388847366197
20 0.92 2.008 357.80673170731706 10.02663479923518 14.640583657587548 0.9331367593372648
20 0.92 2.5075 357.66123076923077 9.899895209580839 14.598717948717947 0.9285842831433713
20 0.98 2.008 374.63254545454544 10.538098159509202 14.954648687012066 0.9428115564095525
20 1.0 1.5085 380.2226578411405 10.674784946236558 15.092925824175824 0.9459863240107593
20 1.0 3.5065 380.0 10.682003311258278 15.091480730223124 0.9450622981079834
20 1.02 2.008 385.8592148997135 10.844090019569473 15.23634741225461 0.9443468679043675
20 1.02 2.5075 385.8363115124153 10.88739602169982 15.231396713615023 0.9434307436445711
20 1.08 1.5085 403.2424897959184 11.206474358974358 15.603483146067415 0.9411184907793401
20 1.08 3.5065 402.54876950998187 11.890050847457628 16.06074517631404 0.9312417491749174
20 1.12 3.5065 413.0950492359932 12.481631578947368 16.638065159574467 0.9196654938063334
20 1.12 9.5005 409.38786666666664 15.347637271214642 18.47488972904852 0.7470481104871755
20 1.16 4.006 422.5052749003984 13.519776422764227 17.32010382255781 0.8904711835447197
20 1.18 6.004 424.6655 15.120605504587155 18.201389554384285 0.7719660692297167
20 1.18 6.5035 423.85709797822705 15.392002635046113 18.50557698012459 0.7244212962962961
20 1.22 5.5045 433.3580344827586 15.632364620938628 18.673580101840972 0.7007719928186713
20 1.24 7.5025 434.0492988235294 17.032374616171957 18.92035267131798 0.04377510040160601
20 1.24 8.002 432.93902290076335 17.386638370118845 18.935039170596717 0.0
20 1.24 9.001 431.7380818926297 17.65614854517611 18.94483865629654 0.0
20 1.26 3.007 447.50542248062015 14.076159292035397 17.704457506735242 0.8642641908950239
20 1.28 2.008 455.39747239263806 13.099383333333332 16.97613822469702 0.902389458272328
20 1.3 4.006 452.741 15.433824404761905 18.61964856230032 0.7116934786369139
20 1.3 5.005 449.6199528301887 16.302196620583718 18.857193042584182 0.46425586628093835
20 1.34 6.5035 453.28624662813104 17.556407967032968 18.94584944280191 0.0
20 1.38 4.006 468.22540264026406 16.352277070063693 18.852647864910264 0.4526436781609193
20 1.38 5.005 463.749884279476 17.29027298850575 18.93608298818837 0.0
20 1.4 7.5025 460.6364489795918 18.490068132548778 19.0 0.0
20 1.4 8.002 460.51841059602646 18.480347663551402 19.0 0.0
20 1.4 9.001 458.587507204611 18.642047983310153 19.0 0.0
20 1.42 1.5085 491.813979338843 13.555297202797203 17.313681710213775 0.8909655894282349
20 1.42 3.5065 478.7845568181818 16.272590206185566 18.830464856067543 0.5097941176470586
20 1.44 2.008 492.44145 14.413277467411545 17.851559076352604 0.8401553658770499
20 1.44 2.5075 488.73148098434007 15.08780274656679 18.361906584992344 0.7675777436898619
20 1.46 1.5085 501.30885546875 13.674920913884007 17.501699115044246 0.8831533931575996
20 1.48 0.01 525.0170973451327 10.572054545454545 14.960531605986152 0.9497255067567567
20 1.48 3.007 493.0478953271028 16.186678921568628 18.816826024837894 0.5301099520721735
20 1.5 9.5005 475.4688851136915 18.97455808273546 19.0 0.0
20 1.52 0.5095 527.141574879227 11.824746835443039 15.982244655581948 0.9331582113495087
20 1.52 1.009 520.9073310344827 12.96945895522388 16.876551184184773 0.9075698757763975
20 1.56 0.01 548.8528224299066 10.61624145785877 14.952932064616066 0.9497027491927452
20 1.56 3.007 507.0666028169014 16.86161981258367 18.910738003427593 0.16789815277084338
20 1.6 7.5025 494.6 18.9 19.0 0.0
20 1.6 8.002 496.2582738095238 18.790945784441547 19.0 0.0
20 1.62 1.5085 537.0218767605634 14.55991568296796 17.963698083067094 0.823834689779093
20 1.64 0.01 572.5486666666667 10.62598272138229 14.954788317862803 0.9496328306790366
20 1.64 3.007 522.2628752475248 17.33898236092266 18.934590479180567 0.0
20 1.66 5.005 512.1672865697177 18.668825072121688 19.0 0.0
20 1.68 8.5015 510.673322 18.960457888493476 19.0 0.0
20 1.7 4.006 524.8412482758621 18.18783148441627 18.94984502422437 0.0
20 1.76 5.5045 530.2445478284039 18.678081273014204 19.0 0.0
20 1.78 0.5095 596.0135866388308 12.42640625 16.566803278688525 0.9217180968484335
20 1.78 1.009 582.5301549295774 14.059617304492512 17.759094962104324 0.8621536680175337
20 1.78 2.5075 552.8575789473684 17.23856940509915 18.931929752909944 0.0
20 1.82 5.5045 538.4263921568628 18.78598351694559 19.0 0.0
20 1.84 1.5085 582.3707096774194 15.757480438184663 18.7148502994012 0.6769961240310076
20 1.84 3.5065 550.6154386694386 18.490721084511105 19.0 0.0
20 1.84 9.5005 539.6 19.0 19.0 0.0
20 1.86 6.004 543.4 19.0 19.0 0.0
20 1.86 6.5035 545.9161957711997 18.866989502871856 19.0 0.0
20 1.86 8.5015 543.4 19.0 19.0 0.0
20 1.92 6.5035 554.8 19.0 19.0 0.0
20 1.92 9.5005 554.8 19.0 19.0 0.0
20 1.94 1.5085 601.9931503006012 16.123631669535285 18.810300478033234 0.5596565389696168
20 1.96 3.5065 571.5710871369295 18.6597220879652 19.0 0.0
20 1.96 9.5005 562.4 19.0 19.0 0.0
20 2.0 6.004 570.0 19.0 19.0 0.0
20 2.0 6.5035 570.0 19.0 19.0 0.0
20 2.0 8.5015 570.0 19.0 19.0 0.0
