10 0.0 3.5065 9.909374519747963 1.9818749039495926 4.284266543267005 0.0
10 0.0 9.5005 9.0 1.8 3.898499030272367 0.0
10 0.02 3.5065 13.122679245283019 2.1247148014440436 4.871267912207509 0.0
10 0.02 9.5005 11.505412915851272 1.8 7.785440267765191 0.0
10 0.06 0.5095 27.083765306122448 4.544312007011393 6.924716438124259 0.9206786598134399
10 0.06 1.009 23.667153846153845 3.7859716224552744 6.360940409683426 0.8709684911357126
10 0.08 5.005 19.144297142857145 2.1771112896745684 7.4987386677177765 0.0
10 0.12 10.0 18.72 1.8 9.0 0.0
10 0.14 0.5095 33.23786590038314 4.687996201329534 6.999616803860346 0.927979431336963
10 0.14 1.009 30.7971059602649 4.07008100810081 6.72146695325094 0.8973517275358748
10 0.14 2.5075 27.463458015267175 3.1309062170706006 6.691718125681075 0.6951901975128016
10 0.18 5.5045 24.868164960182025 2.0103868031854377 8.94991435526039 0.0
10 0.2 0.01 40.32337271750806 5.509531100478469 7.796792601338056 0.9496799710162429
10 0.22 5.5045 28.126214076246335 2.072818270165209 8.94897596816164 0.0
10 0.24 6.5035 29.096970333954907 1.9728869299881335 9.0 0.0
10 0.26 7.5025 30.441257126236184 1.9030424665503198 9.0 0.0
10 0.28 4.006 37.2202 2.878284132841328 8.94120987654321 0.0
10 0.3 7.5025 33.81323995517848 1.9466399871938531 9.0 0.0
10 0.32 0.01 47.826621885157095 5.513025936599424 7.799822450187413 0.9497755009793581
10 0.34 0.5095 47.66290756302521 4.978678847505271 7.46038961038961 0.9357280579978404
10 0.34 1.009 46.383933701657455 4.579801169590643 7.188852637302881 0.9175227632620744
10 0.36 0.01 50.30725813449024 5.503623762376238 7.793046751188589 0.9497603617181613
10 0.38 1.5085 48.59194578313253 4.3993273092369485 7.32702434177844 0.8920041469578176
10 0.38 10.0 40.025731981166246 1.879268381021369 9.0 0.0
10 0.4 5.5045 43.218771186440684 2.4062570621468926 9.0 0.0
10 0.42 7.5025 43.88932188527585 2.0997661673365 9.0 0.0
10 0.42 8.002 43.61117291255753 2.003852728468113 9.0 0.0
10 0.44 0.01 55.27453347064882 5.4934651600753295 7.785886777513856 0.9497830671889123
10 0.46 6.004 47.03013565022422 2.0852354260089685 9.0 0.0
10 0.46 8.5015 46.49624772190347 1.8874991562605468 9.0 0.0
10 0.48 4.5055 52.50482291666667 3.302269372693727 8.945244587535727 0.0
10 0.5 7.5025 50.50974796145293 2.2038991845811715 9.0 0.0
10 0.5 8.002 50.272245150639705 2.108898060255881 9.0 0.0
10 0.5 9.001 50.33238365155131 2.132953460620525 9.0 0.0
10 0.54 0.01 61.994780487804874 5.528061041292639 7.813793759512937 0.9497573327706267
10 0.54 3.007 59.15265090909091 4.311120092378753 8.644323516858728 0.7250123741956772
10 0.56 0.01 63.493833333333335 5.511701492537314 7.800137470542026 0.9497497588036662
10 0.58 4.5055 60.730580357142856 3.8759644322845417 8.927804730139478 0.0
10 0.62 1.009 66.22702777777778 5.112909967845659 7.717552296225054 0.9215338260910503
10 0.66 5.005 66.84328292682927 4.144351351351351 8.862630841506634 0.0
10 0.7 0.01 73.82103448275862 5.512328502415459 7.791644048080651 0.949742182552845
10 0.7 3.007 70.4630759493671 4.743591745677635 7.911079764042062 0.7944882860665844
10 0.74 1.009 74.31046938775509 5.327009551800147 7.822287780738485 0.9236474414769343
10 0.78 3.5065 75.82583032490975 4.886666666666667 7.986099928960455 0.7947666543529122
10 0.78 9.5005 73.97651125827814 3.4297483443708607 8.94594778660613 0.0
10 0.8 0.5095 79.0001680672269 5.5015090909090905 7.847777210015329 0.937134127942064
10 0.8 1.009 78.26498207885305 5.40051282051282 7.86637828668363 0.9239990880072959
10 0.82 3.5065 78.52632203389831 5.002933844678811 7.905579311749134 0.8260592778125652
10 0.82 9.5005 77.56677768987342 4.1820719652036376 8.878360823237484 0.0
10 0.84 4.006 79.77193777777778 5.01302192564347 7.922033533963886 0.8118211584057806
10 0.86 1.5085 81.90114385964912 5.4719317160826595 7.907106283941039 0.912984233058369
10 0.86 10.0 80.4641298157454 4.375422594142259 8.780639642011055 0.22043966323666944
10 0.88 4.006 82.46427642276423 5.18775 7.9422403955876755 0.8484955913098808
10 0.9 7.003 83.4888222811671 4.96524920466596 7.937345950704225 0.7746179851250844
10 0.92 7.5025 84.83112937595129 5.068182509505704 7.885006380263717 0.8070949074074073
10 0.92 8.002 84.81855813953489 5.041079734219269 7.938829676071055 0.7944375925012332
10 0.92 9.001 84.78196632996632 4.952895622895623 8.030988372093022 0.7632192072737604
10 0.94 3.5065 86.34686 5.524800601956358 7.9506939576615725 0.8989756334101102
10 0.94 9.5005 86.13507171314741 5.1158991373589915 7.9166603343465045 0.8211887136573328
10 0.98 7.5025 88.7584236983842 5.582441651705565 7.977810053043698 0.903636679000925
10 1.0 5.5045 90.0 5.804516129032257 8.14220277920741 0.9226014674468282
10 1.02 7.5025 91.34703025830258 6.046152284263959 8.316365873666939 0.9180177078209543
10 1.02 8.002 91.34597129909366 6.059517374517374 8.342524654832348 0.9171949523052464
10 1.04 3.5065 92.70465988372094 6.025549845837616 8.284370974667238 0.9193857315598548
10 1.04 9.5005 92.63863419483101 6.418691796008869 8.584985059760957 0.90609611809116
10 1.06 1.5085 95.03953463587922 5.922687296416938 8.13731884057971 0.9242099040516575
10 1.06 10.0 93.8686974595843 6.794631507775524 8.748688178528347 0.8866575994559673
10 1.08 5.5045 95.25497342838626 6.50774358974359 8.623003845283872 0.9024351694667213
10 1.1 5.005 96.52092216582064 6.624074889867841 8.68355800265806 0.8971426808195507
10 1.14 0.5095 101.97478644067796 5.822571756601607 7.972836814321781 0.9339763904294089
10 1.14 2.008 99.4410546021841 6.24970736629667 8.460614886731392 0.9141141914871689
10 1.14 2.5075 99.3319460916442 6.3715789473684215 8.555428114163776 0.9102187028657617
10 1.16 9.5005 99.13549098621421 8.081629450814726 8.936682748926794 0.5361258001669912
10 1.18 3.007 101.80219047619048 6.697085514834206 8.712835975189524 0.8930917254650417
10 1.2 3.5065 102.75525401069518 6.971779891304347 8.797460201725604 0.8727418492784607
10 1.2 9.5005 100.83233543733093 8.39903916768666 8.94663144412424 0.0
10 1.22 1.009 105.88464876033058 6.13924587588374 8.343560456872785 0.9212632275132275
10 1.24 4.006 104.81196710526315 7.382591900311526 8.877032610299542 0.8198356934385471
10 1.26 0.5095 110.16970652173913 5.940220994475138 8.075596228508042 0.9312332384371003
10 1.26 2.008 107.13596644920783 6.65726 8.689973958333333 0.8955767182507361
10 1.26 2.5075 106.86798779247202 6.8666007194244605 8.77033209315144 0.8812045616535994
10 1.26 7.003 104.24583477681546 8.394525467204105 8.945190568581669 0.1301148225469725
10 1.28 7.5025 104.8267877437326 8.603174395819725 8.948418544194107 0.0
10 1.3 6.004 106.45146885245902 8.412258522727273 8.945336175795342 0.15438863521055265
10 1.3 6.5035 106.12716117216118 8.395498442367602 8.94714928970066 0.0
10 1.3 8.5015 105.2554604200323 8.782532319391635 8.949661733615223 0.0
10 1.32 0.5095 114.0361568627451 5.9816459197787 8.11627783669141 0.9291790600832838
10 1.32 2.008 110.64247999999999 6.847165668662674 8.771716203259828 0.8827753551835701
10 1.32 2.5075 110.22114350797267 7.0914407502131285 8.830551037006913 0.8590290112492599
10 1.34 3.007 110.73846599326599 7.509416974169741 8.893725690237837 0.7987077294685989
10 1.36 0.01 125.73693023255814 5.5376943231441045 7.821081386586284 0.9595471443055086
10 1.38 6.004 109.7364323583181 8.705202231520223 8.949170478804513 0.0
10 1.38 6.5035 109.3765348017621 8.805632653061226 8.949545922382999 0.0
10 1.38 8.5015 108.32614096385542 8.914506283662478 9.0 0.0
10 1.4 4.006 112.49114285714286 8.177725013804528 8.94081741353597 0.45228393033190906
10 1.42 5.5045 111.79658003169573 8.685354954954954 8.94938811454253 0.0
10 1.44 7.5025 111.24617391304348 8.958846913580247 9.0 0.0
10 1.44 8.002 110.96388158750814 8.969947710061305 9.0 0.0
10 1.46 5.5045 113.34208926553671 8.910464679022294 8.94976944636991 0.0
10 1.48 7.003 113.14849275362319 8.908397911514152 9.0 0.0
10 1.52 4.5055 116.8707587971849 8.65027664399093 8.949478629887844 0.0
10 1.52 9.001 114.23017056009006 8.982300217702969 9.0 0.0
10 1.54 1.5085 124.01034615384614 7.148044444444444 8.841658749762493 0.8531541850220263
10 1.54 10.0 114.80599825517994 8.98782141682803 9.0 0.0
10 1.56 7.003 116.75140686784599 8.949317317926106 9.0 0.0
10 1.6 4.006 120.94945900725041 8.770371075166508 8.949524530587523 0.0
10 1.62 5.5045 119.88790324718357 8.949835966892401 9.0 0.0
10 1.64 7.003 120.00992061015774 8.968511241262044 9.0 0.0
10 1.66 6.004 120.96048214285715 8.984730187814934 9.0 0.0
10 1.66 6.5035 120.74481520778072 8.984350969438054 9.0 0.0
10 1.66 8.5015 120.43722680412371 8.987400687908682 9.0 0.0
10 1.68 0.01 150.862 5.534939550949914 7.819790518191841 0.9490897428065245
10 1.7 6.004 122.81327552986514 8.966953504510757 9.0 0.0
10 1.7 6.5035 122.38109823911029 8.984680362148996 9.0 0.0
10 1.7 8.5015 121.66918264840183 8.989294752392574 9.0 0.0
10 1.72 0.5095 139.14901479915434 6.3640526700804685 8.50440083258995 0.9153615681495023
10 1.72 2.008 131.5144473481937 7.9932634587899 8.9329457676215 0.5913949497425838
10 1.72 2.5075 129.59742169962587 8.26819083023544 8.94415479979896 0.2115894039735096
10 1.74 5.005 124.84851206592113 8.97186766815765 9.0 0.0
10 1.76 0.5095 141.68186352941177 6.408876651982379 8.540093818984547 0.9135215067711305
10 1.76 1.009 138.31239510818438 7.0567254901960785 8.818462041171985 0.8644077448747152
10 1.78 4.5055 127.22372841091493 8.978537119309768 9.0 0.0
10 1.78 8.002 125.1 8.989622042341221 9.0 0.0
10 1.78 9.001 125.1 9.0 9.0 0.0
10 1.8 3.5065 129.98895986895988 8.76222547108512 8.949860112511658 0.0
10 1.8 9.5005 126.31443554260743 8.989102262325094 9.0 0.0
10 1.82 1.009 141.6330503693754 7.182062717770035 8.845633046216541 0.852933909820877
10 1.84 5.5045 129.15015220949263 8.985453831384186 9.0 0.0
10 1.86 3.007 133.7274064577398 8.749594627008875 8.94976036171816 0.0
10 1.9 5.005 131.96682604272635 8.976880288528228 9.0 0.0
10 1.92 3.007 136.0090506208214 8.778096590909092 8.94995496036512 0.0
10 1.98 1.5085 146.3133693534101 8.037128794093519 8.93438188976378 0.57858407079646
10 1.98 3.5065 136.91623485600795 8.798441832641284 9.0 0.0
10 1.98 10.0 134.1 9.0 9.0 0.0
10 2.0 0.01 175.8073275862069 5.543389232127096 7.827198058614896 0.9488302836792337
10 2.0 3.007 138.94914452129595 8.928375590889557 8.949995499684977 0.0
12 0.0 7.5025 11.0 1.83333333333 4.085236004390779 0.0
12 0.02 7.5025 15.363342028985507 1.8891143911416937 5.463393432066967 0.0
12 0.04 2.008 24.37972 3.1186362663265 6.0664638269100735 0.5669784359573914
12 0.04 7.003 17.286604938271605 1.83333333333 6.954651568496844 0.0
12 0.06 6.5035 21.059669291338583 1.986810226155095 9.695301645338208 0.0
12 0.08 3.5065 27.845011235955056 2.7066052751267926 9.478014842300556 0.0
12 0.08 9.5005 20.68 1.83333333333 11.0 0.0
12 0.1 5.5045 26.963051519154558 2.165502345809466 10.420681265206813 0.0
12 0.12 4.5055 30.036829431438125 2.321189884847006 10.77857047960675 0.0
12 0.14 6.004 28.443442288557215 1.9308996683236594 11.0 0.0
12 0.14 6.5035 27.94 1.83333333333 11.0 0.0
12 0.14 8.5015 27.94 1.83333333333 11.0 0.0
12 0.16 4.006 34.543875 2.4039100410581753 10.92551061452514 0.0
12 0.18 4.006 38.98472 2.673424006911526 10.92952940679041 0.0
12 0.2 0.5095 53.66837037037037 5.597076350095051 8.581827586206897 0.9300176352032247
12 0.2 1.009 50.6614375 4.90120462046007 7.931292112564408 0.9024180327868851
12 0.22 4.006 44.04250684931507 2.838299507991846 10.938363965829666 0.0
12 0.28 1.5085 58.54553246753247 4.772468671678299 7.9831039297825654 0.880958502964074
12 0.28 10.0 44.88 1.83333333333 11.0 0.0
12 0.3 0.01 67.5168063583815 6.525011037528094 9.237416366443643 0.9497103373363104
12 0.32 0.5095 66.33220512820512 5.775464370144203 8.757438345266507 0.9339999208014889
12 0.32 1.009 64.31576649746192 5.260110062892677 8.43480017961383 0.9130114822546972
12 0.32 2.5075 61.55621122112211 4.438006329112684 8.84425641025641 0.7831229668184775
12 0.34 6.004 53.79712372013652 2.2517989192263217 11.0 0.0
12 0.34 6.5035 52.14 1.83333333333 11.0 0.0
12 0.34 8.5015 52.761719740846175 1.9903332678902552 11.0 0.0
12 0.36 0.5095 70.53103370786516 5.8312836624743065 8.794906743185079 0.9351402887496595
12 0.36 1.009 68.77298765432099 5.366047297294618 8.51566985645933 0.9147511636233441
12 0.38 4.5055 60.81552906976744 2.861929824558642 10.949745213327303 0.0
12 0.38 9.001 57.480751339764204 1.9679439085381227 11.0 0.0
12 0.4 4.006 64.32762962962963 3.1830741626821024 10.948944708224843 0.0
12 0.42 0.01 78.60922571001494 6.524403122130883 9.263308270676692 0.9497649044547591
12 0.44 0.5095 78.67309090909092 5.9651124925984735 8.865711930764476 0.9367740222298092
12 0.44 1.009 77.41188636363637 5.540434633813266 8.714455388180765 0.9187847188383198
12 0.46 5.5045 69.3715985915493 2.6702464788764293 11.0 0.0
12 0.48 3.007 78.91878762886599 4.746511896512036 10.467848020434227 0.6737717752984927
12 0.5 0.01 85.78729372937293 6.521395456653186 9.234384694932782 0.9497876058205043
12 0.5 3.007 80.99345529988683 4.825263072685996 10.232642725598526 0.711942620117525
12 0.54 1.009 87.83100199600798 5.776110607433226 8.822973909027938 0.9208293748812464
12 0.56 0.5095 90.63324684684684 6.127978395064288 8.965390328437035 0.9377097581941174
12 0.56 1.009 89.86715018315019 5.815265662170268 8.859399308556611 0.9212557875838608
12 0.56 2.5075 88.15727536231884 5.154433191190011 8.886098796706776 0.8100843208751138
12 0.62 9.5005 87.45218174392485 2.4614832210189017 11.0 0.0
12 0.66 1.5085 99.6369219858156 5.815050890582639 8.926783648283841 0.9009626240418325
12 0.66 3.5065 97.99748751357221 5.180550314468187 9.09938080495356 0.6769335142469469
12 0.66 10.0 92.04996729196729 2.416650633315633 11.0 0.0
12 0.68 4.006 99.93569679300292 5.118992248064395 9.951675041876046 0.569661760908856
12 0.7 1.009 104.04145067698259 6.126605637898493 8.9889827904118 0.9248387824126268
12 0.74 9.5005 102.43414814814815 3.0475308641984813 11.0 0.0
12 0.78 7.5025 109.2969976359338 4.741907364038835 10.900161734755002 0.0
12 0.8 6.004 111.89312893081761 5.1952749924057136 9.69581483830057 0.46200774693350527
12 0.8 6.5035 111.76963480128893 5.112675110345758 10.171208354052709 0.3604374520337679
12 0.82 7.5025 113.7835448379804 5.072430607653362 10.670612648221343 0.2222585160989264
12 0.84 10.0 115.56679224376731 4.840452029517103 10.889196915303817 0.0
12 0.86 8.002 117.98723852691218 5.308677218765318 10.26154186973859 0.5327446033081018
12 0.86 9.001 117.8545661231884 5.156282051285177 9.540216010165183 0.35673485140872224
12 0.88 10.0 119.9091550044287 5.20612636551696 9.740721349621873 0.4276442307692305
12 0.9 4.5055 122.49485212569316 6.046067603749248 9.215270935960591 0.8593145944120874
12 0.92 0.01 129.77671794871796 6.535366398570859 9.286277372262774 0.9497012312892322
12 0.94 7.5025 126.26437256719184 6.062140871178259 9.220517144463182 0.8573641420624732
12 1.0 4.006 132.0 6.805746619633278 9.694679436020218 0.9308853410740203
12 1.02 0.01 140.76849999999985 6.559169926120262 9.311701127819548 0.9497133719526912
12 1.04 7.5025 135.9099554189085 7.421922398587504 9.941479820627803 0.9188282277309696
12 1.06 8.002 137.74483265966046 7.8303795662068305 10.274401393121462 0.9053549119818285
12 1.06 9.001 137.71693288590603 7.952503360214104 10.404111548087236 0.8998317206562894
12 1.08 4.006 139.8186245847176 7.466717171716506 9.960702426564495 0.9175186816449745
12 1.1 1.5085 142.69245210727968 7.070891765553378 9.80648470770422 0.9281687712795759
12 1.1 3.5065 141.74799029126214 7.543606492479099 9.981675583657587 0.9159166582585007
12 1.1 9.5005 140.989115710254 8.8349999999967 10.815691695233882 0.8231805643963505
12 1.12 4.006 143.52360000000002 7.830738786276453 10.245495699411498 0.9055640546206584
12 1.14 6.004 144.77741787439615 8.627359673881505 10.758484277640921 0.8520724238927841
12 1.14 6.5035 144.68658617131064 8.76791917167597 10.79285359184688 0.8371886294812932
12 1.14 8.5015 144.145875 9.315390194369302 10.89065800695401 0.733711455504074
12 1.18 5.005 148.29255223880597 8.730508791620682 10.790220264317181 0.8353063241106718
12 1.2 7.5025 148.58852130325815 9.814850657106128 10.92969587041802 0.49888755261575446
12 1.22 3.5065 152.34788741721854 8.43957055214603 10.6888743699832 0.8658483580167418
12 1.22 9.5005 149.02493291404613 10.48027190922923 10.947778543677153 0.0
12 1.26 6.004 153.43461401557286 9.825964807035554 10.932932276367149 0.4715599239061507
12 1.26 8.5015 151.93728968609867 10.585610145813007 10.94824234519595 0.0
12 1.28 0.01 169.2821651376147 6.551959517658231 9.299141630901287 0.9494801612561001
12 1.3 5.5045 156.30386962552012 9.925359874042591 10.938272656568275 0.33571143882024684
12 1.32 6.004 157.16461221252973 10.229973884148562 10.945550473701404 0.0
12 1.32 6.5035 156.64237157360404 10.392577413457568 10.947749075177127 0.0
12 1.32 8.5015 155.6437511761631 10.590769805698272 10.949640439932319 0.0
12 1.34 5.005 159.40915347950428 10.070064890724396 10.940154398563735 0.24719963866305297
12 1.36 0.5095 169.6262268041237 7.126565060638389 9.814031472461597 0.9320213720531854
12 1.36 1.009 167.58405 7.574089469518505 9.968602279544092 0.9180177078209543
12 1.38 5.5045 161.2955921658986 10.438033413836237 10.947842278203725 0.0
12 1.4 7.003 160.96352297592998 10.664900569015009 10.94997598895492 0.0
12 1.42 4.006 166.0353825 9.915892165622386 10.937393884756968 0.3319839679358714
12 1.44 0.01 186.949875 6.555757196496734 9.329299953639314 0.9494878167050551
12 1.48 4.5055 168.85554565061108 10.423007407392008 10.948145728330534 0.0
12 1.5 5.005 169.1642857142857 10.619261662056598 10.949638918265599 0.0
12 1.52 3.007 174.6113555736371 9.796452779031128 10.934557091251767 0.4393878237470566
12 1.54 4.5055 172.23492474489797 10.62361228915864 10.949666294204693 0.0
12 1.54 8.002 169.0947731707317 10.978207944348561 11.0 0.0
12 1.54 9.001 168.14712431394074 10.988809437481816 11.0 0.0
12 1.56 4.5055 173.81702367242482 10.557974613698129 10.949449516241545 0.0
12 1.6 10.0 171.6 11.0 11.0 0.0
12 1.64 4.5055 177.95092343387472 10.917815581837607 10.949971484316373 0.0
12 1.66 5.5045 177.98696269554753 10.91569549821278 11.0 0.0
12 1.68 0.5095 199.3187131147541 7.509027777777958 9.968574953732263 0.9208068041433051
12 1.68 1.009 195.6994567307692 8.279730158728968 10.626300448430493 0.8835452766908887
12 1.7 5.5045 180.6118123569794 10.941593075401832 11.0 0.0
12 1.72 6.004 181.79845531914896 10.962562893074274 11.0 0.0
12 1.72 6.5035 180.15940197461214 10.984939911445439 11.0 0.0
12 1.72 8.5015 179.52 11.0 11.0 0.0
12 1.74 1.5085 196.83776241480038 9.131797900265104 10.871207789197125 0.7666993281075027
12 1.74 3.5065 186.7015732421875 10.50922301305048 10.949846533461724 0.0
12 1.74 10.0 180.84 11.0 11.0 0.0
12 1.76 6.5035 182.16 11.0 11.0 0.0
12 1.78 3.007 191.13636725663716 10.481321744830636 10.948983777165596 0.0
12 1.8 7.5025 184.8 11.0 11.0 0.0
12 1.82 9.5005 186.12 11.0 11.0 0.0
12 1.84 4.006 190.54950427350428 10.976713611083168 11.0 0.0
12 1.86 5.005 190.84906508205998 10.959406205847014 11.0 0.0
12 1.9 1.5085 208.14288349514564 9.520578537170675 10.915597305919887 0.6404099244875943
12 1.9 3.5065 195.50384372533543 10.797080759150756 11.0 0.0
12 1.9 10.0 191.4 11.0 11.0 0.0
12 1.92 5.005 194.13317671232875 10.985367502455285 11.0 0.0
12 1.96 4.006 197.47632375979111 10.973499014177744 11.0 0.0
12 1.96 5.005 196.2736311399444 10.98910909851059 11.0 0.0
12 1.98 7.5025 196.68 11.0 11.0 0.0
12 1.98 8.002 196.68 11.0 11.0 0.0
12 1.98 9.001 196.68 11.0 11.0 0.0
12 2.0 1.009 220.9023236514523 8.916176920720698 10.83473475458602 0.8060172253258845
14 0.02 0.01 55.32119124087591 7.520866141732701 10.755413846954712 0.9495184153137872
14 0.08 7.5025 27.43104406233208 1.9680145083282157 12.91760431085624 0.0
14 0.1 4.006 38.6728488372093 2.674554211932165 11.879296282245827 0.0
14 0.12 3.007 46.68451376146789 3.5669836467126714 9.48200663349917 0.4315484311050475
14 0.14 5.5045 38.6124066985646 1.9939686415136322 12.94518876611418 0.0
14 0.16 1.5085 58.777452380952376 4.805879365079071 8.506401074306178 0.8507744650371564
14 0.16 10.0 40.04 1.85714285714 13.0 0.0
14 0.18 1.5085 62.52046153846154 4.94417561505937 8.666654135338346 0.8563684936228886
14 0.18 10.0 43.42 1.85714285714 13.0 0.0
14 0.2 6.004 49.89718600368324 2.3551328597708467 12.949881220869042 0.0
14 0.2 6.5035 47.55793949717675 1.9924891959242685 13.0 0.0
14 0.2 8.5015 48.135023847376786 2.095539972747766 13.0 0.0
14 0.22 10.0 50.18 1.85714285714 13.0 0.0
14 0.26 0.5095 81.58143083003954 6.529423247560482 9.872589306560823 0.9309597779710865
14 0.26 1.009 78.06148039215687 5.767360088366875 9.23586956521739 0.906669279874566
14 0.26 2.5075 73.51590476190476 4.7007896169943955 9.829177545691905 0.7532277169084985
14 0.28 4.5055 64.34207924305144 2.652873658136831 12.949924888835476 0.0
14 0.28 8.002 60.32 1.85714285714 13.0 0.0
14 0.28 9.001 60.76489133425034 1.9454149472708018 13.0 0.0
14 0.3 0.5095 87.31231481481481 6.549970544919998 9.889849705946418 0.9323606996469299
14 0.3 1.009 84.27829090909091 5.903510737626455 9.452555086732302 0.9094627627790755
14 0.3 2.5075 80.04059090909091 4.881869688382907 11.087802071346374 0.7514243102162564
14 0.32 6.004 68.36431969608417 2.126957919347951 13.0 0.0
14 0.32 6.5035 67.79125586720092 2.006566358655786 13.0 0.0
14 0.32 8.5015 67.08 1.85714285714 13.0 0.0
14 0.36 6.004 75.75698096304592 2.2850403935327823 13.0 0.0
14 0.36 6.5035 75.13822896551724 2.146926108377038 13.0 0.0
14 0.36 8.5015 74.68443936300531 2.045633786386026 13.0 0.0
14 0.38 3.007 92.1058085106383 4.9784315439757885 12.759668348954579 0.5840529074120288
14 0.4 1.5085 97.91138528138528 5.780908289242577 9.60068520757759 0.8842649815985001
14 0.4 10.0 80.6 1.85714285714 13.0 0.0
14 0.42 0.5095 104.53187951807229 6.796003059858681 10.059139072847682 0.9359084791386272
14 0.42 1.009 102.52821844660194 6.258189591623214 9.790898907868945 0.9164351967911757
14 0.44 6.5035 89.38742902967121 2.3743441402197347 13.0 0.0
14 0.46 4.006 96.85737566137566 3.4419198790615746 12.949998499985 0.0
14 0.48 5.005 98.82094264339152 3.1486106163189214 13.0 0.0
14 0.5 1.009 113.96307634164776 6.433288043476926 9.914750163648264 0.919897149997597
14 0.52 4.006 112.01303597122302 4.958217497955011 12.919556928423187 0.0
14 0.52 5.005 105.16688847164852 3.1330025213266235 13.0 0.0
14 0.54 9.5005 105.37781057471265 2.2042889983577494 13.0 0.0
14 0.56 6.004 111.35545578231292 3.063459669583388 13.0 0.0
14 0.56 6.5035 110.58194957983193 2.8123212921526086 13.0 0.0
14 0.56 8.5015 109.28941672331747 2.392667767308721 13.0 0.0
14 0.58 5.005 116.4104705882353 3.6901826484056297 12.94958712682617 0.0
14 0.6 4.006 124.86717348927876 5.43938113413183 10.980604982206405 0.4495706737120209
14 0.64 4.006 130.86670175438596 5.555065774291432 10.551083333333333 0.4927875836883747
14 0.66 7.5025 127.72444430379747 3.1951446654613638 13.0 0.0
14 0.66 8.002 127.25496107784431 2.997882805816895 13.0 0.0
14 0.66 9.001 126.75058445440956 2.7859598547946374 13.0 0.0
14 0.68 1.5085 139.1506543778802 6.644592640208581 10.120266836086403 0.9051016341171781
14 0.68 10.0 129.63639590443688 2.623391028768923 13.0 0.0
14 0.7 9.5005 133.4533142857143 2.8825306122425483 13.0 0.0
14 0.72 4.006 142.90349484536083 5.908889828118776 10.351921682378535 0.6573396381578945
14 0.76 2.008 150.0597749360614 6.715520282191172 10.24207175925926 0.8948321554770318
14 0.76 2.5075 149.61454901960784 6.52911504424837 10.166644908616188 0.868701748857728
14 0.76 7.003 147.52914580645162 5.407480199470135 12.792776327241079 0.0
14 0.84 4.5055 160.19819749652294 6.4100781249982015 10.166205533596838 0.7888382110731027
14 0.86 0.01 166.83843333333334 7.5527052398030685 10.769739530132789 0.9498027286690961
14 0.86 3.007 163.4772568093385 6.882669475294475 10.479768538362624 0.8828906689151208
14 0.88 4.5055 165.88438196286472 6.699390243906427 10.394449806949806 0.8482749203459262
14 0.92 1.009 172.53734090909091 7.515989010989331 10.825258458646616 0.93536164436688
14 0.96 0.5095 178.5392272727273 7.624150127728952 10.876569646569646 0.9427191806715469
14 0.96 2.008 177.43009356725148 7.563519375362751 10.87121778886118 0.9304962468723936
14 0.96 2.5075 177.32756807511737 7.534732340830597 10.8343404735062 0.9274369802777657
14 0.96 7.003 176.7356429495472 7.188929957494547 10.694426326712126 0.9010331928032776
14 0.98 0.5095 181.2829523809524 7.638396462221572 10.849405014874629 0.9427899632718909
14 0.98 1.009 180.34851094890513 7.675465116282579 10.883834808259587 0.939138214350922
14 0.98 2.5075 180.08023076923078 7.649708635002111 10.904043824701194 0.9323277437167566
14 1.0 10.0 182.0 7.788246364414617 10.960484668644906 0.9353942166059385
14 1.02 0.5095 186.8516495726496 7.7043708822152395 10.904174609226077 0.9430343837582883
14 1.02 1.009 185.8191410658307 7.78256559766851 10.947347774177043 0.9393640630116055
14 1.06 0.01 196.0108260869565 7.551581378821217 10.771234978266428 0.9497300557985221
14 1.06 3.007 190.22109531502423 8.254519632411643 11.431555733761027 0.9307129494907503
14 1.1 7.5025 194.70662079510703 9.822413793102328 12.429798152582963 0.8710084358795759
14 1.1 8.002 194.60209370424596 9.919831299352309 12.5456106870229 0.8622220385219476
14 1.12 1.5085 198.7507657142857 8.244825162535099 11.377628149435273 0.9315664134674605
14 1.12 10.0 196.16005555555554 10.79338997694117 12.859551697986012 0.7245123966942147
14 1.14 5.5045 199.70103787878787 9.831117548405214 12.429407737076344 0.8674276169265033
14 1.18 1.5085 206.62386744639377 8.513657979836681 11.609351851851851 0.9269055346022278
14 1.18 3.5065 205.32351951951952 9.487760465552599 12.112040490143846 0.8905646749835849
14 1.18 9.5005 201.83097854077255 11.830908921554524 12.937264275228667 0.13552904564315316
14 1.2 0.01 216.9809756097561 7.56383985441438 10.782693736073286 0.9496571721992327
14 1.22 7.5025 206.43735520684734 11.61546056741371 12.932206630058978 0.3146792763157892
14 1.24 4.5055 210.957031026253 10.549554855479425 12.80829307568438 0.7803794966398734
14 1.26 5.5045 211.7863667905824 11.280918458199055 12.908084707439475 0.5668659043659042
14 1.28 0.5095 222.10908965517243 8.084002882365219 11.18645660585959 0.9369820024198426
14 1.28 1.009 220.32848163265308 8.473869047618525 11.613001179245282 0.9269759901857694
14 1.28 2.5075 217.81619378881987 9.688927077110773 12.369152157456472 0.8785558146313027
14 1.32 5.5045 217.31964733178654 11.766705899654934 12.936246796465593 0.15007649158592518
14 1.34 1.5085 226.87011139896373 9.108886255926349 11.916602261342494 0.9069402568397543
14 1.34 3.5065 222.2750490066225 10.901805629285464 12.86304847986853 0.7285504885993485
14 1.34 9.5005 214.97745825242717 12.823498657593888 12.949995499684977 0.0
14 1.36 6.004 219.71687489643745 12.262040947479575 12.947883051907443 0.0
14 1.36 6.5035 219.11487218045113 12.45869084477548 12.949168928604106 0.0
14 1.36 8.5015 217.51450487804877 12.629673063244056 13.0 0.0
14 1.4 4.5055 225.55671698113207 11.900122230680502 12.941740072706935 0.02360867018160473
14 1.42 10.0 221.91926776649746 12.845279379277141 13.0 0.0
14 1.44 0.5095 243.22826586102718 8.34890329963459 11.470430733410943 0.9325686774284905
14 1.44 1.009 240.78531516183986 8.980267762056505 11.87314313821938 0.9133551673944686
14 1.46 2.008 238.9027049808429 10.254782921994122 12.686002260738508 0.8324587856855649
14 1.46 7.003 226.80675684931506 12.691588257999225 13.0 0.0
14 1.5 1.5085 245.46965648854962 9.842400881055148 12.479318962824117 0.8697279974988276
14 1.5 3.5065 236.79320855614972 11.773054873045652 12.936504247780867 0.18178694158075565
14 1.52 5.005 234.569065830721 12.488431486885094 12.949717923190637 0.0
14 1.54 0.01 266.95625531914897 7.591553376422603 10.794808017387105 0.9495015906680806
14 1.54 3.007 241.91446082089553 11.640766178258408 12.932821442966546 0.32821442966545716
14 1.58 0.5095 261.41896153846153 8.544887690926323 11.645612510860122 0.927657450410174
14 1.58 2.008 251.0973612716763 10.710536896891119 12.840124700239809 0.7435451607939682
14 1.58 2.5075 248.00268181818183 11.306598263606817 12.915305655775192 0.530507042253521
14 1.58 7.003 236.52 12.85917658725934 13.0 0.0
14 1.6 4.5055 241.90137475214806 12.607178201897197 12.949858604091457 0.0
14 1.6 9.001 237.1578477491148 12.975223725278727 13.0 0.0
14 1.62 2.008 254.9039587878788 10.978609707542198 12.873514457008424 0.7032757699839771
14 1.62 7.003 238.8755579248886 12.991197781882757 13.0 0.0
14 1.66 4.006 248.02653176043557 12.562616073020141 12.949969982589902 0.0
14 1.68 6.004 246.41541729541495 12.842060827588075 13.0 0.0
14 1.68 6.5035 245.79192050314464 12.98763823269449 13.0 0.0
14 1.72 5.5045 249.95598441558442 12.8571428571 13.0 0.0
14 1.74 7.5025 250.37036164783083 12.968798322622012 13.0 0.0
14 1.74 8.002 249.34 13.0 13.0 0.0
14 1.74 9.001 249.97632162071287 12.988893553499793 13.0 0.0
14 1.78 5.005 256.0424375 12.832320088135784 13.0 0.0
14 1.84 10.0 258.44 13.0 13.0 0.0
14 1.86 3.5065 267.119538647343 12.610628770429113 13.0 0.0
14 1.86 9.5005 260.26 13.0 13.0 0.0
14 1.88 4.006 267.0635238095238 12.833689350411193 13.0 0.0
14 1.88 5.005 264.87971073934165 12.833965596328584 13.0 0.0
14 1.9 7.5025 263.9 13.0 13.0 0.0
14 1.9 8.002 264.66941499085925 12.989101478460594 13.0 0.0
14 1.9 9.001 263.9 13.0 13.0 0.0
14 1.92 1.5085 288.1244555160142 11.096307733648656 12.901273545788413 0.6138322520852639
14 1.92 3.5065 271.5193463626493 12.72961205907924 13.0 0.0
14 1.94 2.008 283.2936093457944 11.971357498214577 12.943243887488933 0.0
14 1.94 2.5075 278.0335514450867 12.366625000009988 12.949736119907115 0.0
14 1.94 7.003 267.54 13.0 13.0 0.0
14 1.96 1.5085 291.22526045016076 11.236820752402616 12.913485595639761 0.5563747671014105
14 1.96 10.0 269.36 13.0 13.0 0.0
14 1.98 0.01 332.05752173913044 7.6220606826825925 10.803532479848268 0.9492092031083346
14 1.98 3.007 278.90624291497977 12.785576881775455 13.0 0.0
14 2.0 9.5005 273.0 13.0 13.0 0.0
16 0.0 0.5095 53.08542435424354 6.635678044280443 10.457897153351698 0.9104309974204643
16 0.0 1.009 39.91336696090794 4.989170870113493 8.699897540983606 0.804881760711777
16 0.0 2.5075 20.73399615137909 2.591749518922386 5.680658591975775 0.0
16 0.02 0.5095 57.78879245283019 6.735121527777777 10.54501246882793 0.9126375930391026
16 0.02 1.009 46.18501123595506 5.205419463087249 8.874140160331006 0.8265299750208159
16 0.02 2.5075 29.90245714285714 2.9902608834827142 6.723192269243585 0.0
16 0.08 0.01 82.35089473684211 8.542018072289157 12.059178263750828 0.9495382845378304
16 0.1 1.5085 60.99694214876033 4.910106707317073 8.823217090794847 0.8094982283689564
16 0.1 10.0 37.5 1.875 15.0 0.0
16 0.12 5.005 42.0 1.875 15.0 0.0
16 0.16 4.5055 51.0 1.875 15.0 0.0
16 0.16 8.002 51.84 2.0 15.0 0.0
16 0.16 9.001 51.0 1.875 15.0 0.0
16 0.18 4.5055 55.845782789729355 1.9277107911172797 15.0 0.0
16 0.18 9.001 55.5 1.875 15.0 0.0
16 0.22 4.5055 69.08306084070797 2.609464878318584 15.0 0.0
16 0.22 9.001 64.5 1.875 15.0 0.0
16 0.24 0.5095 102.40278431372549 7.2520430579964845 10.964326984806334 0.9291489542594796
16 0.24 2.008 91.93935766423357 5.33622619047619 9.788687782805429 0.8153854674346477
16 0.24 2.5075 90.67562573099416 5.079769458544839 10.542716711349419 0.737362117869524
16 0.24 7.003 70.0949355704698 2.055088087248322 15.0 0.0
16 0.26 6.004 76.9576641221374 2.459064885496183 15.0 0.0
16 0.26 6.5035 75.34630543318649 2.1868759177679884 15.0 0.0
16 0.26 8.5015 73.5 1.875 15.0 0.0
16 0.28 3.007 95.7926 4.397226123595505 14.938112212691694 0.0
16 0.3 6.004 82.5 1.875 15.0 0.0
16 0.3 6.5035 83.89239509572516 2.123641981379491 15.0 0.0
16 0.3 8.5015 83.1548302295869 1.991933969569089 15.0 0.0
16 0.32 5.5045 90.19851915322582 2.4629630796370967 15.0 0.0
16 0.38 5.005 104.87100000000001 2.75625 15.0 0.0
16 0.4 4.5055 110.84743004735256 3.09321459319845 15.0 0.0
16 0.4 9.001 105.6 2.0 15.0 0.0
16 0.42 6.004 111.75535499862296 2.3610678876342606 15.0 0.0
16 0.42 6.5035 111.45410825132475 2.296144019682059 15.0 0.0
16 0.46 10.0 119.83500379987333 2.184028657378087 15.0 0.0
16 0.48 1.5085 143.77431802120142 6.697082411504424 10.808387096774194 0.891086715023198
16 0.48 3.5065 139.61997212543554 5.66054347826087 14.787464932415201 0.430382775119617
16 0.5 6.5035 130.46421601615074 2.616054004037685 15.0 0.0
16 0.5 9.5005 128.9105165329681 2.227629133242027 15.0 0.0
16 0.52 1.5085 151.7504385026738 6.8442868504772 10.877079382281224 0.8943923457103028
16 0.52 10.0 132.4489723859758 1.9919198921811976 15.0 0.0
16 0.56 5.5045 146.5373482642777 3.4481103023516235 15.0 0.0
16 0.58 1.5085 163.5772 7.080422576832151 11.059359777313848 0.8981794856130491
16 0.58 3.5065 160.2409583333333 6.0765363712374585 11.828721804511279 0.604109263657957
16 0.58 10.0 146.57834454470878 2.195935876401422 15.0 0.0
16 0.6 1.5085 167.34972307692308 7.119237413622902 10.994301584036206 0.9005964096141229
16 0.6 10.0 152.20374537379718 2.563670429311621 15.0 0.0
16 0.64 1.5085 175.10955737704919 7.263586128048781 11.318475236505286 0.9026289653560787
16 0.64 10.0 160.75804478515232 2.485432217066774 15.0 0.0
16 0.66 0.01 182.0787272727273 8.553355061349693 12.117506142506143 0.9498359668924002
16 0.66 3.007 176.75339208633093 6.598931143114311 10.887297066362859 0.7678690807799442
16 0.68 4.5055 179.24446875 6.16802036199095 10.970612708018153 0.38316062176165777
16 0.68 8.002 171.65903554274738 3.304310758885687 15.0 0.0
16 0.68 9.001 171.08103430079154 3.0785290237467016 15.0 0.0
16 0.72 1.5085 190.13488571428573 7.531086206896552 11.49592740150509 0.9107857831067337
16 0.72 10.0 179.53993162393164 3.008898046398046 15.0 0.0
16 0.78 0.5095 202.31027272727272 8.2731960950764 11.956292860024202 0.9416952354299307
16 0.78 2.008 200.82560317460317 7.554362068965517 11.592240350179068 0.9003110233865661
16 0.78 2.5075 200.46972839506174 7.358852091633466 11.447681795998047 0.8785204081632653
16 0.82 0.5095 209.42173770491803 8.337758977900553 11.964540767615047 0.9421284722222222
16 0.82 2.008 208.2698870967742 7.739522653721683 11.725186627718273 0.9082718767198679
16 0.82 2.5075 207.9431670190275 7.564905602923265 11.59920724801812 0.8915896968908547
16 0.84 3.007 211.48992033542976 7.532892022008253 11.61700517722023 0.8796867104598282
16 0.88 3.007 218.87378195488722 7.819285220994475 11.765506048982001 0.8997232416822092
16 0.9 4.006 222.245888252149 7.707281698564593 11.700033377837116 0.886495505311904
16 0.9 5.005 222.06112692763938 7.52600197109067 11.559672262190247 0.8638539454337526
16 0.92 6.5035 225.59762844036698 7.474383600917431 11.576701782820097 0.8542202396571328
16 0.94 0.5095 231.04011111111112 8.54110696517413 12.18936545240893 0.9438121565586758
16 0.94 1.009 230.466375 8.515741525423728 12.179662004662005 0.9391826309067688
16 0.94 2.5075 229.83761502347417 8.328264664804468 12.009714673913043 0.9266707730212503
16 0.96 6.004 232.99094510739857 8.08089200477327 11.935032857466576 0.9125045934169772
16 0.96 8.5015 232.91432086851628 7.855594089264174 11.80204081632653 0.8947790404040403
16 0.98 6.004 236.54973952095807 8.422211826347306 11.999879600963192 0.9283571182943604
16 0.98 6.5035 236.54297171381032 8.38546173044925 12.10742385786802 0.926560916501432
16 0.98 8.5015 236.52395924764892 8.274157523510972 11.958574831282254 0.9220038373344565
16 1.0 4.5055 240.0 8.735607569721115 12.47345283824157 0.9398368407753672
16 1.02 6.004 243.63262347188262 9.149202127659574 12.76739299610895 0.9361197347744432
16 1.02 6.5035 243.64 9.223192307692308 13.0 1.0
16 1.02 8.5015 243.61689934354487 9.266702218430034 12.832247266235216 0.934125133393937
16 1.04 0.5095 249.34469930069932 8.730076979472141 12.399675925925926 0.9441996719006327
16 1.04 1.009 248.32641860465117 8.849405570652173 12.531560559006211 0.9420096725931596
16 1.04 2.5075 247.3140986842105 9.067306259314456 12.718828329932965 0.937548711031175
16 1.06 1.009 251.9707524752475 8.902016129032258 12.585243500549248 0.9407753535640679
16 1.08 4.5055 254.14093577981652 9.919511686143572 13.308881578947368 0.9224502140331285
16 1.1 0.01 263.40898305084744 8.576151812688822 12.126430348258706 0.9498042404529574
16 1.12 4.5055 260.6633741007194 10.499615165336374 13.746334176051482 0.9042181483822769
16 1.12 8.002 259.2808213851762 11.824166666666667 14.551238556812063 0.8184620411719855
16 1.12 9.001 258.94980799999996 12.095408476658477 14.734475067707503 0.7716223622910385
16 1.16 0.5095 270.8892484076433 8.942969897209986 12.593147826086955 0.9418822790989608
16 1.16 2.008 268.43392065663477 9.79655701754386 13.144802259887005 0.9262358928966585
16 1.16 2.5075 268.0927136690648 10.032520161290323 13.403277990634312 0.9187847188383198
16 1.16 7.003 265.05572303595204 12.23485722964763 14.760048949035417 0.7593560496679179
16 1.18 7.5025 267.2540189189189 12.794438020351526 14.874448210922788 0.6152585410895659
16 1.18 8.002 266.9827970479705 13.018411726804123 14.894845425867508 0.5433698630136984
16 1.2 0.5095 277.779323943662 9.01786036036036 12.65125836253584 0.9408992588915286
16 1.2 1.009 276.4754120267261 9.38771815008726 12.856058363290336 0.9348538148843026
16 1.2 2.5075 274.5642892156863 10.398200934579439 13.680482115085537 0.9096786430390722
16 1.26 4.006 281.21495415472776 12.055992695883134 14.685765460030165 0.7884361513074384
16 1.28 6.004 280.56984400000005 13.3704737544484 14.926486414961186 0.2522655899506502
16 1.28 6.5035 280.02289084065245 13.619283661740559 14.935618819530283 0.0
16 1.28 8.5015 277.5766759847522 14.386599794238682 14.949181327560447 0.0
16 1.3 2.008 291.12327086882453 10.682057005494505 13.825013804527885 0.8969264069264069
16 1.3 7.003 281.71246445497627 13.935335303186022 14.944933425843328 0.0
16 1.32 4.006 288.8443368920522 12.612167774086378 14.845159791898922 0.6625430249038265
16 1.34 7.5025 285.2349912472648 14.259041786743516 14.9493080689802 0.0
16 1.34 8.002 284.5079850644942 14.465101739670706 14.949971484316373 0.0
16 1.34 9.001 283.98281259600617 14.620758928571428 15.0 0.0
16 1.36 5.5045 290.7083512623491 13.809620276162791 14.94314320802347 0.0
16 1.38 2.008 303.3448620689655 11.210853096179182 13.998368117229129 0.8674170710365126
16 1.38 7.003 289.94334887892376 14.46884695421869 14.949817842411104 0.0
16 1.42 4.5055 299.20851672240804 13.603825088339223 14.93955757026292 0.0
16 1.44 6.004 298.33954688950786 14.674760743950884 14.94982690628857 0.0
16 1.44 6.5035 297.56820806794053 14.714186972820993 15.0 0.0
16 1.44 8.5015 294.9331479768786 14.729478181639086 15.0 0.0
16 1.48 5.005 304.66606222222225 14.293761446886446 14.949452582415915 0.0
16 1.5 7.5025 303.1684226015303 14.703256113978012 15.0 0.0
16 1.5 8.002 302.42840707964604 14.796970973782772 15.0 0.0
16 1.5 9.001 300.6794300518135 14.868348312633696 15.0 0.0
16 1.52 3.5065 314.1270569105691 13.681149085037674 14.936970086601368 0.0
16 1.52 9.5005 303.9127898491083 14.92426844783715 15.0 0.0
16 1.56 4.006 315.96122989323845 14.397585227272728 14.948746886435622 0.0
16 1.56 5.005 313.100317948718 14.63658818726184 15.0 0.0
16 1.58 6.004 313.7082897617515 14.580321145185502 15.0 0.0
16 1.58 6.5035 311.8463077777778 14.9737874308002 15.0 0.0
16 1.58 8.5015 311.7466966654715 14.843590758329563 15.0 0.0
16 1.6 3.007 326.0173039889959 13.51166177703269 14.934886900808689 0.05942437923250523
16 1.64 4.006 324.8996411378556 14.369482037401575 14.949742182552844 0.0
16 1.64 5.005 321.69824 14.782774457724656 15.0 0.0
16 1.7 2.008 345.35757281553396 12.894009298998569 14.889402786994028 0.5640334815589849
16 1.7 7.003 326.5323642172524 14.861824089299267 15.0 0.0
16 1.74 0.01 385.5673777777778 8.597507496251874 12.159556620730976 0.9494587136489068
16 1.74 3.007 341.277325803649 14.09977195945946 14.94726634183383 0.0
16 1.78 3.5065 342.2919692307692 14.555088087248322 14.949927897614613 0.0
16 1.78 9.5005 333.6 15.0 15.0 0.0
16 1.8 0.5095 380.6837671232877 10.084036377708978 13.446249002394254 0.9196151249155975
16 1.8 1.009 371.965814863103 11.349827981651377 14.220074871314926 0.8595753643946414
16 1.8 2.5075 352.2507317073171 13.815191774491682 14.941151754819575 0.0
16 1.84 4.5055 344.0679475088968 14.855319525788778 15.0 0.0
16 1.86 7.5025 343.2 15.0 15.0 0.0
16 1.88 1.5085 373.9484 12.656732093663912 14.864913276057708 0.6385382780307958
16 1.88 10.0 345.6 15.0 15.0 0.0
16 1.9 0.01 415.9155882352941 8.627660075329567 12.183908718548858 0.9493496626754999
16 1.9 3.007 359.11995730145173 14.362573322383858 14.949692121943858 0.0
16 1.92 7.5025 351.1832146297948 14.990583190200686 15.0 0.0
16 1.92 8.002 350.4 15.0 15.0 0.0
16 1.92 9.001 350.4 15.0 15.0 0.0
16 1.96 4.5055 356.8222088218872 14.964368479562168 15.0 0.0
16 1.96 8.002 355.2 15.0 15.0 0.0
16 1.96 9.001 355.2 15.0 15.0 0.0
16 1.98 1.009 396.7339152542373 11.795901381909548 14.591695247427731 0.8099543899657924
18 0.0 6.004 17.0 1.88888888889 4.0190111830488515 0.0
18 0.0 6.5035 17.0 1.88888888889 4.4904616325282785 0.0
18 0.0 8.5015 17.0 1.88888888889 4.120010559662091 0.0
18 0.02 6.004 28.277054892601434 2.1077791599705873 7.315523613963038 0.0
18 0.02 6.5035 25.082942649084828 1.88888888889 10.0 0.0
18 0.02 8.5015 22.78 1.88888888889 17.0 0.0
18 0.04 4.006 40.0111 2.7064756396804674 9.515732880588567 0.0
18 0.06 2.008 57.16183333333333 4.276396011393247 8.606045678459472 0.6008860153256703
18 0.06 2.5075 54.135107142857144 3.8330526852931603 8.835537583254043 0.3881424375917765
18 0.06 7.003 35.277379299500765 1.992720276391091 16.934482487519162 0.0
18 0.08 0.5095 88.10325423728814 7.639751887813743 11.832073207320732 0.9178844164162191
18 0.08 1.009 76.53014285714285 6.155438596489673 10.464042126379137 0.8601996309344069
18 0.08 2.5075 62.209720000000004 4.1411643669799485 8.867436134195136 0.5118043350908024
18 0.1 4.5055 47.409970997679814 2.0753050614411994 17.0 0.0
18 0.1 9.001 45.9 1.88888888889 17.0 0.0
18 0.12 1.5085 82.56133333333334 5.549924414214122 9.85211813842482 0.8171274961597541
18 0.12 3.5065 71.25249557522123 3.6234995625584454 16.910271870794077 0.0
18 0.12 9.5005 51.68 1.88888888889 17.0 0.0
18 0.14 2.008 85.35356626506024 5.149652777776281 9.840534437335341 0.7573944687045122
18 0.14 7.003 57.46 1.88888888889 17.0 0.0
18 0.16 3.007 87.42925490196079 4.543980481564994 16.784719710669076 0.23894977168949738
18 0.18 3.007 94.21914942528736 4.8003739896268005 15.624121013900245 0.5066015393724095
18 0.22 3.007 105.39221212121213 4.913803471368909 16.899091844765998 0.007916666666666234
18 0.24 6.004 88.46474119006355 2.196599589188611 17.0 0.0
18 0.24 8.5015 86.36 1.88888888889 17.0 0.0
18 0.26 5.5045 94.19831174619821 2.1979447066343893 17.0 0.0
18 0.28 5.005 102.9576065798492 2.6662973117084623 17.0 0.0
18 0.3 5.5045 108.10024012393494 2.5873397022160205 17.0 0.0
18 0.34 2.008 143.3817551020408 6.369960847842932 11.053846153846154 0.8245948221427067
18 0.34 2.5075 142.00018055555554 6.068094956658105 11.363514578408195 0.7555082881032711
18 0.38 3.5065 138.56210027100272 3.9720227541373956 16.949455648218347 0.0
18 0.38 9.5005 127.86462204575534 2.0760971408156084 17.0 0.0
18 0.4 3.007 156.7087330316742 6.079846194642532 12.285877466251296 0.6253764890986737
18 0.46 4.5055 158.54774376039936 3.6600295803324805 17.0 0.0
18 0.48 7.5025 158.40961629434955 2.4635932252854507 17.0 0.0
18 0.48 8.002 155.72 1.88888888889 17.0 0.0
18 0.48 9.001 157.7606408839779 2.3249232658039944 17.0 0.0
18 0.52 4.5055 176.12658640776698 3.936709816613362 16.949984995798825 0.0
18 0.52 8.002 169.58690880929333 2.4228955577025584 17.0 0.0
18 0.52 9.001 168.67587562152133 2.2120082457204115 17.0 0.0
18 0.58 7.5025 186.63629615384616 2.422300569796347 17.0 0.0
18 0.58 8.002 188.57229406037 2.9344693281408696 17.0 0.0
18 0.58 9.001 187.2228063583815 2.5774619995760513 17.0 0.0
18 0.6 4.5055 204.776783625731 5.751146384482206 16.940771144278607 0.0
18 0.6 8.002 194.28848066298343 2.9690224063845947 17.0 0.0
18 0.6 9.001 192.7632316914256 2.5453421365107363 17.0 0.0
18 0.62 0.5095 220.47458771929826 8.878005464482094 12.959191176470588 0.9393993382540087
18 0.62 2.008 216.03073053892214 7.515507954404347 11.979934541792547 0.8695852895148669
18 0.62 2.5075 215.14893902439024 7.251757521594146 11.992637465051258 0.821952782822348
18 0.64 4.5055 217.41519117647059 6.527172113291934 13.157974910394264 0.21046897205116025
18 0.64 8.002 205.87298242606084 3.0965995142153506 17.0 0.0
18 0.64 9.001 205.4466481835564 2.965014871468376 17.0 0.0
18 0.66 1.009 228.42579999999998 8.465448717945954 12.764370015948963 0.926124728513807
18 0.68 3.007 229.52320948616602 7.293236714972913 11.981238779174147 0.786812484011256
18 0.72 4.5055 238.07371014492753 6.925879839115875 12.393808312128922 0.5524436090225562
18 0.72 8.002 230.36047482014388 3.9610045297099554 16.949888755261576 0.0
18 0.72 9.001 229.22253525398028 3.532752084915433 17.0 0.0
18 0.74 0.5095 248.22802150537635 9.119351073761646 13.323311897106109 0.9418295406952394
18 0.74 2.008 245.67578827977317 8.096651270206886 12.485164051355207 0.8961557632398753
18 0.74 2.5075 245.13280824742267 7.837356321840707 12.390894039735098 0.8675224544948732
18 0.76 5.5045 247.57020253164558 6.875080808082058 13.339920424403182 0.41682995101469533
18 0.78 6.004 252.4553238341969 6.879965645060418 12.053866432337433 0.3461357395056882
18 0.78 6.5035 252.09630029440626 6.749684525721677 11.95500860585198 0.19209888511875875
18 0.78 8.5015 250.9845091324201 6.196346858802233 16.92519299820467 0.0
18 0.8 2.008 260.17663341645886 8.424398782339743 12.788661769402747 0.9068258050089445
18 0.8 2.5075 259.7498205128205 8.201477124180991 12.602068383284086 0.8887457446098391
18 0.82 6.004 262.61018510158016 7.180792420325496 12.24892032762472 0.5756873727087575
18 0.82 6.5035 262.4188915662651 7.063406459475295 12.15658835546476 0.5058701452712716
18 0.82 8.5015 261.83352709359605 6.677723378216197 11.544239423942393 0.0
18 0.84 5.005 268.0758609625668 7.602715397039053 12.297736093143596 0.7712776176753121
18 0.86 3.5065 273.65101612903226 8.22188999630638 12.677211024269848 0.8759249609171443
18 0.86 9.5005 271.8245744125326 6.8723817812603425 12.973398692810457 0.2222585160989264
18 0.88 5.005 278.0325682451254 8.04860919010248 12.565496535796767 0.8432079021636876
18 0.9 1.5085 283.9103501094092 9.136395147312328 13.347117400419286 0.933581732685104
18 0.94 6.004 292.3083813953488 8.58243894049265 12.910581732034746 0.8979363135333741
18 0.94 6.5035 292.25739340101524 8.52965313029002 12.828499704666273 0.8936307358478524
18 0.94 8.5015 292.07299226519336 8.208017188457097 12.744288354898336 0.8668131692504395
18 0.96 5.5045 297.0126036363636 9.008328291994271 13.224412296564195 0.9209795183007775
18 0.98 5.5045 301.56248865619546 9.332767843493539 13.568489892984541 0.9327183917326013
18 1.04 6.004 315.13882389937106 10.614697138648712 14.54805243445693 0.9325659491827156
18 1.04 6.5035 315.1026772151899 10.764189553066123 14.658242811501598 0.9314199893017323
18 1.04 8.5015 315.01431615120276 11.000293586269166 14.834379562043795 0.9260952465413267
18 1.06 3.5065 319.76339101497507 10.5215739240223 14.498852040816326 0.9347594629506399
18 1.06 9.5005 319.04003124999997 11.885836045261687 15.518728039353478 0.9009214124360956
18 1.1 0.5095 330.6893298969072 9.834431194398778 13.86659125188537 0.9445947742836247
18 1.1 1.009 329.89 10.061641081865181 13.979969094069924 0.9411766781958071
18 1.12 3.007 332.9754522292994 11.068892339537625 14.826174801362088 0.9243543775246221
18 1.16 6.004 338.56980726698265 13.224523007833888 16.36409767264403 0.8154672276350752
18 1.16 6.5035 338.13959268929506 13.513072818591752 16.544866193336976 0.786757932446264
18 1.16 8.5015 336.7937125382263 14.507777777784 16.84392733402004 0.6082040432534084
18 1.18 0.01 352.7130212765958 9.573608465612729 13.674235963041934 0.9498117980065645
18 1.2 6.004 345.42877876106195 13.890093708176988 16.714361610968293 0.7209142665773609
18 1.2 6.5035 344.7372676056338 14.21795250397722 16.798269184216895 0.6501469353484465
18 1.2 8.5015 342.8445955882353 15.073483515186831 16.917693827160495 0.2222585160989264
18 1.22 0.5095 358.14314285714283 10.08750231095446 13.971240458015266 0.9415562101129111
18 1.22 2.008 354.9832509505703 11.366069094267782 14.959715070374184 0.9173591828639428
18 1.22 2.5075 354.0910805084746 11.793952709792524 15.426718178121186 0.904443297786951
18 1.24 5.005 353.14161887477314 13.963102453106142 16.734813046937152 0.7187004219409282
18 1.28 5.5045 358.43805945945945 14.715079365107856 16.894505981391227 0.4323228882833785
18 1.3 4.5055 363.50083333333333 14.385392300156393 16.838168754247985 0.6108568760214801
18 1.34 0.01 390.94759375 9.614322301028285 13.672392426850259 0.9497406670285266
18 1.4 5.005 376.6365240641711 15.579489664124738 16.943625909014038 0.0
18 1.42 3.007 388.083946875 14.050839630557467 16.770078631535384 0.6803413885692365
18 1.48 1.5085 407.72101587301586 12.45810920942044 16.0 1.0
18 1.48 3.5065 394.38197590361443 15.149460625659271 16.91775880785552 0.18618164062499964
18 1.5 0.01 429.4830078125 9.614886541474899 13.668258330470628 0.9495901763300366
18 1.5 3.007 400.29961715160795 14.66456801963512 16.877942145734163 0.4934042553191487
18 1.52 7.5025 388.4217922568461 16.653413328914958 17.0 0.0
18 1.52 8.002 386.5203268983269 16.880642144650338 17.0 0.0
18 1.54 3.5065 402.9682093862816 15.488296141320252 16.937960171226504 0.0
18 1.54 9.5005 389.16 16.8888888889 17.0 0.0
18 1.56 1.5085 422.1837127468582 12.913614262569416 15.976074126534467 0.8499819981998199
18 1.58 5.5045 401.3732131147541 16.728380901600914 17.0 0.0
18 1.6 5.005 405.0757268722467 16.656265520569235 17.0 0.0
18 1.64 1.5085 436.6347276190476 13.209382366787171 16.231226937269373 0.8182442748091602
18 1.66 4.5055 415.00759312839057 16.476598479748773 16.949842005477144 0.0
18 1.74 1.009 462.12510344827587 12.508636363643273 15.852037132542547 0.8734472285497342
18 1.76 2.008 448.47056427378965 14.783961988325698 16.891122288999217 0.4521038790269557
18 1.76 2.5075 441.5454256926952 15.487206507662163 16.936056013811626 0.0
18 1.78 7.5025 425.34 17.0 17.0 0.0
18 1.8 6.004 430.6309849157054 16.88107567107575 17.0 0.0
18 1.8 6.5035 428.4 17.0 17.0 0.0
18 1.8 8.5015 428.4 17.0 17.0 0.0
18 1.82 0.5095 489.3045263157895 11.315544956689873 14.927287915351773 0.9195103105230115
18 1.82 2.008 458.12469811320756 14.937321183623748 16.911940613937762 0.32983514274225945
18 1.82 2.5075 450.8851375545851 15.652583366319176 16.94236262406197 0.0
18 1.84 3.007 447.8642 16.010521395180536 16.94973460401713 0.0
18 1.86 0.01 516.062649122807 9.647294843866998 13.667876165113181 0.9494433827767161
18 1.88 4.5055 443.54391393643033 16.877036041430056 17.0 0.0
18 1.88 8.002 440.64 17.0 17.0 0.0
18 1.88 9.001 440.64 17.0 17.0 0.0
18 1.9 1.009 491.46582577132483 13.049127354410155 16.103442711135017 0.8347675225537821
18 1.92 0.01 530.6579230769231 9.621076146079936 13.702885540237256 0.9494249734486421
18 1.94 5.5045 453.1621024273139 16.873447474002113 17.0 0.0
18 1.96 0.01 540.3264269662922 9.603743315511984 13.674815560026827 0.9493835034013606
18 1.96 3.007 464.4967417218543 16.542735921864995 16.94999399939994 0.0
18 1.98 9.5005 455.94 17.0 17.0 0.0
20 0.0 5.5045 19.0 1.9 4.75391997637679 0.0
20 0.02 5.5045 31.73652625152625 2.070437873187376 9.754824948514269 0.0
20 0.04 1.5085 66.04511111111111 5.101124807395993 9.459787336877719 0.6991516245487364
20 0.06 6.004 40.66 1.9 19.0 0.0
20 0.06 8.5015 40.66 1.9 19.0 0.0
20 0.08 6.004 47.88 1.9 19.0 0.0
20 0.08 6.5035 48.8 2.0 19.0 0.0
20 0.08 8.5015 47.88 1.9 19.0 0.0
20 0.1 3.007 82.11920245398773 4.34875 11.956614929785662 0.35021442495126676
20 0.12 7.5025 63.114622737062696 1.9902980383025788 19.0 0.0
20 0.12 8.002 62.32 1.9 19.0 0.0
20 0.12 9.001 62.32 1.9 19.0 0.0
20 0.16 5.005 81.27554154727792 2.43756446991404 19.0 0.0
20 0.18 5.005 83.98 1.9 19.0 0.0
20 0.2 2.008 127.32401639344263 6.091277033985581 11.351332825590251 0.7894517433046992
20 0.2 2.5075 124.90511475409836 5.701479885057472 11.379640228945217 0.7154831000341412
20 0.22 5.005 103.3763561752988 2.535430278884462 19.0 0.0
20 0.24 5.5045 105.64 1.9 19.0 0.0
20 0.28 3.5065 132.53383333333332 3.629699074074074 19.0 0.0
20 0.28 9.5005 120.08 1.9 19.0 0.0
20 0.32 2.008 169.60549999999998 6.776777893639207 11.877193675889327 0.8164225134926754
20 0.36 2.008 183.01792857142857 6.963552492046659 11.9128508623605 0.8203018867924528
20 0.36 2.5075 181.0681111111111 6.626334196891191 12.510808435852372 0.7297389330306469
20 0.38 7.5025 156.18 1.9 19.0 0.0
20 0.38 8.002 156.71589174670356 1.9864341526941234 19.0 0.0
20 0.4 5.005 169.94158282208588 2.9902638036809814 19.0 0.0
20 0.44 2.008 209.5158487394958 7.340741206030151 12.284108040201005 0.8349965349965349
20 0.44 2.5075 207.89640579710144 7.014168975069252 12.310589013898081 0.7632864649907682
20 0.46 3.007 213.05830456852792 6.847553879310345 12.627981651376146 0.6535647474537517
20 0.48 0.01 237.51075643564357 10.573620689655172 14.937751677852349 0.949801216794169
20 0.52 0.01 248.61006363636363 10.597476979742172 14.948432457353618 0.9498057521457611
20 0.52 3.007 232.68083137254902 7.078426666666666 12.908582949308755 0.6906070168925189
20 0.54 0.5095 249.77757971014492 9.595130568356375 14.158986486486485 0.9374643553954675
20 0.54 2.008 241.82390163934429 7.7770383275261326 12.774080064698746 0.854804425472602
20 0.54 2.5075 240.355022556391 7.4563819691577695 12.674057971014493 0.7945895982252895
20 0.56 2.008 248.4279241706161 7.9125493421052635 12.82562452687358 0.8574129523483617
20 0.58 0.01 264.90141365461847 10.56601167315175 14.931048014773776 0.9498329470547512
20 0.58 3.007 252.05717562724016 7.35446386946387 12.558948611931482 0.7290799739921976
20 0.6 3.007 258.5257330415755 7.464006376195536 12.844264448336252 0.736448450347881
20 0.62 6.004 250.56790972222223 3.938923611111111 19.0 0.0
20 0.62 6.5035 249.64903882063882 3.6971154791154794 19.0 0.0
20 0.62 8.5015 246.07613004674883 2.756876328091798 19.0 0.0
20 0.64 3.007 271.38179710144925 7.671288546255506 12.781571249477643 0.7593560496679179
20 0.66 9.5005 261.0817904245709 3.024056007226739 19.0 0.0
20 0.68 5.005 281.37200840336135 7.066358087487283 16.059085963003263 0.08673972602739687
20 0.7 0.5095 295.99887351778654 9.940714285714286 14.523772727272727 0.9411600649579891
20 0.7 2.008 292.1383333333333 8.5935375 13.390636042402827 0.8879378739998655
20 0.7 2.5075 291.24098591549296 8.292376623376624 13.123827252419956 0.852920931874338
20 0.72 3.007 296.8053 8.138471615720523 13.052739726027397 0.8167051578137028
20 0.74 6.004 299.9071253196931 7.130872235872236 13.586080178173718 0.0
20 0.74 6.5035 299.58814925373133 6.974358237547893 14.02525 0.0
20 0.74 8.5015 292.05563444976076 4.175244019138756 19.0 0.0
20 0.76 4.006 308.2065917926566 7.952332896461337 12.986477987421383 0.7473165554881745
20 0.78 5.5045 313.11676470588236 7.560302398331595 12.750627413127413 0.490772991139627
20 0.8 8.5015 317.88650062266504 6.929072580645162 18.883512720156556 0.0
20 0.82 5.5045 325.9351925465839 7.889680616740089 13.09225181598063 0.6719094488188975
20 0.84 1.5085 334.9088951048951 9.68092382495948 14.225388291517323 0.9285965212920915
20 0.84 3.5065 333.37870152505445 8.769082191780821 13.556376470588235 0.8697788889757012
20 0.84 9.5005 330.7184552727273 7.195879360465116 12.94471007121058 0.0
20 0.86 7.5025 337.819791613723 7.854341772151899 12.893379160636758 0.622918552036199
20 0.88 1.5085 346.6011735015773 9.956790780141844 14.58585304054054 0.9332305103757711
20 0.88 3.5065 345.540304964539 9.190029027576196 13.831216134858519 0.8951892843667463
20 0.88 9.5005 343.6097299771167 7.661018306636156 12.864618320610687 0.5018828451882843
20 0.9 8.002 350.27949569495695 8.275191594561187 12.963846340870411 0.7677396878483834
20 0.9 9.001 350.06720417633414 8.064095682613768 12.96561928004881 0.709228890439637
20 0.94 5.5045 362.8998676207513 9.466779964221825 14.123712021136063 0.9091518587157963
20 0.96 4.006 368.8687194860814 10.086592844974446 14.715633704735376 0.9311423259657096
20 1.0 5.005 380.0 10.663923357664233 15.03626907073509 0.9451707349167708
20 1.04 5.5045 391.3702619047619 11.640590631364562 15.915046082949308 0.9348538148843026
20 1.06 7.5025 396.43210642201836 12.663236434108526 16.739585635359116 0.9161830525521749
20 1.08 5.005 402.11188453608247 12.44030411449016 16.535344827586208 0.9212148428267549
20 1.1 6.004 406.7750551470588 13.293170289855073 17.063148148148148 0.8981608212147134
20 1.1 6.5035 406.5570333988212 13.468362676056339 17.358549931600546 0.8895786405194116
20 1.12 5.005 412.1888536585366 13.278844827586207 17.072934648582 0.8983595560434199
20 1.14 4.5055 417.31986528497407 13.349272097053726 17.197621681415928 0.8931671046727774
20 1.16 5.5045 421.00456892778993 14.391289808917199 17.88361610113107 0.8391837128521805
20 1.18 0.5095 432.8076606060606 11.034152892561984 15.48633125556545 0.9436583057264553
20 1.18 1.009 431.64000982800985 11.458690702087287 15.782470689162139 0.9379717156680313
20 1.2 5.5045 429.38083850931673 15.089335585585586 18.256269522534584 0.764224076955722
20 1.22 6.004 432.5565426751592 15.811389776357828 18.74635519707807 0.6366470459995638
20 1.22 6.5035 431.6420256 16.219280936454847 18.829214058817502 0.5212008043665611
20 1.22 8.5015 428.9271413189771 17.239180602006687 18.93343584008946 0.0
20 1.24 1.5085 446.85265560165976 12.254039855072463 16.47056571671629 0.9255505427256889
20 1.24 3.5065 441.65012 14.271258620689656 17.800370876439587 0.8483439490445859
20 1.26 4.5055 443.34831353135314 15.43222027972028 18.59259349792227 0.730830103359173
20 1.32 4.5055 455.36420253164556 16.25474945533769 18.81802598536958 0.5370277777777775
20 1.34 1.009 475.1807355769231 12.17284023668639 16.325140521205928 0.9265997269564451
20 1.36 2.008 474.5169411764706 13.731976351351351 17.545740365111563 0.8776644157369348
20 1.36 2.5075 471.5909069767442 14.534408396946565 17.92179778472025 0.8315103113627172
20 1.4 1.5085 487.0786836518047 13.326012658227848 17.17191135734072 0.8966964175034089
20 1.4 3.5065 474.6340368509213 16.15568578553616 18.79277632724108 0.5880622837370241
20 1.42 5.005 471.1760394218134 17.464534574468086 18.941973331476518 0.0
20 1.46 4.006 482.5470065502183 17.180857719475277 18.93046434978514 0.0
20 1.46 5.005 477.9791680851064 18.06888261851016 18.94831617464649 0.0
20 1.48 7.5025 475.7373717754173 18.5702109025916 19.0 0.0
20 1.48 8.002 474.3846211764706 18.716789815277085 19.0 0.0
20 1.48 9.001 474.279189107413 18.671124393624392 19.0 0.0
20 1.5 1.009 515.8244296577947 12.908417582417583 16.87122105263158 0.9096541630529055
20 1.52 0.01 536.4355806451613 10.60052511415525 14.942774298306658 0.9496632539035366
20 1.54 7.5025 485.05020316403 18.784134221799142 19.0 0.0
20 1.56 8.002 487.43426912831814 18.89257495433688 19.0 0.0
20 1.56 9.001 486.96 18.9 19.0 0.0
20 1.58 4.006 502.843660251046 17.87863953488372 18.947853701270258 0.0
20 1.6 1.5085 532.6415757575758 14.456396825396826 17.907688773165876 0.8343899046104928
20 1.6 3.5065 510.8799170124481 17.46529489728297 18.943346136850334 0.0
20 1.6 9.5005 494.0 18.994871692307694 19.0 0.0
20 1.62 4.006 509.48399223803364 18.085652492668622 18.94979365605326 0.0
20 1.62 5.005 506.28503513513516 18.48063661390227 19.0 0.0
20 1.64 8.002 502.80811591077565 18.89098837523655 19.0 0.0
20 1.64 9.001 502.24 18.9 19.0 0.0
20 1.68 2.008 541.8487073170731 15.976966618287372 18.762307472903593 0.6150808314087758
20 1.68 2.5075 534.9711211631663 16.79260135135135 18.90809991177768 0.19131489568170756
20 1.72 4.5055 524.5184053851907 18.74083422080227 19.0 0.0
20 1.74 9.5005 521.34 18.9 19.0 0.0
20 1.76 6.004 525.16 18.9 19.0 0.0
20 1.76 8.5015 524.4 19.0 19.0 0.0
20 1.78 0.01 614.1535909090909 10.630381526104417 14.978407039711191 0.9495505039803857
20 1.8 5.5045 534.3664545744341 18.882159066581032 19.0 0.0
20 1.82 6.004 535.8 19.0 19.0 0.0
20 1.82 6.5035 536.62 18.9 19.0 0.0
20 1.82 8.5015 536.62 18.9 19.0 0.0
20 1.84 5.005 546.8545215053764 18.851080129145874 19.0 0.0
20 1.86 0.5095 616.3937999999999 12.55766859344894 16.680231829573934 0.9187094571526118
20 1.86 1.009 599.7919135338345 14.348732612055642 17.867242213974503 0.84146295063255
20 1.86 2.5075 566.6796625 17.73701793721973 18.943789416883074 0.0
20 1.88 0.01 644.1761212121212 10.636659574468084 14.975573033707866 0.9495291160706174
20 1.88 3.007 561.8148816608996 18.275789707187222 18.949749758803666 0.0
20 1.9 9.5005 551.0 19.0 19.0 0.0
20 1.92 1.009 613.4383956442831 14.62990118577075 17.940459501557633 0.8249448587333262
20 1.94 4.006 566.8396098121885 18.558560417702637 19.0 0.0
20 2.0 0.5095 651.8557565789474 12.934234800838574 16.912159967519287 0.9104502471523748
20 2.0 2.008 599.6095454545455 17.412896935933148 18.93540423223006 0.0
20 2.0 2.5075 590.5645768025079 18.271743745261563 18.94939426142402 0.0
20 2.0 7.003 570.0 19.0 19.0 0.0
