10 0.02 0.01 28.819824355971896 5.495251046025104 7.7827038971474485 0.9496084656084656
10 0.08 7.5025 15.48 1.8 9.0 0.0
10 0.1 4.006 21.727086956521738 2.4084575645756456 7.663278301886792 0.0
10 0.12 3.007 24.89255737704918 2.8212374323279192 6.861101694915254 0.4296030116358656
10 0.14 5.5045 21.214067226890755 1.9564688471215037 8.94736958443855 0.0
10 0.16 1.5085 30.977006896551725 3.721546458739441 6.585749822316986 0.8623130937629079
10 0.16 10.0 21.96 1.8 9.0 0.0
10 0.18 1.5085 32.76744390243903 3.7943196955280682 6.708020581113801 0.8635641781270464
10 0.18 10.0 23.58 1.8 9.0 0.0
10 0.2 6.004 25.681547647480297 1.920386911870074 9.0 0.0
10 0.2 6.5035 26.757167006703586 2.1554044611663534 8.949011869799314 0.0
10 0.2 8.5015 25.861294335916185 1.9653235839790462 9.0 0.0
10 0.22 10.0 26.82 1.8 9.0 0.0
10 0.26 0.5095 41.892990963855425 4.866659959758551 7.338750565866908 0.9336478362992157
10 0.26 1.009 40.41452505966587 4.402143600416233 6.957119974371295 0.9120892452133551
10 0.26 2.5075 38.013480446927375 3.630158478605388 7.833319327731092 0.769410625345877
10 0.28 4.5055 33.82768752774079 2.337498950902224 8.948596718480138 0.0
10 0.28 8.002 31.68 1.8 9.0 0.0
10 0.28 9.001 31.68 1.8 9.0 0.0
10 0.3 0.5095 44.624237288135596 4.92019520851819 7.426478761413259 0.93489453125
10 0.3 1.009 43.35830769230769 4.508446909667195 7.050156152404747 0.9153314706629413
10 0.3 2.5075 41.26405963302752 3.7765475223395613 7.729358588032716 0.7859912686183872
10 0.32 6.004 35.76356326148079 2.0481068416119963 9.0 0.0
10 0.32 6.5035 36.02986165273909 2.1264298978644383 9.0 0.0
10 0.32 8.5015 35.53751559217967 1.9816222329940216 9.0 0.0
10 0.36 6.004 39.381918117647054 2.181849411764706 9.0 0.0
10 0.36 6.5035 39.06522379603399 2.0828824362606233 9.0 0.0
10 0.36 8.5015 38.35143481917577 1.8598233809924305 9.0 0.0
10 0.38 3.007 47.10525479452055 3.8517251680358475 8.79542162759298 0.6424157906028748
10 0.4 1.5085 50.04830935251798 4.453824804856895 7.310513078470825 0.8919761488106811
10 0.4 10.0 41.913364457525624 1.9711214858418755 9.0 0.0
10 0.42 0.5095 52.87984047619048 5.0828626320845345 7.586029643645538 0.9367644269074629
10 0.42 1.009 52.23871232876712 4.736803335649756 7.397005482918599 0.9187134217713616
10 0.44 6.5035 45.40275632911393 2.0724129746835445 9.0 0.0
10 0.46 4.006 52.00946 3.604034632034632 8.93536164436688 0.0
10 0.48 5.005 50.772686971235196 2.9018739635157544 8.948754765711474 0.0
10 0.5 1.009 57.66107305936073 4.907572964669739 7.569877928076542 0.9211178948364807
10 0.52 4.006 56.63249315068493 3.887947103274559 8.908317289179823 0.04487106017191935
10 0.52 5.005 55.428680597014925 3.396858131487889 8.943643064854264 0.0
10 0.54 9.5005 53.29305191594561 2.0404573547589617 9.0 0.0
10 0.56 6.004 56.393079696394686 2.7241271347248577 9.0 0.0
10 0.56 6.5035 55.9141951975213 2.506452362509682 9.0 0.0
10 0.56 8.5015 54.685663133865965 1.948028697211805 9.0 0.0
10 0.58 5.005 60.5631432038835 3.7883486605357852 8.93002938706969 0.0
10 0.6 4.006 62.749890625 4.1853802416488985 8.789132085020242 0.4470139349701391
10 0.64 4.006 65.81004527296938 4.352488393686166 8.686474793077501 0.536512791991101
10 0.66 7.5025 65.51559912136189 3.5362982832618024 8.93695578166963 0.0
10 0.66 8.002 64.0489434806939 2.734672635702294 8.949787605820504 0.0
10 0.66 9.001 63.51321000893655 2.4195352993744415 9.0 0.0
10 0.68 1.5085 69.90508148148147 5.078085277554304 7.807463702359346 0.9035251215559157
10 0.68 10.0 64.98388158214026 2.3649259888376606 9.0 0.0
10 0.7 9.5005 66.87860913705585 2.585739424703892 9.0 0.0
10 0.72 4.006 71.49685412262156 4.586221425369789 8.386340206185567 0.6647827835880932
10 0.76 2.008 74.95072727272726 5.1279034482758625 7.853398058252427 0.8858268255925469
10 0.76 2.5075 74.82008181818182 5.014851104707012 7.873121387283237 0.8614086146682188
10 0.76 7.003 73.48820075757577 4.184632297194844 8.85683731317643 0.0
10 0.84 4.5055 79.68721384425217 4.952581018518519 7.974202586206896 0.7790108724476266
10 0.86 0.01 86.366 5.5221854912764 7.807251617814998 0.9496723737053477
10 0.86 3.007 81.3326514084507 5.248162162162163 7.891162706983441 0.869646488346629
10 0.88 4.5055 82.38632584269662 5.128713259307642 7.902416502946955 0.8328955283737718
10 0.92 1.009 86.339004784689 5.602694414019715 7.927325268817205 0.9276919739696312
10 0.96 0.5095 90.11778073089701 5.655005202913631 7.91555953693495 0.9370795424515836
10 0.96 2.008 88.2608782161235 5.683240901213171 7.982531555132175 0.9191040139785468
10 0.96 2.5075 88.19751351351351 5.6574781765276425 7.966146856581532 0.9142246925016726
10 0.96 7.003 87.48843486777669 5.433163565132223 7.9596457845433255 0.8842971190558834
10 0.98 0.5095 91.55097049180328 5.663090909090909 7.915602542841349 0.9372949586155004
10 0.98 1.009 90.55671653543307 5.7144314381270895 7.961915887850467 0.9301115397517611
10 0.98 2.5075 89.5856186440678 5.741107828655834 7.992459543211293 0.9200508466446011
10 1.0 10.0 90.0 5.812338624338624 8.15352971051295 0.9227592918713504
10 1.02 0.5095 94.41255789473685 5.693030821917808 7.9376140722126705 0.9370866676732599
10 1.02 1.009 92.43347727272727 5.778 7.988915361924211 0.9306350923922091
10 1.06 0.01 101.81621874999999 5.520088652482269 7.823956207088513 0.9495856019358742
10 1.06 3.007 94.05693042749371 6.096469534050179 8.32137622149837 0.917653162055336
10 1.1 7.5025 96.34136640557006 7.050944808231993 8.820379351223192 0.8659238999276003
10 1.1 8.002 96.29058408215661 7.095316760224539 8.835922425674346 0.8595753643946414
10 1.12 1.5085 98.894 6.05149950347567 8.276605902777778 0.9212781031551105
10 1.12 10.0 97.16145925361766 7.722352048558421 8.915120187410878 0.736365074343562
10 1.14 5.5045 98.85517567567567 7.075342237061769 8.825458163158446 0.8636311569301259
10 1.18 1.5085 102.39848387096774 6.222381974248927 8.429798152582963 0.9154688847187705
10 1.18 3.5065 101.57355672823219 6.840464646464646 8.758063579619684 0.8830878226711559
10 1.18 9.5005 100.00084834123223 8.264846368715084 8.943162597190016 0.3089966832504143
10 1.2 0.01 112.98884615384615 5.5318023787740165 7.796189555125725 0.9495031206447312
10 1.22 7.5025 102.30552597781669 8.165733573357334 8.941504931035693 0.4008986340762039
10 1.24 4.5055 104.54910252100841 7.536019151846785 8.899079624583711 0.7818741002486584
10 1.26 5.5045 105.02836619718309 7.997245401525348 8.931726200229395 0.5931901391261897
10 1.28 0.5095 111.27998837209302 5.96560236511456 8.131927083333332 0.9301671764360833
10 1.28 1.009 109.64059100642399 6.239312638580931 8.46954169318905 0.9180982800982801
10 1.28 2.5075 107.90074206896551 6.968814762242725 8.803756034381255 0.8721463639153114
10 1.32 5.5045 107.58756422764228 8.395708542713567 8.944482195796276 0.2115894039735096
10 1.34 1.5085 112.43202352941177 6.624983314794215 8.684695421869089 0.8975221347761928
10 1.34 3.5065 110.2936323076923 7.753199749530369 8.914255581849984 0.736365074343562
10 1.34 9.5005 106.51358095238095 8.976710682596241 8.949974487498874 0.0
10 1.36 6.004 109.01099645808736 8.621537604456824 8.948330594909631 0.0
10 1.36 6.5035 108.6156221352711 8.59763074677694 8.949553557916403 0.0
10 1.36 8.5015 107.50825692695214 8.945559366323698 8.949996999879994 0.0
10 1.4 4.5055 111.91591501028101 8.339426997245178 8.945619759209109 0.1470317297850559
10 1.42 10.0 109.6203344262295 8.978992941769599 9.0 0.0
10 1.44 0.5095 121.69176056338027 6.112563429571304 8.257925200356189 0.9252433281004709
10 1.44 1.009 119.3892104454685 6.542293729372937 8.613025307638727 0.9061066982141851
10 1.46 2.008 118.48046671149966 7.315997150997151 8.870032751091703 0.8312031598136519
10 1.46 7.003 112.12851417004049 8.920424922415851 8.949998499985 0.0
10 1.5 1.5085 121.7441437444543 7.051987829614604 8.818600348280366 0.8654259184497375
10 1.5 3.5065 117.81823425022182 8.282274124154887 8.943141268379218 0.2725010912265383
10 1.52 5.005 116.42087265737626 8.856751181779115 8.94979668062291 0.0
10 1.54 0.01 140.1113962264151 5.5440237691001695 7.815987344128048 0.949257139377702
10 1.54 3.007 120.35599395770393 8.134326869806094 8.939333163469588 0.4482952664680567
10 1.58 0.5095 130.57506976744185 6.234047619047619 8.403471725125268 0.9202345058626465
10 1.58 2.008 124.67915184049079 7.687416545718432 8.912265094488603 0.7501573976915004
10 1.58 2.5075 123.43199516129032 8.017933261571581 8.932412814274128 0.5873483535528594
10 1.58 7.003 117.32556938325992 8.979859827200773 9.0 0.0
10 1.6 4.5055 120.16879941434846 8.750417044424298 8.949845024224368 0.0
10 1.6 9.001 117.302375 8.98887902849136 9.0 0.0
10 1.62 2.008 126.7027005988024 7.7872276716572015 8.918760967050106 0.7134777376654632
10 1.62 7.003 118.48345022531748 8.986545850823378 9.0 0.0
10 1.66 4.006 123.1916483357453 8.776241003495786 8.949727023195488 0.0
10 1.68 6.004 121.65234975017844 8.982538501833421 9.0 0.0
10 1.68 6.5035 121.2737008154944 8.986048049556336 9.0 0.0
10 1.72 5.5045 123.65487859128824 8.978232989421445 9.0 0.0
10 1.74 7.5025 123.73653006872853 8.988996500957285 9.0 0.0
10 1.74 8.002 123.4057202247191 8.989388469741826 9.0 0.0
10 1.74 9.001 123.37331999999999 8.989412399949181 9.0 0.0
10 1.78 5.005 126.5648147357181 8.980472173403632 9.0 0.0
10 1.84 10.0 127.8 9.0 9.0 0.0
10 1.86 3.5065 132.3256003147128 8.944820393974508 9.0 0.0
10 1.86 9.5005 128.7 8.989831614910623 9.0 0.0
10 1.88 4.006 132.31599390243903 8.960598108747044 9.0 0.0
10 1.88 5.005 130.82266441251056 8.987682814174335 9.0 0.0
10 1.9 7.5025 131.17399964144855 8.987874136049472 9.0 0.0
10 1.9 8.002 130.5 8.989885608520193 9.0 0.0
10 1.9 9.001 130.5 9.0 9.0 0.0
10 1.92 1.5085 143.26805721393035 7.9950443458980045 8.930675484568672 0.6239395306859205
10 1.92 3.5065 134.08346335554208 8.965109901611891 9.0 0.0
10 1.94 2.008 141.14349161073824 8.346204495093383 8.94589339046877 0.03658959537572212
10 1.94 2.5075 138.68419600499377 8.571406737367436 8.949432645631068 0.0
10 1.94 7.003 132.3 9.0 9.0 0.0
10 1.96 1.5085 145.2349014084507 8.015582524271844 8.934012985984639 0.5879604449938194
10 1.96 10.0 133.2 9.0 9.0 0.0
10 1.98 0.01 174.4050070921986 5.551728091728092 7.826722222222222 0.9489134099616858
10 1.98 3.007 138.78992067988668 8.879180862631388 8.94990231146112 0.0
10 2.0 9.5005 135.0 9.0 9.0 0.0
12 0.0 0.5095 31.038873626373626 5.1731456043986785 7.956835443037974 0.9105943568286664
12 0.0 1.009 23.910561609388097 3.9850936015643845 6.861884162460947 0.8069608524438266
12 0.0 2.5075 14.197550734779565 2.3662584557939197 4.9424484235110935 0.0
12 0.02 0.5095 33.7111256281407 5.195471264369997 7.990336571825122 0.9139279074571369
12 0.02 1.009 27.34692 4.148192951018496 6.980422300426005 0.8335297642828605
12 0.02 2.5075 18.97896923076923 2.600205964740841 5.667999999999999 0.0
12 0.08 0.01 46.706573551263 6.505875781948285 9.207922350472193 0.9495917009436244
12 0.1 1.5085 35.62848275862069 3.9478211870763418 6.998563164769546 0.8242619148038801
12 0.1 10.0 23.1 1.83333333333 11.0 0.0
12 0.12 5.005 28.770199608610568 2.1545281292910916 10.890951321643549 0.0
12 0.16 4.5055 33.654886421861654 2.3321057698887455 10.937746983901691 0.0
12 0.16 8.002 30.36 1.83333333333 11.0 0.0
12 0.16 9.001 30.36 1.83333333333 11.0 0.0
12 0.18 4.5055 36.87416977928693 2.4758203445442253 10.936082988188373 0.0
12 0.18 9.001 32.78 1.83333333333 11.0 0.0
12 0.22 4.5055 40.49209464082098 2.383561523606588 10.9486821848636 0.0
12 0.22 9.001 37.62 1.83333333333 11.0 0.0
12 0.24 0.5095 57.99532867132867 5.6525083106709255 8.61838138925295 0.9315101705362646
12 0.24 2.008 52.847075000000004 4.333084025850785 7.877499318986652 0.8317314487632508
12 0.24 2.5075 51.863758064516134 4.092269699059966 8.65956213779781 0.7555799970670185
12 0.24 7.003 40.04 1.83333333333 11.0 0.0
12 0.26 6.004 44.477383379247016 2.2876989592883605 11.0 0.0
12 0.26 6.5035 42.46 1.83333333333 11.0 0.0
12 0.26 8.5015 42.918025148605395 1.9364921505855306 11.0 0.0
12 0.28 3.007 55.95737254901961 4.029117974402363 10.703381384588004 0.5832208052013002
12 0.3 6.004 49.09369855692143 2.2604044183142107 11.0 0.0
12 0.3 6.5035 48.49470016207456 2.1177857528772495 11.0 0.0
12 0.3 8.5015 47.3 1.83333333333 11.0 0.0
12 0.32 5.5045 51.94239054726368 2.378036898836698 11.0 0.0
12 0.38 5.005 60.15260634081902 2.6861845002227196 11.0 0.0
12 0.4 4.5055 62.84723483094025 2.7908985641484336 11.0 0.0
12 0.4 9.001 59.74586531130877 1.92940703091769 11.0 0.0
12 0.42 6.004 63.85291141732284 2.417503280838245 11.0 0.0
12 0.42 6.5035 63.73456967464703 2.3834970329422167 11.0 0.0
12 0.46 10.0 66.66 1.83333333333 11.0 0.0
12 0.48 1.5085 80.89332173913043 5.34654605262851 8.68564290473018 0.8947059195148145
12 0.48 3.5065 78.35781699346406 4.516544454629112 10.879163343725079 0.3597003457548979
12 0.5 6.5035 73.15321846553967 2.3844061551775755 11.0 0.0
12 0.5 9.5005 71.67836742570437 1.8927891418993095 11.0 0.0
12 0.52 1.5085 85.01598104265403 5.462060559403911 8.773358081096516 0.8957986870897154
12 0.52 10.0 74.32978512396694 1.9756198347102563 11.0 0.0
12 0.56 5.5045 82.42235546875 3.216404320988998 10.94957339949171 0.0
12 0.58 1.5085 91.29230476190476 5.619283183431113 8.811839799749688 0.8981545982279254
12 0.58 3.5065 89.56218118466899 4.940913715912534 10.264474845542807 0.6089394650398872
12 0.58 10.0 82.35711137440758 2.300441021588293 11.0 0.0
12 0.6 1.5085 93.33823770491804 5.661619109384988 8.843285680806186 0.8998738435660218
12 0.6 10.0 84.24567592592592 2.1023649691378496 11.0 0.0
12 0.64 1.5085 97.43350433275563 5.7662662247991285 8.892002572898798 0.9001856509761648
12 0.64 10.0 89.50244740346204 2.3252071312294227 11.0 0.0
12 0.66 0.01 101.56082142857143 6.529292237443508 9.276112759643917 0.9497755009793581
12 0.66 3.007 98.33462816901408 5.310316022541871 9.009716981132074 0.7674804687499999
12 0.68 4.5055 99.61639276485788 4.973357664233044 10.62562893081761 0.3584680523479597
12 0.68 8.002 95.34297508896798 2.9077995255023077 11.0 0.0
12 0.68 9.001 94.84405153617443 2.647943508427141 11.0 0.0
12 0.72 1.5085 105.59896503496503 5.9670433878923 8.981544414535666 0.9065227145260796
12 0.72 10.0 99.72146902654868 2.786588706277508 11.0 0.0
12 0.78 0.5095 112.54972580645162 6.419587813618463 9.284826589595376 0.939138214350922
12 0.78 2.008 111.30080397022331 5.9910380622835575 9.04439461883408 0.8942180756537191
12 0.78 2.5075 111.06257142857142 5.860954954952174 8.994964028776979 0.8681616832779623
12 0.82 0.5095 116.53124444444444 6.453147623543287 9.338825149150987 0.93946756737125
12 0.82 2.008 115.2639185520362 6.130375472720058 9.208337996642417 0.8991101694915253
12 0.82 2.5075 115.05004368932039 5.995226917057807 9.037637185280825 0.8792333888848634
12 0.84 3.007 116.90082442748091 5.987462514417281 9.116851851851852 0.8696668751954957
12 0.88 3.007 120.8368785046729 6.167107786731356 9.273908577298407 0.8856623447897372
12 0.9 4.006 122.57760330578512 6.116271929826887 9.137696019300362 0.8712674750907545
12 0.9 5.005 122.44681355932204 5.985022284775679 9.2165313225058 0.8486194368755676
12 0.92 6.5035 124.30925098970704 5.961669303796701 9.109622641509434 0.839524359715001
12 0.94 0.5095 128.65973617021274 6.613409016125993 9.471472510572855 0.9400963231858535
12 0.94 1.009 127.74445454545454 6.6132896505399 9.537831407205982 0.9329187796828463
12 0.94 2.5075 126.90066666666667 6.507919320594638 9.493380703066567 0.9158742176458712
12 0.96 6.004 128.25728253968254 6.387354497352244 9.439313131313131 0.8992991360038668
12 0.96 8.5015 128.20991530944625 6.206713716976035 9.34091120409112 0.8805746632272857
12 0.98 6.004 130.14994578313252 6.569327309238334 9.579745627980921 0.9164645148356054
12 0.98 6.5035 130.14733121019108 6.552600849257952 9.598954372623574 0.9148817731474388
12 0.98 8.5015 130.13930965250964 6.493474903474773 9.48148288973384 0.9102428779148042
12 1.0 4.5055 132.0 6.812099290777658 9.7084900990099 0.931093930874814
12 1.02 6.004 133.99062634631318 7.016708807417106 9.813868760064413 0.9275347826086956
12 1.02 6.5035 133.9877221238938 7.077759622369021 9.820947107122398 0.9268156669886712
12 1.02 8.5015 133.98220986358865 7.153577898553796 9.84690618762475 0.9248963590483057
12 1.04 0.5095 138.17846017699114 6.740219907407798 9.579241706161138 0.9398607202136104
12 1.04 1.009 137.09151851851854 6.833612903222479 9.704121863799283 0.9349884931934314
12 1.04 2.5075 136.03307650273223 6.9775342874175585 9.767754022481816 0.9280571502568308
12 1.06 1.009 139.09935467980296 6.8744940107368535 9.709600197433366 0.9341485578822599
12 1.08 4.5055 139.7800043431053 7.5679742388772375 9.983382419574083 0.9154731717212699
12 1.1 0.01 149.70149999999998 6.5348425196857365 9.305201499531396 0.9496769323671498
12 1.12 4.5055 143.4151875 7.986638603055548 10.396341905106844 0.8996628739991571
12 1.12 8.002 142.755636 8.862800591932142 10.826004802171417 0.8184620411719855
12 1.12 9.001 142.5831357733176 9.061681187481065 10.85939767167201 0.7845805867907457
12 1.16 0.5095 150.24360975609756 6.900247619045624 9.686970933197347 0.9373208980482117
12 1.16 2.008 147.7542619414484 7.481756543676709 9.96009889691898 0.9189387675696707
12 1.16 2.5075 147.51670363951473 7.646147943526557 10.00316985645933 0.9129296834186605
12 1.16 7.003 146.06262730627307 9.134836802881134 10.874467123597197 0.7671556300642637
12 1.18 7.5025 147.2471570247934 9.499010914051821 10.91317914257436 0.6456845238095237
12 1.18 8.002 147.01912962962962 9.71780797101578 10.926150914971863 0.5673156801661473
12 1.2 0.5095 154.13227799227798 6.946534148826657 9.721293485874387 0.9361564391327664
12 1.2 1.009 152.58927601809955 7.193294772924291 9.839487179487179 0.9276888368258926
12 1.2 2.5075 151.14247600767754 7.900588458616083 10.318880261544749 0.9036478205572899
12 1.26 4.006 155.0443098591549 8.96272915052856 10.850640738417422 0.7937252475247524
12 1.28 6.004 154.64498385857033 9.998790140208026 10.937918575632287 0.32137622149837103
12 1.28 6.5035 154.11187800129787 10.136200618996837 10.944838656296541 0.03547453703703662
12 1.28 8.5015 153.0386695371367 10.559054163310114 10.949542867522403 0.0
12 1.3 2.008 160.40030162412992 8.095386448759143 10.50143583607538 0.8947192217800517
12 1.3 7.003 155.21755842062854 10.386282984508648 10.947459176596684 0.0
12 1.32 4.006 159.36443030869972 9.421669278995298 10.905873383407691 0.684695421869088
12 1.34 7.5025 157.1148819157721 10.733303324937658 10.94961912822683 0.0
12 1.34 8.002 156.90434912394548 10.650067333619855 10.949930906032204 0.0
12 1.34 9.001 156.15376376146787 10.817830037089927 11.0 0.0
12 1.36 5.5045 159.84771089108912 10.398621323509136 10.9471023232195 0.0
12 1.38 2.008 167.24064672036823 8.457836747361043 10.705008849557522 0.865295401276974
12 1.38 7.003 159.90352127659574 10.762083722373006 10.949920374988732 0.0
12 1.42 4.5055 165.0964265625 10.251125541125091 10.945626855446449 0.0
12 1.44 6.004 164.1418640776699 10.732100340143214 10.949875191723557 0.0
12 1.44 6.5035 163.58300379506642 10.822324766326211 11.0 0.0
12 1.44 8.5015 162.7452901434521 10.827448306451325 11.0 0.0
12 1.48 5.005 168.0903503649635 10.486171333932797 10.94917977802171 0.0
12 1.5 7.5025 166.75141509433962 10.850493362008132 11.0 0.0
12 1.5 8.002 166.7140931932389 10.98115189758523 11.0 0.0
12 1.5 9.001 165.99499779638606 10.984357284976412 11.0 0.0
12 1.52 3.5065 173.4615727051178 10.048612014757065 10.94309273422562 0.07559622850804175
12 1.52 9.5005 167.00120435510888 10.887764309741863 11.0 0.0
12 1.56 4.006 174.52936005939125 10.51485507246674 10.94934196528981 0.0
12 1.56 5.005 172.6452718894009 10.788930626582893 10.949899299606216 0.0
12 1.58 6.004 173.03921387755102 10.929136904747732 11.0 0.0
12 1.58 6.5035 172.28975422974176 10.944774685210957 11.0 0.0
12 1.58 8.5015 171.26620213754646 10.97288596062578 11.0 0.0
12 1.6 3.007 179.67258767772512 10.057715355816786 10.942660061237829 0.08773946360153217
12 1.64 4.006 179.01199182004092 10.718166113887802 10.949846533461724 0.0
12 1.64 5.005 177.54688324873098 10.903008612643545 11.0 0.0
12 1.7 2.008 190.704375 9.652495224453862 10.921289256198348 0.5934878048780486
12 1.7 7.003 179.2867946308725 10.983765803670803 11.0 0.0
12 1.74 0.01 220.39003636363637 6.555685550083216 9.278114313629702 0.9492385941402205
12 1.74 3.007 188.6833376729048 10.488995884771462 10.948467983798658 0.0
12 1.78 3.5065 188.90791842751844 10.672392815790023 10.94987820647761 0.0
12 1.78 9.5005 183.48 11.0 11.0 0.0
12 1.8 0.5095 210.4542456140351 7.654807692310788 10.035474537037036 0.9164728876415756
12 1.8 1.009 205.45134241245137 8.544287704633417 10.740065502183405 0.8583701563562202
12 1.8 2.5075 194.2918503538928 10.319547141768767 10.947256329113923 0.0
12 1.84 4.5055 190.52415635179153 10.987363720448124 11.0 0.0
12 1.86 7.5025 188.76 11.0 11.0 0.0
12 1.88 1.5085 206.6389260450161 9.458077638306925 10.910320150659134 0.6530599500416319
12 1.88 10.0 190.08 11.0 11.0 0.0
12 1.9 0.01 237.8874358974359 6.579614160701672 9.34557421697685 0.9491006260497785
12 1.9 3.007 197.35561459667093 10.734548364159808 10.94991435526039 0.0
12 1.92 7.5025 192.72 11.0 11.0 0.0
12 1.92 8.002 192.8007203065134 10.991183440715114 11.0 0.0
12 1.92 9.001 192.72 11.0 11.0 0.0
12 1.96 4.5055 196.85110626702996 10.988913500423497 11.0 0.0
12 1.96 8.002 196.17468785759695 10.987556182708914 11.0 0.0
12 1.96 9.001 195.36 11.0 11.0 0.0
12 1.98 1.009 219.41206242497 8.945988228003877 10.839416128721457 0.8108601906491147
14 0.0 6.004 13.0 1.85714285714 4.417348927875243 0.0
14 0.0 6.5035 13.0 1.85714285714 4.6214598141060685 0.0
14 0.0 8.5015 13.0 1.85714285714 4.514223258525211 0.0
14 0.02 6.004 19.11607486631016 1.9560148403528903 8.868349131121644 0.0
14 0.02 6.5035 19.5873743315508 1.9992045118278663 7.84464019388516 0.0
14 0.02 8.5015 17.63436540136901 1.85714285714 6.934119925688762 0.0
14 0.04 4.006 26.610972972972974 2.477549630205857 7.692108147606868 0.0
14 0.06 2.008 36.55096923076923 3.6346786048403255 7.230348557692308 0.6447026220422083
14 0.06 2.5075 34.51836170212766 3.2552044609637827 7.1674945215485755 0.3980859516070781
14 0.06 7.003 24.717413511939426 1.9636330917983034 11.879268381021369 0.0
14 0.08 0.5095 54.33422222222222 6.124150058619129 9.519109840751327 0.9197312656520901
14 0.08 1.009 47.90389655172414 5.023454441697254 8.508862377503196 0.8700732772061116
14 0.08 2.5075 39.22505982905983 3.4615568410455086 7.467275574112734 0.5285148514851483
14 0.1 4.5055 34.63934232715009 2.2881581707530527 12.633047115808013 0.0
14 0.1 9.001 29.9 1.85714285714 13.0 0.0
14 0.12 1.5085 51.432944444444445 4.563305766399816 8.057472067039106 0.8274637681159419
14 0.12 3.5065 45.33656756756757 3.284746097604931 12.143525179856114 0.0
14 0.12 9.5005 33.28 1.85714285714 13.0 0.0
14 0.14 2.008 53.098930555555555 4.270201452087706 8.423747560182173 0.7724641638225255
14 0.14 7.003 36.66 1.85714285714 13.0 0.0
14 0.16 3.007 54.52337704918033 3.8711127063865103 11.330260380014074 0.511231671554252
14 0.18 3.007 58.144109375 3.968289910822936 11.767358708189157 0.5122329528826454
14 0.22 3.007 65.28555905511811 4.199243218069662 12.731696716033483 0.4760452687834012
14 0.24 6.004 54.716112611318586 2.074457257768141 13.0 0.0
14 0.24 8.5015 54.2508725169177 1.987006112202316 13.0 0.0
14 0.26 5.5045 59.709733143061 2.3918403751061392 13.0 0.0
14 0.28 5.005 63.49612058212058 2.487325512325259 13.0 0.0
14 0.3 5.5045 66.09899964144854 2.3467346207007203 13.0 0.0
14 0.34 2.008 87.39715151515152 5.263821759964179 9.27060857538036 0.8382001747403164
14 0.34 2.5075 86.64388841201716 5.046352852095828 9.728459383753501 0.7702054322349372
14 0.34 7.003 71.06274235274525 1.9876065698580292 13.0 0.0
14 0.38 3.5065 85.93244444444444 3.733690987127779 12.947008139387002 0.0
14 0.38 9.5005 78.41035134734972 2.1314173611431166 13.0 0.0
14 0.4 3.007 94.94423487544483 4.987083125933042 12.766535929401877 0.551480086114101
14 0.46 4.5055 95.70819027484143 3.171478908689637 13.0 0.0
14 0.48 7.5025 94.78707228915663 2.0404044750438373 13.0 0.0
14 0.48 8.002 94.5196874104727 1.9669470907885434 13.0 0.0
14 0.48 9.001 95.34133060890886 2.1926732442060994 13.0 0.0
14 0.52 4.5055 107.10936551724139 3.7088324996991866 12.949415763756107 0.0
14 0.52 8.002 102.6274103996562 2.377205476085702 13.0 0.0
14 0.52 9.001 102.21742338865303 2.255185532334452 13.0 0.0
14 0.58 7.5025 113.8044296444667 2.8042277702265572 13.0 0.0
14 0.58 8.002 113.42042391304348 2.673613575868601 13.0 0.0
14 0.58 9.001 112.31036084905661 2.2960411051172147 13.0 0.0
14 0.6 4.5055 124.34282872928178 5.257454331169785 12.815691695233882 0.08473366282262453
14 0.6 8.002 116.56194207836457 2.62926502798993 13.0 0.0
14 0.6 9.001 115.90292819396953 2.39390292641557 13.0 0.0
14 0.62 0.5095 132.21539334637964 7.11178527714859 10.510578105781057 0.9385797464622642
14 0.62 2.008 129.92737168141593 6.210239555944566 9.93448693126815 0.8684011054086064
14 0.62 2.5075 129.39837538461538 5.995729646697304 9.946273876782351 0.8149755772646535
14 0.62 7.003 121.15602932960894 3.1263268156449846 13.0 0.0
14 0.64 4.5055 130.49505032258065 5.420589149695287 12.566865904365905 0.2589150733659401
14 0.64 8.002 123.67335305343512 2.8545051799318437 13.0 0.0
14 0.64 9.001 122.92613767019667 2.557991138968093 13.0 0.0
14 0.66 1.009 137.067575 6.855328571425805 10.31880829015544 0.924099458080969
14 0.68 3.007 137.7761647597254 6.030635925256791 10.0179203539823 0.7813590449954085
14 0.72 4.5055 142.56312605042018 5.766803953873159 10.525696804894629 0.5205120828538548
14 0.72 8.002 137.6879971949509 3.3918353035442204 13.0 0.0
14 0.72 9.001 137.21796170212764 3.1520212765981435 13.0 0.0
14 0.74 0.5095 148.66692156862746 7.307023628871059 10.687861094038107 0.9403429021404538
14 0.74 2.008 147.14449713193116 6.640914158308281 10.21169696969697 0.8909513216435487
14 0.74 2.5075 146.84650950570344 6.448676639814853 10.075312934631432 0.8613163587951406
14 0.76 5.5045 148.12540143003065 5.746769702035522 10.33698738170347 0.4047499999999997
14 0.78 6.004 150.8980669546436 5.706770074560652 10.970523917995443 0.33438498402555883
14 0.78 6.5035 150.70324647122692 5.6008589511774245 12.179773622047243 0.17326388888888852
14 0.78 8.5015 149.80597649186257 5.032688088786303 12.901820216776626 0.0
14 0.8 2.008 155.50970852017937 6.849114016861775 10.434900875979714 0.8998136571291175
14 0.8 2.5075 155.23678481012658 6.708466512142756 10.283405405405405 0.8787854545454545
14 0.8 7.003 153.4972261484099 5.61197853789627 12.551721355567508 0.15950579929399863
14 0.82 6.004 156.79228398791543 5.956191189049594 10.767335058214748 0.5511176945865874
14 0.82 6.5035 156.7423112078346 5.863661581134583 10.547582205029013 0.46971046770601316
14 0.82 8.5015 156.2284719940254 5.507126853728938 12.644323516858728 0.0
14 0.84 5.005 160.0563982869379 6.336055143156848 10.217334167709637 0.7531546208530805
14 0.86 3.5065 163.29004535147394 6.7476248266323 10.302285395763656 0.865880743542287
14 0.86 9.5005 162.16097735849056 5.73292452830524 12.084733662822625 0.25560518088432305
14 0.88 5.005 165.75511475409837 6.559883054346532 10.441234684260131 0.8236482911861178
14 0.9 1.5085 169.44211488250653 7.372445520578562 10.76331794732555 0.9273230715562726
14 0.9 10.0 168.03977863330124 6.055092210295624 10.418798449612403 0.5981918997107037
14 0.94 6.004 174.01963220494054 6.977819892824024 10.56389521640091 0.8840879059739898
14 0.94 6.5035 174.00373780487806 6.948649825782945 10.538087585375653 0.8779868228404099
14 0.94 8.5015 173.91887320837927 6.7570168530498735 10.37203260315843 0.8503859964093357
14 0.96 5.5045 176.75851439539346 7.25888401425535 10.724441260744985 0.9097568899236558
14 0.98 5.5045 179.41519212962962 7.518298926507385 10.854486316733961 0.924525653217407
14 1.04 6.004 187.4368734402852 8.406492027332982 11.551534569983136 0.9266481823783117
14 1.04 6.5035 187.4295387713998 8.47792802617186 11.59959324155194 0.9257561584034923
14 1.04 8.5015 187.37140702210664 8.719840000004007 11.747894736842104 0.9211477503903108
14 1.06 3.5065 190.18958190709046 8.347500932484827 11.481214203894616 0.9290584830169405
14 1.06 9.5005 189.82659395532195 9.284531738476133 11.962093471452661 0.899384243887715
14 1.1 0.5095 197.98216589861752 7.833786574869223 10.93707729468599 0.9410622723575798
14 1.1 1.009 196.7943391521197 7.9951095340943175 11.107341622261693 0.9366225568484295
14 1.12 3.007 198.14330193905818 8.72799255737387 11.742638317329675 0.9202154140737194
14 1.14 7.003 199.17405174644244 10.379236812583917 12.735318405589963 0.8149755772646535
14 1.16 6.004 201.64177540106954 10.27044079515172 12.715919550025566 0.8211695278969956
14 1.16 6.5035 201.3517980241493 10.517738095231 12.797632345798931 0.7930336520551347
14 1.16 8.5015 200.52912920738328 11.14223316917239 12.896013226853007 0.6265516468742997
14 1.18 0.01 214.06411428571428 7.556442241969687 10.786432418568864 0.9496784517375683
14 1.2 6.004 205.71498181818183 10.85872294368056 12.862585538791327 0.7208675263774911
14 1.2 6.5035 205.24570291777187 10.987193180647282 12.890693861490032 0.6602038735983689
14 1.2 8.5015 204.1292114285714 11.761116193957127 12.935740448008636 0.21382075471698078
14 1.22 0.5095 214.12750980392155 7.981675219334181 11.031643132220795 0.9384254470223141
14 1.22 2.008 211.2401983663944 8.977933817594392 11.843169398907104 0.9130976588977527
14 1.22 2.5075 210.7905520702635 9.242738095235959 11.94798717948718 0.9013378322382052
14 1.24 5.005 210.38126974664678 10.829630166755674 12.854993909866018 0.7260519395134779
14 1.26 10.0 208.17059122401847 12.597684343060319 12.949915860328145 0.0
14 1.28 5.5045 213.52887719298246 11.478057049342421 12.925260089686098 0.4524638633377133
14 1.3 4.5055 216.75266025641025 11.161696005451706 12.900897847544298 0.6312610619469025
14 1.32 7.003 215.0596996047431 12.636698363546959 12.948999388004896 0.0
14 1.34 0.01 237.9428888888889 7.577032115173191 10.796346479554803 0.9495993226284435
14 1.4 5.005 224.64508641975308 12.098564713811674 12.945555809623363 0.0
14 1.42 3.007 231.18219384615384 10.930906467249375 12.877538574577516 0.6857062040354515
14 1.48 1.5085 243.1892530120482 9.727779000663967 12.359700345754899 0.8748723723723724
14 1.48 3.5065 235.33946845637584 11.646873536293828 12.93345975726605 0.27313563017880477
14 1.48 10.0 226.79971552471812 12.976734414689131 13.0 0.0
14 1.5 0.01 261.3233870967742 7.567124434769388 10.79241093216203 0.9494832237141212
14 1.5 3.007 238.59240903387703 11.387261571311363 12.917880370516357 0.49661733615221965
14 1.52 7.5025 231.41687392550145 12.7979140014023 13.0 0.0
14 1.52 8.002 230.72470811682496 12.843039077932557 13.0 0.0
14 1.54 3.5065 240.38659315589354 11.842725096934107 12.942746728040946 0.0
14 1.54 9.5005 231.50121215733014 12.991586572435638 13.0 0.0
14 1.56 1.5085 252.44987037037038 10.009256360081055 12.57099099099099 0.8533350932770151
14 1.56 10.0 233.73584365781713 12.98823209607713 13.0 0.0
14 1.58 5.5045 238.49384632272228 12.828679019693572 13.0 0.0
14 1.6 5.005 241.11839468919734 12.692871883913913 12.949981993877918 0.0
14 1.64 1.5085 260.72777371048255 10.271680828456542 12.717890995260664 0.8207463970746396
14 1.64 10.0 240.24 13.0 13.0 0.0
14 1.66 4.5055 247.14808005082594 12.801145679323715 13.0 0.0
14 1.72 7.003 247.52 13.0 13.0 0.0
14 1.74 1.009 275.9752530120482 9.775817341863327 12.43806473364801 0.8713966049382715
14 1.76 2.008 268.0127758846658 11.445370996102403 12.918879587267595 0.4852686843730696
14 1.76 2.5075 263.7559504761905 12.00942834231008 12.943963285478937 0.0
14 1.76 7.003 252.2727035369775 12.991891431682625 13.0 0.0
14 1.78 7.5025 253.6938308138647 12.982603930731978 13.0 0.0
14 1.8 6.004 255.3990111546578 12.99108239700107 13.0 0.0
14 1.8 6.5035 256.1562858709559 12.985856005698501 13.0 0.0
14 1.8 8.5015 254.8 13.0 13.0 0.0
14 1.82 0.5095 291.9628549618321 8.853414096913628 11.79939132142156 0.917453320786489
14 1.82 2.008 272.97557713248636 11.711441102770324 12.933174291327532 0.3072734829592682
14 1.82 2.5075 269.0494578754579 12.091831831859382 12.94676610559264 0.0
14 1.84 3.007 267.4055627376426 12.636816265533497 12.949599322628444 0.0
14 1.86 0.01 314.4431 7.558461031472581 10.791122650840752 0.949272583394205
14 1.88 4.5055 265.1850191834727 12.837124360386971 13.0 0.0
14 1.88 8.002 262.08 13.0 13.0 0.0
14 1.88 9.001 262.08 13.0 13.0 0.0
14 1.9 1.009 293.78814417177915 10.132510822550577 12.644399402602945 0.839400655232222
14 1.92 0.01 323.13235714285713 7.607938835360349 10.824636991192573 0.9492432317203154
14 1.94 5.5045 269.2739258706468 12.848721097058094 13.0 0.0
14 1.96 0.01 329.0455254237288 7.592801076476402 10.816566192428262 0.9492262231158228
14 1.96 3.007 276.7056216216216 12.824328634400887 13.0 0.0
14 1.98 9.5005 271.18 13.0 13.0 0.0
16 0.0 5.5045 15.241702330004754 1.9052127912505943 4.161619718309859 0.0
16 0.02 5.5045 22.978971900826448 1.9753348997054285 6.792518361757749 0.0
16 0.04 1.5085 44.20392592592593 4.341680743243243 7.964288849868305 0.715871121718377
16 0.04 10.0 24.0 1.875 15.0 0.0
16 0.06 6.004 29.388219029126216 1.9595461165048544 14.676368932038836 0.0
16 0.06 8.5015 28.5 1.875 15.0 0.0
16 0.08 6.004 35.0721378985023 1.973611462951235 13.78889170360988 0.0
16 0.08 6.5035 34.019917260769155 1.991087165775401 14.928697326203208 0.0
16 0.08 8.5015 33.0 1.875 15.0 0.0
16 0.1 3.007 54.135401785714286 3.7082953603976803 10.428375451263538 0.27660590277777747
16 0.12 7.5025 42.0 1.875 15.0 0.0
16 0.12 8.002 42.0 1.875 15.0 0.0
16 0.12 9.001 42.0 1.875 15.0 0.0
16 0.16 5.005 53.40771007371008 2.2332901895401895 15.0 0.0
16 0.18 5.005 57.047711931933286 2.110931696941049 15.0 0.0
16 0.2 2.008 82.768224852071 5.121747104247104 9.705466666666666 0.801512444920805
16 0.2 2.5075 81.20685236768803 4.809885479688851 10.042627118644067 0.7199294236262812
16 0.2 7.003 60.0 1.875 15.0 0.0
16 0.22 5.005 67.52555178829854 2.3598640686375854 15.0 0.0
16 0.24 5.5045 72.35064213431463 2.4260924563017476 15.0 0.0
16 0.28 3.5065 87.75342372881356 3.4664254170755644 14.948428120552014 0.0
16 0.28 9.5005 78.0 1.875 15.0 0.0
16 0.32 2.008 109.6087311827957 5.743671702284451 10.339859649122806 0.826149994784604
16 0.32 7.003 89.54458055317936 2.3427537781579697 15.0 0.0
16 0.36 2.008 118.10826506024097 5.93922817047817 10.439988425925925 0.8329290296712109
16 0.36 2.5075 116.81643795620438 5.635341422121896 10.5460468058191 0.7595296494012407
16 0.36 7.003 96.10424510296333 1.8953603716725262 15.0 0.0
16 0.38 7.5025 103.94925478927203 2.5704142720306513 15.0 0.0
16 0.38 8.002 100.5 1.875 15.0 0.0
16 0.4 5.005 109.76372727272727 2.8674431818181816 15.0 0.0
16 0.44 2.008 134.56150909090908 6.216515363128492 10.618274336283186 0.8414478691019787
16 0.44 2.5075 133.45848327137546 5.9651866007194245 10.92768115942029 0.7708688479516084
16 0.44 7.003 115.67574141292936 2.2490494225288735 15.0 0.0
16 0.46 3.007 136.68227464788734 5.816833050127443 10.942621404997642 0.676745539177657
16 0.48 0.01 151.05007879924952 8.524673344947734 12.06535904255319 0.9497770144036641
16 0.52 0.01 157.86610380622835 8.547718093699515 12.10528662420382 0.9497845801572715
16 0.52 3.007 148.85836363636363 6.045007621951219 11.837267904509282 0.7059456598447423
16 0.54 0.5095 159.02148009367681 7.867428861788618 11.684971863621318 0.9377911316810988
16 0.54 2.008 154.6539857142857 6.606743716337522 10.818869762910035 0.8601409750776201
16 0.54 2.5075 153.62525925925925 6.325998653500897 10.844487090020936 0.7993378280760894
16 0.54 7.003 139.66087916230367 2.733934554973822 15.0 0.0
16 0.56 2.008 158.58531014492755 6.670725616921269 10.883052434456928 0.8576443457464981
16 0.56 7.003 144.18856461731494 2.7808422208281054 15.0 0.0
16 0.58 0.01 168.1699852398524 8.551421901528013 12.166646848989298 0.9498344570190224
16 0.58 3.007 161.03505583756345 6.299059679037112 11.086590436590436 0.7366982622432858
16 0.6 3.007 164.87580041580043 6.351214613618975 10.997807692307692 0.7376102015113349
16 0.62 6.004 159.7729696444059 3.6095294882914137 15.0 0.0
16 0.62 6.5035 159.2722644295302 3.444823825503356 15.0 0.0
16 0.62 8.5015 156.9376577296064 2.6768610952652594 15.0 0.0
16 0.64 3.007 172.93483385579935 6.507933859223301 10.964686951433587 0.7568636032093361
16 0.66 9.5005 165.7874569536424 2.715976821192053 15.0 0.0
16 0.68 5.005 178.81818278145695 5.981577586206896 14.762713553530752 0.015534554046071632
16 0.7 0.5095 188.01706935123042 8.14798875432526 11.874117366412214 0.9403535769244533
16 0.7 2.008 185.71059925093633 7.2125403225806455 11.26391812865497 0.8838536585365853
16 0.7 2.5075 185.18887788778878 6.989015531062124 11.081584582441113 0.8490307971014492
16 0.72 3.007 188.56190188679244 6.874415024630542 11.104320113314447 0.8108387243218703
16 0.74 6.004 190.32476421248836 6.041812275985663 14.37623502994012 0.0
16 0.74 6.5035 189.79692123629113 5.788048141086749 14.89519587499214 0.0
16 0.74 8.5015 185.36578606965173 3.7335509950248755 15.0 0.0
16 0.76 4.006 195.54822151898733 6.722230351170569 11.089224489795917 0.736490118577075
16 0.78 5.5045 198.62448022079116 6.43974795640327 11.386541143654114 0.49309610705596085
16 0.8 8.5015 201.52279869067104 5.943119360131255 11.715915789473684 0.0
16 0.82 5.5045 206.51312293577982 6.698196460980037 10.992153236459709 0.6544267053701014
16 0.84 1.5085 212.26945454545455 8.027252435064934 11.841203823301472 0.9241443655561623
16 0.84 3.5065 211.194062193126 7.35787487828627 11.342196846112017 0.8569479014676851
16 0.84 9.5005 209.3773730834753 6.05722623089983 14.666993006993007 0.0
16 0.86 7.5025 213.85405839416057 6.62534890776699 11.310894418291863 0.587143918751548
16 0.88 1.5085 219.4564716981132 8.197274305555556 11.94037410676755 0.9283786687293197
16 0.88 3.5065 218.723609561753 7.672088815789474 11.686424408639013 0.8856858710562414
16 0.88 9.5005 217.4839100591716 6.50344674556213 10.945201056648077 0.4743929359823397
16 0.9 8.002 221.5932581453634 6.987521026072329 11.21657018813314 0.7457360793287565
16 0.9 9.001 221.46630813953487 6.829692046556741 10.962864785992217 0.6797271329746347
16 0.94 5.5045 229.42736474164133 7.875246960486322 11.786155988857939 0.8973896447700548
16 0.96 4.006 233.08127272727273 8.285556801195815 12.111794546607483 0.9241616235154935
16 1.0 5.005 240.0 8.741377679697353 12.516185441236274 0.9396909827760891
16 1.04 5.5045 247.18939523809522 9.443459097320169 12.903758414360508 0.9317876729147908
16 1.06 7.5025 250.44739011925043 10.225279433681074 13.55645478374836 0.9139323521817712
16 1.08 5.005 254.04792222222224 10.068903846153846 13.42898140662894 0.9190136054421768
16 1.1 6.004 257.0206270096463 10.688276734104047 13.815486324941133 0.897098228066926
16 1.1 6.5035 256.8948285322359 10.879417591125199 13.916539253160835 0.8886491181186531
16 1.12 5.005 260.46166808510634 10.721165338645418 13.84533650329188 0.896336609030974
16 1.14 4.5055 263.73229941860467 10.810121527777778 13.871590909090909 0.8924501516422533
16 1.16 5.5045 266.0479805589307 11.598639564660692 14.43212947189097 0.840400268122187
16 1.18 0.5095 274.2916204379562 8.963716666666667 12.646778615490062 0.9412409659791997
16 1.18 1.009 272.9781951219512 9.311334586466165 12.84554889298893 0.9350619496610302
16 1.2 5.5045 271.499936 12.130757261410789 14.731134053879657 0.7655836849507734
16 1.22 6.004 273.5006359143328 12.663747133027522 14.861787876274981 0.6424924924924923
16 1.22 6.5035 272.9622895705521 12.921285076530612 14.88918954856725 0.5531635388739945
16 1.22 8.5015 271.27099582753823 13.585565134099618 14.938755787462336 0.0
16 1.24 1.5085 282.4472699386503 9.926564976228208 13.329902189101071 0.9231864687989676
16 1.24 3.5065 279.3167176781003 11.387666913946587 14.253270609318996 0.8506407384174208
16 1.24 10.0 272.37932591958935 14.123100841944126 14.948877369486535 0.0
16 1.26 4.5055 280.5262797546012 12.334776315789474 14.777536038441003 0.7346441649418881
16 1.32 4.5055 287.9432854030501 12.934293981481481 14.891434340802501 0.541989557570761
16 1.34 1.009 300.5115043936731 9.808802552552553 13.171451876019576 0.9246348632150124
16 1.36 2.008 300.1401626617375 11.054786849710982 13.966730333054793 0.8768963734396927
16 1.36 2.5075 298.40048734177213 11.667711424332344 14.465287135065768 0.8355176157110431
16 1.36 7.003 288.3893289473684 14.199760088582677 14.94939118816992 0.0
16 1.4 1.5085 308.3650882352941 10.698003731343283 13.831123760558208 0.8960326866695777
16 1.4 3.5065 300.057252173913 12.856084305408272 14.884761114568208 0.5875525859935657
16 1.4 10.0 288.8316685082873 14.981386804252658 15.0 0.0
16 1.42 5.005 298.0226956521739 13.9423552852349 14.946805183199285 0.0
16 1.46 4.006 305.5412987951807 13.652689302884616 14.936764426907462 0.0
16 1.46 5.005 302.24335005701255 14.104553206002729 14.949203011185274 0.0
16 1.48 7.5025 299.79484496693607 14.858504552652414 15.0 0.0
16 1.48 8.002 297.91912809169514 14.992654084834808 15.0 0.0
16 1.48 9.001 298.55076170820763 14.859137543779504 15.0 0.0
16 1.5 1.009 326.4540523690773 10.368853240152477 13.68284189120488 0.9094234009021248
16 1.52 0.01 343.8302365591398 8.575694444444444 12.115621079046424 0.9495779761004386
16 1.54 7.5025 306.7318027327071 14.865527960900204 15.0 0.0
16 1.56 8.002 309.5886505068312 14.6737975493782 15.0 0.0
16 1.56 9.001 308.7613133265514 14.945404219077568 15.0 0.0
16 1.58 4.006 318.76475778894473 14.109386947023484 14.94840417298703 0.0
16 1.6 1.5085 337.63958254269454 11.641684173669468 14.485586419753087 0.8350455265241488
16 1.6 3.5065 322.6527221172023 13.995377066115703 14.946991285541632 0.0
16 1.6 9.5005 312.0 15.0 15.0 0.0
16 1.62 4.006 322.85577870216304 14.405042160437556 14.94969819520734 0.0
16 1.62 5.005 319.9620983767831 14.534614967462039 14.949915860328145 0.0
16 1.64 8.002 316.8 15.0 15.0 0.0
16 1.64 9.001 317.34826556587547 14.99040184741546 15.0 0.0
16 1.68 2.008 342.83170677731675 12.748426797945205 14.874533273110508 0.6072808671065031
16 1.68 2.5075 338.59788722669737 13.345651023288639 14.92912786494876 0.23650939074667854
16 1.68 7.003 323.3923801616779 14.94307718579235 15.0 0.0
16 1.72 4.5055 330.96816 14.732609557595993 15.0 0.0
16 1.74 9.5005 328.8 15.0 15.0 0.0
16 1.76 6.004 332.34175347661187 14.983833514394352 15.0 0.0
16 1.76 8.5015 332.47761729812476 14.991103531471518 15.0 0.0
16 1.78 0.01 393.4805142857143 8.603079971181556 12.149761620977353 0.9494203690216072
16 1.8 5.5045 338.11126894759633 14.867045454545455 15.0 0.0
16 1.82 6.004 339.2130800543738 14.955464407866609 15.0 0.0
16 1.82 6.5035 339.97931491997934 14.990559294000363 15.0 0.0
16 1.82 8.5015 338.4 15.0 15.0 0.0
16 1.84 5.005 343.4236790757381 14.866808378877836 15.0 0.0
16 1.86 0.5095 390.7803411764706 10.124242912371134 13.525008830801836 0.9177019553624333
16 1.86 1.009 380.365241962775 11.49056301050175 14.384299963058737 0.8454899415963659
16 1.86 2.5075 358.1080520446097 13.963738412514484 14.947444265758522 0.0
16 1.88 0.01 412.7926818181818 8.610121527777778 12.238790233074361 0.9493512018719421
16 1.88 3.007 356.5744953751285 14.365989068583408 14.949893274809849 0.0
16 1.9 9.5005 348.0 15.0 15.0 0.0
16 1.92 1.009 388.6044709302326 11.631389716840536 14.508203009737386 0.8285993418346359
16 1.94 4.006 356.9870216494845 14.953203616352202 15.0 0.0
16 2.0 0.5095 412.9892608089261 10.4125 13.701312137269746 0.9089931200174729
16 2.0 2.008 379.60873405299316 13.913851686507936 14.944933425843328 0.0
16 2.0 2.5075 373.57021505376343 14.401193082311734 14.949320400158117 0.0
16 2.0 7.003 360.0 15.0 15.0 0.0
18 0.04 4.5055 35.73069090909091 2.2651274835822384 12.244581861012955 0.0
18 0.04 8.002 28.56 1.88888888889 17.0 0.0
18 0.04 9.001 28.56 1.88888888889 17.0 0.0
18 0.06 5.5045 36.205979390115665 2.0721649725428 16.84283828382838 0.0
18 0.08 5.5045 40.12 1.88888888889 17.0 0.0
18 0.1 5.005 49.14488247145736 2.216703983860667 16.94091601971002 0.0
18 0.12 0.01 112.30040701754386 9.531683886172555 13.602463987869598 0.9496054183170561
18 0.16 3.5065 76.57479069767442 3.3016210739584833 16.9367140036452 0.0
18 0.16 9.5005 63.24 1.88888888889 17.0 0.0
18 0.18 3.5065 78.84891157556271 3.1310421089866582 16.94620598392667 0.0
18 0.18 9.5005 69.02 1.88888888889 17.0 0.0
18 0.22 1.5085 112.64639603960396 6.216390942154354 10.70279433681073 0.8590528541226216
18 0.22 3.5065 89.83278196721311 3.2058616963782764 16.949599322628444 0.0
18 0.22 9.5005 80.58 1.88888888889 17.0 0.0
18 0.24 4.006 91.81023788546256 2.685707293199423 17.0 0.0
18 0.26 2.008 121.36969565217392 5.982945983232686 10.797580975809758 0.8144813000890471
18 0.28 7.5025 99.64091328210758 2.154461926249624 17.0 0.0
18 0.3 2.008 132.48745664739886 6.181229660621153 10.925951903807615 0.8169266256590508
18 0.34 5.5045 120.1282939330544 2.7084669920996145 17.0 0.0
18 0.38 0.01 169.88075 9.54655725335215 13.622768192048012 0.9497361199071142
18 0.4 3.5065 145.63304166666666 4.215181392994941 16.948710610536683 0.0
18 0.4 9.5005 132.6 1.88888888889 17.0 0.0
18 0.42 2.008 164.72410945273631 6.690375180378277 11.354451219512194 0.8347511401943287
18 0.42 2.5075 163.298 6.396926926922958 11.57596702599873 0.7575356415478613
18 0.44 6.004 147.64563222416814 2.5804825841645376 17.0 0.0
18 0.44 8.5015 145.59281991525424 2.173178554612204 17.0 0.0
18 0.46 5.005 155.83222328931572 3.101280512203869 17.0 0.0
18 0.48 1.009 184.29757728706625 7.874950600396447 12.133704188481675 0.9170218062331972
18 0.5 0.5095 192.06428571428572 8.644462250715806 12.815142045454545 0.9368841595031621
18 0.5 2.008 185.39921658986174 7.029067722075347 11.60404984423676 0.8537597613407036
18 0.5 2.5075 184.15549163179915 6.734474412174163 11.629458450046686 0.7928020885131775
18 0.54 6.004 178.1769382183908 3.124864303957883 17.0 0.0
18 0.54 6.5035 178.4485765069552 3.190477417137027 17.0 0.0
18 0.54 8.5015 174.71931566951568 2.289689775242434 17.0 0.0
18 0.58 1.009 209.1059027027027 8.23317488611373 12.60670781893004 0.9222367377408669
18 0.6 5.005 199.43136490250697 4.348138138134656 16.949424973448643 0.0
18 0.62 5.5045 203.76416968541469 4.106482364155274 17.0 0.0
18 0.64 5.005 212.0107465437788 4.9370448179278 16.94806008289445 0.0
18 0.68 3.5065 228.88157188498403 7.067511496095999 11.717827181208053 0.7017892288423688
18 0.68 9.5005 216.85192742796158 3.0458081347084236 17.0 0.0
18 0.7 6.004 228.23862962962963 5.167722023096689 16.943108274167123 0.0
18 0.7 6.5035 226.05907508161044 4.3922500302221685 16.949875191723557 0.0
18 0.7 8.5015 223.84116389548694 3.5708014427772308 17.0 0.0
18 0.72 5.005 237.62364232488824 6.757638370262153 12.75420895522388 0.3854351032448375
18 0.74 5.5045 242.2937946345976 6.7215680531174105 16.41825479930192 0.2515940727436009
18 0.76 1.5085 251.25553 8.473565121410688 12.806948270584634 0.9178722775204493
18 0.8 5.5045 257.7869467213115 7.176194215415068 11.918108862526168 0.5935869300170689
18 0.84 7.5025 267.19546863468634 7.0185821404224455 11.664173553719008 0.4423887587822012
18 0.84 8.002 267.0198537735849 6.89926711163561 12.173518379594897 0.30292764533667893
18 0.84 9.001 266.7398165467626 6.718555155878114 13.389379084967318 0.009685086155673959
18 0.88 7.5025 277.3153752380952 7.428829686009032 11.926693114196656 0.6949670571010248
18 0.88 8.002 277.2690938337802 7.3652517128351915 11.928966311546214 0.6576211996713228
18 0.88 9.001 277.0594122137405 7.187372773535022 11.900162760416666 0.5567287234042552
18 0.9 0.01 285.4218656716418 9.585941475831113 13.651404899135446 0.9498827279287948
18 0.9 3.007 283.3818364197531 8.757905384378395 12.927535211267605 0.9117774719457972
18 0.92 0.5095 289.18604580152675 9.497798353909289 13.616493699036322 0.9448368306083272
18 0.92 2.008 288.3303849765258 9.14423298731113 13.336959916710047 0.9305368008668834
18 0.92 2.5075 288.21764071856285 9.07132291141297 13.258089097303634 0.9261541869738591
18 0.98 2.008 302.2351860465116 9.543034482762064 13.712248213125406 0.940974607784113
18 1.0 1.5085 306.4056236786469 9.709959595962497 13.771750285062714 0.9440310285771852
18 1.0 3.5065 306.0 9.719959191247467 13.775743129556925 0.9428918965221861
18 1.02 2.008 310.7352319391635 9.876728586172543 13.89232061435085 0.9423486682808716
18 1.02 2.5075 310.6979727891156 9.93785865588354 13.909959349593496 0.9419692907628564
18 1.08 1.5085 324.789578125 10.154757734952415 14.03233082706767 0.9396123188405797
18 1.08 3.5065 324.2133310696095 10.77750322999641 14.688738170347003 0.9301701022289257
18 1.12 3.5065 332.7152558139535 11.342657192041532 14.975805334257014 0.9178641829292331
18 1.12 9.5005 329.80821890547264 13.7754667711414 16.64033232628399 0.7538472899128635
18 1.16 4.006 340.3168590604027 12.194496855326461 15.673872713218243 0.8901969826734304
18 1.18 6.004 342.1373991163476 13.55380386144184 16.56787658802178 0.777654749199573
18 1.18 6.5035 341.5775980066445 13.883842350215224 16.66558988764045 0.7340938098276961
18 1.22 5.5045 349.2021776198934 13.935867446400175 16.74495791889824 0.7066185530716422
18 1.24 7.5025 349.59576833976837 15.343613707130748 16.930813615608137 0.0
18 1.24 8.002 349.10732420091324 15.647649572684807 16.939732417284397 0.0
18 1.24 9.001 347.78250560398504 15.865132160373413 16.94616254279992 0.0
18 1.26 3.007 360.7144096834265 12.666924143428039 15.90361810647115 0.8649023263354138
18 1.28 2.008 366.9996006546645 11.877152554496028 15.487669683257918 0.9014078674948239
18 1.3 4.006 365.07021067415735 13.92089552239597 16.71288544358312 0.7097352838732148
18 1.3 5.005 362.6511956521739 14.698633765539686 16.881322984904585 0.49978991596638633
18 1.34 6.5035 364.7463116219668 15.936803288605038 16.947957909198777 0.0
18 1.38 4.006 377.12411006289307 14.740350199588216 16.896272093602192 0.4222876949740032
18 1.38 5.005 374.19087540983605 15.553478836021618 16.939235845273252 0.0
18 1.4 7.5025 371.14256333830104 16.587390601258917 17.0 0.0
18 1.4 8.002 370.5630437387657 16.536563283431992 17.0 0.0
18 1.4 9.001 370.4811976047904 16.627464954407372 17.0 0.0
18 1.42 1.5085 396.4937054545454 12.097697322781185 15.663537061118335 0.8929475239257498
18 1.42 3.5065 385.4240224719101 14.639730250517722 16.87670513389555 0.5153533003780166
18 1.44 2.008 396.8801543624161 12.971594341125078 15.998519239083441 0.8413724183877415
18 1.44 2.5075 394.0043265306122 13.696614442673955 16.607095709570956 0.765715490581951
18 1.46 1.5085 403.92927549467277 12.386275720125981 15.789412282632622 0.8814158662397723
18 1.48 0.01 425.0835833333333 9.594772486776538 13.689710942876806 0.9496738933510478
18 1.48 3.007 397.0562266824085 14.612710066933817 16.867343202801656 0.5356088046809694
18 1.5 9.5005 383.49693482325705 16.86906775127072 17.0 0.0
18 1.52 0.5095 425.06057272727276 10.7067272727566 14.625787671232876 0.9327319691649514
18 1.52 1.009 420.3750659536542 11.700627082138501 15.293422354104846 0.9072716145543562
18 1.56 0.01 444.02768 9.604733610619917 13.656091549295775 0.9496038945331398
18 1.56 3.007 408.9758617886179 15.037076160664002 16.915154754632457 0.22623026926648063
18 1.6 7.5025 398.300673420739 16.992040364099097 17.0 0.0
18 1.6 8.002 398.511125748503 16.882983254329222 17.0 0.0
18 1.62 1.5085 432.7725555555556 13.215063473345854 16.212334593572777 0.823255567338282
18 1.64 0.01 463.41525925925924 9.595766249258663 13.62506365951255 0.9495977984758679
18 1.64 3.007 420.4497160367722 15.523341011316248 16.936346623892454 0.0
18 1.66 5.005 411.36431539782484 16.639190570428433 17.0 0.0
18 1.68 8.5015 410.04 17.0 17.0 0.0
18 1.7 4.006 422.60285876993163 16.30354617601582 17.0 0.0
18 1.76 5.5045 424.6844295032614 16.97183438952542 17.0 0.0
18 1.78 0.5095 480.6516130081301 11.213456420471003 14.899640646835696 0.9216260697827517
18 1.78 1.009 470.05906229508196 12.74633838386375 16.0 1.0
18 1.78 2.5075 445.18652295918366 15.495489623132677 16.940489877530617 0.0
18 1.82 5.5045 432.28 16.8888888889 17.0 0.0
18 1.84 1.5085 469.73568539325845 14.165568665994586 16.778393830607634 0.6819274809160304
18 1.84 3.5065 444.06310451612904 16.638250387910624 17.0 0.0
18 1.84 9.5005 434.52 17.0 17.0 0.0
18 1.86 6.004 437.58 17.0 17.0 0.0
18 1.86 6.5035 437.58 17.0 17.0 0.0
18 1.86 8.5015 438.39266464119413 16.939341995129258 17.0 0.0
18 1.92 6.5035 446.76 17.0 17.0 0.0
18 1.92 9.5005 446.76 17.0 17.0 0.0
18 1.94 1.5085 485.4387989056088 14.409914700302423 16.851980461811724 0.5735158648925279
18 1.96 3.5065 461.3016842105263 16.84444711091335 17.0 0.0
18 1.96 9.5005 452.88 17.0 17.0 0.0
18 2.0 6.004 459.0 17.0 17.0 0.0
18 2.0 6.5035 460.0 16.8888888889 17.0 0.0
18 2.0 8.5015 459.0 17.0 17.0 0.0
20 0.0 2.008 32.34728997289973 3.234728997289973 6.787257844474761 0.0
20 0.02 2.008 47.53845454545454 3.885005291005291 7.92784911717496 0.2907659574468082
20 0.04 3.007 52.357749999999996 3.4490068493150683 8.800852272727273 0.0
20 0.06 4.006 53.45796428571428 2.6948515691263784 16.9139125 0.0
20 0.1 3.5065 63.784945054945055 2.7473945294390356 18.87441036847261 0.0
20 0.1 9.5005 55.1 1.9 19.0 0.0
20 0.12 1.009 108.02579487179487 6.963147590361446 11.634394071490846 0.8737635385897145
20 0.14 4.006 78.67645253576073 2.932594278283485 18.94930344324127 0.0
20 0.16 7.5025 77.50040350003556 1.9881432738137583 19.0 0.0
20 0.18 7.5025 83.98 1.9 19.0 0.0
20 0.18 8.002 84.8 2.0 19.0 0.0
20 0.2 5.5045 95.01758316571252 2.3771978957140645 19.0 0.0
20 0.22 7.5025 98.42 1.9 19.0 0.0
20 0.22 8.002 98.42 1.9 19.0 0.0
20 0.28 0.01 182.6558947368421 10.557780126849893 14.917701552328493 0.9496921219438575
20 0.34 4.006 151.5180133587786 3.381517175572519 19.0 0.0
20 0.36 5.5045 154.59766028097062 2.78088441890166 19.0 0.0
20 0.38 0.5095 201.99784660766963 9.215944206008583 13.785249671484888 0.932442949211625
20 0.38 1.009 196.1246 8.2034388185654 12.861152187307455 0.9096835374444564
20 0.4 7.5025 166.90878899082568 2.4847981651376148 19.0 0.0
20 0.4 8.002 163.9388366972477 1.989806116207951 19.0 0.0
20 0.42 8.5015 171.74152187238786 2.093365840066871 19.0 0.0
20 0.44 5.5045 183.44894413847365 2.901597167584579 19.0 0.0
20 0.46 1.5085 218.37302597402598 7.8816796875 12.696709991876522 0.8860843414667486
20 0.46 3.5065 211.65792052980132 6.578566463944396 18.63215625689693 0.41987469544030603
20 0.46 9.5005 185.4271190933538 1.9679850172877449 19.0 0.0
20 0.48 6.5035 197.65613258110014 2.9338716502115654 19.0 0.0
20 0.48 9.5005 194.55612705530643 2.337716741405082 19.0 0.0
20 0.5 6.004 205.08356213872833 3.0167124277456647 19.0 0.0
20 0.5 8.5015 199.5 1.9 19.0 0.0
20 0.52 3.5065 231.68210256410256 6.864066168623266 18.700610741871746 0.4990381725278026
20 0.52 9.5005 207.64769048099836 2.0932688502079886 19.0 0.0
20 0.54 5.5045 221.74121497797356 3.5959162995594713 19.0 0.0
20 0.58 9.5005 229.54173862998314 2.176604435710275 19.0 0.0
20 0.6 3.5065 257.49334586466165 7.216142857142857 12.839485559566787 0.6178170144462277
20 0.6 9.5005 237.51132319735058 2.3778307993376484 19.0 0.0
20 0.62 4.006 263.30535443037974 7.123736396614268 12.45483675937122 0.4530029537249751
20 0.64 3.5065 270.53033 7.430926470588235 12.690217917675545 0.6564921681780708
20 0.64 9.5005 252.5148906882591 2.5874696356275306 19.0 0.0
20 0.68 7.5025 270.51668552412644 3.7864642262895174 19.0 0.0
20 0.7 5.5045 287.25775330396476 6.999850877192983 18.52784702549575 0.0
20 0.72 3.5065 296.1390414746544 7.905724962630792 12.765153153153152 0.7654187192118226
20 0.72 9.5005 283.28373469387753 3.4584766763848394 19.0 0.0
20 0.74 4.006 301.72998596491226 7.799172932330827 12.88123628383321 0.7101895322552598
20 0.76 4.5055 307.5278064516129 7.7334152652005175 12.875264187866927 0.6621325765254408
20 0.76 9.001 298.58440843507213 4.076836847946725 19.0 0.0
20 0.8 4.006 320.58831485587586 8.241793193717278 13.126496350364963 0.7947413793103447
20 0.84 0.01 336.551 10.588822463768116 14.957492863939105 0.9499053229539238
20 0.86 0.5095 341.6241733333333 10.345149572649573 14.803211284513806 0.9445966160289865
20 0.86 1.009 341.16768208092486 10.064425287356322 14.62957422324511 0.9380869242199108
20 0.86 2.008 340.41109523809524 9.58807874015748 13.997678455196354 0.9214672760684163
20 0.86 2.5075 340.09176855895197 9.380077399380806 13.969830193068155 0.9115762109395723
20 0.88 0.01 347.70083977900555 10.551211538461539 14.927948343079922 0.9499188701923077
20 0.92 6.004 356.8684797406807 9.05457928802589 13.835806558463068 0.8789702999055987
20 0.92 8.5015 356.4430906298003 8.504347158218126 13.513432073544433 0.8170672813083085
20 0.94 2.008 363.5202628571428 10.179008695652174 14.740519826724425 0.9362492350061199
20 0.96 4.5055 368.83119320594477 10.01395299145299 14.664998089415361 0.9290584830169405
20 1.0 7.5025 380.0 10.675815831987075 14.991572352465642 0.9450930653928512
20 1.0 8.002 380.0 10.690834782608695 15.045281690140845 0.945167127253586
20 1.0 9.001 380.0 10.70371244635193 15.106538969616908 0.9450206168563418
20 1.04 2.008 391.6691578947368 11.033827956989247 15.493639740018569 0.9429388202266424
20 1.06 0.5095 398.5615628415301 10.788129139072849 15.213769889840881 0.9464307524186031
20 1.06 2.008 397.3868346055979 11.186254480286738 15.62403738317757 0.9408761972330614
20 1.06 2.5075 397.2193959044369 11.316012269938652 15.754986962190351 0.9392025972131027
20 1.08 7.5025 401.4268936170213 13.258260162601626 17.013858165256995 0.8979488121479304
20 1.08 8.002 401.2795074875208 13.410677655677656 17.239598352214212 0.8919691470054446
20 1.08 9.001 401.0109894736842 13.773471760797342 17.505503597122303 0.8775205761316872
20 1.12 7.5025 410.6159 14.486355013550135 17.91107327905255 0.8352574873974498
20 1.14 4.006 417.6463483670296 13.103545081967212 16.963270377733597 0.9030029680498166
20 1.14 5.005 416.76498625429554 13.702567324955115 17.534381625441696 0.8789702999055987
20 1.2 2.008 435.39483304042176 12.436536885245902 16.56381852551985 0.9216260697827517
20 1.24 0.01 453.5039663865546 10.610612745098038 14.953822914245874 0.9498389863665091
20 1.24 3.007 443.0672185686654 13.780865874363329 17.567596055763346 0.8776823719360046
20 1.26 5.005 442.21804377104377 15.794399509803922 18.718415272850145 0.6477066159374338
20 1.3 1.5085 462.31303225806454 12.660139720558881 16.73481030987547 0.9159675305031764
20 1.32 5.005 453.4888761904762 16.547379746835443 18.881263802806867 0.37200452147701557
20 1.38 1.5085 482.1862293423272 13.236960167714884 16.95437696508357 0.9008211841713776
20 1.4 0.01 500.8981679389313 10.628175965665235 14.96354238456237 0.9497452133273029
20 1.4 3.007 477.06597662771287 15.485052473763119 18.624701643773925 0.7101895322552598
20 1.42 7.5025 464.7290207325501 18.554086419753087 19.0 0.0
20 1.42 8.002 464.2028598130841 18.59884084880637 19.0 0.0
20 1.42 9.001 462.1458846905537 18.68547411539132 19.0 0.0
20 1.46 4.5055 480.12322841225625 17.562253989361704 18.941748217531106 0.0
20 1.46 8.002 471.60454263565896 18.782989385588895 19.0 0.0
20 1.46 9.001 469.23752256186316 18.861561346863468 19.0 0.0
20 1.48 1.009 510.97064 12.807031872509961 16.81575392038601 0.912578022554419
20 1.52 6.004 484.8129927797834 18.580925213675215 19.0 0.0
20 1.52 6.5035 483.7774735812133 18.57345596432553 19.0 0.0
20 1.52 8.5015 479.8376770491803 18.89316365873667 19.0 0.0
20 1.54 0.5095 532.7939200000001 11.884196787148595 15.981781838949171 0.932623196022153
20 1.54 1.009 525.7974904458598 13.070579216354345 16.924531392174703 0.9049012895127239
20 1.54 2.5075 508.8361439509954 15.896076618229856 18.754318985849057 0.6290451813932783
20 1.56 1.009 531.0976737588653 13.212407407407406 16.980594460006223 0.9016928158546655
20 1.58 4.5055 500.87729365079366 18.059766393442622 18.949814820390834 0.0
20 1.6 0.01 560.6477165354331 10.581138996138996 14.934231490159325 0.9495856019358742
20 1.62 4.5055 507.27250925925927 18.261829090909092 19.0 0.0
20 1.62 8.002 498.9613701110942 18.89174574088748 19.0 0.0
20 1.62 9.001 498.9640125009192 18.891554598429185 19.0 0.0
20 1.64 1.009 550.2326117647059 13.494460580912863 17.278085519922254 0.8903414698335417
20 1.66 1.5085 545.2625930232558 14.881560606060606 17.98663247147493 0.8037791382152106
20 1.66 3.5065 520.7863797752809 17.754971482889733 18.946742291100815 0.0
20 1.68 5.5045 514.3138731501057 18.663401405357927 19.0 0.0
20 1.7 1.5085 553.999213483146 14.951983870967743 18.3414855788226 0.7854126432341959
20 1.72 4.006 527.2491914893617 18.4002049689441 19.0 0.0
20 1.72 5.005 523.6699448094612 18.66414156626506 19.0 0.0
20 1.76 4.006 534.7139381898454 18.444739317914543 18.949956462993544 0.0
20 1.78 6.004 530.3354969325153 18.95254271070615 19.0 0.0
20 1.78 6.5035 528.3946663665016 18.99464307524186 19.0 0.0
20 1.78 8.5015 528.2 19.0 19.0 0.0
20 1.8 2.008 563.726328011611 16.58138387484958 18.896798761609908 0.3325190228273926
20 1.82 4.006 546.0975562356542 18.343424983027834 19.0 0.0
20 1.84 7.5025 541.1765547509975 18.89158232323232 19.0 0.0
20 1.84 8.002 540.44 18.9 19.0 0.0
20 1.84 9.001 539.6 19.0 19.0 0.0
20 1.86 5.5045 546.7461321545514 18.773443275971957 19.0 0.0
20 1.88 3.5065 558.6821333333334 18.486655867530597 19.0 0.0
20 1.88 9.5005 547.2 19.0 19.0 0.0
20 1.94 4.5055 560.4420540707237 18.892536718610064 19.0 0.0
20 1.94 9.001 558.6 19.0 19.0 0.0
20 1.96 7.5025 562.4 19.0 19.0 0.0
20 1.98 0.5095 646.464443076923 12.864345718901454 16.87038350698293 0.9111993180244019
20 1.98 2.008 596.5537974087162 17.22941233140655 18.933147487064296 0.0
20 1.98 2.5075 587.1928637469587 17.9736389083275 18.948472763247388 0.0
20 2.0 5.5045 570.0 19.0 19.0 0.0
