#       a 	energy  	acceptance	max degree	avg degree
     0.0 	   9.000	   0.007	   3.360	   1.800
    0.01 	  11.532	   0.001	   5.877	   1.808
    0.02 	  13.141	   0.000	   7.925	   1.802
    0.03 	  14.959	   0.000	   8.410	   1.800
    0.04 	  17.035	   0.001	   8.448	   1.831
    0.05 	  18.450	   0.000	   9.000	   1.800
    0.06 	  20.340	   0.000	   9.000	   1.800
    0.07 	  22.230	   0.000	   9.000	   1.800
    0.08 	  24.188	   0.000	   9.000	   1.817
    0.09 	  26.010	   0.000	   9.000	   1.800
     0.1 	  28.092	   0.000	   9.000	   1.850
    0.11 	  29.790	   0.000	   9.000	   1.800
    0.12 	  31.680	   0.000	   9.000	   1.800
    0.13 	  33.570	   0.000	   9.000	   1.800
    0.14 	  35.930	   0.000	   9.000	   1.939
    0.15 	  37.350	   0.000	   9.000	   1.800
    0.16 	  39.240	   0.000	   9.000	   1.800
    0.17 	  41.130	   0.000	   9.000	   1.800
    0.18 	  43.020	   0.000	   9.000	   1.800
    0.19 	  44.910	   0.000	   9.000	   1.800
     0.2 	  46.802	   0.000	   9.000	   1.801
    0.21 	  49.145	   0.001	   9.000	   1.979
    0.22 	  51.406	   0.004	   8.978	   2.137
    0.23 	  53.844	   0.005	   9.000	   2.393
    0.24 	  55.273	   0.003	   9.000	   2.215
    0.25 	  56.901	   0.004	   9.000	   2.112
    0.26 	  59.298	   0.007	   9.000	   2.389
    0.27 	  61.385	   0.012	   8.978	   2.531
    0.28 	  63.250	   0.011	   8.982	   2.567
    0.29 	  65.212	   0.019	   8.991	   2.666
     0.3 	  67.761	   0.032	   8.552	   3.160
    0.31 	  69.929	   0.054	   7.772	   3.465
    0.32 	  72.047	   0.065	   6.550	   3.800
    0.33 	  73.730	   0.079	   6.969	   3.829
    0.34 	  75.548	   0.100	   6.715	   3.992
    0.35 	  77.279	   0.116	   6.650	   4.108
    0.36 	  79.010	   0.157	   6.661	   4.246
    0.37 	  80.647	   0.182	   6.505	   4.303
    0.38 	  82.299	   0.229	   6.651	   4.398
    0.39 	  83.939	   0.287	   6.764	   4.513
     0.4 	  85.546	   0.351	   6.893	   4.627
    0.41 	  87.140	   0.446	   6.946	   4.784
    0.42 	  88.695	   0.555	   7.065	   4.935
    0.43 	  90.218	   0.634	   7.191	   5.090
    0.44 	  91.700	   0.603	   7.318	   5.257
    0.45 	  93.136	   0.561	   7.533	   5.460
    0.46 	  94.507	   0.507	   7.707	   5.709
    0.47 	  95.870	   0.447	   7.814	   5.856
    0.48 	  97.124	   0.383	   8.055	   6.128
    0.49 	  98.355	   0.326	   8.149	   6.342
     0.5 	  99.477	   0.253	   8.397	   6.628
    0.51 	 100.607	   0.209	   8.476	   6.835
    0.52 	 101.697	   0.164	   8.599	   7.034
    0.53 	 102.705	   0.128	   8.737	   7.264
    0.54 	 103.616	   0.090	   8.831	   7.526
    0.55 	 104.711	   0.076	   8.873	   7.616
    0.56 	 105.919	   0.070	   8.887	   7.618
    0.57 	 106.390	   0.034	   8.957	   8.066
    0.58 	 107.740	   0.035	   8.981	   7.958
    0.59 	 108.645	   0.025	   8.990	   8.100
     0.6 	 109.848	   0.021	   8.980	   8.076
    0.61 	 110.895	   0.017	   8.996	   8.128
    0.62 	 110.968	   0.007	   9.000	   8.611
    0.63 	 111.934	   0.003	   9.000	   8.666
    0.64 	 113.358	   0.006	   9.000	   8.531
    0.65 	 114.608	   0.006	   9.000	   8.474
    0.66 	 115.597	   0.006	   9.000	   8.520
    0.67 	 116.400	   0.003	   9.000	   8.627
    0.68 	 117.073	   0.001	   9.000	   8.770
    0.69 	 118.126	   0.001	   9.000	   8.778
     0.7 	 118.500	   0.000	   9.000	   9.000
    0.71 	 119.550	   0.000	   9.000	   9.000
    0.72 	 121.479	   0.001	   9.000	   8.741
    0.73 	 122.434	   0.001	   9.000	   8.777
    0.74 	 122.700	   0.000	   9.000	   9.000
    0.75 	 123.750	   0.000	   9.000	   9.000
    0.76 	 124.983	   0.000	   9.000	   8.953
    0.77 	 126.372	   0.001	   9.000	   8.869
    0.78 	 126.900	   0.000	   9.000	   9.000
    0.79 	 128.010	   0.000	   9.000	   8.986
     0.8 	 129.000	   0.000	   9.000	   9.000
    0.81 	 130.050	   0.000	   9.000	   9.000
    0.82 	 131.100	   0.000	   9.000	   9.000
    0.83 	 132.586	   0.000	   9.000	   8.907
    0.84 	 133.200	   0.000	   9.000	   9.000
    0.85 	 134.250	   0.000	   9.000	   9.000
    0.86 	 135.300	   0.000	   9.000	   9.000
    0.87 	 136.350	   0.000	   9.000	   9.000
    0.88 	 137.400	   0.000	   9.000	   9.000
    0.89 	 138.450	   0.000	   9.000	   9.000
     0.9 	 139.500	   0.000	   9.000	   9.000
    0.91 	 140.550	   0.000	   9.000	   9.000
    0.92 	 141.600	   0.000	   9.000	   9.000
    0.93 	 142.650	   0.000	   9.000	   9.000
    0.94 	 143.868	   0.000	   9.000	   8.972
    0.95 	 144.750	   0.000	   9.000	   9.000
    0.96 	 145.800	   0.000	   9.000	   9.000
    0.97 	 146.850	   0.000	   9.000	   9.000
    0.98 	 147.900	   0.000	   9.000	   9.000
    0.99 	 148.950	   0.000	   9.000	   9.000
     1.0 	 150.000	   0.000	   9.000	   9.000
