10 0.08 1.009 33334
10 0.08 2.008 33334
10 0.08 3.007 33334
10 0.08 4.006 33334
10 0.08 5.005 33334
10 0.08 6.004 33334
10 0.08 7.003 33334
10 0.08 8.002 33334
10 0.08 9.001 33334
10 0.14 0.01 33334
10 0.14 10.0 33334
10 0.26 1.009 33334
10 0.26 2.008 33334
10 0.26 3.007 33334
10 0.26 4.006 33334
10 0.26 5.005 33334
10 0.26 6.004 33334
10 0.26 7.003 33334
10 0.26 8.002 33334
10 0.26 9.001 33334
10 0.32 0.01 33334
10 0.32 10.0 33334
10 0.38 0.5095 33334
10 0.38 1.5085 33334
10 0.38 2.5075 33334
10 0.38 3.5065 33334
10 0.38 4.5055 33334
10 0.38 5.5045 33334
10 0.38 6.5035 33334
10 0.38 7.5025 33334
10 0.38 8.5015 33334
10 0.38 9.5005 33334
10 0.44 1.009 33334
10 0.44 2.008 33334
10 0.44 3.007 33334
10 0.44 4.006 33334
10 0.44 5.005 33334
10 0.44 6.004 33334
10 0.44 7.003 33334
10 0.44 8.002 33334
10 0.44 9.001 33334
10 0.56 0.5095 33334
10 0.56 1.5085 33334
10 0.56 2.5075 33334
10 0.56 3.5065 33334
10 0.56 4.5055 33334
10 0.56 5.5045 33334
10 0.56 6.5035 33334
10 0.56 7.5025 33334
10 0.56 8.5015 33334
10 0.56 9.5005 33334
10 0.62 1.009 33334
10 0.62 2.008 33334
10 0.62 3.007 33334
10 0.62 4.006 33334
10 0.62 5.005 33334
10 0.62 6.004 33334
10 0.62 7.003 33334
10 0.62 8.002 33334
10 0.62 9.001 33334
10 0.74 0.5095 33334
10 0.74 1.5085 33334
10 0.74 2.5075 33334
10 0.74 3.5065 33334
10 0.74 4.5055 33334
10 0.74 5.5045 33334
10 0.74 6.5035 33334
10 0.74 7.5025 33334
10 0.74 8.5015 33334
10 0.74 9.5005 33334
10 0.8 0.01 33334
10 0.8 10.0 33334
10 0.92 0.5095 33334
10 0.92 1.5085 33334
10 0.92 2.5075 33334
10 0.92 3.5065 33334
10 0.92 4.5055 33334
10 0.92 5.5045 33334
10 0.92 6.5035 33334
10 0.92 7.5025 33334
10 0.92 8.5015 33334
10 0.92 9.5005 33334
10 1.04 0.01 33334
10 1.04 10.0 33334
10 1.16 1.009 33334
10 1.16 2.008 33334
10 1.16 3.007 33334
10 1.16 4.006 33334
10 1.16 5.005 33334
10 1.16 6.004 33334
10 1.16 7.003 33334
10 1.16 8.002 33334
10 1.16 9.001 33334
10 1.22 0.01 33334
10 1.22 10.0 33334
10 1.28 0.5095 33334
10 1.28 1.5085 33334
10 1.28 2.5075 33334
10 1.28 3.5065 33334
10 1.28 4.5055 33334
10 1.28 5.5045 33334
10 1.28 6.5035 33334
10 1.28 7.5025 33334
10 1.28 8.5015 33334
10 1.28 9.5005 33334
10 1.34 1.009 33334
10 1.34 2.008 33334
10 1.34 3.007 33334
10 1.34 4.006 33334
10 1.34 5.005 33334
10 1.34 6.004 33334
10 1.34 7.003 33334
10 1.34 8.002 33334
10 1.34 9.001 33334
10 1.46 0.5095 33334
10 1.46 1.5085 33334
10 1.46 2.5075 33334
10 1.46 3.5065 33334
10 1.46 4.5055 33334
10 1.46 5.5045 33334
10 1.46 6.5035 33334
10 1.46 7.5025 33334
10 1.46 8.5015 33334
10 1.46 9.5005 33334
10 1.52 1.009 33334
10 1.52 2.008 33334
10 1.52 3.007 33334
10 1.52 4.006 33334
10 1.52 5.005 33334
10 1.52 6.004 33334
10 1.52 7.003 33334
10 1.52 8.002 33334
10 1.52 9.001 33334
10 1.64 0.5095 33334
10 1.64 1.5085 33334
10 1.64 2.5075 33334
10 1.64 3.5065 33334
10 1.64 4.5055 33334
10 1.64 5.5045 33334
10 1.64 6.5035 33334
10 1.64 7.5025 33334
10 1.64 8.5015 33334
10 1.64 9.5005 33334
10 1.7 0.01 33334
10 1.7 10.0 33334
10 1.82 0.5095 33334
10 1.82 1.5085 33334
10 1.82 2.5075 33334
10 1.82 3.5065 33334
10 1.82 4.5055 33334
10 1.82 5.5045 33334
10 1.82 6.5035 33334
10 1.82 7.5025 33334
10 1.82 8.5015 33334
10 1.82 9.5005 33334
12 0.06 1.009 33334
12 0.06 2.008 33334
12 0.06 3.007 33334
12 0.06 4.006 33334
12 0.06 5.005 33334
12 0.06 6.004 33334
12 0.06 7.003 33334
12 0.06 8.002 33334
12 0.06 9.001 33334
12 0.12 0.01 33334
12 0.12 10.0 33334
12 0.18 0.5095 33334
12 0.18 1.5085 33334
12 0.18 2.5075 33334
12 0.18 3.5065 33334
12 0.18 4.5055 33334
12 0.18 5.5045 33334
12 0.18 6.5035 33334
12 0.18 7.5025 33334
12 0.18 8.5015 33334
12 0.18 9.5005 33334
12 0.24 1.009 33334
12 0.24 2.008 33334
12 0.24 3.007 33334
12 0.24 4.006 33334
12 0.24 5.005 33334
12 0.24 6.004 33334
12 0.24 7.003 33334
12 0.24 8.002 33334
12 0.24 9.001 33334
12 0.36 0.5095 33334
12 0.36 1.5085 33334
12 0.36 2.5075 33334
12 0.36 3.5065 33334
12 0.36 4.5055 33334
12 0.36 5.5045 33334
12 0.36 6.5035 33334
12 0.36 7.5025 33334
12 0.36 8.5015 33334
12 0.36 9.5005 33334
12 0.42 1.009 33334
12 0.42 2.008 33334
12 0.42 3.007 33334
12 0.42 4.006 33334
12 0.42 5.005 33334
12 0.42 6.004 33334
12 0.42 7.003 33334
12 0.42 8.002 33334
12 0.42 9.001 33334
12 0.54 0.5095 33334
12 0.54 1.5085 33334
12 0.54 2.5075 33334
12 0.54 3.5065 33334
12 0.54 4.5055 33334
12 0.54 5.5045 33334
12 0.54 6.5035 33334
12 0.54 7.5025 33334
12 0.54 8.5015 33334
12 0.54 9.5005 33334
12 0.6 0.01 33334
12 0.6 10.0 33334
12 0.72 0.5095 33334
12 0.72 1.5085 33334
12 0.72 2.5075 33334
12 0.72 3.5065 33334
12 0.72 4.5055 33334
12 0.72 5.5045 33334
12 0.72 6.5035 33334
12 0.72 7.5025 33334
12 0.72 8.5015 33334
12 0.72 9.5005 33334
12 0.9 1.009 33334
12 0.9 2.008 33334
12 0.9 3.007 33334
12 0.9 4.006 33334
12 0.9 5.005 33334
12 0.9 6.004 33334
12 0.9 7.003 33334
12 0.9 8.002 33334
12 0.9 9.001 33334
12 1.02 0.01 33334
12 1.02 10.0 33334
12 1.08 0.5095 33334
12 1.08 1.5085 33334
12 1.08 2.5075 33334
12 1.08 3.5065 33334
12 1.08 4.5055 33334
12 1.08 5.5045 33334
12 1.08 6.5035 33334
12 1.08 7.5025 33334
12 1.08 8.5015 33334
12 1.08 9.5005 33334
12 1.14 1.009 33334
12 1.14 2.008 33334
12 1.14 3.007 33334
12 1.14 4.006 33334
12 1.14 5.005 33334
12 1.14 6.004 33334
12 1.14 7.003 33334
12 1.14 8.002 33334
12 1.14 9.001 33334
12 1.26 0.5095 33334
12 1.26 1.5085 33334
12 1.26 2.5075 33334
12 1.26 3.5065 33334
12 1.26 4.5055 33334
12 1.26 5.5045 33334
12 1.26 6.5035 33334
12 1.26 7.5025 33334
12 1.26 8.5015 33334
12 1.26 9.5005 33334
12 1.32 1.009 33334
12 1.32 2.008 33334
12 1.32 3.007 33334
12 1.32 4.006 33334
12 1.32 5.005 33334
12 1.32 6.004 33334
12 1.32 7.003 33334
12 1.32 8.002 33334
12 1.32 9.001 33334
12 1.44 0.5095 33334
12 1.44 1.5085 33334
12 1.44 2.5075 33334
12 1.44 3.5065 33334
12 1.44 4.5055 33334
12 1.44 5.5045 33334
12 1.44 6.5035 33334
12 1.44 7.5025 33334
12 1.44 8.5015 33334
12 1.44 9.5005 33334
12 1.5 0.01 33334
12 1.5 10.0 33334
12 1.62 0.5095 33334
12 1.62 1.5085 33334
12 1.62 2.5075 33334
12 1.62 3.5065 33334
12 1.62 4.5055 33334
12 1.62 5.5045 33334
12 1.62 6.5035 33334
12 1.62 7.5025 33334
12 1.62 8.5015 33334
12 1.62 9.5005 33334
12 1.8 1.009 33334
12 1.8 2.008 33334
12 1.8 3.007 33334
12 1.8 4.006 33334
12 1.8 5.005 33334
12 1.8 6.004 33334
12 1.8 7.003 33334
12 1.8 8.002 33334
12 1.8 9.001 33334
12 1.98 0.01 33334
12 1.98 10.0 33334
14 0.04 1.009 33334
14 0.04 2.008 33334
14 0.04 3.007 33334
14 0.04 4.006 33334
14 0.04 5.005 33334
14 0.04 6.004 33334
14 0.04 7.003 33334
14 0.04 8.002 33334
14 0.04 9.001 33334
14 0.16 0.5095 33334
14 0.16 1.5085 33334
14 0.16 2.5075 33334
14 0.16 3.5065 33334
14 0.16 4.5055 33334
14 0.16 5.5045 33334
14 0.16 6.5035 33334
14 0.16 7.5025 33334
14 0.16 8.5015 33334
14 0.16 9.5005 33334
14 0.22 1.009 33334
14 0.22 2.008 33334
14 0.22 3.007 33334
14 0.22 4.006 33334
14 0.22 5.005 33334
14 0.22 6.004 33334
14 0.22 7.003 33334
14 0.22 8.002 33334
14 0.22 9.001 33334
14 0.34 0.5095 33334
14 0.34 1.5085 33334
14 0.34 2.5075 33334
14 0.34 3.5065 33334
14 0.34 4.5055 33334
14 0.34 5.5045 33334
14 0.34 6.5035 33334
14 0.34 7.5025 33334
14 0.34 8.5015 33334
14 0.34 9.5005 33334
14 0.4 0.01 33334
14 0.4 10.0 33334
14 0.52 0.5095 33334
14 0.52 1.5085 33334
14 0.52 2.5075 33334
14 0.52 3.5065 33334
14 0.52 4.5055 33334
14 0.52 5.5045 33334
14 0.52 6.5035 33334
14 0.52 7.5025 33334
14 0.52 8.5015 33334
14 0.52 9.5005 33334
14 0.7 1.009 33334
14 0.7 2.008 33334
14 0.7 3.007 33334
14 0.7 4.006 33334
14 0.7 5.005 33334
14 0.7 6.004 33334
14 0.7 7.003 33334
14 0.7 8.002 33334
14 0.7 9.001 33334
14 0.88 0.01 33334
14 0.88 10.0 33334
14 1.06 0.5095 33334
14 1.06 1.5085 33334
14 1.06 2.5075 33334
14 1.06 3.5065 33334
14 1.06 4.5055 33334
14 1.06 5.5045 33334
14 1.06 6.5035 33334
14 1.06 7.5025 33334
14 1.06 8.5015 33334
14 1.06 9.5005 33334
14 1.12 1.009 33334
14 1.12 2.008 33334
14 1.12 3.007 33334
14 1.12 4.006 33334
14 1.12 5.005 33334
14 1.12 6.004 33334
14 1.12 7.003 33334
14 1.12 8.002 33334
14 1.12 9.001 33334
14 1.24 0.5095 33334
14 1.24 1.5085 33334
14 1.24 2.5075 33334
14 1.24 3.5065 33334
14 1.24 4.5055 33334
14 1.24 5.5045 33334
14 1.24 6.5035 33334
14 1.24 7.5025 33334
14 1.24 8.5015 33334
14 1.24 9.5005 33334
14 1.3 0.01 33334
14 1.3 10.0 33334
14 1.42 0.5095 33334
14 1.42 1.5085 33334
14 1.42 2.5075 33334
14 1.42 3.5065 33334
14 1.42 4.5055 33334
14 1.42 5.5045 33334
14 1.42 6.5035 33334
14 1.42 7.5025 33334
14 1.42 8.5015 33334
14 1.42 9.5005 33334
14 1.6 1.009 33334
14 1.6 2.008 33334
14 1.6 3.007 33334
14 1.6 4.006 33334
14 1.6 5.005 33334
14 1.6 6.004 33334
14 1.6 7.003 33334
14 1.6 8.002 33334
14 1.6 9.001 33334
14 1.78 0.01 33334
14 1.78 10.0 33334
14 1.9 0.5095 33334
14 1.9 1.5085 33334
14 1.9 2.5075 33334
14 1.9 3.5065 33334
14 1.9 4.5055 33334
14 1.9 5.5045 33334
14 1.9 6.5035 33334
14 1.9 7.5025 33334
14 1.9 8.5015 33334
14 1.9 9.5005 33334
14 1.96 0.01 33334
14 1.96 10.0 33334
16 0.02 1.009 33334
16 0.02 2.008 33334
16 0.02 3.007 33334
16 0.02 4.006 33334
16 0.02 5.005 33334
16 0.02 6.004 33334
16 0.02 7.003 33334
16 0.02 8.002 33334
16 0.02 9.001 33334
16 0.14 0.5095 33334
16 0.14 1.5085 33334
16 0.14 2.5075 33334
16 0.14 3.5065 33334
16 0.14 4.5055 33334
16 0.14 5.5045 33334
16 0.14 6.5035 33334
16 0.14 7.5025 33334
16 0.14 8.5015 33334
16 0.14 9.5005 33334
16 0.2 0.01 33334
16 0.2 10.0 33334
16 0.32 0.5095 33334
16 0.32 1.5085 33334
16 0.32 2.5075 33334
16 0.32 3.5065 33334
16 0.32 4.5055 33334
16 0.32 5.5045 33334
16 0.32 6.5035 33334
16 0.32 7.5025 33334
16 0.32 8.5015 33334
16 0.32 9.5005 33334
16 0.5 1.009 33334
16 0.5 2.008 33334
16 0.5 3.007 33334
16 0.5 4.006 33334
16 0.5 5.005 33334
16 0.5 6.004 33334
16 0.5 7.003 33334
16 0.5 8.002 33334
16 0.5 9.001 33334
16 0.68 0.01 33334
16 0.68 10.0 33334
16 0.8 0.5095 33334
16 0.8 1.5085 33334
16 0.8 2.5075 33334
16 0.8 3.5065 33334
16 0.8 4.5055 33334
16 0.8 5.5045 33334
16 0.8 6.5035 33334
16 0.8 7.5025 33334
16 0.8 8.5015 33334
16 0.8 9.5005 33334
16 0.86 0.01 33334
16 0.86 10.0 33334
16 0.98 1.009 33334
16 0.98 2.008 33334
16 0.98 3.007 33334
16 0.98 4.006 33334
16 0.98 5.005 33334
16 0.98 6.004 33334
16 0.98 7.003 33334
16 0.98 8.002 33334
16 0.98 9.001 33334
16 1.04 0.5095 33334
16 1.04 1.5085 33334
16 1.04 2.5075 33334
16 1.04 3.5065 33334
16 1.04 4.5055 33334
16 1.04 5.5045 33334
16 1.04 6.5035 33334
16 1.04 7.5025 33334
16 1.04 8.5015 33334
16 1.04 9.5005 33334
16 1.1 0.01 33334
16 1.1 10.0 33334
16 1.22 0.5095 33334
16 1.22 1.5085 33334
16 1.22 2.5075 33334
16 1.22 3.5065 33334
16 1.22 4.5055 33334
16 1.22 5.5045 33334
16 1.22 6.5035 33334
16 1.22 7.5025 33334
16 1.22 8.5015 33334
16 1.22 9.5005 33334
16 1.4 1.009 33334
16 1.4 2.008 33334
16 1.4 3.007 33334
16 1.4 4.006 33334
16 1.4 5.005 33334
16 1.4 6.004 33334
16 1.4 7.003 33334
16 1.4 8.002 33334
16 1.4 9.001 33334
16 1.58 0.01 33334
16 1.58 10.0 33334
16 1.7 0.5095 33334
16 1.7 1.5085 33334
16 1.7 2.5075 33334
16 1.7 3.5065 33334
16 1.7 4.5055 33334
16 1.7 5.5045 33334
16 1.7 6.5035 33334
16 1.7 7.5025 33334
16 1.7 8.5015 33334
16 1.7 9.5005 33334
16 1.76 0.01 33334
16 1.76 10.0 33334
16 1.88 1.009 33334
16 1.88 2.008 33334
16 1.88 3.007 33334
16 1.88 4.006 33334
16 1.88 5.005 33334
16 1.88 6.004 33334
16 1.88 7.003 33334
16 1.88 8.002 33334
16 1.88 9.001 33334
16 1.94 0.01 33334
16 1.94 10.0 33334
16 2.0 0.01 33334
16 2.0 10.0 33334
18 0.0 0.01 33334
18 0.0 10.0 33334
18 0.12 0.5095 33334
18 0.12 1.5085 33334
18 0.12 2.5075 33334
18 0.12 3.5065 33334
18 0.12 4.5055 33334
18 0.12 5.5045 33334
18 0.12 6.5035 33334
18 0.12 7.5025 33334
18 0.12 8.5015 33334
18 0.12 9.5005 33334
18 0.3 1.009 33334
18 0.3 2.008 33334
18 0.3 3.007 33334
18 0.3 4.006 33334
18 0.3 5.005 33334
18 0.3 6.004 33334
18 0.3 8.002 33334
18 0.3 9.001 33334
18 0.48 0.01 33334
18 0.6 0.5095 33334
18 0.6 1.5085 33334
18 0.6 2.5075 33334
18 0.6 3.5065 33334
18 0.6 4.5055 33334
18 0.6 5.5045 33334
18 0.6 6.5035 33334
18 0.6 7.5025 33334
18 0.6 8.5015 33334
18 0.6 9.5005 33334
18 0.66 0.01 33334
18 0.78 1.009 33334
18 0.78 2.008 33334
18 0.78 3.007 33334
18 0.78 4.006 33334
18 0.78 5.005 33334
18 0.78 6.004 33334
18 0.78 8.002 33334
18 0.78 9.001 33334
18 0.84 0.01 33334
18 0.96 1.009 33334
18 0.96 2.008 33334
18 0.96 3.007 33334
18 0.96 4.006 33334
18 0.96 5.005 33334
18 0.96 6.004 33334
18 0.96 8.002 33334
18 0.96 9.001 33334
18 1.02 0.5095 33334
18 1.02 1.5085 33334
18 1.02 2.5075 33334
18 1.02 3.5065 33334
18 1.02 4.5055 33334
18 1.02 5.5045 33334
18 1.02 6.5035 33334
18 1.02 7.5025 33334
18 1.02 8.5015 33334
18 1.02 9.5005 33334
18 1.2 1.009 33334
18 1.2 2.008 33334
18 1.2 3.007 33334
18 1.2 4.006 33334
18 1.2 5.005 33334
18 1.2 6.004 33334
18 1.2 8.002 33334
18 1.2 9.001 33334
18 1.38 0.01 33334
18 1.5 0.5095 33334
18 1.5 1.5085 33334
18 1.5 2.5075 33334
18 1.5 3.5065 33334
18 1.5 4.5055 33334
18 1.5 5.5045 33334
18 1.5 6.5035 33334
18 1.5 7.5025 33334
18 1.5 8.5015 33334
18 1.5 9.5005 33334
18 1.56 0.01 33334
18 1.68 1.009 33334
18 1.68 2.008 33334
18 1.68 3.007 33334
18 1.68 4.006 33334
18 1.68 5.005 33334
18 1.68 6.004 33334
18 1.68 8.002 33334
18 1.68 9.001 33334
18 1.74 0.01 33334
18 1.86 1.009 33334
18 1.86 2.008 33334
18 1.86 3.007 33334
18 1.86 4.006 33334
18 1.86 5.005 33334
18 1.86 6.004 33334
18 1.86 8.002 33334
18 1.86 9.001 33334
18 1.92 0.01 33334
18 1.98 0.5095 33334
18 1.98 1.5085 33334
18 1.98 2.5075 33334
18 1.98 3.5065 33334
18 1.98 4.5055 33334
18 1.98 5.5045 33334
18 1.98 6.5035 33334
18 1.98 7.5025 33334
18 1.98 8.5015 33334
18 1.98 9.5005 33334
20 0.04 0.01 33334
20 0.16 1.009 33334
20 0.16 2.008 33334
20 0.16 3.007 33334
20 0.16 4.006 33334
20 0.16 5.005 33334
20 0.16 6.004 33334
20 0.16 8.002 33334
20 0.16 9.001 33334
20 0.22 0.01 33334
20 0.28 0.5095 33334
20 0.28 1.5085 33334
20 0.28 2.5075 33334
20 0.28 3.5065 33334
20 0.28 4.5055 33334
20 0.28 5.5045 33334
20 0.28 6.5035 33334
20 0.28 7.5025 33334
20 0.28 8.5015 33334
20 0.28 9.5005 33334
20 0.34 1.009 33334
20 0.34 2.008 33334
20 0.34 3.007 33334
20 0.34 4.006 33334
20 0.34 5.005 33334
20 0.34 6.004 33334
20 0.34 8.002 33334
20 0.34 9.001 33334
20 0.46 0.5095 33334
20 0.46 1.5085 33334
20 0.46 2.5075 33334
20 0.46 3.5065 33334
20 0.46 4.5055 33334
20 0.46 5.5045 33334
20 0.46 6.5035 33334
20 0.46 7.5025 33334
20 0.46 8.5015 33334
20 0.46 9.5005 33334
20 0.52 1.009 33334
20 0.52 2.008 33334
20 0.52 3.007 33334
20 0.52 4.006 33334
20 0.52 5.005 33334
20 0.52 6.004 33334
20 0.52 8.002 33334
20 0.52 9.001 33334
20 0.64 0.5095 33334
20 0.64 1.5085 33334
20 0.64 2.5075 33334
20 0.64 3.5065 33334
20 0.64 4.5055 33334
20 0.64 5.5045 33334
20 0.64 6.5035 33334
20 0.64 7.5025 33334
20 0.64 8.5015 33334
20 0.64 9.5005 33334
20 0.7 0.01 33334
20 0.82 0.5095 33334
20 0.82 1.5085 33334
20 0.82 2.5075 33334
20 0.82 3.5065 33334
20 0.82 4.5055 33334
20 0.82 5.5045 33334
20 0.82 6.5035 33334
20 0.82 7.5025 33334
20 0.82 8.5015 33334
20 0.82 9.5005 33334
20 1.06 1.009 33334
20 1.06 2.008 33334
20 1.06 3.007 33334
20 1.06 4.006 33334
20 1.06 5.005 33334
20 1.06 6.004 33334
20 1.06 8.002 33334
20 1.06 9.001 33334
20 1.12 0.01 33334
20 1.18 0.5095 33334
20 1.18 1.5085 33334
20 1.18 2.5075 33334
20 1.18 3.5065 33334
20 1.18 4.5055 33334
20 1.18 5.5045 33334
20 1.18 6.5035 33334
20 1.18 7.5025 33334
20 1.18 8.5015 33334
20 1.18 9.5005 33334
20 1.24 1.009 33334
20 1.24 2.008 33334
20 1.24 3.007 33334
20 1.24 4.006 33334
20 1.24 5.005 33334
20 1.24 6.004 33334
20 1.24 8.002 33334
20 1.24 9.001 33334
20 1.36 0.5095 33334
20 1.36 1.5085 33334
20 1.36 2.5075 33334
20 1.36 3.5065 33334
20 1.36 4.5055 33334
20 1.36 5.5045 33334
20 1.36 6.5035 33334
20 1.36 7.5025 33334
20 1.36 8.5015 33334
20 1.36 9.5005 33334
20 1.42 1.009 33334
20 1.42 2.008 33334
20 1.42 3.007 33334
20 1.42 4.006 33334
20 1.42 5.005 33334
20 1.42 6.004 33334
20 1.42 8.002 33334
20 1.42 9.001 33334
20 1.54 0.5095 33334
20 1.54 1.5085 33334
20 1.54 2.5075 33334
20 1.54 3.5065 33334
20 1.54 4.5055 33334
20 1.54 5.5045 33334
20 1.54 6.5035 33334
20 1.54 7.5025 33334
20 1.54 8.5015 33334
20 1.54 9.5005 33334
20 1.6 0.01 33334
20 1.72 0.5095 33334
20 1.72 1.5085 33334
20 1.72 2.5075 33334
20 1.72 3.5065 33334
20 1.72 4.5055 33334
20 1.72 5.5045 33334
20 1.72 6.5035 33334
20 1.72 7.5025 33334
20 1.72 8.5015 33334
20 1.72 9.5005 33334
20 1.9 1.009 33334
20 1.9 2.008 33334
20 1.9 3.007 33334
20 1.9 4.006 33334
20 1.9 5.005 33334
20 1.9 6.004 33334
20 1.9 7.003 33334
20 1.9 8.002 33334
20 1.9 9.001 33334
