10 0.04 4.5055 0.5641006999638117 0.12627453959764698 0.877281025404037 0.09675119065904678
10 0.04 8.002 0.29409313348754984 0.03526924707232392 0.9017622591409084 0.026823288486981667
10 0.04 9.001 0.24918142328081969 0.03933867553690992 0.891636654697285 0.02448767044167104
10 0.06 5.5045 0.6055910791487895 0.09769303567096196 1.1527644225979674 0.05386614043134584
10 0.08 5.5045 0.9580195219371312 0.1461467377110586 1.4704644096939692 0.0764557698693933
10 0.1 5.005 1.1762113551100841 0.16014408509806402 1.500704569630001 0.06280412531997646
10 0.12 0.01 2.663289326717814 0.6613750930427797 0.9411886027344951 0.08678979419737491
10 0.16 3.5065 1.324950462835726 0.30035156619437026 1.456247157959899 0.26139774143223626
10 0.16 9.5005 4.1465573618982044E-12 4.726469128334501E-13 0.0 0.0054771708036174885
10 0.18 3.5065 1.7116811912910965 0.35592533644133273 1.581907841271518 0.2534045705469386
10 0.18 9.5005 4.101917544955907E-12 4.726469128334501E-13 0.0 0.005477170803617487
10 0.22 1.5085 1.1207799221262036 0.4260390150630327 0.9237580941894381 0.4901027007081929
10 0.22 3.5065 1.7938758874712544 0.3755177464893256 1.6395610331225303 0.24979815155704133
10 0.22 9.5005 7.559310269640195E-12 4.726469128334501E-13 0.0 0.005477170803617479
10 0.24 4.006 1.6845914031311415 0.32538849449305246 1.1040078695416944 0.11876602649381955
10 0.26 2.008 1.0224624509710525 0.38896168510835877 1.0121938277036968 0.4646277797909203
10 0.26 7.003 1.15142215994325E-11 4.726469128334501E-13 0.0 0.0
10 0.28 7.5025 0.3440998772312391 0.09558329923227762 0.0 0.01341526743460563
10 0.3 2.008 0.9980501852344443 0.3912811070286579 1.0112461097169139 0.46998912928530723
10 0.3 7.003 0.24235395000365895 0.06924398571479845 0.0 0.007745773043537925
10 0.34 5.5045 0.5924105510966536 0.17951834881725492 0.0 0.026823288486981706
10 0.38 0.01 1.4701112994173389 0.6649489019451092 0.9453578285308145 0.06670880002106169
10 0.4 3.5065 2.0012638336363873 0.5581438065062141 1.6041127087704332 0.25719345739828764
10 0.4 9.5005 9.796752622906173E-12 4.726469128334501E-13 0.0 0.005477170803617477
10 0.42 2.008 0.902143130399546 0.39004933128723407 1.0045016426399236 0.4779107826347054
10 0.42 2.5075 1.1124237135483925 0.4011191212528796 1.1787638166471457 0.42900642276276213
10 0.42 7.003 0.36119296994465727 0.1245492999811833 0.0 0.01549015172940487
10 0.44 6.004 0.6716694309794684 0.23506514681432747 0.1267659343325043 0.04131698233669938
10 0.44 8.5015 0.3674979229301869 0.13124925819140715 0.0 0.012246591372295902
10 0.46 5.005 0.6987690986442785 0.2562216093033988 0.04545036680880271 0.0673739727816743
10 0.48 1.009 0.9343908330956676 0.4851326447748495 0.908900783341546 0.4814969757464646
10 0.5 0.5095 0.9949110815129988 0.5517941987050219 0.903027758804652 0.3953466614775331
10 0.5 2.008 0.8423693851898397 0.39422956115138724 1.001695392354426 0.4821294178524427
10 0.5 2.5075 0.8793514715769499 0.37400924052602474 1.0950056344907106 0.4437143126105618
10 0.5 7.003 0.6045383893570805 0.24181535574272625 0.0 0.038700969272737036
10 0.54 6.004 0.650972871779961 0.2830316833832112 0.0 0.055770035840521905
10 0.54 6.5035 0.563126812354603 0.24483774450190404 0.0 0.05302900979467413
10 0.54 8.5015 0.37289603948015587 0.1621287128182504 0.0 0.016429540491321625
10 0.58 1.009 0.849427087641878 0.48735055272964334 0.9024591064078785 0.48146336722187094
10 0.6 5.005 1.097469595433849 0.5213102549025177 1.135104354735168 0.1493620588175449
10 0.62 5.5045 0.9415701814241595 0.4827645952781215 0.9710646962083164 0.12543716498041246
10 0.64 5.005 1.1957163132569946 0.6317739548893468 1.4082985992491874 0.18380604522195226
10 0.68 3.5065 0.6842409735950684 0.40074132574519755 1.1608789683122611 0.37145367981651795
10 0.68 9.5005 0.3796115103762202 0.2372571939847446 0.0 0.046746399307097244
10 0.7 6.004 0.9188066009953292 0.5941248050635263 1.4159708574212604 0.17610726580272604
10 0.7 6.5035 0.9383486889548452 0.6116739243362189 1.4060840945230126 0.15069729728096604
10 0.7 8.5015 0.5957569524199574 0.39452515889628936 0.6081282107210274 0.08331392614254432
10 0.72 5.005 0.7722940526332277 0.5276373384021258 1.4272521523614352 0.2741224175145676
10 0.74 5.5045 0.642082576773014 0.4729801284987874 1.3720614814757495 0.26656126625060195
10 0.76 1.5085 0.6315417994323714 0.461024927962323 0.8892647939952537 0.4985331061194721
10 0.76 10.0 0.4486737725840333 0.3732388871047284 0.4622975328212945 0.09012772310205075
10 0.8 5.5045 0.4053355240784778 0.3898401974817358 1.1229808877676817 0.3268137629430624
10 0.84 7.5025 0.33588023557233965 0.41537256708985115 1.227412140316232 0.2913150306326513
10 0.84 8.002 0.2932893812994441 0.36227115714935915 1.1500827423543876 0.2763518525572239
10 0.84 9.001 0.4033340253674649 0.5033394281882463 1.4535772403469505 0.22866342436174822
10 0.88 7.5025 0.22965930586033745 0.37768482736567044 1.0495214399752708 0.36637656885906894
10 0.88 8.002 0.2278814800057584 0.3751480567449387 1.0435587636874437 0.34759008477730424
10 0.88 9.001 0.23295859528965887 0.38626347273737255 1.08958903949824 0.31784969629671017
10 0.9 0.01 2.298235597219698 0.6531553748977984 0.9333760124764425 0.08078923958234192
10 0.9 3.007 0.301740783481793 0.446161798808801 0.8847062601252841 0.4968027995282899
10 0.92 0.5095 0.9702076437437052 0.5542489127773389 0.8759471073758472 0.4030821700102057
10 0.92 2.008 0.36527294157774065 0.4726066553384155 0.8659609793551857 0.4962257886778085
10 0.92 2.5075 0.3117890292152986 0.46443063568307424 0.8610022323431149 0.4996081501205557
10 0.92 7.003 0.16415403251845306 0.39834801798465425 0.9043310003079533 0.4481708397131127
10 0.96 10.0 0.08583867119927922 0.42794837795052504 0.8973917090893287 0.4812694920136586
10 0.98 2.008 0.31851030306948885 0.49211638442453787 0.8536563717056967 0.4785516691317699
10 0.98 7.003 0.05653773658844217 0.4676664654906437 0.8595177257861173 0.499156491471163
10 1.0 1.5085 0.4347968003047339 0.5080783678836831 0.8554223639069403 0.4609980157775082
10 1.0 3.5065 0.13447001331810576 0.49289779148851975 0.8506981627293547 0.47708135069332713
10 1.02 2.008 0.30573941449911163 0.509664401752688 0.8429075814762791 0.4713868374158709
10 1.02 2.5075 0.2285376659381019 0.505275905973805 0.8382279026496054 0.4766176967981186
10 1.02 7.003 0.05469685561071616 0.5113477636471503 0.8252118790284978 0.48684542625222843
10 1.08 1.5085 0.4768702535413901 0.5260931784798512 0.8432843919204055 0.4766176967981197
10 1.08 3.5065 0.24010115234803905 0.5290503795678991 0.8034282474245026 0.494743956843461
10 1.08 10.0 0.226993282161862 0.5674832054048154 0.6918735164797927 0.47533401290140287
10 1.12 3.5065 0.3446780292195224 0.5555156740372675 0.7868524245094796 0.49980780823383564
10 1.12 9.5005 0.34076827960717804 0.567947132677909 0.5861513244333454 0.405656717138013
10 1.16 4.006 0.46359687514606723 0.5774844184358262 0.7476012923576683 0.4947964752435551
10 1.18 6.004 0.5054703337522867 0.5616337041692825 0.6091515314914101 0.42157149252565596
10 1.18 6.5035 0.5108094248644058 0.5675660276271542 0.5787832397077608 0.3976514610368972
10 1.22 5.5045 0.5929643112852611 0.5390584648049171 0.5486994315192542 0.38816241578690197
10 1.24 7.5025 0.5535485240543684 0.4612904367119286 0.2803293922692288 0.23826469379811818
10 1.24 8.002 0.5386425519999014 0.44886879333314306 0.24988562120348512 0.2137039583520064
10 1.24 9.001 0.49788910835809047 0.414907590298536 0.16077485008435036 0.16892584955027076
10 1.26 3.007 0.7654647539124677 0.5867740566648493 0.7068293919483153 0.4784698338578604
10 1.28 2.008 0.8294351580351977 0.5733077312300859 0.7694750576852835 0.4989527623044098
10 1.28 7.003 0.6122639897275542 0.43733142123398855 0.22217545609391529 0.20330816674732954
10 1.3 4.006 0.8150769337515152 0.5433846225010202 0.5638263114315297 0.3894239068425805
10 1.3 5.005 0.7654244065170563 0.5102829376780205 0.43781718296507977 0.3101927986325932
10 1.34 6.5035 0.7003814104929881 0.4119890649957102 0.14625979141586506 0.15646004380493703
10 1.38 4.006 0.9899270324231408 0.5210142275908001 0.4214788673126732 0.3037516560741164
10 1.38 5.005 0.864052382024791 0.4547644115920485 0.2555972220382422 0.2162240203610159
10 1.4 7.5025 0.6090603862999132 0.304530193150293 0.0 0.06933051012191525
10 1.4 8.002 0.5006732515003783 0.2503366257507843 0.0 0.050433352707093114
10 1.4 9.001 0.40813443743063693 0.20406721871496808 0.0 0.04377593901968189
10 1.42 1.5085 1.2347379557566451 0.5754434720442425 0.7429766855473027 0.49509326805722587
10 1.42 3.5065 1.0984702235472112 0.5230810588319752 0.44806325762477234 0.3175215416642939
10 1.44 2.008 1.2846596532313939 0.581922194625124 0.6806546702145354 0.4660663703431377
10 1.44 2.5075 1.2580317039269004 0.5714769793000751 0.6093687156163782 0.4168723716067223
10 1.44 7.003 0.6177993002387117 0.28081786374272055 0.0 0.06304062150387828
10 1.46 1.5085 1.359841446794068 0.5796861894460016 0.739554014462759 0.49004198783015435
10 1.46 10.0 0.3783241036715897 0.16448874073292355 0.0 0.01897034531398835
10 1.48 0.01 5.30037231628592 0.6577045298293369 0.9391173304559879 0.11949973598710156
10 1.48 3.007 1.2623847552343224 0.5259305434731418 0.4580632683619007 0.32457731130927764
10 1.5 9.5005 0.255974997765622 0.10238999910628378 0.0 0.013415267434605629
10 1.52 0.5095 1.9623855238417565 0.5724344479026103 0.8291611565644341 0.4767032313565137
10 1.52 1.009 1.6037169838826086 0.5831722806211984 0.7738820112175409 0.4999259545076501
10 1.56 0.01 5.654274952545047 0.6545069950730936 0.9394319616408628 0.1220308939883147
10 1.56 3.007 1.3776244555593493 0.49200873412823565 0.3656134189208796 0.2691619795453611
10 1.6 7.5025 0.3148235845309981 0.10494119484551562 0.0 0.010953848645841119
10 1.6 8.002 0.29909410972419626 0.0996980365752009 0.0 0.01448992755199237
10 1.62 1.5085 1.820560110322853 0.5854186326200991 0.6667150304287308 0.4515470004261387
10 1.62 10.0 3.927243669126422E-11 0.0 0.0 0.0
10 1.64 0.01 6.053144648364641 0.649072867287169 0.9248661133903668 0.1243906800073134
10 1.64 3.007 1.4664952692765436 0.45827977164883904 0.2533045093974607 0.2113400836628572
10 1.66 5.005 0.7600697284185273 0.23032416012760662 0.0 0.0516032738453079
10 1.68 8.5015 0.2360232758896886 0.06941861055611734 0.0 0.007745773043537928
10 1.7 4.006 1.0481121625465417 0.29946061787040973 0.043775939019681825 0.07741898839561959
10 1.76 5.5045 0.5826429000273494 0.15332707895475864 0.0 0.021903753156752026
10 1.78 0.5095 2.564562779103198 0.5799482669853782 0.8041913813213661 0.4946646775518794
10 1.78 1.009 2.2919095708451764 0.5799290303429032 0.7059249909152767 0.4805005737126262
10 1.78 2.5075 1.6904189208983045 0.43344074894814777 0.23978979006635276 0.20651328463603036
10 1.82 5.5045 0.7000337357222807 0.17073993554063727 0.0 0.023867986997354814
10 1.84 1.5085 2.3791960519853794 0.5657984074965622 0.5456173100966012 0.37432118423158267
10 1.84 3.5065 1.0896078033261825 0.2594304293639107 0.03096914608625361 0.06558491432525028
10 1.84 9.5005 3.670135074488315E-11 0.0 0.0 0.0
10 1.86 6.004 0.4811493949468019 0.11189520812407883 0.0 0.014489927551992306
10 1.86 6.5035 0.3355098234726852 0.07802554034021346 0.0 0.005477170803617486
10 1.86 8.5015 3.716669061339539E-11 0.0 0.0 0.0
10 1.92 6.5035 4.210870338148628E-11 0.0 0.0 0.0
10 1.92 9.5005 4.210870338148628E-11 0.0 0.0 0.0
10 1.94 1.5085 2.480947048956544 0.5277557333109396 0.4853758310321432 0.3386233916387349
10 1.94 10.0 3.899750280895381E-11 0.0 0.0 0.0
10 1.96 3.5065 1.1337809095320088 0.23620435615392024 0.0 0.04021681024652771
10 1.96 9.5005 3.9450532894549743E-11 0.0 0.0 0.0
10 2.0 6.004 0.21901657546174533 0.04380331509231199 0.0 0.007745773043537924
10 2.0 6.5035 0.2640211329465016 0.052804226589262176 0.0 0.005477170803617487
10 2.0 8.5015 0.08627760754235764 0.017255521508469342 0.0 0.0
12 0.0 2.008 1.5935714376860055 0.26559523961463066 0.8353705140239325 0.21004879529257003
12 0.0 7.003 0.08366820481948394 0.013944700803552205 0.6522961063681045 0.05550209812058599
12 0.02 2.008 1.592700729765208 0.3145425276091088 0.8930017169293817 0.27149594585233855
12 0.02 7.003 0.37494146048194005 0.04614878794073154 1.2233816874842451 0.029986647164859204
12 0.04 3.007 1.1152564142596513 0.2426704714675215 0.9091888038919722 0.19649927630418076
12 0.06 4.006 1.155537875005838 0.2039347462786594 1.3738211325104976 0.11937778307666483
12 0.1 3.5065 1.50408488512693 0.2927081212346979 1.5162588545992646 0.19466408905214877
12 0.1 9.5005 7.773195927937761E-12 6.516781781991952E-13 0.0 0.0
12 0.12 1.009 2.060530143475667 0.5022495173762492 0.9823100810650534 0.49710903368930043
12 0.14 4.006 2.3153681276884077 0.2990804328715311 1.9663198008303941 0.12508937416748964
12 0.16 7.5025 0.4029311495811113 0.07994665666443274 0.0 0.005477170803617486
12 0.18 7.5025 0.33606041794673097 0.06830496300044384 0.0 0.0
12 0.18 8.002 1.3849586562054682E-11 6.516781781991952E-13 0.0 0.0
12 0.2 5.5045 0.33447861198240264 0.06968304416386062 0.0 0.009486453504339626
12 0.22 7.5025 4.605177912508101E-12 6.516781781991952E-13 0.0 0.0
12 0.22 8.002 4.605177912508101E-12 6.516781781991952E-13 0.0 0.0
12 0.24 10.0 9.690157656076406E-12 6.516781781991952E-13 0.0 0.0
12 0.28 0.01 2.471727736172678 0.6754030966931983 0.99900345415848 0.07567615431786985
12 0.34 4.006 1.1702418197572264 0.28995538307726115 0.09583402663057754 0.06038742529962677
12 0.36 5.5045 0.5375228346019785 0.13997990484397477 0.0 0.027375993236772745
12 0.38 0.5095 1.5895427791010333 0.5758023468238705 0.9923874370268463 0.4156746566491124
12 0.38 1.009 1.319339401510234 0.49219944287913525 0.9920526289026476 0.4902295757068262
12 0.4 7.5025 0.3446209274713004 0.09572803541103526 0.0 0.009486453504339635
12 0.4 8.002 0.526337324352242 0.14620481232210228 0.0 0.012246591372295924
12 0.42 8.5015 1.158455738737205E-11 6.516781781991952E-13 0.0 0.0
12 0.44 5.5045 0.7524321354410614 0.22393813554653602 0.0 0.04058687013541683
12 0.46 1.5085 1.1166219779222686 0.44358837265862683 1.021653894448586 0.4986968224929161
12 0.46 3.5065 2.327248919753688 0.6194326543770233 2.114362589364106 0.2714495444206631
12 0.46 9.5005 0.38783201605322815 0.11970123952788653 0.0 0.012246591372295933
12 0.48 6.5035 0.5642922136780986 0.1808628890006422 0.0 0.03144884433329326
12 0.48 9.5005 1.538546562274727E-11 6.516781781991952E-13 0.0 0.0
12 0.5 6.004 0.7892932994840806 0.2630977664947066 0.0 0.04545036680880271
12 0.5 8.5015 0.353491976513212 0.11783065883982106 0.0 0.015490151729404794
12 0.52 3.5065 1.9389299733460799 0.6006880195544202 1.9797735606504014 0.28815046921647947
12 0.52 9.5005 0.41611679246294553 0.14448499738894788 0.0 0.014489927551992337
12 0.54 5.5045 0.8417348972851078 0.30497641205892284 0.0 0.06626157404496366
12 0.58 9.5005 0.48508693421348364 0.1924948151635466 0.0 0.027917725662414176
12 0.6 3.5065 0.9945471679819866 0.39490079069279127 1.3514389292134104 0.33734785976344356
12 0.6 9.5005 0.3093040130365641 0.1288766721010071 0.0 0.009486453504339635
12 0.62 4.006 1.2677674953533211 0.5194532997889637 1.7310607513851333 0.28519238553877746
12 0.64 3.5065 0.7707699863376359 0.34748140499302277 1.1869246861025569 0.34699970610379616
12 0.64 9.5005 0.5526209712147172 0.25584304222836607 0.0 0.0379201901482492
12 0.68 7.5025 0.580372714950864 0.3022774557038268 0.0 0.09191025800602594
12 0.7 5.5045 0.9792953500644604 0.5250854737159856 1.847185305957927 0.21101816230423742
12 0.72 3.5065 0.6712416174942242 0.38344857233569457 1.1436565388082232 0.4008405684315435
12 0.72 9.5005 0.5092389953897198 0.30311844963694323 0.0 0.05939279354994378
12 0.74 4.006 0.6008899741144811 0.3698989114613925 1.079348697315603 0.37352221478709197
12 0.76 4.5055 0.5637975510645062 0.37202568166940625 1.2054168200226485 0.3513352713007325
12 0.76 9.001 0.5491035905138445 0.38132193785544044 0.05735105150933783 0.10848166858796643
12 0.78 7.003 0.7428865468660546 0.5559693873247655 1.773902767633865 0.22030482329616627
12 0.8 4.006 0.49713085709753124 0.3925375762883089 1.0543443562243395 0.41149676212336567
12 0.82 7.003 0.39840832740017823 0.3636178339577764 1.2194671161605535 0.27149594585233755
12 0.84 0.01 1.6576174071549425 0.6620389827317572 0.9904502068655867 0.06626157404496315
12 0.86 0.5095 0.8753068955869298 0.5713470099827436 0.9515933567348704 0.377634976725893
12 0.86 1.009 0.6488310824519712 0.5260874299729391 0.9497502180708559 0.4547641877244736
12 0.86 2.008 0.49026986675778106 0.4772246725722339 0.9519949624536731 0.4990161811788408
12 0.86 2.5075 0.4532562040703532 0.4620552147931016 0.970370180707054 0.4988893813698883
12 0.88 0.01 1.8993457729683083 0.6663667204082946 0.9944528663203467 0.07164793274592118
12 0.92 6.004 0.21624685010188177 0.43467713169746486 0.9815126771067834 0.47308808854310286
12 0.92 8.5015 0.19185026758095738 0.3956390691382604 1.0084154850484406 0.42197261359802213
12 0.94 2.008 0.35798872159259704 0.5000591668825782 0.9413376229132754 0.4801971176021348
12 0.94 7.003 0.16199774711643225 0.4389226960493346 0.9709954852450322 0.4824331173638693
12 0.96 4.5055 0.1468649344439734 0.48580569755353104 0.9457048851526437 0.4976282602612844
12 1.0 7.5025 0.009486453504339637 0.5104859376301921 0.9246006450935712 0.4540203158414334
12 1.0 8.002 0.012246591372295952 0.5220812564066358 0.9259531111129983 0.45222899622895874
12 1.0 9.001 0.00547717080361748 0.518701357592055 0.9203731233595134 0.4508737570198665
12 1.04 2.008 0.32291006580013737 0.5445823839278984 0.9224733484493726 0.4530876144380847
12 1.04 7.003 0.13721494386154381 0.5686590959071594 0.8905010431984428 0.484328980653956
12 1.06 0.5095 1.0967668241481932 0.573826188057784 0.9466211179050524 0.38103544539705325
12 1.06 2.008 0.34786930755130985 0.5526639221190112 0.9143469000137041 0.45865357778069
12 1.06 2.5075 0.2800118178461871 0.5509516643121781 0.9127593550165505 0.465469033802591
12 1.08 7.5025 0.28850925801478655 0.6008567015391018 0.8170332803501308 0.4985515196181177
12 1.08 8.002 0.2912871324735058 0.6068481926531115 0.8159732610873534 0.49665783499234684
12 1.08 9.001 0.2877740061089785 0.5995291793937337 0.7858989544794275 0.4893992261251317
12 1.12 7.5025 0.44710660675496344 0.6209813982705759 0.744628729899296 0.46206073220032146
12 1.14 4.006 0.5183134173189472 0.6152243395630227 0.8440802920499322 0.49987752637477245
12 1.14 5.005 0.5173974180652369 0.6153368457856299 0.8073723854756769 0.49172531489695176
12 1.2 2.008 0.7462335755578691 0.5964301529784009 0.8810042629693204 0.4938956541817453
12 1.2 7.003 0.6600365164361647 0.5500304303636461 0.5407754255491646 0.33175004075525893
12 1.24 0.01 3.6707080523796263 0.6696081605415022 0.9961069891869571 0.09537200974927984
12 1.24 3.007 0.8893681005215823 0.6157889268376178 0.7956163820411952 0.4888068669998934
12 1.26 5.005 0.8699680406849619 0.5576718209517766 0.573280192282922 0.35416810030641416
12 1.3 1.5085 1.1342555778360377 0.6064931943011479 0.8645746415760739 0.4974821495939397
12 1.3 10.0 0.4788600755485004 0.2660333753043672 0.0 0.05709062889172619
12 1.32 5.005 0.9315214832890811 0.4851674392137265 0.43597651505877977 0.2787791536994431
12 1.38 1.5085 1.3919151724339398 0.5995878955711451 0.8251442295781842 0.4997593821586073
12 1.38 10.0 0.45783664261106194 0.2008055449999761 0.0 0.02448767044167096
12 1.4 0.01 4.5447439453566 0.6671326033517919 0.9905794456376842 0.10560717624041374
12 1.4 3.007 1.367272093716511 0.5696526831526902 0.6219010815779296 0.3875033141043396
12 1.42 7.5025 0.790665908126643 0.31375631274410043 0.046746399307097466 0.053588566721172376
12 1.42 8.002 0.6218913838922662 0.2467822951955392 0.0 0.04923534766090555
12 1.42 9.001 0.40661094042326273 0.16135354777211883 0.0 0.01731799644675939
12 1.46 4.5055 1.1979253150910065 0.43403091126630094 0.21071113026386523 0.16707575545991823
12 1.46 8.002 0.5431416057627487 0.19679043685903538 0.0 0.035893576260516376
12 1.46 9.001 0.2933181187652261 0.10627468068171411 0.0 0.021903753156752203
12 1.48 1.009 1.8163777547497655 0.6099583975009636 0.8543613987721996 0.498270637117397
12 1.52 6.004 0.8104691212831767 0.25976574400079044 0.03630799936040935 0.059392793549943736
12 1.52 6.5035 0.6422275154385074 0.20584215237770193 0.020489699895458402 0.03946621370857972
12 1.52 8.5015 0.40707224440673007 0.130471873208565 0.0 0.015490151729404754
12 1.54 0.5095 2.260013618093096 0.5961767352296434 0.9064424574594014 0.4686664336835612
12 1.54 1.009 2.010880638571105 0.6056376053625309 0.8315235238552073 0.49999475527493875
12 1.54 2.5075 1.7417319342730193 0.537571584652566 0.5501330744433878 0.3430985056185715
12 1.56 1.009 2.1206790465639713 0.6185309316205436 0.8344703057223554 0.4999516973998504
12 1.58 4.5055 1.105018209370306 0.31753396820894514 0.04512049248200603 0.10293397956009291
12 1.6 0.01 5.645787744170209 0.6661075001054403 0.9930346255390828 0.11578190553011558
12 1.62 4.5055 1.1698229728834157 0.31446854109437483 0.03589357626051644 0.07930948746089568
12 1.62 8.002 3.9325078330357626E-11 0.0 0.0 0.0
12 1.62 9.001 0.2479227737446804 0.06664590693301736 0.0 0.007745773043537923
12 1.64 1.009 2.380159014056123 0.6119363717852112 0.8157289555335158 0.4965770769592413
12 1.66 1.5085 2.3657034888088218 0.5966216632817599 0.6978957718114687 0.44190510716421844
12 1.66 3.5065 1.4665724522232175 0.3703465788451873 0.1333860940467838 0.13585424373178742
12 1.66 10.0 3.95351374255338E-11 0.0 0.0 0.0
12 1.68 5.5045 0.7651477810840009 0.1875362208495401 0.0 0.027917725662414128
12 1.7 1.5085 2.5342206635117024 0.6029305514279745 0.6802140884166379 0.42569019710912454
12 1.7 10.0 0.2963761041124989 0.0705657390861843 0.0 0.0
12 1.72 4.006 1.337761889156927 0.3096671039725194 0.028449112580919075 0.07328638544867151
12 1.72 5.005 0.8804700527991389 0.20381251221269117 0.0 0.03374480423872104
12 1.76 4.006 1.0496927506609592 0.23019577865248972 0.0 0.05469031075334387
12 1.78 6.004 0.5965052209625086 0.12745838054391276 0.0 0.010953848645841136
12 1.78 6.5035 0.3521955312840284 0.075255455415074 0.0 0.0
12 1.78 8.5015 4.4858148068016106E-11 0.0 0.0 0.0
12 1.8 2.008 2.402750364103118 0.5005729925215888 0.4293702160712221 0.2741224175145675
12 1.8 7.003 0.24243542670278143 0.05050738056560744 0.0 0.0
12 1.82 4.006 1.1995268971413047 0.2438062799055573 0.007745773043537922 0.059141483947803775
12 1.84 7.5025 4.4733137664151196E-11 0.0 0.0 0.0
12 1.84 8.002 0.2412941887843308 0.04787583112004702 0.0 0.005477170803617487
12 1.84 9.001 4.4733137664151196E-11 0.0 0.0 0.0
12 1.86 5.5045 0.4920364016412019 0.09535589178755942 0.0 0.005477170803617488
12 1.88 3.5065 1.4898732996198887 0.28217297341029063 0.0 0.055232844340475554
12 1.88 9.5005 4.141150840362351E-11 0.0 0.0 0.0
12 1.94 4.5055 0.8430626664243385 0.14947919616366862 0.0 0.023231741281486248
12 1.94 9.001 2.7066438611292304E-11 0.0 0.0 0.0
12 1.96 7.5025 0.13443360953355732 0.02333916832619611 0.0 0.005477170803617488
12 1.98 0.5095 3.70010135850047 0.6070011344263712 0.8529174944641299 0.4982277544865327
12 1.98 2.008 2.7437049846313433 0.4666164939850425 0.2802372557075731 0.19824496512445916
12 1.98 2.5075 2.0117304151388664 0.3421310229809984 0.08097225720113616 0.10821135525150677
12 2.0 5.5045 0.5181225353563329 0.08635375590462577 0.0 0.007745773043537923
14 0.04 5.005 0.8499994384801804 0.13876918463586352 1.3502363314187327 0.05914148394780382
14 0.06 10.0 8.344512364567366E-12 3.6876341600585214E-13 0.0 0.0
14 0.08 2.008 1.7285791188049797 0.3690134803899634 1.0316217995842683 0.36765336124819237
14 0.08 7.003 6.787641942133129E-12 3.6876341600585214E-13 0.0 0.0
14 0.1 7.5025 0.46271717455236117 0.07056663662577599 0.4360502222681066 0.00774577304353792
14 0.1 8.002 9.934062243529335E-12 3.6876341600585214E-13 0.0 0.0
14 0.12 6.5035 0.3819896741268093 0.06201131073544207 0.0 0.0077457730435379155
14 0.14 1.5085 1.8466955702685726 0.43363353319618747 1.047920682323844 0.463847703989257
14 0.14 10.0 5.8219042327429256E-12 3.6876341600585214E-13 0.0 0.0
14 0.16 0.01 3.8172405139522096 0.6853538092434316 1.0491300435511568 0.08610618072321677
14 0.18 0.01 3.657491681633984 0.6794050795606034 1.0610541257949986 0.08242137628386233
14 0.2 4.006 1.129812038741369 0.19297729600706123 0.12930905960146458 0.03144884433329319
14 0.22 0.01 3.4365687271337864 0.6808511794814257 1.0542932310226338 0.08295809111188394
14 0.24 4.5055 1.2909908987998688 0.24141865161103856 0.050433352707093246 0.02323174128148629
14 0.28 0.5095 2.404327879950977 0.5936515529244834 1.0699139931645978 0.4440409990252546
14 0.28 1.009 1.8812974269085756 0.5090207601995496 1.0527257504243879 0.49822521560634586
14 0.28 2.5075 1.6470941583841292 0.38189307013644197 1.6395476229050312 0.4006615004411157
14 0.32 4.006 1.544736126803598 0.3227298058815745 0.05914148394780378 0.06693127223461331
14 0.34 1.5085 1.4410355759321813 0.4324075310931014 1.0795804865746832 0.49344729439563767
14 0.34 10.0 1.7253867101946138E-11 3.6876341600585214E-13 0.0 0.0
14 0.36 4.006 1.3858508450489193 0.3048339792098988 0.08277958369535145 0.07986769192103672
14 0.38 6.004 0.609047058682843 0.1403334236580654 0.0 0.01816299537857042
14 0.38 6.5035 0.0885249281709289 0.02039744888885855 0.0 0.005477170803617488
14 0.38 8.5015 1.7789172803776937E-11 3.6876341600585214E-13 0.0 0.0
14 0.4 0.01 2.384129954796172 0.6733299188784515 1.053507740947534 0.07060418012762758
14 0.42 5.5045 0.8738716779476787 0.2152393295445362 0.0 0.02323174128148628
14 0.44 4.006 1.627912155571314 0.4110700589412508 0.08007647831204036 0.10518981439874486
14 0.46 7.5025 0.5824350748631476 0.15408335313865607 0.0 0.016429540491321646
14 0.46 8.002 0.30458182837232245 0.0805772032708503 0.0 0.009486453504339585
14 0.46 9.001 0.15544031638171374 0.04112177682434753 0.0 0.0
14 0.5 5.5045 1.1224523928805328 0.3207006836803237 0.0 0.057351051509337676
14 0.52 7.5025 0.45781015233276795 0.13625302152564644 0.0 0.02682328848698165
14 0.54 4.006 2.8102785801931223 0.8004200556973957 2.5579792645816135 0.22285363688416138
14 0.56 4.006 2.2760745415632484 0.6803630662963416 2.3672491726335694 0.24875488683127045
14 0.6 7.5025 0.8043131408033953 0.28725469314461927 0.0 0.04862516690361414
14 0.64 7.5025 0.6625261063056276 0.2629071850425678 0.0 0.053029009794673905
14 0.66 0.5095 1.1458515047463458 0.5844700022976861 1.0407027908070703 0.38238073837335396
14 0.66 2.008 0.9558876941798364 0.4266753739030514 1.0708412584595943 0.4868945387704573
14 0.66 2.5075 0.9143002969789127 0.3982030948630214 1.0943453648742456 0.4585753952493819
14 0.68 0.01 1.2548192467983525 0.6835757838689899 1.0585104138274364 0.05838097221957255
14 0.7 4.006 0.7912876742578248 0.36369875462508316 1.2206405508438793 0.33483650244199736
14 0.72 7.5025 0.780845941093155 0.3979134054127324 0.083136204418397 0.1203497368601413
14 0.74 7.003 0.8462893721660778 0.4645487140513258 0.17736431187051152 0.15069729728096673
14 0.76 3.007 0.6988370212759968 0.4064843973393487 1.0759644306560436 0.4590173202321861
14 0.78 4.5055 0.633417527512285 0.3977018342429927 1.2206684311817868 0.36308520889410606
14 0.8 10.0 0.6555751604884136 0.4681676088120694 0.14468132698217331 0.12474054874445208
14 0.82 4.5055 0.5062431590362118 0.38704988536367585 1.0713933034107863 0.40775918512980397
14 0.84 0.5095 0.8356238687928222 0.5911131849743378 1.0343286436411503 0.3579538052826919
14 0.84 1.009 0.7064541826858273 0.5480544451585232 1.0282220626913927 0.44161881693063104
14 0.86 6.004 0.38808697037147344 0.3883884499755698 1.086751579178172 0.37980721108698584
14 0.86 6.5035 0.3811541979036367 0.38271608878035107 1.1480899721092332 0.36567860590731344
14 0.86 8.5015 0.3649123513390638 0.37004208858204535 1.2833194271271162 0.2835000872893685
14 0.88 0.5095 0.8197817108748569 0.5877868077095806 1.0254225927857072 0.35377901708425663
14 0.88 1.009 0.6332391329686005 0.5511019528520344 1.0152119841946325 0.42882668330402995
14 0.9 3.5065 0.3614584256608216 0.46738573559227947 1.0245120731646098 0.49853541416244185
14 0.9 9.5005 0.26527087018319356 0.3781886273896258 1.133216942580042 0.3428439048664535
14 0.92 5.5045 0.27039068799212684 0.4638519202418688 1.0427259067675878 0.48601762881184474
14 0.96 3.007 0.22741203193507883 0.5262339469121474 1.018737050104588 0.4721034646428305
14 1.0 0.01 2.064176444446606 0.6784875350095005 1.0509124268232797 0.06112262380653975
14 1.0 3.007 0.16439644352448385 0.5508294663441121 0.997477740243147 0.4135514578454811
14 1.02 5.5045 0.08888621694046818 0.5729448593578813 0.9727472958154316 0.43911833825224666
14 1.06 6.004 0.2573086728316192 0.6116227905497569 0.9325974199484317 0.484344366491717
14 1.06 6.5035 0.26391688421236137 0.626899546951992 0.936019743245638 0.48924795105579755
14 1.06 8.5015 0.26863570298563966 0.6396088166325882 0.9091602933151688 0.499086766378166
14 1.08 0.01 2.5510823319440417 0.6801942271458461 1.0545511194540498 0.07123230489463477
14 1.08 3.007 0.35700285705749774 0.597994317536238 0.9620963271376229 0.46145012642797484
14 1.1 2.008 0.4753370072448297 0.5924746741815916 0.9682938001756914 0.45184606492938384
14 1.1 2.5075 0.45184554642138963 0.603669870245829 0.9554996613743845 0.4629602600880991
14 1.1 7.003 0.4302543859087182 0.614649122727228 0.8464480724769238 0.4934128919939888
14 1.12 0.01 2.6638833016319055 0.680752777784605 1.064303866806534 0.06954444073162822
14 1.14 1.5085 0.6842473758562171 0.6002927907743967 0.9805450730618614 0.45235624565069893
14 1.14 10.0 0.5326430867202468 0.5435133537939402 0.5777619668841633 0.3251389293331529
14 1.16 4.5055 0.6938550570860497 0.6192473065193852 0.8530878549461802 0.49168102032322897
14 1.22 7.003 0.8398107929774257 0.5453316837494407 0.5355965708632812 0.29409868798911004
14 1.24 1.009 1.166857063610222 0.61330718732483 0.9645699177534096 0.4566737156142054
14 1.26 1.5085 1.1756359121514302 0.6248656507072792 0.9421268221678162 0.4880513314259247
14 1.26 3.5065 1.1152188119353923 0.6127169872663818 0.7794215327037387 0.45864055319007957
14 1.26 9.5005 0.5617815691370752 0.3086711918403242 0.06670880002106176 0.1114097050586644
14 1.3 8.002 0.7479069185959167 0.3561461517144642 0.1605095373242259 0.1264744149835164
14 1.3 9.001 0.6451541468247571 0.3072162603940246 0.08097225720113618 0.07369018454755707
14 1.32 1.5085 1.4156008419602617 0.620740855176311 0.9216776404867153 0.4970732352796771
14 1.32 3.5065 1.2965691723155706 0.5788255233559727 0.7050483461208256 0.4066261253104764
14 1.32 10.0 0.5811219859564086 0.25942945800692846 0.0 0.044788168533674
14 1.36 4.006 1.3605074846499998 0.5398839224776562 0.5737003618133536 0.3177768221552816
14 1.38 4.5055 1.3300880384126401 0.5000330971481849 0.43243422684125576 0.24580239934526268
14 1.38 8.002 0.6489564291368038 0.24396858237710403 0.0 0.049837986137565196
14 1.38 9.001 0.4192408202235646 0.15760933091108295 0.0 0.021903753156752213
14 1.4 1.009 1.788970777894272 0.6178814547417061 0.9251226269811081 0.4875379803817495
14 1.42 0.01 4.3605895379552 0.6738261520603837 1.049147313545281 0.09826004249730107
14 1.44 5.5045 0.9814777094140865 0.31866159396989135 0.05682899704637466 0.10739613197417852
14 1.46 0.01 4.571278312679802 0.6722969453416446 1.0532269254782107 0.09885688026195587
14 1.46 3.007 1.699609205199564 0.5278289457119639 0.5834458199163254 0.32608286419393956
14 1.48 9.5005 0.06541371244705405 0.01946836680483769 0.0 0.0
14 1.54 6.004 0.9422144805968438 0.2492630900975157 0.0 0.04478816853367416
14 1.54 6.5035 0.8264950542915817 0.21864948525509414 0.0 0.0332983334782933
14 1.54 8.5015 0.5076007749164299 0.13428591927855302 0.0 0.015490151729404796
14 1.56 3.5065 1.7773267765494103 0.45339968789313295 0.31261955138747716 0.19614793006195602
14 1.56 9.5005 2.8295812709285766E-11 0.0 0.0 0.0
14 1.6 0.5095 2.799815557978823 0.6196137794224409 0.9572665356582102 0.4637389438088336
14 1.6 1.009 2.6922051302003274 0.6364422079992631 0.8875266298665954 0.49937961897722666
14 1.62 0.01 5.572686225957259 0.6776515990216371 1.0495309001497788 0.10364444114590321
14 1.62 3.007 2.06450282972657 0.47569189624986874 0.3366310746468004 0.20710760771388195
14 1.64 3.5065 1.6714499582724218 0.3730915085446209 0.14791674824282663 0.13435771352497233
14 1.64 9.5005 0.3603993374645309 0.08044628070685038 0.0 0.005477170803617485
14 1.66 7.5025 0.34477045694378267 0.07462564000453337 0.0 0.009486453504339628
14 1.66 8.002 0.161884064466145 0.035039840780495414 0.0 0.0
14 1.66 9.001 0.3663779015475236 0.07930257607654868 0.0 0.005477170803617484
14 1.68 4.006 1.5042189619931654 0.3160123869725749 0.04800715627477244 0.07968206955738387
14 1.7 4.5055 1.269251163950944 0.2590308497853153 0.021903753156752193 0.053029009794674
14 1.7 8.002 0.2868514855088558 0.05854111946448477 0.0 0.005477170803617485
14 1.7 9.001 8.117607689917759E-11 0.0 0.0 0.0
14 1.72 1.5085 2.9998627837803755 0.595210869799006 0.7094691896307829 0.4174274729553591
14 1.72 10.0 9.731127642065306E-11 0.0 0.0 0.0
14 1.74 0.5095 3.4499967613321725 0.6365399786718774 0.9499237476393628 0.48098945782385333
14 1.74 2.008 2.749189583040811 0.5307315797356337 0.5426549269242799 0.3051975508800474
14 1.74 2.5075 2.396515820217193 0.46264784173990786 0.36955838062929586 0.2128132881520844
14 1.74 7.003 0.44646587544000865 0.08619032341951596 0.0 0.010953848645841157
14 1.76 10.0 6.32328883301047E-11 0.0 0.0 0.0
14 1.78 5.5045 0.8695642751842285 0.15926085625683697 0.0 0.009486453504339626
14 1.8 4.5055 1.076068001369506 0.1921550002408818 0.0 0.021208536066167773
14 1.82 7.003 0.3559628757375055 0.062014438279490124 0.0 0.007745773043537913
14 1.84 0.01 6.708919867082089 0.6748990574542608 1.0460840876811333 0.11628488672633121
14 1.88 7.5025 4.779939228034009E-11 0.0 0.0 0.0
14 1.9 0.5095 4.118651381503976 0.638295300578018 0.9241301339128379 0.4932195407660759
14 1.9 2.008 2.7635600759668 0.4386603295181056 0.38791717831609906 0.22743416354487708
14 1.9 2.5075 2.3782878180770126 0.3775060028720781 0.13240679434196112 0.13075709169773228
14 1.94 3.007 2.198874958531289 0.3341755256059463 0.039843290846003736 0.06351092948796357
14 1.98 6.004 0.36571129359762583 0.053310684214087446 0.0 0.0
14 1.98 6.5035 0.36178404556737176 0.05273819907915485 0.0 0.005477170803617484
14 1.98 8.5015 5.960546754886211E-11 0.0 0.0 0.0
14 2.0 4.006 0.9006017389097629 0.12865739127516235 0.0 0.013415267434605653
16 0.04 3.5065 1.760278375974898 0.2509896983280638 1.5662229486083323 0.13733318280641785
16 0.04 9.5005 0.0 0.0 0.0 0.0
16 0.06 4.5055 1.8441355671034183 0.2229011659163974 1.706510298154822 0.0583809722195724
16 0.1 0.01 4.824766474710002 0.6843219266662174 1.1081589444132762 0.09302620686118025
16 0.14 4.5055 1.592092043407707 0.17765188801946027 0.4452958985385868 0.015490151729404758
16 0.14 8.002 0.0 0.0 0.0 0.0
16 0.14 9.001 0.0 0.0 0.0 0.005477170803617485
16 0.16 0.5095 3.647958549538465 0.6137947321018092 1.1248535206410764 0.4717569273455611
16 0.16 1.009 2.789035917929479 0.5254060536542768 1.1078392199087805 0.49791560012730585
16 0.16 2.5075 1.5521724243889778 0.34029762184879603 1.4071467415221834 0.36781919093147664
16 0.18 0.5095 3.5940594688623038 0.6270275089508943 1.1321572930273407 0.4694857991195581
16 0.18 1.009 2.693396495637944 0.5266427824477111 1.1230294357678714 0.49909948381747726
16 0.2 1.5085 1.9880070503250509 0.4420869520461082 1.114264868012251 0.47778139456768814
16 0.2 10.0 0.0 0.0 0.0 0.0
16 0.22 0.5095 3.2942964113449613 0.6119735146150757 1.1241992165154613 0.4626289698961427
16 0.22 1.009 2.4985624841604612 0.518944355583266 1.142863069226264 0.4999766973400023
16 0.24 3.007 5.375366868255879 0.6912540539170152 3.3914154420556213 0.2739850759380797
16 0.26 4.006 1.319010258846478 0.22280578696715728 0.0 0.04167720996478882
16 0.28 6.004 1.783238263486811E-11 0.0 0.0 0.0
16 0.28 6.5035 0.638976463835244 0.11093341385962392 0.0 0.005477170803617488
16 0.28 8.5015 0.4864790595442844 0.08445817006017979 0.0 0.005477170803617477
16 0.3 4.006 1.34154367165234 0.2395613699379375 0.0 0.05102170193535263
16 0.32 1.5085 1.7161306369313363 0.43113002007984275 1.1365698643056652 0.4904451165869458
16 0.32 10.0 0.0 0.0 0.0 0.0
16 0.34 4.5055 1.6114181218888621 0.30519282611544063 0.0 0.04738100939035074
16 0.34 9.001 0.0 0.0 0.0 0.0
16 0.36 1.5085 1.6397293906115165 0.4270878318014704 1.1345446430801973 0.49277793522806024
16 0.36 10.0 0.0 0.0 0.0 0.0
16 0.4 0.5095 2.356941791092216 0.5993499765572285 1.1038064453775336 0.42626181337882657
16 0.4 1.009 1.8706110524539183 0.5054659437579808 1.0947584641731523 0.49474834359472203
16 0.42 4.006 1.712114709044032 0.3689902390183632 0.0 0.08930531589553119
16 0.44 10.0 0.24942269740073852 0.055674709242167955 0.0 0.0
16 0.46 0.01 2.554309181627484 0.6783857481432457 1.1095746826088193 0.06490107533274483
16 0.5 4.006 2.092677780045925 0.5098057456186726 0.6207545134877441 0.13414245324140037
16 0.56 1.5085 1.3491762897600914 0.45475372468476943 1.098365228091067 0.4996200571913689
16 0.56 10.0 0.5131647616850377 0.14578544365880583 0.0 0.010953848645841148
16 0.6 0.01 1.7697149425477037 0.6750268042672571 1.0967016772098361 0.05682899704637467
16 0.62 4.5055 2.3498026492592876 0.7266335455406743 3.0540898620238117 0.21913967004550916
16 0.64 0.01 1.6044318442759942 0.6852829494845257 1.0964489206242496 0.058635587482060915
16 0.66 6.004 1.076568530271089 0.39579725377645464 0.0 0.1291969515306596
16 0.66 6.5035 0.9414906739989163 0.3461362772049471 0.0 0.10164207736438309
16 0.66 8.5015 0.9025312516581517 0.3318129601619365 0.0 0.03908547586458822
16 0.68 0.5095 1.2833766144361256 0.5973383357783821 1.099940621646586 0.3699602435688954
16 0.68 1.009 1.1942270503619439 0.5353492990342047 1.0835631566012558 0.46620607917785273
16 0.68 2.5075 1.001829855252496 0.4105392040162896 1.141929435399775 0.46448448056401487
16 0.7 7.003 0.9688967310660659 0.40370697127763294 0.0 0.11413103760006586
16 0.72 0.01 1.272577972434987 0.6802600581662377 1.1008732420780472 0.051891589618818006
16 0.74 4.5055 0.7454420058213523 0.3498564645826521 1.2988320339408328 0.3336013859734559
16 0.76 5.005 0.7234661504106005 0.367827156748519 1.2173109413116616 0.3156511925578196
16 0.8 4.5055 0.645212025462739 0.3949557339827838 1.2038774776446535 0.39170202057936404
16 0.8 9.001 0.7569903411473043 0.4730471551655386 0.4404671927911583 0.16588631294599143
16 0.84 6.5035 0.4626016476558292 0.3571835337221578 1.1815824803235946 0.33144532680658606
16 0.86 5.5045 0.451695615539691 0.39482775623449845 1.1225685815351445 0.41157956673829454
16 0.88 6.5035 0.3909668657895419 0.401813586316495 1.0996552966380597 0.4045498004292186
16 0.9 7.5025 0.3309720366224419 0.4111233112982592 1.1289154841055158 0.4135310691529115
16 0.92 4.006 0.33747512984576034 0.4929818531206615 1.092572179949253 0.499988837737025
16 0.96 5.005 0.1792309809738053 0.5208583137192201 1.0697309698168878 0.48664094192052954
16 0.98 4.006 0.13061919513134376 0.5493357869294038 1.0652723834655904 0.4358817498003339
16 0.98 5.005 0.10466552919243101 0.5486249501762575 1.0669731722541933 0.4477095920362906
16 1.0 1.009 0.5026671774719537 0.6034466967721607 1.065630330155403 0.32898947837412346
16 1.02 4.006 0.12254470330553699 0.5971145799401945 1.0490284869403819 0.4002128502794208
16 1.06 5.5045 0.3096520996405195 0.6426880244653239 1.0093266563906629 0.47299563263952077
16 1.08 1.009 0.6422633707938544 0.6132418172313424 1.0579164379344614 0.37193954863309336
16 1.1 8.5015 0.4903644247000321 0.6129555308750495 0.8451499195758062 0.4719462366753714
16 1.12 0.5095 1.1005707418465915 0.6236879356788835 1.0707284570959192 0.3356663898922266
16 1.12 1.009 0.7776146865671317 0.6064316586292302 1.0618115587464811 0.3912729904875708
16 1.12 2.5075 0.6144002187452292 0.620791017648814 1.0157582597045092 0.4647112218119937
16 1.14 8.002 0.6534351711094012 0.5834242599191573 0.7398113130398016 0.4079081359115135
16 1.14 9.001 0.6620373224563147 0.5911047521931727 0.6839074780254714 0.3666827657040697
16 1.18 2.008 0.9289647074346414 0.6351662615718845 1.0039372435076255 0.47803976667796094
16 1.18 2.5075 0.9353774518308787 0.6457242840932143 0.9817199214402813 0.4924387132320484
16 1.18 7.003 0.8137588051264586 0.5651102813379162 0.6910552705982655 0.36757038529666514
16 1.22 4.5055 1.0264786146144262 0.5831613268452692 0.7910472134254775 0.43911833825224755
16 1.24 9.5005 0.7330014456101799 0.3817715862564564 0.15889751263268603 0.12772995167092735
16 1.26 7.5025 0.8945338050461366 0.4300643293497259 0.33917601288907584 0.19093124720663066
16 1.26 8.002 0.9035487108020501 0.4343984186554765 0.2677004807221283 0.16260850774181687
16 1.26 9.001 0.8568924730788254 0.4119675351349836 0.13775258526084963 0.1232168015298023
16 1.28 4.006 1.241209465485725 0.5541113685204204 0.7283327180764367 0.4052887225711649
16 1.3 0.01 3.458295318262397 0.6827772421219649 1.103366075097712 0.07409173439221715
16 1.3 3.007 1.5218287622106645 0.6339922328783903 0.838027465027331 0.4595980868522309
16 1.32 7.5025 0.969778921947725 0.37881989138660754 0.14328458814322714 0.11323158344141156
16 1.32 8.002 0.848216053401657 0.3313343958600607 0.1214333193256232 0.10477071266901344
16 1.32 9.001 0.6918221818834456 0.2702430397982773 0.023231741281486272 0.06351092948796364
16 1.34 0.5095 2.0018859427546785 0.6378361277060974 1.0468234360798818 0.40148781775735115
16 1.34 2.008 1.710718890671869 0.628350638977971 0.9043428804403282 0.4947351777668443
16 1.34 2.5075 1.633596552430999 0.6004637972887231 0.8380643599519972 0.469485799119555
16 1.34 7.003 1.1004755226677758 0.4045865892159639 0.14458204786381718 0.12083260320683366
16 1.36 1.5085 1.9096927971975721 0.6600720033018334 0.9530974050615432 0.49944408376309823
16 1.36 10.0 0.539690467331172 0.18739252337742196 0.0 0.04167720996478877
16 1.38 0.01 3.801448854314723 0.6729984258513052 1.0928817207888177 0.07780085585312572
16 1.38 3.007 1.7983347322253118 0.5915491849082446 0.7314721410908803 0.3975370761002538
16 1.4 9.5005 0.5070962855287419 0.15846758922648432 0.0 0.01974466514175282
16 1.42 1.009 2.205580412443592 0.6456564284934297 0.996476793376847 0.48731158802316127
16 1.44 4.006 1.7711954474106981 0.5031805248325847 0.46366930430077 0.23080915250917952
16 1.5 0.5095 2.7557067923573744 0.6432768244170094 1.0286239468529665 0.43946082746979365
16 1.5 2.008 2.315064378406394 0.5787660946015984 0.777524074408018 0.4396560104952336
16 1.5 2.5075 2.3148076607844987 0.5787019151961247 0.6835557823677397 0.36531452965853356
16 1.5 7.003 0.7270193120267935 0.18175482800669837 0.0 0.018162995378570367
16 1.54 5.5045 1.2759548702154586 0.29535992366112007 0.06256672082535099 0.055502098120585736
16 1.56 7.5025 0.4788459888697616 0.10688526536898253 0.0 0.009486453504339618
16 1.58 5.005 1.325245634263462 0.2856132832464895 0.049537592399713656 0.06280412531997659
16 1.6 6.004 0.9749682849289739 0.20311839269622878 0.0 0.02509201873169789
16 1.6 6.5035 0.7698752945884737 0.16039068636842577 0.0 0.02791772566241437
16 1.64 7.5025 0.7717602328485859 0.15073442047588714 0.0 0.012246591372295924
16 1.66 0.01 5.545640936091881 0.6798086281603678 1.0963229116465272 0.09629374266797282
16 1.66 3.007 2.198499557345298 0.4163824919210458 0.3148865657412802 0.17498714753120043
16 1.68 10.0 1.0494468718598651E-10 0.0 0.0 0.0
16 1.7 3.007 2.6754393616784546 0.4777570288710312 0.24589047600675942 0.15655107193028225
16 1.72 8.002 1.0701380172007947E-10 0.0 0.0 0.0
16 1.72 9.001 1.0701380172007947E-10 0.0 0.0 0.0
16 1.74 6.004 7.838018195238052E-11 0.0 0.0 0.0
16 1.74 6.5035 7.838018195238052E-11 0.0 0.0 0.0
16 1.74 8.5015 7.838018195238052E-11 0.0 0.0 0.0
16 1.76 4.5055 0.944388795810364 0.15532710457203225 0.0 0.03462039882092029
16 1.82 4.5055 0.5010945986998496 0.0763863717549737 0.0 0.01341526743460561
16 1.84 1.009 4.134054785734832 0.6148500923260144 0.8530786807869468 0.47258263235250625
16 1.86 2.008 3.0665697341173783 0.445722345075266 0.4436839558569196 0.23771037619143173
16 1.86 7.003 0.749784653324899 0.1089803275220804 0.0 0.009486453504339626
16 1.9 6.004 0.44894916084554476 0.06235405011556531 0.0 0.0
16 1.9 6.5035 1.1634262586831534E-10 0.0 0.0 0.0
16 1.9 8.5015 0.0 0.0 0.0 0.0
16 1.92 0.5095 4.819390291846506 0.6479145472227914 0.9635670166997905 0.49363244962095143
16 1.92 2.008 3.523190088876321 0.4786943055538651 0.394688474928308 0.20538501376292773
16 1.92 2.5075 2.665124381536545 0.3621092909707483 0.15342252970141512 0.11678557836485871
16 1.92 7.003 1.1693573800670029E-10 0.0 0.0 0.0
16 1.94 5.005 0.6671950913498619 0.08872275151205877 0.0 0.005477170803617485
16 1.96 0.5095 4.926567661555145 0.6355116165546768 0.9704355578484466 0.4956364622322532
16 1.96 1.009 4.729546559072513 0.6157947505564191 0.8061841400085415 0.4441496425197314
16 1.96 2.5075 2.7576974784955284 0.3590751925118348 0.14448269429826516 0.10643676204405382
16 1.98 5.5045 0.5168146198017919 0.06592023211692347 0.0 0.007745773043537936
18 0.0 4.006 0.5810324449464951 0.06455916054893576 0.8939085368957431 0.03144884433329325
18 0.0 5.005 0.4788515162950979 0.05320572403226496 0.6439327921363549 0.026258918576930183
18 0.02 4.006 1.0902105645848212 0.15002485615115388 1.049356500494271 0.07986769192103674
18 0.04 7.5025 1.0361578569013013E-11 3.0425910314702166E-13 0.0 0.0
18 0.06 3.007 1.6369988592977496 0.2659309349538249 1.3396969263906013 0.221340885721372
18 0.1 0.5095 4.77663893870822 0.632322095973624 1.1836709054513765 0.4845589368418734
18 0.1 1.009 3.630834067179682 0.5319791630782361 1.1683072136024535 0.48507358522519894
18 0.14 3.007 3.1527321109641724 0.4034039245889246 2.6234471374753556 0.2819246402868466
18 0.16 6.004 7.200253274024631E-12 3.0425910314702166E-13 0.0 0.0
18 0.16 6.5035 7.200253274024631E-12 3.0425910314702166E-13 0.0 0.0
18 0.16 8.5015 7.200253274024631E-12 3.0425910314702166E-13 0.0 0.0
18 0.18 6.004 0.6302821720325819 0.08540408835143129 0.0 0.007745773043537936
18 0.18 6.5035 0.5276006345067894 0.07149060087922941 0.0 0.005477170803617488
18 0.18 8.5015 1.2179083143548026E-11 3.0425910314702166E-13 0.0 0.0
18 0.2 4.5055 0.8461524281733371 0.11752117058137908 0.0 0.01642954049132164
18 0.2 9.001 2.0221755541615212E-11 3.0425910314702166E-13 0.0 0.0
18 0.22 6.004 0.32318842925564784 0.04603823778683997 0.0 0.0
18 0.22 6.5035 0.3750652552093716 0.05342809903059085 0.0 0.0
18 0.24 5.005 0.7122568781155144 0.10413112253355555 0.0 0.007745773043537929
18 0.26 1.5085 2.0990719134947353 0.4322821306522549 1.1810664399175939 0.481605980759356
18 0.28 5.5045 0.9033833299834753 0.13941100771340773 0.0 0.013415267434605556
18 0.3 1.5085 2.0612199073120925 0.4404206075912823 1.1695835790212294 0.48580656404275385
18 0.32 4.5055 1.4002001186985598 0.22879086906672655 0.0 0.053588566721172196
18 0.32 8.002 2.051753992733394E-11 0.0 0.0 0.005477170803617485
18 0.32 9.001 1.3950769852785934E-11 3.0425910314702166E-13 0.0 0.0
18 0.34 3.007 4.027050908282283 0.5839099154494395 3.321239281879953 0.3079418888960971
18 0.36 4.5055 2.214321913773603 0.3844308878111839 0.0 0.040216810246527665
18 0.36 9.001 2.3151969796007447E-11 3.0425910314702166E-13 0.0 0.0
18 0.4 6.004 0.6756117362972821 0.12511328450398185 0.0 0.027375993236772762
18 0.4 6.5035 0.6229240546820225 0.11535630642343021 0.0 0.01642954049132167
18 0.4 8.5015 4.213881411470546E-11 3.0425910314702166E-13 0.0 0.0
18 0.44 4.5055 1.8365836470304269 0.3644015172668052 0.0 0.062089145187798594
18 0.44 9.001 0.11553624207446485 0.022923857551952524 0.0 0.0054771708036174885
18 0.46 1.009 2.0361225800984997 0.5124943612405207 1.144654432230248 0.4903376553334704
18 0.48 0.5095 2.4166333438076646 0.6021042725394924 1.1537742451260327 0.41226073745244834
18 0.48 2.008 1.511058089528988 0.3910941309199644 1.179369543125899 0.4713868374158697
18 0.48 2.5075 1.6383119429614208 0.38168627179085096 1.500896896137651 0.4186088213375255
18 0.52 0.5095 2.217303605704077 0.6018401824411687 1.1489431681158062 0.4021543092538734
18 0.52 1.009 1.8603573069794135 0.5154145945179803 1.1565349984481585 0.48490808024672494
18 0.52 2.5075 1.463273212069878 0.3804052800521165 1.260638879264797 0.42756049765707904
18 0.54 4.5055 4.699578287354057 1.0730519006060335 3.5129507799905553 0.15314308726363962
18 0.56 4.5055 1.869532024448443 0.4673677331561584 0.194448116490908 0.139416546127617
18 0.56 8.002 0.7016288351216318 0.1771789987707211 0.0 0.028970723276089988
18 0.56 9.001 0.6063603170415461 0.153121292189506 0.0 0.021208536066167762
18 0.58 0.5095 1.982287175975411 0.6133633288467459 1.14483814931118 0.3883085014459929
18 0.58 2.008 1.396236926946009 0.41613252453034083 1.1649054910263599 0.4825065752097182
18 0.58 2.5075 1.3100159600046135 0.38005683942961405 1.2053602351818402 0.43783595356607924
18 0.6 0.5095 1.8734567158355513 0.6111874647094496 1.1423347816526677 0.388405815017489
18 0.6 1.009 1.6375752862498112 0.5333993708566496 1.1523107122932585 0.47668423821940537
18 0.6 2.5075 1.2775587857714725 0.3821591951963121 1.232461478014972 0.44848193261244035
18 0.64 0.5095 1.7113627884083689 0.6193421541322245 1.1583172432800848 0.3779211025928134
18 0.64 1.009 1.5361510864313668 0.5488514975762763 1.1588092124162028 0.4732417992599408
18 0.64 2.5075 1.2532698671935918 0.41531528025259784 1.252993051576153 0.45211572020295715
18 0.66 5.5045 1.1775756062476523 0.3848286294919658 0.0 0.14635782793600755
18 0.68 6.004 1.4182459428907708 0.4904843249499956 0.23613573895173048 0.15183151707242765
18 0.68 6.5035 1.1067893107425968 0.3834029337052529 0.16520230714925102 0.12427382372509528
18 0.68 8.5015 0.8187037935208397 0.28427215052645377 0.0 0.055502098120585916
18 0.7 4.5055 0.8635492082272811 0.31935506784011564 1.31883527325557 0.29623171080302324
18 0.72 0.5095 1.356117727328641 0.6237856170044744 1.1465238654267786 0.3577488754461964
18 0.72 1.009 1.2644992778384365 0.5630861822557797 1.1408312433489174 0.45399263060994266
18 0.76 3.5065 0.8884888947535196 0.408174953514228 1.1588881155883666 0.4335978783001603
18 0.76 9.5005 0.8179728142322938 0.3786911177013043 0.0 0.09094244606546047
18 0.78 4.006 0.8054844213454455 0.4010247622738888 1.1921636346756006 0.41064503033680666
18 0.78 5.005 0.701230901378044 0.3459950758458697 1.2434129812941435 0.3298458787657079
18 0.8 3.007 0.8178021241172408 0.45171022911383585 1.1495460404017346 0.48121874031624395
18 0.82 4.006 0.676844073709034 0.41101667127295394 1.1692538273310447 0.44346464642675515
18 0.82 5.005 0.666162260725429 0.40339667353801006 1.2058654535129139 0.38275942402707047
18 0.94 4.006 0.30263430361549265 0.524766975995654 1.143601163922693 0.4877622583055958
18 0.94 5.005 0.28453021408659335 0.5148421477671673 1.141291075452412 0.49785738834507826
18 0.96 1.5085 0.3676842441775567 0.6027932119338889 1.1313479666193649 0.37471921952729964
18 0.96 3.5065 0.2361141517918016 0.5674751114325018 1.1273449305728271 0.4500499917682008
18 0.98 1.5085 0.32168452517305507 0.5954813784575512 1.1199234437967789 0.3407297397581607
18 1.0 6.5035 0.021903753156752047 0.5955350810312149 1.112263415315083 0.3330647172864868
18 1.0 9.5005 0.005477170803617488 0.5901252822178631 1.1245696891180545 0.33164852496966746
18 1.02 1.5085 0.33811054474343144 0.6185088214763751 1.1151590181011664 0.3269873667498546
18 1.04 4.006 0.2337357871842471 0.6218893054779342 1.0910229373517155 0.4045498004292198
18 1.04 5.005 0.23089039920254786 0.6351318099236148 1.0836399933458027 0.42320582546098345
18 1.08 9.5005 0.46497981376164105 0.6458052968926384 0.9162034033341746 0.4864847206989123
18 1.1 5.5045 0.5850084140907535 0.6498920964114033 0.9918043296126754 0.499666990083321
18 1.12 6.004 0.692499895315287 0.6412036067739662 0.9319973714998986 0.4907871789560367
18 1.12 6.5035 0.7016941421779651 0.6497167983131066 0.9351673753904756 0.4835337816508598
18 1.12 8.5015 0.6519889311276571 0.6036934547467473 0.8244394466132264 0.433666767309834
18 1.14 0.01 2.075393460622967 0.681069756509738 1.1513232406726865 0.05735105150933785
18 1.14 3.007 0.8376317661760037 0.6624514940585772 1.0298825609414117 0.4872563862686917
18 1.16 5.005 0.9190636070879307 0.6382386160333816 0.9235433744264259 0.48034482118023686
18 1.18 8.5015 0.8177507491727388 0.5047844130691057 0.5951666091422786 0.2849329988753483
18 1.2 4.006 1.0808005813056702 0.6004447673921524 0.9128141474966119 0.48056096663978226
18 1.26 0.01 2.842454486961911 0.6807524804847156 1.1404507670130295 0.07267638737914484
18 1.28 1.5085 1.685487371140685 0.6652897332049627 1.0425820783724864 0.48588681726017896
18 1.32 0.01 3.2406745133485937 0.6857167604994845 1.1379451127221323 0.07185482635057919
18 1.32 3.007 1.7253575674713133 0.5990824887057182 0.8435259324895221 0.4448142667926171
18 1.34 6.004 1.3063398696315813 0.42690845412631906 0.3212092121453792 0.16900940229446465
18 1.34 8.5015 0.8604410979162187 0.28118990127514737 0.03504995599500133 0.058889086607353376
18 1.36 4.5055 1.6971293014277866 0.5238053399470491 0.5747026876866572 0.2584894037395831
18 1.36 8.002 0.8656297286841219 0.2671696693424118 0.012246591372295976 0.05013656214534579
18 1.36 9.001 0.9019238345573216 0.2783715538855677 0.0 0.041677209964788776
18 1.42 6.5035 1.940767998654225 0.5134306874797063 0.07488823084203833 0.06467149431406953
18 1.42 9.5005 0.3400782799382873 0.08996779894824945 0.0 0.007745773043537931
18 1.44 1.5085 2.571275035646521 0.6489600165260598 0.9634972629519541 0.49622207698343335
18 1.46 3.5065 2.1395201687058236 0.516792311280253 0.5755743897251479 0.26746370435252553
18 1.46 9.5005 0.47443951964604086 0.11459891780055405 0.0 0.007745773043537924
18 1.5 6.004 1.1839625568010972 0.2631027904058333 0.0 0.04577784446988189
18 1.5 6.5035 1.3192851715377807 0.29317448257147916 0.0 0.027917725662414055
18 1.5 8.5015 0.4915549456425791 0.10923443236831745 0.0 0.018162995378570405
18 1.52 2.008 2.7942451971669517 0.5969614395206997 0.8201017749433929 0.4300788875991218
18 1.52 2.5075 2.544007551739704 0.5435913572101579 0.6981653060339958 0.3460009846187288
18 1.58 1.5085 3.3042826154003486 0.6329946261160441 0.8830453830718235 0.4657859922512528
18 1.58 3.5065 2.178076270838392 0.41725599057934315 0.3303358121735153 0.16984237763713994
18 1.62 3.5065 2.0270354682436955 0.36326800506229273 0.2691619795453599 0.14762582352190648
18 1.62 9.5005 7.144290645507976E-11 0.0 0.0 0.0
18 1.66 1.009 3.7454890817232287 0.6301800906350775 0.9447398933271749 0.4966961149224302
18 1.68 4.5055 1.7574174262200197 0.2871597101645227 0.021903753156752196 0.05102170193535274
18 1.68 9.001 1.2730872350973117E-10 0.0 0.0 0.0
18 1.7 5.005 2.0124460135014046 0.31943587516800925 0.0 0.04167720996478886
18 1.72 0.01 5.823201339721303 0.6793169015672748 1.143668029672936 0.09855893142335231
18 1.72 3.007 2.697058714427133 0.4162127645703235 0.26584578795667435 0.15060235454283047
18 1.74 5.5045 0.9731632444068994 0.1461206072781617 0.0 0.015490151729404801
18 1.76 3.007 3.2007745764384037 0.467949499480795 0.2014102081509121 0.12215003600765352
18 1.78 2.008 3.725581190925196 0.530709571356303 0.5945727610671557 0.2761255423934868
18 1.8 4.006 1.5218338687892927 0.21136581513054978 0.0 0.02948307663144698
18 1.8 5.005 0.7554868736161069 0.10492873242409326 0.0 0.005477170803617489
18 1.84 6.5035 1.9341006899949089E-10 0.0 0.0 0.0
18 1.88 0.5095 5.387729314154398 0.6763966537158262 1.0242899256613425 0.4900966380224358
18 1.88 1.009 5.053234932357783 0.6379727985840267 0.8777269450735687 0.46241953010718256
18 1.88 2.5075 3.2463967130417575 0.40989857487776815 0.24409403903601823 0.14003500992923848
18 1.9 5.5045 1.4938685647890822E-10 5.325788642968231E-12 0.0 0.0
18 1.92 6.004 0.5424734474511982 0.06551611683604142 0.0 0.007745773043537944
18 1.92 8.5015 1.4424233534553285E-10 0.0 0.0 0.0
18 1.94 3.5065 2.278825893145438 0.26936476279738963 0.0 0.02897072327609002
18 1.94 9.5005 1.1489472105743109E-10 0.0 0.0 0.0
18 1.96 6.004 1.359112874095853E-10 0.0 0.0 0.0
18 1.96 6.5035 9.01033580156553E-11 5.325788642968231E-12 0.0 0.0
18 1.96 8.5015 1.359112874095853E-10 0.0 0.0 0.0
18 1.98 4.006 0.39954139333908895 0.04529947769526834 0.0 0.0
18 2.0 4.5055 0.8804216323628823 0.09782462580835262 0.0 0.010953848645841155
20 0.0 1.5085 4.966542252232811 0.4966542252232813 1.1226964353195497 0.2869555641236294
20 0.02 1.5085 4.050649493391506 0.4567154992982531 1.1010346582507218 0.3393065593731025
20 0.04 0.01 6.57565226211099 0.6870943855515563 1.185796144013076 0.09029127574957484
20 0.06 5.005 5.977446788343448E-12 6.292187458989999E-13 0.0 0.0
20 0.08 4.006 1.9645357162171666 0.17297036868645385 1.2146014933825713 0.03792019014824922
20 0.1 6.004 0.3078413736282046 0.034204597069569416 0.0 0.005477170803617488
20 0.1 6.5035 1.3885168585766126E-11 6.292187458989999E-13 0.0 0.0
20 0.1 8.5015 1.3885168585766126E-11 6.292187458989999E-13 0.0 0.0
20 0.12 0.5095 5.25059803574032 0.6349094349690464 1.2280472703038074 0.48262864444881576
20 0.12 2.008 2.3463460244907335 0.38667741215216284 1.2159302904077132 0.3928401812401391
20 0.12 2.5075 2.001864329848463 0.3498274170576971 1.3455671151055573 0.3424932451994207
20 0.14 5.005 0.688050287773755 0.08000584741693502 0.0 0.0054771708036174885
20 0.16 5.5045 0.41977000381280166 0.049972619501734025 0.0 0.0
20 0.2 3.007 5.350491187256486 0.5301154698262247 2.6102195422803005 0.13775258526084982
20 0.24 1.5085 2.5319078463269173 0.45180594373549027 1.2364641141459431 0.4764365709381887
20 0.24 3.5065 2.621240000723848 0.3403849809140101 0.0994499914478127 0.0570906288917263
20 0.24 9.5005 2.0728304687791735E-11 6.292187458989999E-13 0.0 0.0
20 0.26 4.5055 1.4972133652269137 0.20232613043693856 0.0 0.028970723276090137
20 0.26 8.002 0.23248672304984216 0.0314171247386129 0.0 0.0
20 0.26 9.001 2.1379944015958865E-11 6.292187458989999E-13 0.0 0.0
20 0.3 4.5055 1.5478197055955583 0.22111710079968325 0.0 0.02844911258091898
20 0.3 8.002 0.3014526903844114 0.0430646700519191 0.0 0.0
20 0.3 9.001 0.11830658160595625 0.016900940229447766 0.0 0.0
20 0.32 3.007 4.974651357344416 0.6336854247756794 3.672595158732509 0.30786512015756834
20 0.34 5.005 1.4289848915676178 0.21651286235978934 0.0 0.026823288486981713
20 0.36 3.007 3.442623480426485 0.5034614666448778 2.6722616699724244 0.3245773113092772
20 0.38 2.008 1.8333182206755214 0.3774089987506426 1.2533869217948808 0.4522006918241509
20 0.38 2.5075 1.7921248316035234 0.3572184895369056 1.4481617546029704 0.3971474971219131
20 0.42 4.5055 2.78839396146262 0.4807575795632301 0.0 0.06825060160530076
20 0.42 9.001 6.424874080086061E-11 6.292187458989999E-13 0.0 0.0
20 0.44 3.007 1.6611359291006398 0.33212384142003265 1.7091341343467892 0.3547054184331332
20 0.46 6.5035 0.9747999977172349 0.18051851808952638 0.0 0.027375993236772762
20 0.48 6.004 1.0931993710393053 0.2102306482784817 0.0 0.03144884433329316
20 0.48 8.5015 0.21566936344515636 0.041474877584850446 0.0 0.0077457730435379225
20 0.5 4.5055 1.9865137927079022 0.3943726472224953 0.09959769477741935 0.09855893142335256
20 0.52 6.004 1.5254206120791018 0.3177959608527854 0.0 0.04923534766090568
20 0.52 6.5035 0.680937400031846 0.14186195834282966 0.0 0.03504995599500164
20 0.52 8.5015 0.3806244464111092 0.07929675967216408 0.0 0.007745773043537916
20 0.56 3.007 1.409416317651158 0.3481983902203728 1.339613956445436 0.3759864816318913
20 0.58 6.004 1.3610493514295443 0.32405936938811525 0.0 0.07606698455503434
20 0.58 6.5035 1.0448943573444833 0.248784370796734 0.0 0.051021701935352784
20 0.58 8.5015 0.8021275052883425 0.1909827393465563 0.0 0.0054771708036174815
20 0.6 6.004 1.4214780842415762 0.3553695210598288 0.0 0.08847501016270842
20 0.6 6.5035 1.06335434781191 0.26583858695376283 0.0 0.06512983327091033
20 0.6 8.5015 0.6210508158349477 0.1552627039592435 0.0 0.029986647164859177
20 0.62 5.005 1.690877392990409 0.4421695429946039 0.1701742780591211 0.15258250781278762
20 0.64 6.004 1.557895694243438 0.43274880395695575 0.0 0.11666061848680083
20 0.64 6.5035 1.250937562024126 0.34748265611852447 0.0 0.09930205935922103
20 0.64 8.5015 0.9616854888617261 0.2671348580192293 0.0 0.03870096927273694
20 0.66 4.006 1.123028947633865 0.333541912354619 1.3848665560009024 0.30855493118338784
20 0.68 5.5045 1.60329421463952 0.4986928456085827 0.3449856135740565 0.17288496844391937
20 0.72 6.004 0.8852651103221411 0.3150097714679405 1.6849311616317142 0.1962885577809541
20 0.72 6.5035 2.1060053776239975 0.7476520806688047 2.5325576926889775 0.16147003121169182
20 0.72 8.5015 1.0402781731142876 0.3715279189693424 0.0 0.0859344014598545
20 0.74 5.005 0.8517626385823701 0.3241442179929745 1.3742045381953027 0.29281573165836094
20 0.76 7.5025 1.267526466832068 0.5272027160785019 0.23247912002026508 0.17091838951641203
20 0.76 8.002 0.9312933691001385 0.3880389037921422 0.0 0.14268142179061216
20 0.78 1.5085 1.1134309112815026 0.5362407434876214 1.1789786608633617 0.4806384687192917
20 0.8 5.005 0.7662507321442542 0.3786741087384685 1.2641646130144344 0.36609772773310667
20 0.82 1.5085 0.9642544974291515 0.5549330260301282 1.1898679864694641 0.4670261565579747
20 0.9 0.5095 0.708985640068392 0.6540742895320081 1.1839438869511811 0.27594430192096914
20 0.9 1.009 0.6550400188603588 0.6223247596435426 1.1750265100852633 0.36220242713192197
20 0.9 2.008 0.6020836631043477 0.583062085372595 1.1768796394789713 0.45473676152927656
20 0.9 2.5075 0.5756360483375613 0.5602923209289374 1.186435219848188 0.47526542665432475
20 0.92 4.5055 0.4238458510966611 0.5182602418254149 1.205448375225073 0.4996877113476446
20 0.94 1.5085 0.4344653779139087 0.6136218689374825 1.1813824131224686 0.37231646677552405
20 0.96 7.5025 0.21462233809625544 0.5331837371084017 1.1957657719754962 0.4933091340221208
20 0.96 8.002 0.21211329836177337 0.5279864174542589 1.1775329413816997 0.4971413853762927
20 0.96 9.001 0.20782514587508918 0.5194869909272376 1.1945151314325726 0.4996259430705074
20 0.98 4.5055 0.13267748395754897 0.5863324226722095 1.1798376114154483 0.397811449674536
20 0.98 8.002 0.11639422065185548 0.5738211294810988 1.1801539948430595 0.4470658061869911
20 0.98 9.001 0.11392424127799186 0.563958696169765 1.1781036573219341 0.4587836954571351
20 1.02 4.5055 0.13942216358106727 0.6422810912867556 1.1601725414635273 0.34830216677515613
20 1.02 9.001 0.12815729107779775 0.639883256714903 1.1232471394626249 0.3977886048819206
20 1.04 1.5085 0.3725183556859026 0.6353852784297269 1.1681055017712505 0.31324039653940633
20 1.1 4.006 0.6728542566812267 0.672394503971984 1.0917766552165098 0.48092977367988743
20 1.12 5.5045 0.8006627062024225 0.667218921835361 1.0160063303040132 0.4963800175450852
20 1.14 1.009 1.0009330349498247 0.654058434015043 1.1557368466007127 0.369167393443155
20 1.16 1.5085 1.0971161018508406 0.6713020410290949 1.1314577916514206 0.4259117998220623
20 1.16 3.5065 1.0733894933944694 0.67033866580379 1.047999582675691 0.4999094828617191
20 1.18 5.5045 1.0771545840868886 0.59841921338145 0.8895190670337201 0.4418733388863515
20 1.2 1.5085 1.349755960810985 0.6662538536885205 1.1056203773358637 0.45404799145623886
20 1.22 4.006 1.3641750059186375 0.6200795481447884 0.9172767520230088 0.464615850530618
20 1.22 5.005 1.291982636068221 0.5872648345764623 0.8295668575382726 0.4045933749763438
20 1.26 1.009 1.7574922691094312 0.6637104696870648 1.1268801500005443 0.43170358297961375
20 1.28 4.5055 1.5535045601059494 0.5548230571806742 0.7280704563022223 0.36039433012360955
20 1.28 8.002 1.192545171977528 0.42590898999145166 0.20445021914744604 0.11901112917010806
20 1.28 9.001 0.953319358316441 0.34047119940139126 0.08880809441036909 0.08472189754388344
20 1.3 3.5065 1.799039971644865 0.5996799905483051 0.849100161425817 0.4221060269655662
20 1.3 9.5005 0.7273056617315545 0.24243522057725664 0.05246341655334423 0.06397772400864965
20 1.32 1.009 2.203960273570566 0.6826985533338064 1.102682663304643 0.45765704795420115
20 1.34 5.5045 1.5257145708567124 0.44873957966412004 0.4617223574479394 0.19782766401588192
20 1.36 3.007 2.038036459804244 0.5661212388345164 0.833128781403666 0.41302031654181226
20 1.38 3.5065 2.12895317045746 0.5602508343312251 0.733048497513278 0.3433209887708015
20 1.38 9.5005 0.556304830755308 0.14639600808361405 0.0 0.02048969989545832
20 1.44 4.5055 2.0076583950069913 0.4562859988653326 0.3847473043761629 0.1652879817297527
20 1.44 9.001 0.6952375712187933 0.15800853891565908 0.0 0.013415267434605596
20 1.46 7.5025 0.8889825584850214 0.19325707792867997 0.0 0.029986647164859218
20 1.48 0.5095 3.2694516931986124 0.6674771483007264 1.1308746036064632 0.41966259074204326
20 1.48 2.008 2.9464530475901767 0.6138443849145099 0.8751783722655353 0.44889501241713353
20 1.48 2.5075 2.785298594930307 0.5802705406104472 0.7751419344029763 0.3764067300249434
20 1.5 5.5045 1.5269110487165796 0.30538220974317537 0.0 0.06603680483091434
20 1.54 2.008 3.373346241347805 0.62469374839777 0.8452853221665123 0.40871389597482727
20 1.56 0.5095 3.7754065963612504 0.6646324222506622 1.1127108494992195 0.4420637921557493
20 1.56 2.008 3.2835487437329123 0.586347989952309 0.8139387740912836 0.4032362231223808
20 1.56 2.5075 3.010705707268677 0.5376260191550051 0.7009338115800812 0.31857689936323075
20 1.58 7.5025 0.2968676584841269 0.051184079043434 0.0 0.01095384864584114
20 1.58 8.002 0.9960853456747586 0.17173885268971312 0.0 0.009486453504339649
20 1.58 9.001 1.3602658950639142E-10 0.0 0.0 0.0
20 1.62 7.5025 0.8861703549790962 0.14293070240671496 0.0 0.007745773043537918
20 1.64 0.5095 4.333496887770073 0.6712890633758742 1.1173869137924215 0.460732910583027
20 1.64 2.008 3.7385281625138704 0.5841450253927756 0.746331876579518 0.3490114318107151
20 1.64 2.5075 3.2413463985978863 0.5064603747808577 0.6063176133537952 0.2598258744210264
20 1.66 9.5005 9.500964495482967E-11 6.020026937418675E-12 0.0 0.0
20 1.68 3.007 3.166278871226684 0.46562924576790915 0.35973385556743603 0.15727719429017356
20 1.7 3.5065 2.211430695634157 0.31591867080463387 0.09552627308304538 0.10149747329214419
20 1.7 9.5005 0.0 0.0 0.0 0.0
20 1.72 1.009 4.63267895431543 0.6433019979140124 0.9838756245487358 0.49013298546885253
20 1.74 4.006 2.19700978409097 0.29689321406684294 0.03462039882092021 0.06512983327091032
20 1.76 5.005 1.3586713008199927 0.17877253958611602 0.0 0.018970345313988318
20 1.8 1.5085 4.73709841087567 0.5921373013594874 0.7972660866956518 0.3845895216182848
20 1.82 5.005 1.0269946378016783 0.12524324851118188 0.0 0.016429540491321667
20 1.88 6.004 1.650127667158614E-10 0.0 0.0 0.0
20 1.88 6.5035 1.650127667158614E-10 0.0 0.0 0.0
20 1.88 8.5015 1.650127667158614E-10 0.0 0.0 0.0
20 1.9 4.006 1.0047850377292764 0.11164278197228623 0.0 0.029483076631446954
20 1.92 5.5045 1.687646328238929E-10 0.0 0.0 0.0
20 1.94 7.5025 1.66945390274772E-10 0.0 0.0 0.0
20 1.94 8.002 1.66945390274772E-10 0.0 0.0 0.0
20 1.96 5.5045 0.11401538542347807 0.011876602648813135 0.0 0.0054771708036174755
20 1.98 7.003 1.7434927568527072E-10 0.0 0.0 0.0
