10 0.0 2.008 1.2606349498618024 0.25212698997236055 0.7657318412242933 0.24307222542024284
10 0.0 7.003 0.11387481516058812 0.022774963032093143 0.6842452974462946 0.08115485099622097
10 0.02 2.008 1.2607067253650595 0.2927006203215194 0.8281759635384887 0.2877672010791724
10 0.02 7.003 0.27556495900218186 0.04041307976579685 1.0139530217906128 0.05330953086932565
10 0.04 3.007 0.8739487246091517 0.22446620275514947 0.8449792842093161 0.21907813345314375
10 0.06 4.006 0.7977668584282548 0.1853589268407559 0.9845696185240232 0.13785722018693544
10 0.1 3.5065 1.0916963896896212 0.2668691786225216 1.1381300808599355 0.21069564229556728
10 0.1 9.5005 5.156648959870669E-12 4.726469128334501E-13 0.0 0.0
10 0.12 1.009 1.644288918743592 0.4861703595233752 0.9141663498871445 0.49848890823947445
10 0.14 4.006 1.4704025210969836 0.26168509529357337 1.555220325671298 0.15790951317398041
10 0.16 7.5025 0.3527390294769684 0.06371537987264504 0.22684584505764488 0.010953848645841141
10 0.18 7.5025 0.4720275279042701 0.09144979513936946 0.24462958789896205 0.01642954049132163
10 0.18 8.002 4.101917544955907E-12 4.726469128334501E-13 0.0 0.0
10 0.2 5.5045 0.6159597291453472 0.14373135961617847 0.1516431289185689 0.018162995378570378
10 0.22 7.5025 0.2758911978984506 0.07074133279532709 0.0 0.013415267434605693
10 0.22 8.002 0.30085842551133213 0.07714318602733276 0.0 0.007745773043537927
10 0.24 10.0 1.0268689656675968E-11 4.726469128334501E-13 0.0 0.005477170803617488
10 0.28 0.01 1.873442277444753 0.6587726060981399 0.9345933829889741 0.07409173439221725
10 0.34 4.006 1.6873851887956253 0.4211484697385686 0.9991431434131184 0.12818325083187793
10 0.36 5.5045 0.6363757321571972 0.19886741629894703 0.0 0.039085475864588326
10 0.38 0.5095 1.204908550328843 0.5584665671365749 0.9147083675977636 0.4071403689151348
10 0.38 1.009 1.0359373367020621 0.48256589771358527 0.9134289009787742 0.48751748667564415
10 0.4 7.5025 0.3442772204961852 0.1147590734983452 0.0 0.015490151729404785
10 0.4 8.002 0.45450584277565215 0.15150194759212737 0.0 0.01897034531398828
10 0.42 8.5015 0.12486427800600587 0.04305664758908432 0.0 0.0077457730435379355
10 0.44 5.5045 0.5897809224907874 0.21063604374714978 0.0 0.040216810246527644
10 0.46 1.5085 0.8846413194301657 0.42839640886201835 0.9397159872617081 0.4995104212559474
10 0.46 3.5065 1.504179508271685 0.4780605519165898 1.6278376852667682 0.29533216385381056
10 0.46 9.5005 0.21014710765364403 0.07783226209363736 0.0 0.012246591372295917
10 0.48 6.5035 0.5512501463667203 0.2120192870641971 0.0 0.03192130652880119
10 0.48 9.5005 1.2986976286184261E-11 4.726469128334501E-13 0.0 0.0054771708036174815
10 0.5 6.004 0.6451815483962255 0.2580726193585576 0.0 0.05102170193535251
10 0.5 8.5015 0.275635131410962 0.11025405256451254 0.0 0.013415267434605617
10 0.52 3.5065 1.2477735360398285 0.4677348713284717 1.454505007958014 0.31572488799251636
10 0.52 9.5005 0.29934380286126766 0.12472658452751874 0.0 0.017317996446759475
10 0.54 5.5045 1.028597983022774 0.4370727958222444 0.659476696701137 0.08402094683004287
10 0.58 9.5005 0.06416324029513493 0.030553923950412357 0.0 0.007745773043537925
10 0.6 3.5065 0.9737338702156607 0.4466311588256829 1.3326766942448853 0.3451225420457649
10 0.6 9.5005 0.2395817773093363 0.11979088865320914 0.0 0.01816299537857041
10 0.62 4.006 0.9726681313352351 0.47207460295196424 1.4203271421794255 0.29285725117103956
10 0.64 3.5065 0.6904889945165357 0.3643485666058942 1.1541134911640611 0.36111409622469126
10 0.64 9.5005 0.385263035536721 0.214035019740387 0.0 0.03792019014824919
10 0.68 7.5025 0.5992298064288936 0.3745186290186687 0.05160327384530861 0.08151877850051846
10 0.7 5.5045 0.9507634688967694 0.6108673664661186 1.5048048457114478 0.21821436601293814
10 0.72 3.5065 0.574660916705153 0.38578722807774524 1.0337852339314204 0.40086293620288954
10 0.72 9.5005 0.3988160212602068 0.28486858661341324 0.0 0.06232839764092639
10 0.74 4.006 0.5180663652409869 0.3720182847436909 1.0647225531496864 0.3751691631906086
10 0.76 4.5055 0.48657415870180143 0.38158715817691063 1.098568667407822 0.35100079502625037
10 0.76 9.001 0.4811422917091265 0.40032319412375544 0.4159832035243171 0.10532912731038914
10 0.78 7.003 0.556068460545518 0.49809557303154617 1.434816309613646 0.22524771418334028
10 0.8 4.006 0.4198109326340283 0.38564793061350944 0.9643469889178097 0.41541366858753337
10 0.82 7.003 0.3882469999477098 0.4238947350846373 1.2594974524305076 0.28020321300316586
10 0.84 0.01 2.022782833082384 0.6601062374987086 0.9389851190225567 0.07429167724968082
10 0.86 0.5095 0.9341338373089854 0.5538251341015095 0.8807771402979597 0.40382885453515893
10 0.86 1.009 0.6382716770495025 0.5021507797827004 0.8697752888308408 0.46853243742291373
10 0.86 2.008 0.45149786659601504 0.4566241895270074 0.8824105848024095 0.49997327720310747
10 0.86 2.5075 0.399314256907942 0.44244456759598577 0.884410500580526 0.4970141778847715
10 0.88 0.01 2.239495321935198 0.6536640040595427 0.9321224544828182 0.08133702382192684
10 0.92 6.004 0.1782436052143709 0.419941376193958 0.9158281965821384 0.46544549073793623
10 0.92 8.5015 0.16065219836045944 0.39770548424067814 0.9540207938117929 0.42097693977177136
10 0.94 2.008 0.3508027717823648 0.48639568519847126 0.8640576489408038 0.49248615688399117
10 0.94 7.003 0.13278452870464283 0.42176025023523656 0.9107905825002014 0.47570454811477947
10 0.96 4.5055 0.13037622635665083 0.4590110697036803 0.865395102287361 0.4999560897609653
10 1.0 7.5025 0.015490151729404794 0.48807164874462744 0.8443402207276977 0.47919143460793906
10 1.0 8.002 0.013415267434605627 0.4903541998144571 0.8453570918001473 0.47842429792778085
10 1.0 9.001 0.007745773043537916 0.48904096940147435 0.8429077693953351 0.4773253498932049
10 1.04 2.008 0.31907837267641975 0.5097842939672742 0.8389549533119313 0.4760142364990615
10 1.04 7.003 0.10727411330677633 0.5340028063325697 0.8128056368542832 0.4942821608153755
10 1.06 0.5095 1.148083059631816 0.5540495852321938 0.8683127403076861 0.4127744467704349
10 1.06 2.008 0.33960488858029797 0.5153477399467145 0.8366377967866176 0.48049193803970164
10 1.06 2.5075 0.26172872464124414 0.5174225897273711 0.8234316312476035 0.4870273627743293
10 1.08 7.5025 0.22715660598725912 0.5678915149681093 0.7529996629670401 0.4961549515543234
10 1.08 8.002 0.22984515968285585 0.5732113271468582 0.7367615369527246 0.49347670913233593
10 1.08 9.001 0.23073627186119922 0.5768406796532747 0.7291487513719795 0.48731158802316343
10 1.12 7.5025 0.3448386572611129 0.5747310954348529 0.6688629527137694 0.4588096910253497
10 1.14 4.006 0.40535062801633004 0.5712865019782977 0.7595582872482333 0.4984321420250571
10 1.14 5.005 0.4083375998504209 0.5819250918319316 0.7284693011588806 0.4884880651989633
10 1.2 2.008 0.6082302501895299 0.558761506850843 0.7891613842983244 0.49866617437941224
10 1.2 7.003 0.5309075966828608 0.5309075966828978 0.49566875024963614 0.3407297397581602
10 1.24 0.01 4.030096315547096 0.6517080713592901 0.9282551377699614 0.10532912731038965
10 1.24 3.007 0.7026294107954258 0.5813552720016163 0.7233491028994241 0.48693655918948625
10 1.26 5.005 0.7042091084606993 0.5416993142004286 0.5263620790720293 0.35850883286172175
10 1.3 1.5085 0.9034910190234511 0.562466090681245 0.7822737463319646 0.49959240118745124
10 1.3 10.0 0.42867287581307734 0.285781917208403 0.03374480423872116 0.06715299401855317
10 1.32 5.005 0.8035106280821938 0.5021941425513311 0.3875956797049446 0.28678425613055014
10 1.38 1.5085 1.133624517017562 0.5761667317898232 0.7612575168665512 0.49869464513492223
10 1.38 10.0 0.4356841505013101 0.22930744763202135 0.0 0.03831258046328069
10 1.4 0.01 4.862310302815474 0.653256960408986 0.9301446817467424 0.11974324665055883
10 1.4 3.007 1.10632451782527 0.5530136594588685 0.5646028877003272 0.3870132739806404
10 1.42 7.5025 0.49494967578774896 0.23569032180342853 0.0 0.04411594992991617
10 1.42 8.002 0.40435737554880563 0.19255113121480172 0.0 0.04445334002525394
10 1.42 9.001 0.4406254443690491 0.20982164017467042 0.0 0.03831258046328068
10 1.46 4.5055 0.9430568047860567 0.41002469773305955 0.20141020815091276 0.1880745125923531
10 1.46 8.002 0.46976499881444117 0.20424565165872227 0.0 0.03831258046328078
10 1.46 9.001 0.40936814990953163 0.1779861521343221 0.0 0.03144884433329315
10 1.48 1.009 1.4789382163237363 0.5741972181067144 0.782035648563898 0.499894705715923
10 1.52 6.004 0.7960821867651409 0.3061854564467908 0.022577533139205446 0.06512983327091004
10 1.52 6.5035 0.6420665437923813 0.24694867069023574 0.0 0.04021681024652765
10 1.52 8.5015 0.3476922360447213 0.13372778309867422 0.0 0.016429540491321646
10 1.54 0.5095 1.9948708067772285 0.5676236041100483 0.8225022153990578 0.47920930670254375
10 1.54 1.009 1.6345272594671332 0.575477194646512 0.7641173829739956 0.4996478980939566
10 1.54 2.5075 1.5076175405564487 0.5581469407550573 0.5040828188462073 0.3507266644164234
10 1.56 1.009 1.7332556694110932 0.592721880994773 0.7639827677507185 0.4993507006490005
10 1.58 4.5055 0.9156622178823313 0.3157455923732843 0.06038742529962667 0.0981102428175967
10 1.6 0.01 5.962020753854736 0.6588407483326255 0.9390978649897889 0.1277299516709268
10 1.62 4.5055 0.8959095911610999 0.28900309392260737 0.015490151729404768 0.07429167724968097
10 1.62 8.002 0.3574962458951587 0.11532136964375928 0.0 0.013415267434605612
10 1.62 9.001 0.28638360346282976 0.09238180756900542 0.0 0.01095384864584113
10 1.64 1.009 1.9227726423591265 0.583814504782478 0.7472380422360444 0.4951017390311868
10 1.66 1.5085 1.9140594512620628 0.5782144654565364 0.6405020619429215 0.4412037918366895
10 1.66 3.5065 1.2851606065570729 0.3894426080475559 0.12819883678828503 0.14187285584266357
10 1.66 10.0 0.06514729506177643 0.019741604564176438 0.0 0.005477170803617479
10 1.68 5.5045 0.630229360793363 0.18536157670256997 0.0 0.03504995599500162
10 1.7 1.5085 1.961479147968186 0.5592674702550859 0.6138302943803371 0.4243891221211407
10 1.7 10.0 0.0 0.0 0.0 0.0
10 1.72 4.006 1.038281692729603 0.28841158131436295 0.02120853606616774 0.0787472233795473
10 1.72 5.005 0.6685990771132303 0.18572196586376521 0.0 0.03284576702973524
10 1.76 4.006 1.100201511682376 0.2895267135994484 0.0 0.06512983327091008
10 1.78 6.004 0.39769510502149874 0.10197310385068674 0.0 0.01095384864584115
10 1.78 6.5035 0.1905605860442308 0.048861688732811034 0.0 0.0077457730435379285
10 1.78 8.5015 4.117667017327585E-11 0.0 0.0 0.0
10 1.8 2.008 2.0354573012147497 0.5088643253036816 0.4072761339615692 0.29123131418200815
10 1.8 7.003 0.24539879650423196 0.061349699126336574 0.0 0.0054771708036174885
10 1.82 4.006 0.8451840301761652 0.20614244638445398 0.0 0.05523284434047579
10 1.84 7.5025 0.10643109431580794 0.025340736741433965 0.0 0.005477170803617482
10 1.84 8.002 3.670135074488315E-11 0.0 0.0 0.0
10 1.84 9.001 0.12425006853535653 0.02958334964854563 0.0 0.0
10 1.86 5.5045 0.5617696970795888 0.13064411559888303 0.0 0.01095384864584112
10 1.88 3.5065 1.1378193153069076 0.25859529893264566 0.013415267434605565 0.05964302916353412
10 1.88 9.5005 4.198956943064143E-11 0.0 0.0 0.0
10 1.94 4.5055 0.9295295721840005 0.19777224940088886 0.0 0.028449112580918975
10 1.94 9.001 3.899750280895381E-11 0.0 0.0 0.0
10 1.96 7.5025 3.9450532894549743E-11 0.0 0.0 0.0
10 1.98 0.5095 3.0467467124319785 0.5788629961565485 0.7745240131496949 0.4998111862871237
10 1.98 2.008 2.0824485500754775 0.4249895000154365 0.21778183813209787 0.1977580122915573
10 1.98 2.5075 1.8879182990542684 0.38528944878637433 0.08331392614254424 0.12357021245866591
10 2.0 5.5045 0.0 0.0 0.0 0.0
12 0.04 5.005 0.9247351406264567 0.13503738242852478 1.4862872046967412 0.0662615740449637
12 0.06 10.0 5.040538761804348E-12 6.516781781991952E-13 0.0 0.0
12 0.08 2.008 1.4163950369458667 0.3512570669885671 0.975526793975988 0.377139567913405
12 0.08 7.003 0.36142900994251487 0.023864042097134705 0.4897849049893687 0.0
12 0.1 7.5025 0.36818451817746933 0.05510505090304293 0.2827139769167039 0.005477170803617479
12 0.1 8.002 0.4336256939533118 0.06655188884990293 0.3732015403692203 0.005477170803617486
12 0.12 6.5035 6.526740296243968E-12 6.516781781991952E-13 0.0 0.0
12 0.14 1.5085 1.5640786685191936 0.43239230174270504 0.9944646006265758 0.4672665782646085
12 0.14 10.0 9.869942228442054E-12 6.516781781991952E-13 0.0 0.005477170803617487
12 0.16 0.01 3.1608910391898357 0.6812085105475743 1.0048851338638827 0.07968206955738386
12 0.18 0.01 3.042474068277803 0.6785945912773932 0.9994265174419432 0.07567615431786988
12 0.2 4.006 1.0173270172893976 0.19803417093401768 0.24812297769894784 0.035893576260516445
12 0.22 0.01 2.7781517679536725 0.6686853506608472 1.000472073351622 0.08151877850051847
12 0.24 4.5055 1.0303343129771403 0.22283835546476755 0.09254964909354124 0.026823288486981664
12 0.28 0.5095 1.9275436723796244 0.582113684969993 0.995980441187479 0.43682170505384044
12 0.28 1.009 1.5109644899146215 0.4948368329450476 1.0015397656516687 0.4971607084854307
12 0.28 2.5075 1.583139975088438 0.3999671938040627 1.4554321696306085 0.40413516362766716
12 0.32 4.006 1.4352714987376989 0.3345481706686328 0.2235366690804219 0.07102355987662351
12 0.34 1.5085 1.1864988646779937 0.4284676827850106 1.0374825429447034 0.49633993806254406
12 0.34 10.0 0.2627212543804407 0.06634375110787313 0.0 0.005477170803617487
12 0.36 4.006 1.9355714781825146 0.45192105938355076 0.8559585113758682 0.08913989366373923
12 0.38 6.004 0.5541976490619751 0.14897786265408489 0.0 0.01816299537857026
12 0.38 6.5035 0.5551769499006952 0.14924111556615852 0.0 0.019744665141752944
12 0.38 8.5015 0.08403173678277781 0.022589176554667655 0.0 0.0
12 0.4 0.01 1.8707393296938861 0.671248219344678 0.9972271488377302 0.06759421581121938
12 0.42 5.5045 0.8032997315978808 0.2308332562057301 0.0 0.04674639930709701
12 0.44 4.006 1.8254400541762237 0.4943488631177916 1.071449901152964 0.11753238687333437
12 0.46 7.5025 0.4765481763446069 0.14708277047759102 0.0 0.018970345313988377
12 0.46 8.002 0.21470708762543753 0.06626761963530417 0.0 0.009486453504339628
12 0.46 9.001 0.41784886084348927 0.12896569779342512 0.0 0.01448992755199228
12 0.5 5.5045 0.9045070580893446 0.3005229967524536 0.045777844469881986 0.060387425299626575
12 0.52 7.5025 0.5258312713164734 0.18258030254121563 0.0 0.02998664716485921
12 0.54 4.006 1.9502460957070595 0.6378815668895771 1.9955684630354207 0.2393133239140353
12 0.56 4.006 1.7155300520606036 0.5923514753865152 2.01548673789845 0.2436107225678444
12 0.6 7.5025 0.5509743812815979 0.22957265886730194 0.0 0.046746399307097286
12 0.64 7.5025 0.4934299828407454 0.2284398068701287 0.0 0.0576102812978611
12 0.66 0.5095 0.9947742721999396 0.5748428109044647 0.9674914663653793 0.38993042914475484
12 0.66 2.008 0.8221124186873414 0.4262179970901253 0.9931376705537561 0.4878298043051668
12 0.66 2.5075 0.7958233392179107 0.39914601649202686 1.0800277744731208 0.4568207032197506
12 0.68 0.01 1.2340192508572305 0.6697868504012823 1.0033147018744502 0.06112262380654
12 0.7 4.006 0.7000771119636479 0.36955930121099223 1.2763877811496576 0.33757745487134017
12 0.72 7.5025 0.8754032762325101 0.5180511436224137 0.9084830082898125 0.11590786710292934
12 0.74 7.003 1.1327620034951433 0.7191245851046099 1.8576838763622725 0.16217168898637319
12 0.76 3.007 0.6043843482098976 0.3993774993762615 1.0062301472383988 0.45384018985983976
12 0.78 4.5055 0.5052630379156664 0.3654496171738202 1.0884038325951897 0.36974190056931805
12 0.8 10.0 0.5308598284622332 0.44238319038500373 0.39826008991704226 0.12840925828740501
12 0.82 4.5055 0.44977330164755597 0.3958123289923187 1.0686479969302276 0.40336813480246536
12 0.84 0.5095 0.8712449999790313 0.5661355429308059 0.9520907636948643 0.3802689028628781
12 0.84 1.009 0.6757522274529462 0.5215438894034845 0.9477241542078116 0.4584057115526206
12 0.86 6.004 0.34445204162872906 0.394449661713311 1.0998108691963537 0.38431510970621807
12 0.86 6.5035 0.3123360953835488 0.36429353583857854 1.074130261128773 0.3617450194979615
12 0.86 8.5015 0.34461301869555444 0.40791077056920316 1.3328484290068183 0.28441317411055766
12 0.88 0.5095 0.873609147852124 0.5711999817892758 0.9519054389179512 0.3799869157330499
12 0.88 1.009 0.6360792851948207 0.532465143357233 0.949423621850726 0.4492035421745187
12 0.9 3.5065 0.31671578931772415 0.45579097335010804 0.9534945899492566 0.49526960166082645
12 0.9 9.5005 0.22459504755389642 0.3729387583701364 1.057584165861521 0.3478380860556507
12 0.92 5.5045 0.2239385430447464 0.44417287509375347 0.9849225347559168 0.477799903325842
12 0.96 3.007 0.21409835172756944 0.4953695948872317 0.9372071065693353 0.4862270452986832
12 1.0 0.01 2.4613957656217207 0.6690605083210884 0.9928798036490198 0.07664940541101133
12 1.0 3.007 0.1720718827077616 0.5269811162551876 0.9280410361458189 0.4466591902061115
12 1.02 5.5045 0.07323721433288193 0.5377773035733024 0.906104402766211 0.46434085801143665
12 1.06 6.004 0.20952031627672113 0.5783138702275433 0.8739419751945747 0.49282427790327543
12 1.06 6.5035 0.21107912166461237 0.5854165147513148 0.8715211085576067 0.4945312068391307
12 1.06 8.5015 0.21465213163763402 0.5962559212157584 0.8381588147472501 0.49974499767313546
12 1.08 0.01 2.849499504060528 0.6739113636269607 0.9998516299767304 0.08224167109457393
12 1.08 3.007 0.3060143250367683 0.5652973630557715 0.8953200253992093 0.4778738558568061
12 1.1 2.008 0.43136646370222653 0.5659335836305064 0.9088428237668024 0.4714822544797371
12 1.1 2.5075 0.3840549499908267 0.5656256630184496 0.8995384828716412 0.4784242979277791
12 1.1 7.003 0.3606322355515502 0.6010537259192446 0.8038010945919509 0.4928704683135311
12 1.12 0.01 3.088225449456799 0.6726219457560491 0.9951597017412577 0.08260067961368033
12 1.14 1.5085 0.6121172632483315 0.5732808029072438 0.9039934383180431 0.4672551516782839
12 1.14 10.0 0.45563531342073493 0.542422992167601 0.5372682878093608 0.33083439589606817
12 1.16 4.5055 0.5814552778750495 0.605266072486385 0.7869576069275319 0.4898771078058141
12 1.22 7.003 0.6679380164242429 0.5060136488064004 0.4750346584891075 0.2960276375507947
12 1.24 1.009 1.0267183973476077 0.5809315716610884 0.8974855346791122 0.46739212519008383
12 1.26 1.5085 0.9843238326048027 0.5927855058313626 0.8744316864942523 0.4923220972473204
12 1.26 3.5065 0.9222515525369469 0.5911217013832586 0.7321286108903062 0.4599570829296271
12 1.26 9.5005 0.5712271429410124 0.3661712454757648 0.10047916720091142 0.1151499136240483
12 1.3 8.002 0.6859270061286391 0.3810705589575313 0.1191334800758286 0.11815091199991569
12 1.3 9.001 0.5535553543099957 0.3075307523927687 0.02897072327609005 0.08979969410728583
12 1.32 1.5085 1.1895548626382069 0.5992662116262429 0.8573134058698926 0.49838403734789744
12 1.32 3.5065 1.136467333187454 0.5919100693685685 0.6542364379430725 0.40961993927128554
12 1.32 10.0 0.5973328888750312 0.3111108796203713 0.0 0.051021701935352534
12 1.36 4.006 1.132797113991384 0.5244431083297462 0.5190869148241336 0.3195903114000109
12 1.38 4.5055 1.174167645411555 0.5149858093921854 0.4084550792655786 0.2581911256932713
12 1.38 8.002 0.5633710490589319 0.2470925653732898 0.0 0.06112262380653974
12 1.38 9.001 0.4788791625915948 0.21003472042905505 0.0 0.03984329084600374
12 1.4 1.009 1.5504246199076561 0.6090017410221009 0.8764052652692886 0.4931695042143666
12 1.42 0.01 4.715126235461683 0.6699349045146116 1.0000842815054818 0.10588446102734547
12 1.44 5.5045 0.9333334029814061 0.3535353799159243 0.10671179001505032 0.1260145404567738
12 1.46 0.01 4.8679131482821845 0.668602592049373 0.9904005668735003 0.10378592383832451
12 1.46 3.007 1.4497513824823085 0.5252722400300707 0.5284553179840483 0.3350027787255322
12 1.48 9.5005 0.24326354142389545 0.0844665074609541 0.0 0.005477170803617485
12 1.54 6.004 0.7472892798167251 0.2306448394502699 0.0 0.05246341655334411
12 1.54 6.5035 0.6492700638304357 0.20039199499956947 0.0 0.030481870164767562
12 1.54 8.5015 0.26098411659696574 0.0805506532862722 0.0 0.010953848645841143
12 1.56 3.5065 1.5411151666400005 0.45866522816727767 0.23429232335279482 0.1875563870761341
12 1.56 9.5005 0.2989192587680445 0.08896406511779748 0.0 0.009486453504339621
12 1.6 0.5095 2.454618505890666 0.6015906147536716 0.8931893792398622 0.47455399917191643
12 1.6 1.009 2.238739282366425 0.6130158470144865 0.823741575880369 0.4987676576904229
12 1.62 0.01 5.837148617913462 0.6706182345431627 1.0073135408090417 0.11839736408993833
12 1.62 3.007 1.7232363756397349 0.46323558485053534 0.32172395272606613 0.22012135988031734
12 1.64 3.5065 1.468580604809731 0.3824428658370762 0.1560953428110939 0.1490742263880478
12 1.64 9.5005 0.2748279953128278 0.07156979045457251 0.0 0.005477170803617485
12 1.66 7.5025 0.3151855063341705 0.0795922995790779 0.0 0.005477170803617485
12 1.66 8.002 0.19737558304097882 0.04984231895571212 0.0 0.0054771708036174885
12 1.66 9.001 0.29357741608032967 0.07413571114699462 0.0 0.005477170803617483
12 1.68 4.006 1.463677971666579 0.3587446008964587 0.032386849354787105 0.08541692771894713
12 1.7 4.5055 0.95800519244809 0.22809647439129935 0.0 0.049537592399714135
12 1.7 8.002 0.056166330315201955 0.013372935794105983 0.0 0.0
12 1.7 9.001 0.20540630983813837 0.0489062642533316 0.0 0.0
12 1.72 1.5085 2.557260849018492 0.5915794974743411 0.6700332528645041 0.41395856425171673
12 1.72 10.0 0.31476786257010736 0.07286293116536482 0.0 0.007745773043537924
12 1.74 0.5095 2.8907982824304583 0.6003221211404687 0.8730010232207943 0.4871872090210337
12 1.74 2.008 2.275892382938099 0.5125883745359979 0.48709026214677636 0.30090637376375373
12 1.74 2.5075 2.102810141178706 0.4736058876531987 0.3090705059906696 0.21338638351970846
12 1.74 7.003 0.31167480780495826 0.07019702878981667 0.0 0.007745773043537938
12 1.76 10.0 0.16399706799354807 0.035964269302886966 0.0 0.005477170803617488
12 1.78 5.5045 0.6187085641575086 0.13220268464872612 0.0 0.015490151729404735
12 1.8 4.5055 0.9159823986467721 0.19082966637747698 0.0 0.03048187016476746
12 1.82 7.003 6.692468543175129E-11 0.0 0.0 0.0
12 1.84 0.01 7.068488297765806 0.6675162800518428 0.9911961246387692 0.1299795320679043
12 1.88 7.5025 0.14545342393102909 0.027547996960473824 0.0 0.0
12 1.9 0.5095 3.433249395084397 0.6068734102309068 0.8580799116841711 0.49638365009536384
12 1.9 2.008 2.5493180333031824 0.4720959320934112 0.34034292366686475 0.2281376223744382
12 1.9 2.5075 1.942090250982952 0.3596463427750467 0.13009091731138242 0.14497871918289817
12 1.94 3.007 1.8841081819004124 0.3340617343718488 0.042388418613803304 0.0794960024474176
12 1.98 6.004 3.500955107664113E-11 0.0 0.0 0.0
12 1.98 6.5035 3.500955107664113E-11 0.0 0.0 0.0
12 1.98 8.5015 3.500955107664113E-11 0.0 0.0 0.0
12 2.0 4.006 0.9686449113880743 0.16144081856352352 0.0 0.016429540491321594
14 0.04 3.5065 1.2405847838350454 0.22700322726187694 1.1176403046827312 0.15239514251396002
14 0.04 9.5005 4.90895799766631E-12 3.6876341600585214E-13 0.0 0.0
14 0.06 4.5055 1.2703841664511544 0.2250922739541145 1.176691529648856 0.09174968949063751
14 0.1 0.01 4.134031008683684 0.6780154202990175 1.048261036625787 0.08847501016270831
14 0.14 4.5055 0.9773917296236573 0.13474128766112506 0.5314614687289787 0.018162995378570364
14 0.14 8.002 5.8219042327429256E-12 3.6876341600585214E-13 0.0 0.0
14 0.14 9.001 0.3111253330487525 0.05168194901181314 0.0 0.005477170803617486
14 0.16 0.5095 3.1003067057835763 0.6144774400396187 1.0826078637422376 0.4687555896476532
14 0.16 1.009 2.316408175919578 0.5122644734357906 1.0671294447606783 0.49923686289715624
14 0.16 2.5075 1.4196951748214042 0.34379324737845907 1.2866414320506423 0.3718047274310735
14 0.18 0.5095 2.969881631798056 0.6101176780768425 1.0778050983336596 0.4630581025258282
14 0.18 1.009 2.255785543656297 0.5153313272195396 1.0657045578231772 0.4997361722824661
14 0.2 1.5085 1.7017494697383149 0.4400425189559176 1.0513764471381037 0.47936088939058735
14 0.2 10.0 1.576809249455009E-11 3.6876341600585214E-13 0.0 0.0
14 0.22 0.5095 2.730999403242511 0.6036928540511849 1.0666039395613953 0.4563117153195046
14 0.22 1.009 2.0660421968958063 0.5068807794504128 1.0598069565806696 0.49985022761570364
14 0.24 3.007 3.9974686833237185 0.589581370120305 2.761213148481 0.2833256735308008
14 0.26 4.006 1.3250981560592558 0.25232409644858 0.07288029970905366 0.04610297653710273
14 0.28 6.004 0.3512446711346756 0.06969140300350697 0.0 0.009486453504339631
14 0.28 6.5035 0.35133430675819943 0.06970918785003948 0.0 0.005477170803617486
14 0.28 8.5015 1.1295369438021659E-11 3.6876341600585214E-13 0.0 0.0
14 0.3 4.006 1.2462663101534763 0.2529689154389539 0.04021681024652776 0.05441699080713083
14 0.32 1.5085 1.4793868565864032 0.43616640562763737 1.1108633532855932 0.4926067086782705
14 0.32 10.0 1.4629187375739353E-11 3.6876341600585214E-13 0.0 0.0
14 0.34 4.5055 1.297127536194007 0.2807635359736018 0.0 0.04674639930709703
14 0.34 9.001 1.7253867101946138E-11 3.6876341600585214E-13 0.0 0.0
14 0.36 1.5085 1.4071420626269007 0.4321650128297529 1.0798460440073978 0.49449083918410713
14 0.36 10.0 1.772131587631264E-11 3.6876341600585214E-13 0.0 0.0
14 0.4 0.5095 1.9280145705324936 0.5914017676856387 1.0533377651624538 0.41855001695600313
14 0.4 1.009 1.5697995262986093 0.49884030625595305 1.0427184649748353 0.4907403789041316
14 0.42 4.006 1.4299905448756174 0.3466808964007792 0.11415948527707083 0.09158882964936567
14 0.44 10.0 2.1451704399643604E-11 3.6876341600585214E-13 0.0 0.0
14 0.46 0.01 2.0763792806187245 0.676415632617409 1.056637882998306 0.06759421581121908
14 0.5 4.006 1.6756196052060661 0.45751788992290543 0.6572031261542319 0.14126312665122984
14 0.56 1.5085 1.1610906479786887 0.44794363733130776 1.0670622791611741 0.4998605877081133
14 0.56 10.0 0.21244568074317038 0.06897587037375022 0.0 0.005477170803617481
14 0.6 0.01 1.4607912192811567 0.6782580301949283 1.0504876262851353 0.06184895268180024
14 0.62 4.5055 1.619168682522849 0.5782782805643206 2.111423949442817 0.23687575521776827
14 0.64 0.01 1.3218077591100754 0.6699482002075969 1.0551282506721151 0.06420982768863973
14 0.66 6.004 0.8986249011157291 0.3775734878634348 0.0 0.1207120788854799
14 0.66 6.5035 0.9000307103827393 0.3781641640257202 0.0 0.10629896851594012
14 0.66 8.5015 0.6854122423227312 0.2879883371101174 0.0 0.04478816853367408
14 0.68 0.5095 1.1034394685056874 0.58485236844008 1.0369812086121906 0.3796273052085598
14 0.68 1.009 1.0265092578434336 0.5210974496451696 1.0324207645077808 0.46984734933681793
14 0.68 2.5075 0.8848604625786043 0.4067524631065516 1.1143692174772377 0.46082139162469493
14 0.7 7.003 0.726934054983504 0.34615907380138966 0.07837008219040349 0.1216727235679561
14 0.72 0.01 1.2127811722903137 0.6712161337084607 1.046512254653541 0.05914148394780371
14 0.74 4.5055 0.6755881071340798 0.3612647952702111 1.2208774636630375 0.32833597438666384
14 0.76 5.005 0.6014307611423815 0.3490890010211932 1.2282404672356555 0.31583537753091157
14 0.8 4.5055 0.5457135275573017 0.37542798985231934 1.122729192389557 0.3813155926699926
14 0.8 9.001 0.6267906554420744 0.4472807218895912 0.2890554591875496 0.15107641200313807
14 0.84 6.5035 0.40327778600875624 0.352974927617209 1.0907960828573902 0.3339360155623819
14 0.86 5.5045 0.39348880130976543 0.3924353065528669 1.084065305209603 0.4076100717272875
14 0.88 6.5035 0.3331960487696369 0.3875928121151385 1.0664999519953169 0.3969408293578426
14 0.9 7.5025 0.28118959802404425 0.39765841185843653 1.1197252813095289 0.409051738048162
14 0.92 4.006 0.2988183009418505 0.48232891880992335 1.0452240761123008 0.4994526034779051
14 0.96 5.005 0.15490606244298832 0.49516686015512373 1.0193576895804668 0.4948139219351002
14 0.98 4.006 0.1297047833568518 0.5243356948795149 1.0032885485353622 0.45892655578674724
14 0.98 5.005 0.09476389358473167 0.5227391505590455 1.01361039050774 0.46781246377021374
14 1.0 1.009 0.5494292313260819 0.5701138320097413 1.009492902126917 0.37202038887133865
14 1.02 4.006 0.12306409440743349 0.5604230839030813 0.9885446826975259 0.43036315538459746
14 1.06 5.5045 0.2581050465152563 0.6112727417634002 0.9532330672238162 0.48155571306685774
14 1.08 1.009 0.6609726341649648 0.5894918664336832 0.997692290638759 0.4025748091568131
14 1.1 8.5015 0.426008687698132 0.608583839570038 0.8047270021405021 0.47392254854469584
14 1.12 0.5095 1.1338940465181977 0.6027395161269514 1.0121714693637935 0.3649215752035937
14 1.12 1.009 0.7600079568898327 0.5883192460595479 0.976173468572146 0.4152729169095128
14 1.12 2.5075 0.5312546031018248 0.6021399878172523 0.9516882314478009 0.4739326370102375
14 1.14 8.002 0.5637867204759358 0.5752925719157482 0.6989158362522886 0.4071403689151378
14 1.14 9.001 0.5586080463911514 0.5700082106017252 0.6397146637629455 0.3688107584025298
14 1.18 2.008 0.8050128599682788 0.6206151928168263 0.9394232201817431 0.4834547080773938
14 1.18 2.5075 0.7937824377110729 0.6232231790902844 0.920868830548392 0.4955239334375515
14 1.18 7.003 0.7141108352688973 0.5667546311651385 0.6426386517618055 0.3646121887788535
14 1.22 4.5055 0.9176295126710702 0.5958633199181457 0.7471953297519018 0.44017463602716606
14 1.24 9.5005 0.6165737627094566 0.367008192090403 0.1701847915565894 0.13733318280641854
14 1.26 7.5025 0.8149371971921827 0.4477676907640191 0.27733607277527145 0.188074512592354
14 1.26 8.002 0.7940765695167566 0.4363058074253743 0.2374160987532933 0.16503080819583593
14 1.26 9.001 0.7305990273633466 0.4014280370125468 0.14762582352190604 0.12750265539972097
14 1.28 4.006 1.0959948936732091 0.5591810682016104 0.7007805328094293 0.4083116125578768
14 1.3 0.01 3.664936245477347 0.6746931897131446 1.043429257387198 0.08489620443686613
14 1.3 3.007 1.2612390901512958 0.6005900429305651 0.7823611779940851 0.46063165135198286
14 1.32 7.5025 0.9041880486305095 0.40365537885336705 0.08576226763446478 0.12047064609744934
14 1.32 8.002 0.7955035890960536 0.35513553084972804 0.08437217144764379 0.10149747329214431
14 1.32 9.001 0.6115671760536311 0.27302106073676 0.05812522615230436 0.06737397278167415
14 1.34 0.5095 1.8107043293278395 0.6099412227048892 0.9950132773404529 0.41691210234023096
14 1.34 2.008 1.4782152420010881 0.619606141876755 0.8556300429617432 0.49534004575792545
14 1.34 2.5075 1.5193431668720758 0.6381777274728886 0.8113338590280479 0.4699346419008628
14 1.34 7.003 0.9302882592698904 0.3908774198630917 0.13638442578463375 0.12727492492307604
14 1.36 1.5085 1.5986369729406966 0.6274266473624882 0.8979651866561998 0.4998069592152516
14 1.36 10.0 0.41118927081381507 0.16317034554319332 0.0 0.018970345313988276
14 1.38 0.01 4.161528871223696 0.6767623036954343 1.0487248947559673 0.09397181383131895
14 1.38 3.007 1.5546697130482328 0.5844622981394443 0.6998474761925348 0.39924349184203595
14 1.4 9.5005 0.4560187586343805 0.16286384236485932 0.0 0.034185418145835
14 1.42 1.009 1.9228770892495297 0.6351058121298259 0.9257373138615792 0.49066406892686193
14 1.44 4.006 1.5914380946795494 0.5167006800911859 0.39765530857035325 0.23103961006213133
14 1.5 0.5095 2.3978239494754447 0.6176218680026716 0.9716256147948442 0.4501080609896403
14 1.5 2.008 2.165468621359903 0.6184474472865794 0.7563871623044828 0.4371220330542705
14 1.5 2.5075 2.0705290141117163 0.5915797183164715 0.6460790437726435 0.36598606294339564
14 1.5 7.003 0.691567265902472 0.19759064739520418 0.0 0.03284576702973538
14 1.54 5.5045 1.371423388014697 0.3628104200946507 0.027375993236772807 0.060633496819216516
14 1.56 7.5025 0.4080175580758247 0.10408611173958607 0.0 0.014489927551992281
14 1.58 5.005 0.9381366341156865 0.23106813647705307 0.016429540491321663 0.06087855894115632
14 1.6 6.004 0.782442114453475 0.1862957415289401 0.0 0.03048187016476757
14 1.6 6.5035 0.7467886673479968 0.17780682556273203 0.0 0.020489699895458346
14 1.64 7.5025 0.5605627255722466 0.1251256083662752 0.0 0.01095384864584113
14 1.66 0.01 5.788449497822969 0.6741676566528035 1.050907431059751 0.10574591377568016
14 1.66 3.007 1.9019653926832039 0.4116808209242087 0.29801602151943535 0.19216097093061704
14 1.68 10.0 7.443072390236114E-11 0.0 0.0 0.0
14 1.7 3.007 2.1302160867607722 0.43473797688730054 0.22152309537607312 0.15853903197250957
14 1.72 8.002 9.731127642065306E-11 0.0 0.0 0.0
14 1.72 9.001 9.731127642065306E-11 0.0 0.0 0.0
14 1.74 6.004 0.17190342959761615 0.03318599028266026 0.0 0.0
14 1.74 6.5035 6.286253146480942E-11 0.0 0.0 0.0
14 1.74 8.5015 6.286253146480942E-11 0.0 0.0 0.0
14 1.76 4.5055 0.9977413213185854 0.18754536114210002 0.0 0.03329833347829316
14 1.82 4.5055 0.985243407654686 0.17164519295263952 0.0 0.021903753156752186
14 1.84 1.009 3.75327226485657 0.6376322291691853 0.8072016062830802 0.47214531082352196
14 1.86 2.008 2.7840785150679443 0.4624715141312741 0.410834178941494 0.23023172575499992
14 1.86 7.003 1.1025932359377967E-10 0.0 0.0 0.0
14 1.9 6.004 7.764043323487664E-11 0.0 0.0 0.0
14 1.9 6.5035 0.07104159104315862 0.011276443024977321 0.0 0.0077457730435379155
14 1.9 8.5015 7.764043323487664E-11 0.0 0.0 0.0
14 1.92 0.5095 4.167557257608804 0.6334866108670617 0.9304255704008308 0.4941346682414924
14 1.92 2.008 2.8376110668540897 0.44062283646778116 0.38336988614743445 0.2197538629741376
14 1.92 2.5075 2.406023420020826 0.37360612112340796 0.11489608866940673 0.12167272356795593
14 1.92 7.003 4.840663809049887E-11 0.0 0.0 0.0
14 1.94 5.005 0.6569439692027677 0.09983950900541824 0.0 0.01095384864584113
14 1.96 0.5095 4.343575055634924 0.6341213681953104 0.9133466138583279 0.4969478621320519
14 1.96 1.009 4.122576452948235 0.6132289306901573 0.7603961353089705 0.44245936574588696
14 1.96 2.5075 2.5662670036017823 0.3818849707778372 0.12022869854361488 0.11245458479845427
14 1.98 5.5045 0.4727443925598177 0.06891317677975248 0.0 0.005477170803617485
16 0.0 4.006 0.791826400630156 0.0989783000787695 0.7099171477554465 0.048007156274772374
16 0.0 5.005 0.42492841996563535 0.05311605249570442 0.7263602960740094 0.03329833347829319
16 0.02 4.006 1.1768030787371484 0.17122883057181004 1.2555953338233108 0.08610618072321695
16 0.04 7.5025 0.24024387254922122 0.03675717944742636 0.8342472627190576 0.010953848645841152
16 0.06 3.007 1.693856693320059 0.2973985743032945 1.2675283029744633 0.21647404717249816
16 0.1 0.5095 4.200847059302367 0.6343179600515655 1.1362181242798128 0.4824494553544238
16 0.1 1.009 3.183995713756629 0.532731823148495 1.133573508144938 0.48863177346305675
16 0.14 3.007 1.984787021817211 0.3483856411255703 1.8623935850660163 0.2953321638538106
16 0.16 6.004 1.0597110156455044E-11 0.0 0.0 0.0
16 0.16 6.5035 0.0 0.0 0.0 0.0
16 0.16 8.5015 0.0 0.0 0.0 0.0
16 0.18 6.004 0.0 0.0 0.0 0.0
16 0.18 6.5035 0.1954224277765305 0.029790004234582872 0.0 0.0
16 0.18 8.5015 0.0 0.0 0.0 0.0
16 0.2 4.5055 0.9762068723601861 0.15253232380730056 0.0 0.015490151729404808
16 0.2 9.001 0.0 0.0 0.0 0.0
16 0.22 6.004 0.8579758882261355 0.13749613593559448 0.0 0.00774577304353794
16 0.22 6.5035 0.16190338297120555 0.025946054963268704 0.0 0.0
16 0.24 5.005 0.6885405371771198 0.11324679887640471 0.0 0.0
16 0.26 1.5085 1.8181675700193825 0.4351151295402813 1.1180137593081476 0.48466564045654204
16 0.26 10.0 0.0 0.0 0.0 0.0
16 0.28 5.5045 0.7148756332400847 0.12411035298992378 0.0 0.013415267434605594
16 0.3 1.5085 1.7499695887557158 0.43251024473998984 1.136757135271474 0.48821111800809464
16 0.3 10.0 1.9595314481200484E-11 0.0 0.0 0.0
16 0.32 4.5055 1.370114538718731 0.25185929020569425 0.0 0.03946621370857935
16 0.32 8.002 0.4784501862790742 0.08795040188973043 0.0 0.0
16 0.32 9.001 0.25576018933676764 0.047014740687322275 0.0 0.0
16 0.34 3.007 4.914876251015764 0.7819924134918239 3.208513439285249 0.3058582386107802
16 0.36 4.5055 1.098075991563501 0.21446796710199004 0.0 0.045450366808802926
16 0.36 9.001 0.0 0.0 0.0 0.0
16 0.4 6.004 1.0285425336809602 0.2142796945176045 0.0 0.01095384864584114
16 0.4 6.5035 0.6651088864041945 0.13856435133488657 0.0 0.012246591372295956
16 0.4 8.5015 0.3297772839909725 0.06870360083610147 0.0 0.007745773043537925
16 0.42 10.0 0.22469514939296853 0.048425678751106566 0.0 0.0
16 0.44 4.5055 1.397471728041129 0.3116512946177879 0.024487670441671217 0.06467149431406925
16 0.44 9.001 0.0 0.0 0.0 0.0
16 0.46 1.009 1.7860504738708263 0.5198616175431691 1.1113802968765463 0.4881579796188204
16 0.48 0.5095 2.0077571960831007 0.5908341402902367 1.1084944759202555 0.40841759215791124
16 0.48 2.008 1.358321252815708 0.39470725602872797 1.1757559787452805 0.4707140400787286
16 0.48 2.5075 1.2643295585258376 0.3563639103232053 1.2195584807087332 0.4266291157579116
16 0.48 7.003 0.6508788349896972 0.1564612584152773 0.0 0.017317996446759482
16 0.5 10.0 0.23985320409765323 0.05996330102441331 0.0 0.0
16 0.52 0.5095 1.8621784489474142 0.5978813854404843 1.111072439144834 0.3982448223672655
16 0.52 1.009 1.632831687562955 0.5209065376169917 1.0874123313999704 0.4841669509275892
16 0.52 2.5075 1.228457226568032 0.36302846868175076 1.1749121584570807 0.4317912010461499
16 0.54 4.5055 1.4179953191911885 0.38396146171744117 0.08768259758446101 0.12658910480444377
16 0.56 4.5055 1.4606704537778539 0.4115506786634266 0.10164207736438356 0.1337108122694737
16 0.56 8.002 0.6094179524844003 0.17313010013261473 0.0 0.018162995378570357
16 0.56 9.001 0.0 0.0 0.0 0.0
16 0.58 0.5095 1.6462556219208475 0.6000791942408 1.122490710918377 0.3909623787716075
16 0.58 2.008 1.2178785990674208 0.41217256109952044 1.1355396108264229 0.48036215948813704
16 0.58 2.5075 1.1586087933645854 0.3786103714761181 1.1518618601672292 0.4399966637010762
16 0.58 7.003 0.8324714055520568 0.24775934689046059 0.0 0.045120492482005996
16 0.6 0.5095 1.5736137694276464 0.5994715873732827 1.1084027736696722 0.38671850501093175
16 0.6 1.009 1.412926756918091 0.5277315527816634 1.1065521822614484 0.4795915800607495
16 0.6 2.5075 1.1075267379718532 0.3771089131387397 1.1260764849117084 0.4435427380058666
16 0.64 0.5095 1.4193336735096793 0.5969853250252946 1.0910068297123667 0.38011515314914834
16 0.64 1.009 1.3131744307132105 0.5326095455376011 1.09121514818717 0.4739729697368502
16 0.64 2.5075 1.0782909110779184 0.4008272073199926 1.1462758968409261 0.4488213913505857
16 0.66 5.5045 2.2157225916575847 0.7931434915095129 2.8619666281612 0.1685073842841713
16 0.68 6.004 2.2207608192636323 0.8472770871764816 2.270344205446113 0.15527129455592498
16 0.68 6.5035 1.008305406598284 0.3938692994519574 0.0 0.1170350747880831
16 0.68 8.5015 0.7797281203562867 0.3045812970147726 0.0 0.06535777677112714
16 0.7 4.5055 0.8358638100700891 0.34146008182464654 1.5059761222917072 0.2844131741105572
16 0.72 0.5095 1.1667395315186633 0.6072638525078664 1.0880603082478588 0.36584637867695324
16 0.72 1.009 1.09174407004845 0.5450617101595493 1.1049880849844176 0.458431842419887
16 0.76 3.5065 0.7605254036424601 0.39201940464707835 1.1824393456966746 0.42699525909189107
16 0.76 9.5005 0.6353434128971447 0.3309080275503091 0.0 0.09428483231931813
16 0.78 4.006 0.6876855813542477 0.38392516933894333 1.1592855669499822 0.40428806752645446
16 0.78 5.005 0.6548074155203595 0.3650278019466457 1.2083501105193513 0.3315469536704564
16 0.8 3.007 0.7148582598605657 0.4399824323352258 1.1364382590088797 0.4772691665999212
16 0.82 4.006 0.6114703048654226 0.4137536832944169 1.1247574793968418 0.43879106857648065
16 0.82 5.005 0.5715850917397204 0.3906884184378089 1.1673416057899613 0.38207713802294013
16 0.92 10.0 0.24970560823081397 0.3899857098419641 1.1477353925875744 0.3954627609817714
16 0.94 4.006 0.2709953612902275 0.5108459748702071 1.0748404353258383 0.4949309100096023
16 0.94 5.005 0.25222756861045725 0.49853512798476235 1.0953718352438102 0.49979136870882
16 0.96 1.5085 0.38599793667013466 0.5677424276133696 1.063100250260817 0.4009076612670499
16 0.96 3.5065 0.21828601899644315 0.5409766783913742 1.0644998690121632 0.4658211096014632
16 0.98 1.5085 0.3606588345109563 0.5803925667553559 1.0700533138998567 0.37792110259281353
16 0.98 10.0 0.08231182706005503 0.5144489191261761 1.0674373741360201 0.48798442471009257
16 1.0 6.5035 0.018162995378570426 0.5719219322870489 1.0559851371950837 0.3734955156878024
16 1.0 9.5005 0.0 0.5706483333081984 1.0657379320704323 0.3742946142591921
16 1.02 1.5085 0.3676438569233752 0.5915320044874338 1.060199787393358 0.36447137299484955
16 1.02 10.0 0.09713882410493296 0.6071176506560455 1.0248959050527626 0.4380177872444817
16 1.04 4.006 0.2042406978297417 0.5980028897741302 1.0275683684036105 0.42322469970969306
16 1.04 5.005 0.2021568311868701 0.6190302008375649 1.0387406869828693 0.43733839368336647
16 1.08 9.5005 0.41036849174306184 0.6412007683485589 0.8868523569829848 0.48353378165085875
16 1.1 5.5045 0.5084030132094597 0.6353818421960029 0.9420137293473004 0.4998426113524214
16 1.12 6.004 0.6168914968392808 0.642595309207579 0.9019188757788068 0.4910078162936522
16 1.12 6.5035 0.6062890078528472 0.6315510498467154 0.8792909019941774 0.4835890147257486
16 1.12 8.5015 0.5796135285425001 0.6037640922316977 0.7878957608889979 0.4333564188513907
16 1.14 0.01 2.4293962949019945 0.6777074402726655 1.104271623191373 0.06693127223461347
16 1.14 3.007 0.73291107200895 0.6510734209509598 0.985084404648272 0.48954316053119235
16 1.16 5.005 0.8172532387860919 0.6384790928016062 0.8722695904419624 0.480827227388396
16 1.18 8.5015 0.7485210548828333 0.5198062881131946 0.5741322675893783 0.2953731437766614
16 1.2 4.006 0.9833669735146179 0.6144754582108065 0.865752210786087 0.48054372165652254
16 1.26 0.01 3.072167067065662 0.673129944458274 1.0886033496478311 0.0752832473094797
16 1.28 1.5085 1.4665258199797877 0.6481736777614933 0.9851467845210828 0.48770808190539544
16 1.28 10.0 0.501748447981414 0.22399484284942422 0.03589357626051638 0.05863558748206104
16 1.32 0.01 3.4986089011610564 0.6824185363472813 1.0955008417244965 0.08242137628386191
16 1.32 3.007 1.580657833915401 0.6174137567486802 0.8090994479121583 0.4466742828513349
16 1.34 6.004 1.1931179751425331 0.4386463143899684 0.2810180812762308 0.16808774336862314
16 1.34 8.5015 0.6837236108924273 0.2513689745932969 0.0 0.05812522615230434
16 1.36 4.5055 1.414494879606792 0.4911440554189926 0.5123211092891898 0.261446653201272
16 1.36 8.002 0.8912379707971457 0.3094576287497425 0.028970723276090092 0.06467149431406946
16 1.36 9.001 0.7054163179435132 0.24493622150936642 0.0 0.0379201901482492
16 1.42 6.5035 0.9780817345024974 0.2910957543160264 0.016429540491321677 0.07741898839561989
16 1.42 9.5005 0.6013327532505535 0.17896808131892467 0.0 0.014489927551992358
16 1.44 1.5085 2.245729878616824 0.637232675628677 0.9203091435382948 0.49691778080138915
16 1.44 10.0 0.3579960328081167 0.10170341840968564 0.0 0.0
16 1.46 3.5065 1.8792973481515698 0.5106786272151081 0.5210885724340008 0.2661800118269263
16 1.46 9.5005 0.10105856813092676 0.027461567423154955 0.0 0.0
16 1.5 6.004 1.407444913667786 0.3518612284169465 0.0 0.04308780610313035
16 1.5 6.5035 1.3447182513411111 0.3361795628352778 0.0 0.045120492482006246
16 1.5 8.5015 0.39859958321666467 0.09964989580416617 0.0 0.012246591372295898
16 1.52 2.008 2.512005270637809 0.6038474208263704 0.7700334319389852 0.42197261359802274
16 1.52 2.5075 2.351120004712609 0.565173078056064 0.6595357168595022 0.3502077087531584
16 1.52 7.003 0.7039030211527302 0.16920745701107165 0.0 0.03504995599500171
16 1.58 1.5085 2.8105779947047105 0.6055555820065365 0.8394427878056899 0.4676310654304331
16 1.58 3.5065 1.9441721016372029 0.41900260811219353 0.302140821517876 0.17000841943019668
16 1.58 10.0 0.22329293108747977 0.04812347651378958 0.0 0.005477170803617488
16 1.62 3.5065 1.874350768033191 0.37789330000730476 0.18844358677664752 0.13733318280641718
16 1.62 9.5005 1.0177038207283129E-10 0.0 0.0 0.0
16 1.66 1.009 3.408995635373258 0.6444490502794057 0.9063637795120079 0.4970797605681948
16 1.68 4.5055 1.122611005516158 0.2063623171899849 0.0 0.058125226152304546
16 1.68 9.001 0.33346213463008917 0.06129818652608957 0.0 0.0
16 1.7 5.005 0.5966239560423575 0.10653999215028762 0.0 0.014489927551992335
16 1.72 0.01 6.044165123656825 0.691636331345833 1.105159087768901 0.09780992758454533
16 1.72 3.007 2.401307882418208 0.4168937295863821 0.24564290465572558 0.14497871918289798
16 1.74 5.5045 1.0880297098172964 0.18378880233185996 0.0 0.016429540491321677
16 1.76 3.007 2.4167763977401897 0.39749611804899904 0.2007958179805011 0.1280700869985197
16 1.78 2.008 3.323452461900194 0.532604561202172 0.557749715297791 0.27521762328700344
16 1.78 7.003 1.1009363734782751E-10 0.0 0.0 0.0
16 1.8 4.006 1.3854838718830862 0.21648185498038844 0.0 0.03870096927273713
16 1.8 5.005 1.194686514895142 0.18666976794598847 0.0 0.020489699895458367
16 1.84 6.5035 7.868052258329836E-11 0.0 0.0 0.0
16 1.88 0.5095 4.690025545596832 0.6573892733322977 0.9839413117094853 0.4910596703581249
16 1.88 1.009 4.410489721417438 0.6263599331054575 0.8445882786595238 0.4628622725260879
16 1.88 2.5075 2.899697173959145 0.4118888031193241 0.16900940229446468 0.1305354388984078
16 1.9 5.5045 0.7388151222533904 0.10261321142502525 0.0 0.009486453504339624
16 1.92 6.004 1.1693573800670029E-10 0.0 0.0 0.0
16 1.92 8.5015 1.1693573800670029E-10 0.0 0.0 0.0
16 1.94 3.5065 1.8883634079599396 0.25111215531566505 0.0 0.035474286687705525
16 1.94 9.5005 7.990262226912647E-11 0.0 0.0 0.0
16 1.96 6.004 8.027413397202701E-11 0.0 0.0 0.0
16 1.96 6.5035 8.027413397202701E-11 0.0 0.0 0.0
16 1.96 8.5015 8.027413397202701E-11 0.0 0.0 0.0
16 1.98 4.006 1.092572416108598 0.13935872654443857 0.0 0.02257753313920551
16 2.0 4.5055 1.0950987750091687 0.1368873468761461 0.0 0.007745773043537922
18 0.0 1.5085 4.164876541495943 0.46276406016608407 1.1044593689398434 0.2943872073970851
18 0.0 10.0 0.0 3.0425910314702166E-13 0.49294201751349087 0.015490151729404787
18 0.02 1.5085 3.5297493545455905 0.44639251706124705 1.1117250766807072 0.3388839465062881
18 0.02 10.0 3.872976183999283E-12 3.0425910314702166E-13 0.0 0.0
18 0.04 0.01 5.853376183240761 0.6808978726291282 1.1574128089509854 0.09061746568069239
18 0.06 5.005 0.4607207731116614 0.11478151278250537 0.7383394042432447 0.0
18 0.08 4.006 0.4756816496651782 0.03630267681062439 0.5074910409849056 0.0
18 0.1 6.004 1.032478809615642E-11 3.0425910314702166E-13 0.0 0.0
18 0.1 6.5035 1.032478809615642E-11 3.0425910314702166E-13 0.0 0.0
18 0.1 8.5015 1.032478809615642E-11 3.0425910314702166E-13 0.0 0.0
18 0.12 0.5095 4.555455043045037 0.6212023858416907 1.1739633870250357 0.4807158066564394
18 0.12 2.008 2.1282954323814725 0.389427002597549 1.1836359867538322 0.39553237702200295
18 0.12 2.5075 1.8784041575219002 0.34270617566166023 1.3398001814501121 0.33911162845887954
18 0.12 7.003 0.3352887587179018 0.04233443923029394 0.0 0.005477170803617487
18 0.14 5.005 0.8029739528234087 0.10374340475703946 0.0 0.01341526743460566
18 0.16 5.5045 0.5406003632873594 0.07150798456062257 0.0 0.005477170803617486
18 0.2 3.007 5.966494649356744 0.6425970274650604 3.806373512177246 0.288914723230784
18 0.24 1.5085 2.097231822022216 0.4282977004670948 1.1689409340698984 0.4804833003384772
18 0.24 3.5065 1.7266150459423306 0.2492449168168545 0.08558977710781639 0.05577003584052173
18 0.24 9.5005 2.157582106644837E-11 3.0425910314702166E-13 0.0 0.0
18 0.26 4.5055 0.8720402970862401 0.13093698154769642 0.0 0.020489699895458346
18 0.26 8.002 2.0961609947812807E-11 3.0425910314702166E-13 0.0 0.0
18 0.26 9.001 2.0961609947812807E-11 3.0425910314702166E-13 0.0 0.0
18 0.3 4.5055 1.4567771139370351 0.23123446253153884 0.0 0.033298333478293425
18 0.3 8.002 3.5264296589774195E-11 0.0 0.0 0.0054771708036174885
18 0.3 9.001 0.26035768402900444 0.04132661651445848 0.0 0.0054771708036174815
18 0.32 3.007 4.976876607499727 0.6761128423361817 3.602662292311065 0.2984220056578885
18 0.34 5.005 0.8424919644612573 0.14183366405171938 0.0 0.0225775331392055
18 0.36 3.007 6.337949768676986 0.9452751021711474 3.887186710889602 0.28104378263843255
18 0.38 2.008 1.6671220086676124 0.3821630892526275 1.2057895867047084 0.4549422248122454
18 0.38 2.5075 1.6164730941943974 0.35679322594219176 1.4063225346145989 0.39983039390288255
18 0.42 4.5055 1.7015737261617652 0.32597197819136087 0.0 0.06160780912788284
18 0.42 9.001 5.729697553719558E-11 3.0425910314702166E-13 0.0 0.0
18 0.44 3.007 1.463455074063795 0.33463932500996346 1.3762136304873702 0.35136564707795703
18 0.46 6.5035 1.0319299178676782 0.21233125882759074 0.0 0.025682114485023753
18 0.48 6.004 1.0945226911197523 0.2338723699038347 0.0 0.03192130652880121
18 0.48 8.5015 0.20046018018779874 0.042833371829129406 0.0 0.007745773043537925
18 0.5 4.5055 1.7500701076696126 0.38890446837100123 0.0 0.10149747329214433
18 0.52 6.004 1.2268102211750518 0.28398384749257116 0.0 0.04308780610313056
18 0.52 6.5035 0.9066656614337186 0.20987631052074118 0.0 0.03547428668770542
18 0.52 8.5015 0.8952017156605954 0.2072226193608166 0.0 0.01897034531398836
18 0.56 3.007 1.3736279027723854 0.37059746587588854 1.3998275427067424 0.3788023076973196
18 0.58 6.004 1.1732961887098783 0.3103958171191925 0.0 0.07144042737605998
18 0.58 6.5035 1.1615834591647476 0.3072972114206285 0.0 0.057090628891725954
18 0.58 8.5015 0.37066074437240587 0.09805839797912103 0.0 0.0197446651417529
18 0.6 6.004 1.0073455590535687 0.27981821084725966 0.0 0.08454722064683386
18 0.6 6.5035 1.2097251891524017 0.3360347747642773 0.0 0.06693127223461347
18 0.6 8.5015 0.5839895201562109 0.16221931115180893 0.0 0.027375993236772814
18 0.62 5.005 1.48689998518281 0.43448246017391706 0.04343324574457831 0.14298335134448767
18 0.64 6.004 1.1756838638402243 0.3628653900743338 0.0 0.10739613197417835
18 0.64 6.5035 1.1532805433293727 0.3559507849778799 0.0 0.08437217144764328
18 0.64 8.5015 0.8098523073079568 0.24995441583683 0.0 0.046102976537102644
18 0.66 4.006 0.9929756007541383 0.32733736467574176 1.3702970704321504 0.3095469480160219
18 0.68 5.5045 2.783719592359126 0.9426972933590838 3.7068533169836906 0.18961899945295974
18 0.72 6.004 2.3251634263442402 0.9081288424411649 3.3644125781990297 0.1882222434542643
18 0.72 6.5035 1.216127854025507 0.48149668886620245 0.24841444767759518 0.16085327620974993
18 0.72 8.5015 0.9926279742041003 0.39389998976436197 0.0 0.0770351812939734
18 0.74 5.005 0.8025749395054105 0.3355018764926286 1.2579060096212176 0.29298175597479537
18 0.76 7.5025 2.1728323708684965 1.0005514706127505 3.6949773261220566 0.16356491852021618
18 0.76 8.002 0.8099606772280487 0.3749817950149966 0.0 0.1368069736609317
18 0.78 1.5085 0.989907236238404 0.5254610049981845 1.1467243784340662 0.483351614726683
18 0.8 5.005 0.6632627046004018 0.3604665710471338 1.1908993476659153 0.35839213171676726
18 0.82 1.5085 0.8600390093176651 0.5419095664089968 1.1308092269523948 0.4745041897631359
18 0.9 0.5095 0.7128431445424395 0.6334836090474278 1.1307133445436262 0.2970458443663381
18 0.9 1.009 0.6147734900791989 0.5976454078797412 1.1392360295269217 0.37836230540090754
18 0.9 2.008 0.5387139396710957 0.5551669925065491 1.1278751028513478 0.46598472574300315
18 0.9 2.5075 0.5186901675604504 0.5426800454004806 1.1416191754771998 0.48373844174098873
18 0.92 4.5055 0.3683184080368103 0.49551612712639304 1.1393050066600368 0.4999970025709898
18 0.94 1.5085 0.42666919149446025 0.5917772516280645 1.1257449502158712 0.3964344137798703
18 0.96 7.5025 0.1901616108771366 0.5233702444430598 1.1378887081133364 0.4974730615370307
18 0.96 8.002 0.1854287517019299 0.5134603626847906 1.154900932376944 0.49925014526064493
18 0.96 9.001 0.18096324731532026 0.5015252727174835 1.1665564249676224 0.49999410457419513
18 0.98 4.5055 0.12600412792802002 0.5705167909338921 1.1143991060184435 0.4197402937723454
18 0.98 8.002 0.10116446338502565 0.5542419435569231 1.1313571816916517 0.46254280956932153
18 0.98 9.001 0.09977918105438505 0.5485712924902209 1.1312775878475345 0.4714504681183543
18 1.02 4.5055 0.12225790833312622 0.620724656023647 1.1023640630380538 0.37088503470808953
18 1.02 9.001 0.11403447755193906 0.6335248752867232 1.103182654742043 0.41533325789942327
18 1.04 1.5085 0.38023841919324797 0.6166100900222296 1.104438064361046 0.34718635102849843
18 1.1 4.006 0.5962682493893587 0.6610697810623566 1.042820482476205 0.48246578533012585
18 1.12 5.5045 0.6756060670424119 0.6255611731879855 0.9488967281164361 0.49676171151506326
18 1.14 1.009 0.9413770528114507 0.6458512477849864 1.1034822557307642 0.3814936124699099
18 1.16 1.5085 0.9638051571349837 0.644605930111932 1.0836118144839524 0.43166851617901136
18 1.16 3.5065 0.9429302432700517 0.6543407644191601 1.0015822293406622 0.499820327264078
18 1.18 5.5045 0.9890511359645174 0.610525392570764 0.8389235060565826 0.4381992969553515
18 1.2 1.5085 1.1976817601345358 0.6519058795425625 1.0631871862734892 0.4579994873432155
18 1.22 4.006 1.2055244014158069 0.608850707785742 0.8749273403400971 0.4639562815489633
18 1.22 5.005 1.102081313449915 0.556606723964339 0.7798529490329609 0.41106118950927506
18 1.26 1.009 1.5800729287233104 0.6508738670723305 1.0709346223368286 0.44006141787052483
18 1.28 4.5055 1.4366834557578978 0.5701124824433448 0.7363647885915175 0.3677915639607692
18 1.28 8.002 0.9667359680680937 0.38362538415850544 0.23495208551152613 0.13521506155945784
18 1.28 9.001 0.8632930279613139 0.3425765983984002 0.06208914518779872 0.09254964909354112
18 1.3 3.5065 1.6018360767160869 0.5932726210054854 0.8098199546489132 0.4211498498913585
18 1.3 9.5005 0.7866566829146162 0.2913543269954505 0.0 0.07102355987662341
18 1.32 1.009 1.942707931164414 0.6617783231763611 1.073875450387903 0.461174189787549
18 1.34 5.5045 1.4949750478355077 0.4885539371992921 0.4491577913307665 0.20874779484415232
18 1.36 3.007 2.031755920166629 0.6270851605455797 0.8194373910543236 0.41513201127906224
18 1.38 3.5065 1.8213886167175766 0.5325697709709315 0.6940375149194831 0.3434479996423127
18 1.38 9.5005 0.7109416005660485 0.20787766099646604 0.0 0.028970723276090092
18 1.44 4.5055 1.8542164012169027 0.4682364649541162 0.3932138705074428 0.18027581843606375
18 1.44 9.001 0.5686866240254127 0.14360773334203933 0.0 0.01816299537857036
18 1.46 7.5025 0.637903082748047 0.1540828702504938 0.0 0.020489699895458294
18 1.48 0.5095 2.9120220872005342 0.6492082914183926 1.0786040890265851 0.42911412962924683
18 1.48 2.008 2.5764176171366624 0.596392966930386 0.8502664543624929 0.4471409038436415
18 1.48 2.5075 2.4033128201846248 0.5563224120790272 0.7361055370629618 0.3788798308559712
18 1.5 5.5045 1.3294634340301648 0.2954363186613993 0.025682114485023676 0.07123230489463447
18 1.54 2.008 2.934181921525189 0.6037411361161887 0.8019959417938044 0.4138772445913428
18 1.56 0.5095 3.3571792188672376 0.6498543451239468 1.0584827214779455 0.4470958528022406
18 1.56 2.008 3.1120765442941862 0.6174393421813263 0.7970137540957485 0.40437536626052806
18 1.56 2.5075 2.7052184927710403 0.5367497009468136 0.6727039355352813 0.32113611808166687
18 1.58 7.5025 0.6639573550405786 0.12719489557277383 0.0 0.0
18 1.58 8.002 0.4927735667283006 0.094401066419626 0.0 0.010953848645841136
18 1.58 9.001 1.0085455880520122E-10 5.325788642968231E-12 0.0 0.0
18 1.62 7.5025 0.47671426693833263 0.08543266432857165 0.0 0.007745773043537921
18 1.64 0.5095 3.8473235004992103 0.6554471718165477 1.049692954566896 0.4614125640108176
18 1.64 2.008 3.155597837127479 0.5478468467229544 0.7088685556957701 0.35666166481696754
18 1.64 2.5075 2.781954916540628 0.4829782841199797 0.5660152443455114 0.2723292545478793
18 1.66 9.5005 0.10139580340475175 0.017070000570675852 0.0 0.005477170803617485
18 1.68 3.007 2.688944081959272 0.43936994803348445 0.3206920836042636 0.16295702027039619
18 1.7 3.5065 2.5561140066651955 0.40573238200783196 0.13649019528153591 0.1043498500874135
18 1.7 9.5005 1.3958449725909748E-10 0.0 0.0 0.0
18 1.72 1.009 4.0905784661682585 0.6310956822125222 0.9284379306138311 0.49183552151769083
18 1.74 4.006 1.4989327265343366 0.22506497393861835 0.0 0.06087855894115655
18 1.76 5.005 0.6166993262082224 0.09016072020102303 0.0 0.010953848645841138
18 1.8 1.5085 4.155254368414254 0.5771186622799888 0.7439985446036602 0.3781029199972033
18 1.82 5.005 1.0225142535855558 0.13855206689409283 0.0 0.01642954049132167
18 1.88 6.004 8.207015970933576E-11 0.0 0.0 0.0
18 1.88 6.5035 0.34825210538737694 0.04397122542322051 0.0 0.0
18 1.88 8.5015 8.207015970933576E-11 0.0 0.0 0.0
18 1.9 4.006 1.3504284081532998 0.16671955658233076 0.0 0.022577533139205446
18 1.92 5.5045 0.5521737792672304 0.06668765448597683 0.0 0.0
18 1.94 7.5025 1.1489472105743109E-10 0.0 0.0 0.0
18 1.94 8.002 1.1489472105743109E-10 0.0 0.0 0.0
18 1.96 5.5045 0.42147981175570404 0.04878238562699814 0.0 0.0054771708036174885
20 0.0 4.5055 0.4343401739695076 0.04343401739675015 1.2038515106545609 0.02509201873169795
20 0.0 8.002 0.0 6.292187458989999E-13 0.21338638351970846 0.015490151729404796
20 0.0 9.001 0.0 6.292187458989999E-13 0.7104823428132229 0.012246591372295931
20 0.02 4.5055 0.988935346193513 0.11744749877545066 0.9117893459939947 0.020489699895458423
20 0.02 8.002 1.174345534810003E-11 6.292187458989999E-13 0.0 0.0
20 0.02 9.001 1.174345534810003E-11 6.292187458989999E-13 0.0 0.0
20 0.04 0.5095 6.128416692625061 0.6547422496735652 1.2481961724323452 0.4931644902428577
20 0.04 1.009 4.970098212862868 0.5623390370233246 1.2099972236992946 0.4630336555167661
20 0.04 2.5075 2.3422708429328933 0.32338475638303066 1.132665553923147 0.23553242187834214
20 0.06 1.5085 3.5813303713826374 0.4666255745212438 1.1890985926861442 0.3948347411087959
20 0.06 3.5065 1.991072392086616 0.24411313237247909 2.148327127564279 0.17000841943019712
20 0.06 9.5005 5.977446788343448E-12 6.292187458989999E-13 0.0 0.0
20 0.08 1.5085 3.3652588438832427 0.4642709767331054 1.1448114445749051 0.4150917242285919
20 0.12 6.004 1.168559745748477E-11 6.292187458989999E-13 0.0 0.0
20 0.12 8.5015 1.168559745748477E-11 6.292187458989999E-13 0.0 0.0
20 0.14 3.5065 2.0512333156397475 0.2410251576253527 0.4354940385210306 0.049837986137565474
20 0.14 9.5005 1.7088559328415626E-11 6.292187458989999E-13 0.0 0.0
20 0.2 5.005 0.1727287887277224 0.021591098590214887 0.0 0.009486453504339638
20 0.24 7.5025 0.2675907656678035 0.03520931127292868 0.0 0.005477170803617488
20 0.24 8.002 2.0728304687791735E-11 6.292187458989999E-13 0.0 0.0
20 0.24 9.001 0.37996087183461674 0.049994851561083624 0.0 0.007745773043537925
20 0.26 0.01 4.992790234281663 0.6928253751256521 1.2081217183343118 0.07606698455503479
20 0.26 3.007 3.364638637712863 0.41082935927962705 0.677394003712324 0.11552954700814452
20 0.28 2.008 1.9560790281218698 0.3782418451568768 1.3030799649544385 0.4380508130950436
20 0.3 3.007 2.629403833740949 0.36514803805684437 0.20920608508571872 0.11489608866940727
20 0.32 5.005 1.8088988107326154 0.26601453098995753 0.0 0.03504995599500152
20 0.34 3.5065 2.4262011705063835 0.36760623795514663 0.0 0.09191025800602577
20 0.34 9.5005 4.141088239581412E-11 0.0 0.0 0.0
20 0.36 5.005 1.7202225673248728 0.2687847761442003 0.0 0.03462039882092016
20 0.42 3.007 1.5553439834625464 0.316608077670641 1.6317045379711057 0.3466882002563047
20 0.44 5.005 1.4348541808971913 0.25622396087398847 0.0 0.04893121762063819
20 0.48 5.5045 1.1124537176304126 0.21393340723485074 0.0 0.042388418613803484
20 0.52 5.5045 1.1751085670614656 0.24481428480315742 0.0 0.053309530869325585
20 0.54 5.005 1.7302865986344684 0.3761492605730374 0.0 0.10047916720091173
20 0.56 5.005 1.6417378623225773 0.3731222414367122 0.0 0.10712294501665609
20 0.58 5.5045 1.3833338134280395 0.3293651936732061 0.0 0.08913989366373953
20 0.6 5.5045 1.5240860836805281 0.3810215209198263 0.0 0.10725962966568246
20 0.62 1.5085 1.6456070802654035 0.48622829769945525 1.191524702502126 0.4999438171552733
20 0.62 3.5065 1.2610138756354274 0.3439557943991891 1.3464266289018103 0.3453739620934385
20 0.64 5.5045 1.349200932573829 0.37477803682623045 0.0 0.13900257870520039
20 0.7 5.005 0.9957566057452428 0.33010869624456063 1.2794749009914865 0.2511974128274771
20 0.72 5.5045 0.936242218980166 0.3280870922942998 1.8297659536222568 0.23195852983489365
20 0.74 1.5085 1.2594935352059666 0.5185461297877862 1.193854782413938 0.48782980430516554
20 0.74 3.5065 1.0230260120325347 0.39742847575212437 1.2479474776938373 0.418353802822396
20 0.76 0.01 1.4425832654643935 0.6872821321402001 1.1791480550281712 0.050728389160508605
20 0.78 8.002 1.272875271282675 0.5779036289605384 0.7101036586504729 0.17100084237502297
20 0.78 9.001 0.9668960518750606 0.4394982053978311 0.0 0.13229750177993005
20 0.8 1.5085 1.0627173710144204 0.5542926775393322 1.1878416708483703 0.4740736536516863
20 0.8 3.5065 0.8777113514213197 0.43570392720154144 1.2045373559951422 0.4625674381713932
20 0.8 9.5005 0.9936163739723028 0.4961618369721292 0.5021311203199839 0.14984043073531092
20 0.82 8.002 0.6319463213436258 0.34969148917880977 1.4575622540555997 0.2223709513886416
20 0.82 9.001 0.5216077926042624 0.28919435323669473 1.3593196017757343 0.18814839491447916
20 0.84 2.008 0.8615984280401856 0.5440096834862698 1.2081674350877207 0.48900616844524286
20 0.84 2.5075 0.8023013225543719 0.5041480452548818 1.1819901338305012 0.49947777254793
20 0.86 4.5055 0.6308544790384379 0.4443962862670056 1.220230925342694 0.46529224319193524
20 0.88 2.008 0.6876587899413662 0.5640109068205966 1.1889628939773855 0.46804969537287666
20 0.88 2.5075 0.6493218948201547 0.5324776796269599 1.18541823244675 0.4892921872250139
20 0.9 6.004 0.4609567659369906 0.45590709062792273 1.1760249204972082 0.47085357120179716
20 0.9 6.5035 0.4439593739703879 0.44042343488372127 1.2103182614461516 0.45751169227941607
20 0.9 8.5015 0.4087257346755763 0.4081839724435157 1.246987239004179 0.3902671804619751
20 0.92 3.007 0.4601255527861607 0.5505409220362742 1.2003059374362477 0.4770531068433024
20 0.94 4.5055 0.3322971953575118 0.5388099846449296 1.1875708914569478 0.4882177516046928
20 0.94 8.002 0.28639348473046156 0.47568506629432167 1.2012018316378743 0.4922848008066237
20 0.94 9.001 0.27736630962774456 0.46071976768574685 1.1918210802000528 0.4838089724628886
20 0.96 0.01 0.927183439070267 0.6889546700832755 1.2022529491615113 0.039843290846003646
20 0.98 0.01 0.9816382385428498 0.681873376973298 1.1841091182557346 0.03238684935478697
20 0.98 3.007 0.17259309364707628 0.6168636453686761 1.1628180309974097 0.3631420070787743
20 1.02 3.007 0.16593771391174014 0.6295888874707063 1.1602708777195696 0.32468274273858483
20 1.04 4.5055 0.26526141743080744 0.6577621804973817 1.1448751380702296 0.3997627960791636
20 1.04 8.002 0.263436625501891 0.6585915637557698 1.0936212954509483 0.45976498931934845
20 1.04 9.001 0.265009258654817 0.6625231466375995 1.0956359642045452 0.47309835079428153
20 1.06 4.5055 0.40855348502450933 0.6770998188738865 1.1235612182495296 0.4402715772658395
20 1.14 3.5065 0.9156153454150399 0.6540109610107285 1.065240977123748 0.49553201927755497
20 1.14 9.5005 0.786583388072931 0.5618452771946961 0.7427661329752846 0.35081808817577265
20 1.16 7.5025 0.9458827812898235 0.591176738306341 0.7802141016293528 0.3787764583664621
20 1.16 8.002 0.9172572340326189 0.5732857712702917 0.7528379865967267 0.35610073300688555
20 1.16 9.001 0.9157289312428415 0.5723305820262871 0.696755901165708 0.3107608570850122
20 1.18 4.006 1.1476906755201648 0.6376059308444991 0.9840598612155509 0.4907813356118805
20 1.2 4.5055 1.1928221525280411 0.596411076264029 0.8917164382677741 0.4608213916246963
20 1.2 8.002 1.0537993659867264 0.5268996829935914 0.6138289271579165 0.2632960348464164
20 1.2 9.001 1.0114175002750971 0.505708750137595 0.5138430295393877 0.21715979468047886
20 1.22 1.5085 1.4831294684935017 0.6691777664759383 1.1187265781944848 0.46184951087226794
20 1.24 0.5095 1.7361619990294272 0.6559507747597108 1.1616497343299437 0.34427140862359723
20 1.24 2.008 1.6237800633689137 0.675398173566011 1.0710468990734414 0.4945043118151392
20 1.24 2.5075 1.6073416508092997 0.6695552528808174 1.0209908999027872 0.4997869343832026
20 1.26 6.5035 1.2796413731485015 0.4921697589031036 0.5648318452545609 0.2434493373087208
20 1.28 3.007 1.8335626574286776 0.6548438062245548 0.920750345347519 0.47191473330399986
20 1.3 7.5025 1.070530322769101 0.3568434409234089 0.22595974847775976 0.12380522293398316
20 1.32 9.5005 0.9569269815451108 0.2990396817336009 0.0 0.04343324574457832
20 1.34 4.006 1.9877327505186457 0.5846272795643336 0.7301142633439224 0.33500277872553236
20 1.36 5.005 1.8255832311844644 0.50710645310612 0.5143930035015046 0.22140164299961293
20 1.38 7.5025 0.9891731063377511 0.2603087121942137 0.044115949929916305 0.06304062150387839
20 1.4 0.5095 2.7896231334264883 0.672999986166994 1.1440901810776825 0.39835865389817643
20 1.4 2.008 2.570237453314217 0.6425593633285773 0.9397925682702151 0.48041412569661074
20 1.4 2.5075 2.547598889208542 0.6368997223021534 0.8698453818590063 0.4330971109421542
20 1.44 3.007 2.376188366620044 0.5400428105955661 0.7314605557113522 0.35045211136150883
20 1.48 6.004 1.2090034679946546 0.25187572249759843 0.015490151729404728 0.052178295054550836
20 1.48 6.5035 1.0334953783440137 0.21531153715397838 0.0 0.03870096927273689
20 1.48 8.5015 0.32529874798001523 0.0677705725027199 0.0 0.009486453504339623
20 1.5 4.006 2.459383742251462 0.4918767484503077 0.3771997614419403 0.16984237763713933
20 1.52 5.5045 1.63020053678586 0.31350010322889416 0.087129527635426 0.0552328443404754
20 1.56 6.004 1.405711876898109 0.25101997802327686 0.0 0.02386798699735491
20 1.56 6.5035 0.7626080578457232 0.13618001033506755 0.0 0.013415267434605591
20 1.56 8.5015 1.6107999895014397E-10 0.0 0.0 0.0
20 1.58 0.01 5.014852706206316 0.691594982939771 1.1984094467815274 0.0845472206468339
20 1.58 3.007 2.7639602811735053 0.47654487606545065 0.5323265324416055 0.22321479669034158
20 1.6 2.008 3.3854304131399746 0.5642384021900023 0.7735696059956912 0.37745263348344704
20 1.6 2.5075 3.0914049023321644 0.515234150388737 0.659068985211414 0.29667991089372525
20 1.64 6.004 1.2617645789101595 0.19715071545564783 0.0 0.017317996446759475
20 1.64 6.5035 0.7894359359762775 0.12334936499768173 0.0 0.020489699895458322
20 1.64 8.5015 1.6497023961002548E-10 0.0 0.0 0.0
20 1.68 5.005 0.6002886842914924 0.08827774768833686 0.0 0.02190375315675214
20 1.7 7.5025 1.4811966616137917E-10 6.020026937418675E-12 0.0 0.0
20 1.72 3.5065 2.793989566011123 0.388054106390164 0.1732914868267096 0.09142767694451584
20 1.72 9.5005 0.33968015722137485 0.04717779960193916 0.0 0.0
20 1.76 1.5085 4.582728145109085 0.6029905454090818 0.8174581922977405 0.39913035236809535
20 1.76 3.5065 2.3419297287521763 0.3081486485190907 0.042388418613803394 0.08060579525292934
20 1.76 9.5005 9.567291927271454E-11 6.020026937418675E-12 0.0 0.0
20 1.8 8.002 0.3980266702248756 0.049753333797164526 0.0 0.0
20 1.8 9.001 0.0 0.0 0.0 0.0
20 1.82 1.5085 4.769988243464991 0.5817058833494286 0.7762600966320105 0.3719664997508561
20 1.82 3.5065 1.8208583117161368 0.22205589167072065 0.0 0.05414227448793971
20 1.86 4.006 1.8111006003997927 0.2105930930674586 0.0 0.03504995599500154
20 1.88 5.5045 0.4363611558247732 0.049586494982462447 0.0 0.0
20 1.9 7.003 0.3173187951750616 0.035257643911352304 0.0 0.0054771708036174755
20 1.92 4.006 1.7188335212362604 0.18682973057128102 0.0 0.020489699895458274
20 1.94 0.01 7.40105522423594 0.6790791606198562 1.195685038694894 0.10364444114590339
20 1.98 4.5055 1.1256840994758743 0.11486572443602319 0.0 0.00774577304353794
20 2.0 5.005 0.1671603513987622 0.016716035139004777 0.0 0.0
