10 0.0 0.01 3.293349805447293 0.6586699610894609 0.934546288423974 0.09974517036428282
10 0.0 3.007 0.7121328603352887 0.14242657206704878 0.6740522545221903 0.14044567794724186
10 0.02 3.007 0.766673914795046 0.1794339072002935 0.7555101305466304 0.17721930916084153
10 0.04 6.004 0.5169199503514419 0.08284034642699543 1.1920442418758812 0.05709062889172625
10 0.04 6.5035 0.37651368750482705 0.0648930729564762 0.9094507076579343 0.04831715901197389
10 0.04 8.5015 0.2654058293996137 0.0250874329961275 0.8521009908363142 0.027375993236772908
10 0.06 7.5025 0.40484883369489333 0.041302656927254544 0.9777300029822195 0.0250920187316978
10 0.06 8.002 0.3100956619795929 0.01630375570009602 0.7074721253392398 0.012246591372295938
10 0.06 9.001 0.208696526766856 0.009663431802425348 0.5002239652494581 0.009486453504339635
10 0.08 4.5055 1.029322914708126 0.16909121374964306 1.4272868635735192 0.09365771075617024
10 0.08 8.002 0.4586542579728468 0.0417742149358358 0.7490936336663858 0.013415267434605664
10 0.08 9.001 0.27552516687668127 0.02433454471358351 0.468498889146823 0.013415267434605695
10 0.12 5.5045 0.8681364669520056 0.14391067182578865 1.0195008453101677 0.04411594992991611
10 0.14 7.5025 0.6111663575205245 0.09737064121943607 0.4880591796391216 0.02323174128148625
10 0.16 2.008 1.0483735351883687 0.3663649914576629 0.9351775708409665 0.44010995577356415
10 0.16 7.003 0.3403647625974136 0.08076577090712457 0.029986647164859177 0.013415267434605627
10 0.18 2.008 1.0280440564466722 0.37044710245983736 0.9552736562917035 0.44399439898400034
10 0.18 2.5075 1.1846746640291892 0.36776260505618513 1.1054153976276835 0.3878210103626676
10 0.18 7.003 0.33737621892624614 0.06690736547579161 0.17133020447510364 0.007745773043537936
10 0.2 3.5065 1.9096654162112707 0.3767391663211895 1.6606063807284372 0.23771037619143107
10 0.2 9.5005 5.887929564485882E-12 4.726469128334501E-13 0.0 0.007745773043537939
10 0.22 2.008 0.9860144474236603 0.3726373973952064 0.9812614122408935 0.45714041253014176
10 0.22 2.5075 1.1988560311506151 0.3699045510474214 1.1539801060527364 0.40675486664313426
10 0.22 7.003 0.47883040164945967 0.12277702606363022 0.0 0.007745773043537919
10 0.24 0.01 2.05463456898322 0.6606371066610026 0.9381973712033953 0.07606698455503484
10 0.26 5.005 0.8081249950383912 0.20021013605464022 0.19187259589746622 0.03589357626051627
10 0.3 5.005 0.6571116716996702 0.1862890544901852 0.03374480423872133 0.026823288486981844
10 0.32 3.5065 1.9612184441556553 0.45362066549496416 1.5699787024548102 0.23235910269079657
10 0.32 9.5005 8.959364871093365E-12 4.726469128334501E-13 0.0 0.0
10 0.34 7.5025 0.14150893945044637 0.042881496803737346 0.0 0.012246591372295921
10 0.34 8.002 0.18624415434105493 0.05643762252770603 0.0 0.007745773043537934
10 0.36 3.5065 2.0326324902556845 0.5190453274631982 1.6297046970715827 0.2552327311995026
10 0.36 9.5005 5.7744977620140795E-12 4.726469128334501E-13 0.0 0.0
10 0.38 5.5045 0.5802683930307939 0.18530766230656023 0.027917725662414225 0.035474286687705386
10 0.4 2.008 0.8886224916771975 0.38393460749931574 1.0113832164142715 0.47593701482956724
10 0.4 2.5075 1.068533889990219 0.3860809929438135 1.1902328564784388 0.4286646738450967
10 0.4 7.003 0.4603420607696937 0.15344735359008277 0.0 0.02323174128148623
10 0.42 5.005 0.6854162735495606 0.23362650098290907 0.04095356429410207 0.05964302916353395
10 0.44 1.5085 0.885360446689217 0.4280162720380473 0.942671584583176 0.49963873324762254
10 0.44 3.5065 1.5665695688744052 0.4773917005659188 1.6222517549131408 0.28686992918898896
10 0.44 9.5005 0.11699061160025051 0.04178236128668279 0.0 0.0
10 0.48 4.006 1.6373870865514648 0.5562941715979672 1.2982486568994973 0.18718527512530303
10 0.5 5.005 0.8843738997078541 0.34525797626288246 0.21363328794293895 0.08763658140201534
10 0.54 1.5085 0.8402089247469343 0.43571758239466557 0.9350174724025865 0.49993592508510215
10 0.54 3.5065 1.149452974751432 0.45029413789259864 1.420356214717179 0.3294352975100757
10 0.54 10.0 0.27360741081613793 0.11895974383201907 0.0 0.014489927551992325
10 0.56 3.5065 1.0785731929117186 0.4458804858139515 1.4343666062886007 0.32302414936790375
10 0.56 9.5005 0.2740926727274385 0.12458757850805467 0.0 0.017317996446759465
10 0.58 4.006 1.2644108788458415 0.5494676677414444 1.5012140658860138 0.2752176232870044
10 0.62 7.5025 0.4540242750620349 0.23896014476875072 0.0 0.0611226238065397
10 0.62 8.002 1.025849242721435 0.5337898271429493 1.077667864164106 0.04893121762063854
10 0.62 9.001 0.4267507310800143 0.2246056479368131 0.0 0.03908547586458826
10 0.66 4.5055 0.9532233765906042 0.5243693609305582 1.4792020319250199 0.26392461263004435
10 0.68 2.008 0.6719817184341849 0.41152336896832176 0.9373569330279313 0.48981568712517853
10 0.68 7.003 0.6043098321484797 0.37753564412499296 0.19186849864465735 0.09735764847601118
10 0.7 1.5085 0.6816827345997758 0.44957401219432114 0.9039771426406169 0.49984720273070327
10 0.7 3.5065 0.619928555115605 0.3873741887198899 1.1161749098975775 0.38538509313802416
10 0.7 10.0 0.3248184377575752 0.21654562517238982 0.0 0.03504995599500156
10 0.74 7.5025 0.7472134434617272 0.569611526487987 1.3138692197939614 0.15536309448487529
10 0.74 8.002 0.6164708365474688 0.47352732795850017 0.5116048782574617 0.10684902589701059
10 0.74 9.001 0.5697719388791375 0.43610807883307007 0.6980914507288642 0.10018624071787086
10 0.76 0.5095 0.8806780353362855 0.5453829841473737 0.8858667711104156 0.40325821697843706
10 0.76 1.009 0.7041368309898847 0.49609833712442725 0.8806076049283006 0.4748616433333972
10 0.78 0.01 1.7481791333111398 0.6509054475680159 0.9265589616730325 0.07308363078622603
10 0.78 3.007 0.4830417689267583 0.4029248371845836 0.9276110221693178 0.459120911440597
10 0.8 7.5025 0.45537298785022745 0.45037401091655843 1.3476457849418786 0.227257869498367
10 0.8 8.002 0.5921978922372427 0.5871780991451607 1.455344873710894 0.20424923703856404
10 0.82 0.01 1.9750822857715693 0.6555142264794297 0.9308707232856047 0.07449107135699308
10 0.82 3.007 0.4235319077858288 0.4113400323960918 0.9297744069226799 0.47422428360246077
10 0.84 6.004 0.3190930484497703 0.3863959101541637 1.0576695994373302 0.3563371335741862
10 0.84 8.5015 0.3537919202332475 0.4400673150579512 1.335327942697771 0.2586879951188222
10 0.88 6.004 0.25062283400841856 0.40009340604498334 0.9849510334065592 0.40966193318951605
10 0.88 8.5015 0.23501639875710104 0.3884566067153776 1.0514307545695938 0.33783949838282795
10 0.9 5.5045 0.21901151915175174 0.40973643260287873 0.9246516119950068 0.44901267678817736
10 0.92 5.005 0.19214201700437866 0.42719592822133545 0.8979949867406349 0.48151376791456646
10 0.94 0.01 2.5167966709261074 0.6570311157711398 0.9299939280371207 0.08627760754235805
10 0.94 3.007 0.23742971064852586 0.4609101142881902 0.8668057629180626 0.4995210730658698
10 0.96 1.009 0.6225699652601936 0.5173420092839752 0.8597495764200751 0.4568073525154341
10 1.0 0.5095 1.0374020207160382 0.553064372701018 0.8701805971226496 0.3985178685665775
10 1.0 2.008 0.30741348098028676 0.4971116585450517 0.8465993432780733 0.46940880242900423
10 1.0 2.5075 0.22905167596808865 0.4972347031110654 0.8426731812281183 0.47441440013429687
10 1.0 7.003 0.019744665141752934 0.4905796371684513 0.8420041755427813 0.4780857345560715
10 1.02 5.005 0.07567891765623025 0.505392747182617 0.8362577885849425 0.4841669509275895
10 1.04 0.01 3.0281932588662643 0.6580244094054312 0.9319634859340381 0.08814062635274171
10 1.04 3.007 0.19469842645108457 0.5123500376957986 0.8350072585122973 0.4835100804810358
10 1.08 0.5095 1.1613005650151504 0.5555658282578526 0.8608029720735297 0.4187850688906386
10 1.08 2.008 0.3613357658704173 0.522027699385112 0.8260513980542337 0.48301624144511657
10 1.08 2.5075 0.29332872145438976 0.5279920300268927 0.8198897798740609 0.4896488947067601
10 1.08 7.003 0.22989944736654438 0.5734993060250717 0.7596914326255748 0.4980774911976455
10 1.1 4.5055 0.2840638106581888 0.5619094240081217 0.7852557579905217 0.49997466686155295
10 1.1 9.001 0.2903520316699104 0.5807040633397991 0.669551457244418 0.4590950275920113
10 1.12 2.008 0.41348520839124026 0.5303046770920867 0.8091325053270502 0.49021150228742094
10 1.12 7.003 0.3455439897328469 0.5756046572423201 0.6902377152215395 0.4702715906692009
10 1.14 7.5025 0.405753969265709 0.5796485275225373 0.6256801167707102 0.42864665851627487
10 1.16 0.01 3.5845079558017954 0.649313306408101 0.930922303530201 0.10018624071787129
10 1.16 3.007 0.4703450043591223 0.5708328143617473 0.7745174612279545 0.4999838804513507
10 1.18 10.0 0.4094786906686908 0.45497632296511603 0.2923104964978597 0.23184391839063873
10 1.2 3.007 0.5908893423541265 0.5826832454998674 0.751537120927848 0.49612868604072713
10 1.22 8.002 0.5139921674261629 0.46726560675080175 0.3152386765066173 0.24654490923203834
10 1.22 9.001 0.49784489953389144 0.4525862723035536 0.2374313068553089 0.20038460162433933
10 1.24 6.004 0.621539089611437 0.5179492413427064 0.46772761042360617 0.3251389293331536
10 1.24 6.5035 0.6079374399672496 0.5066145333056299 0.40222235430683473 0.29938751291444643
10 1.24 8.5015 0.5313129502259619 0.44276079185493733 0.21549017343985374 0.18725956596543386
10 1.28 5.005 0.7354961993851388 0.525354428132518 0.4640959584961825 0.3380357858880143
10 1.34 10.0 0.3951325046721937 0.2324308851027801 0.02568211448502361 0.05217829505455106
10 1.36 3.5065 0.988294189482413 0.5489863312509349 0.5410096568861333 0.3750105003854857
10 1.36 9.5005 0.40754262215827786 0.22641256786603933 0.0 0.047064783538273536
10 1.4 6.004 0.7050592908100569 0.35252964540492915 0.09659895800824851 0.12298059343148876
10 1.4 6.5035 0.7153808696946691 0.3576904348470872 0.06512983327090999 0.11578190553011569
10 1.4 8.5015 0.48504889852448135 0.2425244492638636 0.0 0.05414227448793986
10 1.42 0.5095 1.7373397684785594 0.5655097766713563 0.8348271783280746 0.46909974919867997
10 1.42 2.008 1.2263267183747013 0.5803209035661564 0.692359472080427 0.4711208767350329
10 1.42 2.5075 1.2042206139432552 0.5728163406223883 0.6224807648068069 0.42637212597033064
10 1.42 7.003 0.5694703976860104 0.27117637984979437 0.0 0.07288029970905337
10 1.44 5.005 0.8685977714106082 0.3948171688227574 0.15408184932880734 0.16417029721154036
10 1.46 0.5095 1.8143118698414609 0.566604645808665 0.8343913566485922 0.4731393785514528
10 1.46 1.009 1.4243890029167223 0.5695428039847575 0.7858484232000873 0.49942973975248706
10 1.46 2.5075 1.322181049988578 0.5747036808189486 0.5798583283961987 0.4032582169784371
10 1.48 5.5045 0.764080421917801 0.31836684246607305 0.06232839764092642 0.10518981439874515
10 1.5 10.0 0.2582080541430527 0.10328322165722097 0.0 0.01448992755199234
10 1.52 4.006 1.012061029502893 0.3892542421164355 0.17729843586149752 0.17848052177591955
10 1.56 5.5045 0.7893388692795855 0.28190673902866614 0.019744665141752948 0.06558491432525038
10 1.58 1.009 1.7578424582067502 0.5812461680222003 0.759143465181158 0.49883033962730117
10 1.6 8.5015 0.30212591566544594 0.10070863855543294 0.0 0.009486453504339618
10 1.62 0.5095 2.1454169382394737 0.5643488572287296 0.8173566183222588 0.486176647289801
10 1.62 1.009 1.8642746825224041 0.5841103836457917 0.7447589287496386 0.49652388501422834
10 1.62 2.5075 1.5297487010101214 0.49346732290670925 0.4042425776833343 0.29488080739594563
10 1.64 5.5045 0.63629765244621 0.19884301638853766 0.0 0.04411594992991621
10 1.68 1.5085 1.983637498294025 0.5819676783808106 0.6383213028253354 0.43786903834982355
10 1.68 3.5065 1.2858950433859146 0.37820442452554887 0.10588446102734532 0.13152971946594028
10 1.68 9.5005 4.0003666969786086E-11 0.0 0.0 0.0
10 1.7 0.01 6.26698747621332 0.6474859961502604 0.9252638950799179 0.1355350593247031
10 1.72 7.5025 0.25293797440082494 0.07026054844312676 0.0 0.012246591372295938
10 1.74 4.5055 0.8364676672496558 0.22607234249924885 0.0 0.05043335270709322
10 1.76 7.5025 0.1320096624439404 0.03473938485339537 0.0 0.005477170803617485
10 1.76 8.002 0.1190479514740337 0.03132840828233347 0.0 0.005477170803617488
10 1.76 9.001 0.3244827101267103 0.08539018687509836 0.0 0.007745773043537919
10 1.78 4.006 1.2096356396401207 0.3101629845235106 0.03504995599500147 0.06351092948796379
10 1.8 0.01 6.958071781484984 0.6530637230615665 0.9348992665567908 0.1361726205001676
10 1.8 3.007 1.4159814002061142 0.35399535005131494 0.09930205935922153 0.1291969515306599
10 1.82 7.5025 0.3977327345881783 0.097007984044531 0.0 0.009486453504339618
10 1.82 8.002 0.28206918063549247 0.06879736112782459 0.0 0.0
10 1.82 9.001 4.158793118849487E-11 0.0 0.0 0.0
10 1.84 0.5095 2.7337477085949025 0.5845347415882939 0.8035573432463319 0.49675483781807894
10 1.84 2.008 2.0726543674331506 0.4933880750309639 0.3629289953307483 0.2669892688509409
10 1.84 2.5075 1.9424836490831938 0.46249610692448095 0.19427485009741988 0.1719867852812327
10 1.84 7.003 0.37242307821876663 0.08867216148268171 0.0 0.0
10 1.86 1.5085 2.358523370598538 0.5483212658816214 0.5053173105042286 0.358304554540043
10 1.86 10.0 3.716669061339539E-11 0.0 0.0 0.0
10 1.9 4.5055 0.6534545063412427 0.14521211252054547 0.0 0.01974466514175285
10 1.92 10.0 4.210870338148628E-11 0.0 0.0 0.0
10 1.94 0.5095 2.9464229496017635 0.5809514402957799 0.7853898078354868 0.4995381358479207
10 1.94 1.009 2.72432633454175 0.5768591474682476 0.6523387689126076 0.45232798502287996
10 1.96 2.008 2.1949098063726686 0.45727287632768226 0.23482436391100803 0.20585049784783074
10 1.96 7.003 3.9450532894549743E-11 0.0 0.0 0.0
10 2.0 1.5085 2.5743241184976515 0.514818253797065 0.41934307571369134 0.30612962510229125
10 2.0 3.5065 1.1741980335810143 0.23483960671614007 0.0 0.035049955995001665
10 2.0 10.0 0.0 0.0 0.0 0.0
12 0.02 5.005 0.5846128706856687 0.09790080174115533 0.976800251844515 0.06038742529962655
12 0.04 5.5045 0.6176209334892871 0.11076571101850734 1.1591863582869708 0.04983798613756536
12 0.06 0.01 3.6685696588086727 0.6687958880032568 0.9981932387578347 0.09365771075617065
12 0.08 3.007 1.1205007896674997 0.27316603621819957 1.09154612875901 0.26387633411643713
12 0.1 2.008 1.3929919984569124 0.3583462762888983 1.016408340061945 0.39231959023756874
12 0.1 2.5075 1.3396243477262515 0.3308095186016238 1.0950108482349548 0.33141143882876034
12 0.1 7.003 0.5701341981274061 0.08486846410898671 0.42701353588717733 0.010953848645841159
12 0.12 4.006 1.7050023655377662 0.23929416811582796 1.7059903397591902 0.11778020963216444
12 0.14 0.01 3.227844291064265 0.6710967006380301 1.0055698876727792 0.08366820481948387
12 0.2 7.5025 0.09191687093704506 0.019149348112039312 0.0 0.005477170803617481
12 0.2 8.002 0.2866436436383868 0.059717425758216126 0.0 0.00547717080361749
12 0.22 8.5015 4.605177912508101E-12 6.516781781991952E-13 0.0 0.0054771708036174885
12 0.24 1.009 1.6525355920779152 0.5043658918150075 0.9919726654495646 0.49857437307352603
12 0.26 3.5065 3.071889501561107 0.5347614776551578 1.8794774997455461 0.18220420199031512
12 0.26 9.5005 1.0506092974631346E-11 6.516781781991952E-13 0.0 0.0
12 0.3 3.5065 2.157831424631114 0.4341275547524329 1.0562020605429558 0.11035441052117627
12 0.3 9.5005 0.253481728979123 0.06035279261354694 0.0 0.0054771708036174885
12 0.32 7.5025 0.3283856414176687 0.08048667681907981 0.0 0.01341526743460563
12 0.34 0.01 2.162792566244265 0.6722866706968949 1.0053789988023656 0.07060418012762772
12 0.36 7.5025 0.1826889107082293 0.04757523716744357 0.0 0.005477170803617481
12 0.36 8.002 0.3784638133677228 0.0985582847353396 0.0 0.007745773043537919
12 0.38 4.006 1.2844632317272273 0.32304781402605753 0.3510698630246733 0.09629374266797258
12 0.42 1.5085 1.1261985114791813 0.4281130890646683 1.0096489377472295 0.4976837356781206
12 0.42 3.5065 2.5662660479818653 0.6245217868921821 1.9928457939717013 0.2244134222728913
12 0.42 9.5005 0.2975225614831591 0.08549498893348101 0.0 0.0
12 0.44 7.5025 0.6164896123239952 0.18347905128802464 0.0 0.01731799644675935
12 0.44 8.002 0.27572705565338035 0.08206162370726838 0.0 0.009486453504339598
12 0.46 0.5095 1.3586059588090063 0.5723312191906688 0.9932127902321971 0.4056134742707638
12 0.46 2.008 1.041534963423314 0.39012934450816905 1.077544274782053 0.4725618928746123
12 0.46 2.5075 1.1841124563889165 0.38877389737322077 1.260652733096907 0.42277089763065406
12 0.46 7.003 0.6398493385900974 0.1974843637675434 0.0 0.020489699895458326
12 0.48 10.0 0.4051225798393491 0.12984698071790426 0.0 0.012246591372295989
12 0.5 1.5085 1.0557724055255477 0.44041002946556956 1.0021393867957447 0.4994901376863432
12 0.5 3.5065 1.6538274197133345 0.49115930681773123 1.8560830566130049 0.31211733218005194
12 0.52 2.008 0.9804707440604337 0.39716539697340986 1.0668133007332803 0.47977690043111915
12 0.52 7.003 0.5070992138923582 0.1760761159359015 0.0 0.02791772566241434
12 0.54 7.5025 0.5344090439125386 0.1936264651865408 0.0 0.027375993236772825
12 0.54 8.002 0.530777604748728 0.19231072636150068 0.0 0.024487670441670936
12 0.54 9.001 0.24224316374804541 0.08776926223013953 0.0 0.007745773043537924
12 0.56 7.5025 0.6268976711339682 0.2374612390645408 0.0 0.032386849354787105
12 0.6 2.008 0.9202131812022389 0.4172049036570446 1.0524464297467346 0.48386371842270315
12 0.6 7.003 0.6514495585771761 0.2714373160738386 0.0 0.05496225515851096
12 0.62 0.01 1.211947614093451 0.6712927337241172 0.9999057764031298 0.06558491432525038
12 0.62 3.007 0.8148541710986595 0.36307752188550096 1.1259966392797303 0.4051803031022775
12 0.64 2.008 0.8414311015806721 0.4186561890501823 1.0122526769784892 0.487823058428187
12 0.64 7.003 0.7308228147899505 0.33834389573589185 0.0 0.07684254129985169
12 0.7 7.5025 0.705049584396905 0.3915085694669768 0.08419674762420834 0.09302620686118057
12 0.7 8.002 0.5631811039031503 0.312878391057658 0.0 0.0831362044183967
12 0.7 9.001 0.6152244702899397 0.3417913723819997 0.0 0.06997030114662
12 0.72 2.008 0.7356294402189617 0.44043945448797833 0.988363095466079 0.49491366383809016
12 0.72 2.5075 0.7026949332215549 0.4102998492554037 1.0192241157026147 0.4725618928746124
12 0.72 7.003 1.222539460449805 0.7210485553823794 1.8919513756742887 0.14044567794724208
12 0.74 0.01 1.3749528633252195 0.6718101124030201 1.0066968146457635 0.06954444073162785
12 0.74 3.007 0.6446120083858049 0.3927928910931401 1.032563811845536 0.44596219482932037
12 0.76 6.004 0.7046735874974326 0.4781675228452221 1.665554327616673 0.24807363384090209
12 0.76 6.5035 0.8158803960186098 0.5573336793867902 1.8853129091912757 0.21578561577406655
12 0.76 8.5015 0.6114358297318736 0.42400781400185256 0.329383206597924 0.11323158344141193
12 0.78 1.009 0.7476186938552979 0.5199101309972881 0.9617855679257282 0.4648183429924967
12 0.8 0.01 1.524790405247616 0.6795777317815925 0.9988094374787393 0.06351092948796377
12 0.82 1.009 0.6952488132794308 0.528644953183169 0.9556037796580765 0.4597393374942872
12 0.84 5.5045 0.3846124514167622 0.38496654430900196 1.0665772467371009 0.3754596467381436
12 0.86 4.006 0.3813810314470209 0.41638813881265796 1.0032504159417674 0.46123700008438623
12 0.86 5.005 0.3569330409893456 0.4040234005395443 1.020605165555853 0.42830382404903966
12 0.88 5.5045 0.2992552136058396 0.3999646507377741 1.014263768156896 0.4322107958804821
12 0.92 1.5085 0.4671141858464883 0.5106635786691918 0.9377853231218559 0.4702390736597316
12 0.92 3.5065 0.27040357660431186 0.463261230579707 0.956428973954222 0.4995050520234321
12 0.92 9.5005 0.1849244914422385 0.38432845411962047 1.041830853930618 0.40159911655001623
12 0.96 6.5035 0.11886612064724522 0.46760994381333426 0.9498773785653085 0.49962945294890676
12 0.96 9.5005 0.10761592017421279 0.4472224702098743 0.9687197252604147 0.4884421439540535
12 0.98 3.5065 0.15741079924749796 0.5041395141073004 0.9324164381700584 0.4745041897631335
12 0.98 9.5005 0.05764964240417266 0.48041368670450657 0.9451262615873848 0.4981714788116745
12 1.0 6.004 0.040586870135416855 0.5174564758909642 0.9286202750943559 0.45284923431173285
12 1.0 8.5015 0.007745773043537918 0.5197123809083439 0.9202718761138586 0.451547000426137
12 1.02 3.5065 0.1331578527395271 0.5383282050806707 0.9158911265004223 0.459405020338789
12 1.02 9.5005 0.06560493667094065 0.5467078055877259 0.896528210449863 0.4735376192723007
12 1.06 4.006 0.21510315681487513 0.559164854523371 0.8917276588605175 0.47842429792777996
12 1.06 5.005 0.20926679393039893 0.5716857301171901 0.8840941427426098 0.48637051122016933
12 1.08 6.004 0.2846167813210623 0.5925453189171933 0.8485839284933334 0.49925838797207367
12 1.08 6.5035 0.2882895235471005 0.6000164743357328 0.8415190055484574 0.49996314356014765
12 1.08 8.5015 0.2931656376864864 0.6107617451801788 0.8042343657791599 0.4939946596285932
12 1.1 3.007 0.3687506526607882 0.580129731406929 0.892283243015004 0.48538690056766826
12 1.16 1.009 0.8174057836476992 0.5665421345224728 0.9103648385808619 0.4531156131755685
12 1.18 4.5055 0.6617189429436072 0.6121350501170103 0.7656332719221158 0.4784880338501747
12 1.18 9.001 0.5236330145374349 0.48484538383082104 0.4157431558196159 0.26784240575160073
12 1.2 5.005 0.7264138977347244 0.6053449147788733 0.7041111208285604 0.4398670285537074
12 1.22 0.01 3.638734065195917 0.6645184857964018 0.9946593394855604 0.09254964909354092
12 1.22 3.007 0.8083762089133109 0.6098314480496981 0.803243518882991 0.4951059717371563
12 1.24 5.5045 0.791602089600238 0.5497236733342258 0.5756984355366956 0.3520326042502886
12 1.28 3.5065 1.0016531239752684 0.5960513888277557 0.7141637422212762 0.44484506434067994
12 1.28 9.5005 0.5376594503873001 0.32003538713652674 0.04953759239971377 0.09094244606546027
12 1.3 0.5095 1.5816218241793247 0.5879153820271625 0.9151050335864482 0.4315983490073901
12 1.3 1.009 1.2017756174122105 0.5869540138237089 0.9015085267407678 0.4793964700915191
12 1.3 2.5075 1.0956974757840556 0.6066105365143241 0.7794735815477474 0.48681731905959996
12 1.34 4.5055 1.0940637859831646 0.5363057774433222 0.4727468972382682 0.2983816706863761
12 1.36 7.5025 0.6927966931891971 0.3207392098098922 0.058125226152304685 0.0879729424832532
12 1.38 0.5095 1.807983324826494 0.5934383609984805 0.9114335183410583 0.44501426815622275
12 1.38 1.009 1.4500650091471723 0.5935820088871071 0.8772007158244567 0.4904867401629658
12 1.38 2.5075 1.3807388056010226 0.605440466017722 0.7201173674571993 0.4507298149301534
12 1.4 5.5045 0.9576169495199995 0.39900706230086 0.12601454045677374 0.14217665441988828
12 1.42 6.004 0.9061638597415368 0.3595888332280817 0.08060579525292959 0.10942224760126248
12 1.42 8.5015 0.567510838465709 0.225202713674151 0.0 0.03946621370857952
12 1.44 3.5065 1.3830029809317774 0.5238647655055326 0.4751502810345982 0.2876392752268376
12 1.44 9.5005 0.38888149658716864 0.14730359718089836 0.0 0.01897034531398833
12 1.46 6.004 0.8046137144966493 0.29152670815341586 0.016429540491321615 0.07741898839561966
12 1.46 6.5035 0.6374356576943777 0.2309549484399932 0.010953848645841162 0.0598922042502706
12 1.46 8.5015 0.5416271264952612 0.1962417124944963 0.0 0.019744665141752927
12 1.48 4.006 1.4411503826733925 0.5003994384304082 0.2930508702069492 0.2011373228564622
12 1.5 4.5055 1.2045425282501074 0.40151417608364726 0.13510821389299896 0.13649019528153578
12 1.52 1.5085 1.8640307910669975 0.5944308072356712 0.7616446548688051 0.48296000366800346
12 1.52 10.0 0.3553765184887603 0.11390273028000494 0.0 0.009486453504339621
12 1.54 4.006 1.2946036010205335 0.39956901266126554 0.18478962777917 0.16164576459559152
12 1.54 5.005 1.0549747198712534 0.3256094814433874 0.04445334002525373 0.07348856846736858
12 1.58 9.5005 0.1753768063783309 0.0503956340305244 0.0 0.0054771708036174885
12 1.6 5.5045 0.9023203379261615 0.2506445383128707 0.0 0.05523284434047584
12 1.62 6.004 0.7391752198559031 0.1987030160878248 0.0 0.02844911258091892
12 1.62 6.5035 0.5074317258563503 0.13640637791306018 0.0 0.014489927551992337
12 1.62 8.5015 0.5025456729774136 0.13509292283665592 0.0 0.009486453504339626
12 1.66 0.5095 2.657374742051761 0.6025297068627511 0.8847205552895969 0.4790391914660305
12 1.66 2.008 2.179128730261232 0.5502312144379408 0.5609545038266309 0.35284773232894384
12 1.66 2.5075 1.9585460595627402 0.49458233827431225 0.4149370395698207 0.26670404047140767
12 1.66 7.003 0.09775283114438225 0.024685058372333975 0.0 0.005477170803617486
12 1.68 7.5025 0.29902131252414943 0.07328953738292539 0.0 0.005477170803617485
12 1.68 8.002 0.4311416026956584 0.10567196145056047 0.0 0.007745773043537925
12 1.7 0.5095 2.7773411719030423 0.6039873700587706 0.8812457123386582 0.48453602136002083
12 1.7 1.009 2.5584583212075707 0.6040928190200763 0.7934488055418827 0.4920374098991794
12 1.7 2.5075 1.8906780393671776 0.45016143794490837 0.37342056464354983 0.2422615388484233
12 1.76 0.01 6.623313233082435 0.6673556835398712 0.9959528789440883 0.11937778307666443
12 1.78 1.5085 2.7436006762981036 0.5861669283379095 0.6447956023961884 0.3959725193608735
12 1.78 10.0 0.330950597513487 0.07071593965046766 0.0 0.0054771708036174885
12 1.82 0.01 6.847548664440734 0.6660381520945404 0.9963437181969338 0.12071207888548034
12 1.82 3.007 1.763450016599635 0.3584248001187982 0.08963521437967552 0.11180273969797888
12 1.84 6.004 0.19575675575821028 0.03884062615316264 0.0 0.0
12 1.84 8.5015 4.4733137664151196E-11 0.0 0.0 0.0
12 1.86 4.5055 0.9460893948216508 0.18335065790997587 0.0 0.020489699895458395
12 1.86 8.002 0.3453369624077051 0.0669257679230394 0.0 0.0077457730435379285
12 1.86 9.001 8.543555921929122E-11 0.0 0.0 0.0
12 1.88 2.008 2.5707461738406896 0.4868837450452738 0.3344934643062571 0.23378257734056243
12 1.88 7.003 4.141150840362351E-11 0.0 0.0 0.0
12 1.92 4.5055 0.7068532759651818 0.12805312969008015 0.0 0.017317996446759524
12 1.94 6.004 0.35697048016444843 0.06329263833815583 0.0 0.0
12 1.94 6.5035 2.7066438611292304E-11 0.0 0.0 0.0
12 1.94 8.5015 2.7066438611292304E-11 0.0 0.0 0.0
12 1.98 5.005 0.6716172894906001 0.11422062746581436 0.0 0.01224659137229594
12 2.0 7.5025 0.25729346127328584 0.04288224355421632 0.0 0.007745773043537916
12 2.0 8.002 0.07328638544867137 0.012214397577222192 0.0 0.007745773043537926
12 2.0 9.001 0.0 0.0 0.0 0.0
14 0.0 3.5065 0.7617617961710325 0.10882311374016064 0.7358764767720264 0.07060418012762773
14 0.0 9.5005 0.07102355987662347 0.010146222839760646 0.6467484500546388 0.033298333478293404
14 0.02 3.5065 1.06604721602321 0.17655787190730549 0.9326036540665035 0.1170350747880831
14 0.02 9.5005 0.18093980554953368 3.6876341600585214E-13 0.4960379473515705 0.009486453504339624
14 0.06 0.5095 3.932234930319386 0.6398691392311654 1.100962022900277 0.4885665672913298
14 0.06 1.009 3.0312918381075997 0.5330051759765317 1.0737664880624125 0.47890436806520553
14 0.08 5.005 1.0924243910660598 0.12969514188999542 1.1217152766188205 0.03238684935478712
14 0.12 10.0 1.398498016474216E-11 3.6876341600585214E-13 0.0 0.0
14 0.14 0.5095 3.2403155624128983 0.6170655396819946 1.0768518653150607 0.47284115668702303
14 0.14 1.009 2.450960506902022 0.522808677166602 1.0649748970335071 0.49791009078446596
14 0.14 2.5075 1.444737730768969 0.34951893057546674 1.221845539719871 0.3596715597452263
14 0.18 5.5045 0.8601459041865926 0.14076558839021594 0.15397973537824008 0.010953848645841155
14 0.2 0.01 3.5453084850499694 0.6800782899537967 1.052757275369233 0.08115485099622087
14 0.22 5.5045 0.921041160210013 0.16755976046356363 0.03329833347829337 0.009486453504339593
14 0.24 6.5035 0.31770980784878067 0.05971988869353174 0.0 0.007745773043537927
14 0.26 7.5025 0.3502367681914921 0.06761327571475655 0.0 0.01095384864584115
14 0.28 4.006 1.4273130096713509 0.28078201386873325 0.06804850178321482 0.04800715627477237
14 0.3 7.5025 2.08443883829256E-11 3.6876341600585214E-13 0.0 0.0
14 0.32 0.01 2.8693426627401535 0.6856064104966796 1.058146301410149 0.07468992110902674
14 0.34 0.5095 2.1844737055028554 0.6001174402235905 1.059589568523592 0.43100011789573284
14 0.34 1.009 1.7174214727817996 0.5023795686207033 1.0561862573566303 0.4944277454400544
14 0.36 0.01 2.6368590406423076 0.6847159488682011 1.0606761901189288 0.06781373027565703
14 0.38 1.5085 1.3746224637688131 0.430845019971357 1.0815288847213689 0.49548745561408103
14 0.38 10.0 1.7789172803776937E-11 3.6876341600585214E-13 0.0 0.0
14 0.4 5.5045 0.5305731297727925 0.12632693566030828 0.0 0.016429540491321677
14 0.42 7.5025 0.037107079925039026 0.009139674858561276 0.0 0.005477170803617485
14 0.42 8.002 0.3074403509069283 0.07572422436508436 0.0 0.0
14 0.44 0.01 2.1655955035245085 0.6727659874929084 1.049287120375349 0.06558491432524986
14 0.46 6.004 0.9604175680350641 0.25407872170298973 0.0 0.028449112580919048
14 0.46 8.5015 0.5280557785443567 0.13969729591213512 0.0 0.012246591372295917
14 0.48 4.5055 2.66131054634676 0.6715237569761514 1.7639794159764304 0.11590786710292889
14 0.5 7.5025 0.6201863507775924 0.17719610022116966 0.0 0.023231741281486352
14 0.5 8.002 0.44546377067610976 0.1272753630516669 0.0 0.013415267434605582
14 0.5 9.001 0.34198280424753297 0.09770937264131338 0.0 0.010953848645841138
14 0.54 0.01 1.69275745271702 0.6784651906107456 1.064574861966166 0.06327621956154737
14 0.54 3.007 1.032290456334076 0.34241610762617347 1.2398979311776686 0.38536029258883336
14 0.56 0.01 1.6324740500847663 0.6838422652842141 1.0584013611525778 0.0639777240086497
14 0.58 4.5055 2.454244699201161 0.7833295460480716 2.422070579610415 0.19165573403408173
14 0.62 1.009 1.1324876203989045 0.5124100271027526 1.0393142809440707 0.4760816959383319
14 0.66 5.005 1.9939221452741849 0.8028778620053283 2.4434971846124904 0.2103078241888223
14 0.7 0.01 1.2072182414048553 0.675693281381246 1.0482714238163648 0.06136570331429211
14 0.7 3.007 0.811402321337298 0.3876667251487088 1.1750724727960393 0.4273420244072263
14 0.74 1.009 0.902215257684609 0.5329385945645191 1.0341976038296903 0.45966232643943583
14 0.78 3.5065 0.6317437172386532 0.39599372265010957 1.1035669455649448 0.4326461669891201
14 0.78 9.5005 0.7201648832583816 0.4676395345827571 0.28230945490658976 0.11400300231026399
14 0.8 0.5095 0.8699338611447005 0.5874083606163337 1.032400445615152 0.36382212186879226
14 0.8 1.009 0.7800926077389444 0.5414781786405346 1.0290380597035815 0.4507730233470651
14 0.82 3.5065 0.5621046043143214 0.4238961472993445 1.0483099474307858 0.4578284657738967
14 0.82 9.5005 0.871913935435496 0.6908803032633941 2.5463018544676452 0.17345379109100165
14 0.84 4.006 0.49476069959743063 0.4176369295680722 1.1001010285057045 0.4482894811453925
14 0.86 1.5085 0.5832060565011863 0.5155149330412508 1.011910490990371 0.4770342672477423
14 0.86 10.0 0.4066352969678791 0.413889380610237 1.6082564769738525 0.23508244824630825
14 0.88 4.006 0.4040047688653053 0.4512056875855816 1.0657010210375542 0.48224465414086953
14 0.9 7.003 0.2852082766254566 0.40222846082018837 1.0934030099362668 0.42261924940236967
14 0.92 7.5025 0.23923023545210897 0.4226042301434652 1.055127448455081 0.44727592108508973
14 0.92 8.002 0.24016548025118464 0.4256671877955967 1.0666287294363859 0.43793517575798424
14 0.92 9.001 0.2252194406466871 0.4010377213659999 1.0657142801229058 0.41681275221140257
14 0.94 3.5065 0.25589472093942883 0.4973151553842345 1.019945094320325 0.4950209653049542
14 0.94 9.5005 0.17852942418006 0.4244907433232523 1.0394377883774104 0.4564728172272083
14 0.98 7.5025 0.07483227782951458 0.51486252675601 1.0151626950657369 0.48491562391348597
14 1.0 5.5045 0.0441159499299163 0.5470854550943077 0.9924151041875453 0.4151722857491879
14 1.02 7.5025 0.08131923256090746 0.579385147997522 0.9749287705925028 0.44533643607305506
14 1.02 8.002 0.08275251377234147 0.5826487688438582 0.9759246206556245 0.44860015472496395
14 1.04 3.5065 0.19094336385656502 0.5786371485886745 0.9819797231364231 0.4417461614347272
14 1.04 9.5005 0.1720192634308416 0.6143545122517609 0.9407994804103559 0.486845426252227
14 1.06 1.5085 0.45040746376645885 0.5777625875078122 0.9829694347252836 0.42006998886773234
14 1.06 10.0 0.2618092012697864 0.6233552411184711 0.882554502583997 0.49962828479350013
14 1.08 5.5045 0.34297745064179924 0.6099347962545654 0.9119762543287301 0.4940928419552955
14 1.1 5.005 0.43504173667560386 0.620857722200312 0.9050632985421934 0.49828065075175176
14 1.14 0.5095 1.1914286177173432 0.6037799340273853 0.9991252392404112 0.3699056844997276
14 1.14 2.008 0.6356708792436913 0.6057461026955249 0.9596119392928744 0.4693647564648568
14 1.14 2.5075 0.6094561862368494 0.6051797982388082 0.9383751443303437 0.482334921062916
14 1.16 9.5005 0.5856742725800597 0.5229234576583965 0.5375911111763041 0.29260799958769
14 1.18 3.007 0.7851930161382156 0.6210389935367205 0.8955842218068744 0.49981950527624025
14 1.2 3.5065 0.8837171452021699 0.6308922769017355 0.8578277469648166 0.4918410119871771
14 1.2 9.5005 0.6488236154113217 0.46344543957855466 0.3305038653235321 0.19803644493756278
14 1.22 1.009 1.1088039520619104 0.6136719184998638 0.9758880010618891 0.4496132126839922
14 1.24 4.006 1.0275791936661984 0.6116542819456136 0.7582770045140775 0.44519850181978227
14 1.26 0.5095 1.5196814163724148 0.6027847746935233 0.9920370163065558 0.4009300185610374
14 1.26 2.008 1.1616933544420083 0.6314422025981797 0.9056548924155398 0.4991157045064391
14 1.26 2.5075 1.1233040398769238 0.6159957985765976 0.8625321337967491 0.4971057884472609
14 1.26 7.003 0.9326759437629801 0.512459309759347 0.3981421692810688 0.22267278275136135
14 1.28 7.5025 0.7601623326897747 0.38783792483917157 0.23122695917999475 0.15916578390973093
14 1.3 6.004 1.0112979221587806 0.4815704391231248 0.39558746041414183 0.22719906649492552
14 1.3 6.5035 0.9419957333870375 0.4485693968486599 0.2864836080613295 0.18395776173401052
14 1.3 8.5015 0.7597738233864887 0.3617970587582737 0.04706478353827331 0.08454722064683395
14 1.32 0.5095 1.7402099461262266 0.6116851366578989 0.9745297713293242 0.4137755236023547
14 1.32 2.008 1.41569945479021 0.6300656603437412 0.8759434804732799 0.49721828233608184
14 1.32 2.5075 1.3646607305999114 0.6086905137539934 0.813929044221677 0.4807329705817259
14 1.34 3.007 1.4001870598381252 0.5882903889493192 0.7389870675393201 0.4310001178957344
14 1.36 0.01 3.9981219348489785 0.6753738213392455 1.05084771642309 0.0938148985471302
14 1.38 6.004 0.9415174558630686 0.3539539307766258 0.14330209890016185 0.13869122413220872
14 1.38 6.5035 0.8601675472743467 0.3233712583780718 0.07226679926592638 0.10821135525150657
14 1.38 8.5015 0.5964790890158636 0.2242402590236363 0.0 0.050728389160508966
14 1.4 4.006 1.417014787769079 0.5060767099169875 0.46283160437885196 0.26551097727459105
14 1.42 5.5045 1.3365990955830194 0.45462554271781824 0.17816617685319228 0.1299795320679043
14 1.44 7.5025 0.7595280001300216 0.24660000002881705 0.0 0.04343324574457838
14 1.44 8.002 0.6346329981850773 0.20604967472467942 0.0 0.027917725662414152
14 1.46 5.5045 1.1218488759205958 0.348400272027921 0.04983798613756541 0.10350275635912665
14 1.48 7.003 1.0326346665712767 0.30733174600161434 0.0 0.029986647164859243
14 1.52 4.5055 1.3744708151110914 0.3776018722856082 0.12543716498041285 0.12059142664379857
14 1.52 9.001 0.2925200758662906 0.08036265821505119 0.0 0.009486453504339624
14 1.54 1.5085 2.3535435630517525 0.6217387879345286 0.8139114932308668 0.4791735543338868
14 1.54 10.0 0.4261500342262832 0.11273810430223967 0.0 0.013415267434605615
14 1.56 7.003 0.5501755405887814 0.14035090320927973 0.0 0.023867986997354793
14 1.6 4.006 1.6653759712797025 0.3965180884042775 0.14085504642193988 0.11678557836485876
14 1.62 5.5045 0.9083323000700145 0.20929315668764042 0.0 0.03630799936040935
14 1.64 7.003 0.7781694421466808 0.17369853619182504 0.0 0.014489927551992327
14 1.66 6.004 0.6018996955954545 0.13028131937825682 0.0 0.01974466514175294
14 1.66 6.5035 0.4282053984625291 0.09268515116229276 0.0 0.0181629953785703
14 1.66 8.5015 7.775178193608039E-11 0.0 0.0 0.0
14 1.68 0.01 5.858200618199121 0.6720911000183055 1.0516710619300056 0.1099559288958767
14 1.7 6.004 0.628298783741641 0.1282242415691856 0.0 0.010953848645841119
14 1.7 6.5035 0.6294056359801365 0.1284501297793675 0.0 0.01974466514175291
14 1.7 8.5015 0.25770525351244145 0.05259290890000352 0.0 0.0
14 1.72 0.5095 3.279584822478048 0.6217266960221755 0.942198997658156 0.47928071330476
14 1.72 2.008 2.7194156557910807 0.5395665983688169 0.5720674441478434 0.323201292432653
14 1.72 2.5075 2.379673231653593 0.47215738723293216 0.38747210839449864 0.22772760463271152
14 1.74 5.005 0.7578163139935185 0.14629658570755674 0.0 0.027917725662414357
14 1.76 0.5095 3.4325049065338438 0.6201345360026328 0.9449205492157128 0.4828794942017901
14 1.76 1.009 3.337548437960085 0.6263228327660435 0.8379299026620352 0.4855348780530293
14 1.78 4.5055 1.4785479427059123 0.27079632649009144 0.0 0.026258918576930263
14 1.78 8.002 1.0123701691691902E-10 0.0 0.0 0.0
14 1.78 9.001 1.0123701691691902E-10 0.0 0.0 0.0
14 1.8 3.5065 1.902110888776767 0.339662658703549 0.0 0.06648556984469692
14 1.8 9.5005 8.33775535317024E-11 0.0 0.0 0.0
14 1.82 1.009 3.5917782090661334 0.6249328202473908 0.8236209304172049 0.47793845607358976
14 1.84 5.5045 0.46173968435092955 0.07852715721721594 0.0 0.005477170803617489
14 1.86 3.007 1.845275373607781 0.3065241484454872 0.05735105150933773 0.09126622982472142
14 1.9 5.005 0.7756358609748731 0.12311680333070646 0.0 0.014489927551992349
14 1.92 3.007 2.196617249321056 0.34108963498735617 0.07308363078622566 0.07837008219040283
14 1.98 1.5085 3.5299605429064784 0.5145715077097304 0.5471552297761805 0.307365370502574
14 1.98 3.5065 1.601697765490843 0.23348363927016016 0.0 0.03752367279493571
14 1.98 10.0 5.960546754886211E-11 0.0 0.0 0.0
14 2.0 0.01 7.679819534514792 0.669480379795783 1.042699549100291 0.1277299516709274
14 2.0 3.007 2.0818841284162786 0.297412018339972 0.0 0.047381009390350455
16 0.0 7.5025 0.1753881264401984 0.0219235158050248 0.8409222037381968 0.021903753156752134
16 0.02 7.5025 0.03420920409226206 0.0 0.0 0.0
16 0.04 2.008 2.1692092813660904 0.35909245335726264 1.0473615999052965 0.3071728107556301
16 0.04 7.003 4.4626605873342616E-12 0.0 0.0 0.0
16 0.06 6.5035 0.5795636077967137 0.047188094057538835 0.4099974135952921 0.005477170803617488
16 0.08 3.5065 1.8957070935131806 0.2843763063379231 1.7578491078540166 0.19740931665808323
16 0.08 9.5005 0.0 0.0 0.0 0.0
16 0.1 5.5045 0.5044643294516126 0.12357280093909317 0.5878484387248497 0.01095384864584114
16 0.12 4.5055 1.806486065462499 0.17930419288946947 0.8669960201346658 0.030969146086253736
16 0.14 6.004 0.0 0.0 0.0 0.0
16 0.14 6.5035 0.0 0.0 0.0 0.0
16 0.14 8.5015 0.0 0.0 0.0 0.0
16 0.16 4.006 1.4507154746335589 0.20595033059796006 0.2300276152629168 0.024487670441671
16 0.18 4.006 1.9337862135285615 0.2675212426274054 0.35372422155794747 0.03870096927273699
16 0.2 0.5095 3.40686537851501 0.6143957052195038 1.125023183041804 0.46384770398925795
16 0.2 1.009 2.5183291697437573 0.5121304708531427 1.0942839462250817 0.49956631640340676
16 0.22 4.006 1.5401946927551806 0.2420330368576912 0.09094244606546034 0.03752367279493579
16 0.28 1.5085 1.743173907979802 0.42678144401025736 1.119329181149326 0.4883434226594132
16 0.28 10.0 0.0 0.0 0.0 0.0
16 0.3 0.01 3.5704960009687525 0.6871894321548841 1.1080003510819652 0.07968206955738387
16 0.32 0.5095 2.6937169462307415 0.5956978138871485 1.1155574742988827 0.4395909918734079
16 0.32 1.009 2.1249538625478057 0.5097590733048839 1.0931144536812665 0.49831299410236224
16 0.32 2.5075 1.8350338672374984 0.3835113619846627 1.5711225086015088 0.40334615809662144
16 0.34 6.004 0.997583278182893 0.18893622692848966 0.0 0.019744665141752944
16 0.34 6.5035 0.3285263113176901 0.06222089229464987 0.0 0.007745773043537939
16 0.34 8.5015 0.0 0.0 0.0 0.0
16 0.36 0.5095 2.524131727322639 0.597445290691024 1.1002369373589134 0.4315281370570319
16 0.36 1.009 2.0147897790815716 0.5113939122657473 1.1113674647795861 0.4958727178940727
16 0.38 4.5055 1.127553488206097 0.22732933230026145 0.0 0.050728389160508675
16 0.38 9.001 0.0 0.0 0.0 0.0
16 0.4 4.006 1.6899262334293104 0.3508753054827817 0.05358856672117212 0.08313620441839681
16 0.42 0.01 2.772120828236361 0.6748637201729532 1.0959082488015606 0.07226679926592643
16 0.44 0.5095 2.201390869528636 0.6017725858931069 1.1104086902451726 0.4163946327581272
16 0.44 1.009 1.7853230709105958 0.5047769029519318 1.1066778625173805 0.49230079631027496
16 0.46 5.5045 1.0965441866716987 0.2538296728382442 0.0 0.0441159499299162
16 0.48 3.007 1.823786305336539 0.4267159548840499 1.8213120116248642 0.3604520217301957
16 0.5 0.01 2.3495534021845828 0.6847731171538213 1.0982899627752314 0.061122623806539676
16 0.5 3.007 1.183400426573514 0.32274013985148015 1.2689523217292717 0.3799869157330514
16 0.54 1.009 1.555046720190673 0.5173174759925601 1.104326688697487 0.48198067865083
16 0.56 0.5095 1.7292493713476207 0.6024474113732411 1.1017061203329135 0.3954627609817712
16 0.56 1.009 1.5146396006626655 0.5216993803221948 1.0913630853223768 0.48155571306685896
16 0.56 2.5075 1.1817432515214221 0.36857368719537115 1.1980759403424688 0.4355439894571759
16 0.62 9.5005 0.32388535509078575 0.10654123523774534 0.0 0.013415267434605666
16 0.66 1.5085 1.1557353859935824 0.4750671194038883 1.1089409737425684 0.4994354990303674
16 0.66 3.5065 0.9396281048087116 0.3493908359544007 1.1980920999824192 0.36322716911957875
16 0.66 10.0 0.5650150241129352 0.20772611180591766 0.0 0.026258918576930235
16 0.68 4.006 0.8581682116283853 0.33148837355412486 1.3212253813729278 0.32397874621449
16 0.7 1.009 1.131515842411425 0.5381510421096767 1.098093472409533 0.46069495563119306
16 0.74 9.5005 0.7988041065130921 0.38404043582414255 2.8349243506449254E-16 0.0783700821904032
16 0.78 7.5025 0.5693209739114775 0.3191170859684143 1.3062293875461222 0.18991152635723574
16 0.8 6.004 0.6266232772146902 0.3836795221600956 1.5330651236276085 0.29223351572467343
16 0.8 6.5035 0.5343165645488026 0.32869923067688983 1.3202044544124847 0.26046601618659
16 0.82 7.5025 0.6257260572462825 0.4302299750525355 2.0927001179667495 0.2464390171832664
16 0.84 10.0 0.3861895204339865 0.3009560857977607 1.257511915551536 0.19136632487619523
16 0.86 8.002 0.4002176653588042 0.3550855894274254 1.2473529362284397 0.30500279630119415
16 0.86 9.001 0.41096939987377923 0.3660346132893917 1.4447666111216284 0.26159331299380023
16 0.88 10.0 0.32411596755161776 0.33735167686189904 1.1581637905471764 0.28354366603042586
16 0.9 4.5055 0.3848597579330466 0.4643420200437605 1.0867495365495428 0.49023559636022607
16 0.92 0.01 1.3605003345589228 0.6765377788809656 1.10475422905958 0.054962255158511
16 0.94 7.5025 0.22753061798412352 0.46926406900373224 1.0905646604512202 0.4882905935717455
16 1.0 4.006 0.08207138748809283 0.5743566049230164 1.055932838527809 0.37516916319060806
16 1.02 0.01 1.7300639450809443 0.6919890910406373 1.1068085533159173 0.05043335270709331
16 1.04 7.5025 0.2025501699521498 0.6316781079008782 1.019176942140746 0.46601972962477883
16 1.06 8.002 0.30753821683483534 0.6407046184062394 0.9602469413346383 0.4963326269635136
16 1.06 9.001 0.3160975192175191 0.6583122044475481 0.9608721283460069 0.49941959147654647
16 1.08 4.006 0.4044433251611188 0.6248583960132477 1.000303084538638 0.4704554860564609
16 1.1 1.5085 0.5823355088515343 0.6080916035457036 1.0349549410949879 0.41106118950927417
16 1.1 3.5065 0.5173585662301396 0.6406886748951313 0.999215623367183 0.47754002942246904
16 1.1 9.5005 0.5034805166999702 0.6293506458748682 0.8171688212876972 0.447843750542377
16 1.12 4.006 0.6161017180784186 0.6409713923473177 0.9776883402425699 0.49570407636394453
16 1.14 6.004 0.704373052304531 0.6286505062796833 0.8600223218986737 0.4723852628588917
16 1.14 6.5035 0.7072199800169399 0.6314464107294542 0.8221920219376896 0.457246680684008
16 1.14 8.5015 0.6402944751039521 0.5716914956285563 0.7149787939201286 0.38597912875039964
16 1.18 5.005 0.9208018872515499 0.6393220835334456 0.8341185614775682 0.461186756434197
16 1.2 7.5025 0.857916944938359 0.5361980905864718 0.5794579991262767 0.3010655570028418
16 1.22 3.5065 1.0909300121296719 0.6198084351197698 0.8636947234778284 0.4850210280937027
16 1.22 9.5005 0.7192312153268697 0.4086540996178558 0.23086679431198598 0.15655107193028234
16 1.26 6.004 1.069349270473467 0.5141102261890095 0.5641980068821191 0.28011451778560553
16 1.26 8.5015 0.8010731296286671 0.3851313123220294 0.21114700253224047 0.1440845324822448
16 1.28 0.01 3.178069413337523 0.6755860477228377 1.090761159667357 0.07930948746089575
16 1.3 5.5045 1.1345667552451968 0.4727361480189428 0.4988020137442027 0.25217586440032896
16 1.32 6.004 1.1580663581264758 0.45236967114322985 0.36840161363606233 0.1920167766184744
16 1.32 6.5035 1.0973477140067938 0.4286514507847076 0.2702160147875338 0.16225915790772022
16 1.32 8.5015 0.8134859898262987 0.31776796477652347 0.0 0.06693127223461384
16 1.34 5.005 1.3285419721571539 0.4884345485873142 0.46974522407191815 0.2405201280813102
16 1.36 0.5095 2.0834648802692044 0.6327705828205352 1.0477588829176319 0.4044626105497073
16 1.36 1.009 1.8765712170910194 0.6364296705786228 1.00217580151264 0.4766842382194068
16 1.38 5.5045 1.32597606490066 0.43617633713802306 0.2649286006500685 0.16580098553938072
16 1.4 7.003 0.8847393598932425 0.2764810499678553 0.01731799644675943 0.06933051012191531
16 1.42 4.006 1.6514513221407705 0.4915033696847265 0.4979275449612992 0.249798151557041
16 1.44 0.01 4.15691997585557 0.6751524885786179 1.0819854090559096 0.08242137628386197
16 1.48 4.5055 1.3671843220605917 0.3560375838714096 0.24383430923515922 0.153422529701415
16 1.5 5.005 1.3493657831677763 0.3373414457919441 0.09142767694451466 0.10033281534610189
16 1.52 3.007 2.1496704659813872 0.516747708169111 0.5576231034730661 0.28091130522669927
16 1.54 4.5055 1.7488221739453083 0.40481994766801965 0.10378592383832436 0.09870802282089775
16 1.54 8.002 0.4074621352969513 0.0943199387153685 0.0 0.010953848645841128
16 1.54 9.001 0.26187072056830335 0.06061822235605865 0.0 0.005477170803617484
16 1.56 4.5055 1.4365938195516197 0.3206682632924017 0.06282232194330253 0.09444093821471497
16 1.6 10.0 0.0 0.0 0.0 0.0
16 1.64 4.5055 1.3149166198814481 0.2568196523216308 0.0 0.05577003584052177
16 1.66 5.5045 0.1834032595806573 0.03473546582785305 0.0 0.00547717080361748
16 1.68 0.5095 3.5779815388094063 0.6398039733802278 0.9978816339734884 0.4701088108313435
16 1.68 1.009 3.4939057870246377 0.6415806635530384 0.9140032042331717 0.49518184346607474
16 1.7 5.5045 1.1668637078673416 0.20836851925638422 0.0 0.01974466514175294
16 1.72 6.004 0.565393477472127 0.09815858983630517 0.0 0.010953848645841114
16 1.72 6.5035 0.335120753333121 0.058180686342242306 0.0 0.007745773043537925
16 1.72 8.5015 1.0701380172007947E-10 0.0 0.0 0.0
16 1.74 1.5085 3.502969149625146 0.5917177617609876 0.7462815755795438 0.4034999230615589
16 1.74 3.5065 1.9313536244377216 0.32624216628846364 0.07780085585312636 0.09254964909354092
16 1.74 10.0 7.838018195238052E-11 0.0 0.0 0.0
16 1.76 6.5035 0.8419289080380286 0.13847514935057895 0.0 0.010953848645841148
16 1.78 3.007 2.438785450125389 0.3908310016226084 0.14772286818196637 0.12131342890819251
16 1.8 7.5025 0.4296755999526408 0.06713681249097284 0.0 0.0
16 1.82 9.5005 1.1206172360260822E-10 0.0 0.0 0.0
16 1.84 4.006 1.6087067468349818 0.2393908849434404 0.0 0.04512049248200614
16 1.86 5.005 1.076780661621081 0.15650881709923148 0.0 0.02190375315675217
16 1.9 1.5085 4.107167221902475 0.5704398919309457 0.66817581571027 0.34392349976400266
16 1.9 3.5065 2.179700889031858 0.30273623458764143 0.0 0.04642581229090788
16 1.9 10.0 0.0 0.0 0.0 0.0
16 1.92 5.005 0.38333964895855505 0.05208419143955844 0.0 0.0
16 1.96 4.006 0.6992192172296925 0.0910441689099359 0.0 0.009486453504339616
16 1.96 5.005 0.8566747854750125 0.11154619602327419 0.0 0.00774577304353792
16 1.98 7.5025 1.1977261273592222E-10 0.0 0.0 0.0
16 1.98 8.002 1.1977261273592222E-10 0.0 0.0 0.0
16 1.98 9.001 1.1977261273592222E-10 0.0 0.0 0.0
16 2.0 1.009 4.654984994721339 0.5818605166037243 0.7724536176194805 0.43347721625549396
18 0.02 0.01 6.004576276963449 0.682464529272029 1.1487829995870134 0.09475234995353592
18 0.08 7.5025 6.31233942587664E-12 3.0425910314702166E-13 0.0 0.0
18 0.1 4.006 3.92050132693459 0.30389901828957433 2.8202298040991787 0.08897415376154401
18 0.12 3.007 1.930199507557981 0.32190139034286136 1.7624164903626895 0.27743444273682716
18 0.14 5.5045 0.3687135676663705 0.0476374118440161 0.0 0.0
18 0.16 1.5085 2.4371618778163247 0.4445120668236574 1.1763573775473015 0.46326553626764955
18 0.16 10.0 7.200253274024631E-12 3.0425910314702166E-13 0.0 0.005477170803617482
18 0.18 1.5085 2.3091089720765807 0.4346421589968952 1.144606074521432 0.46884460580379994
18 0.18 10.0 1.2179083143548026E-11 3.0425910314702166E-13 0.0 0.0
18 0.2 6.004 0.42375936434951417 0.05885546727056041 0.0 0.005477170803617484
18 0.2 6.5035 0.26677389162842763 0.03705192939365582 0.0 0.0
18 0.2 8.5015 2.0221755541615212E-11 3.0425910314702166E-13 0.0 0.0
18 0.22 10.0 1.9558948381754223E-11 3.0425910314702166E-13 0.0 0.0
18 0.26 0.5095 3.5765795919487573 0.6091537418257162 1.175611510853884 0.45880969102534847
18 0.26 1.009 2.7484251086171643 0.5219164811939617 1.1604871230072844 0.4999693071148591
18 0.26 2.5075 1.6189557528537397 0.34621119975403525 1.3645853721332488 0.3958799666841745
18 0.28 4.5055 1.2039512898992 0.18579495214641184 0.0 0.03831258046328062
18 0.28 8.002 0.03715435717091508 0.00573369709384431 0.0 0.0
18 0.28 9.001 2.496487699689494E-11 3.0425910314702166E-13 0.0 0.0
18 0.3 0.5095 3.406917809555251 0.6203610953561121 1.1666742658445004 0.4479628322005575
18 0.3 1.009 2.556300386651643 0.5120677153757248 1.1672206771349545 0.4994369343344292
18 0.3 2.5075 1.6219855232572005 0.3426504154181783 1.3874222988616849 0.396226740358475
18 0.32 6.004 0.5532526479460755 0.09040075946478493 0.0 0.005477170803617489
18 0.32 6.5035 0.5629887492964398 0.09199162570093912 0.0 0.014489927551992294
18 0.32 8.5015 1.3950769852785934E-11 3.0425910314702166E-13 0.0 0.0
18 0.36 6.004 0.26164451976913466 0.04542439579434943 0.0 0.0054771708036174815
18 0.36 6.5035 3.088097420881249E-11 0.0 0.0 0.0
18 0.36 8.5015 2.3151969796007447E-11 3.0425910314702166E-13 0.0 0.0
18 0.38 3.007 3.1672298923986624 0.5137122556401366 2.809109637626956 0.32081362269513897
18 0.4 1.5085 1.8653323574322875 0.4385995601134041 1.1692884920402091 0.49178051279777035
18 0.42 0.5095 2.7353265024317874 0.6128344387744059 1.1554335844605428 0.4260040104765768
18 0.42 1.009 2.182564234009348 0.5192263181298991 1.1630762913953454 0.49374320483955475
18 0.44 6.5035 0.8569990447620294 0.17003949301012591 0.0 0.023867986997354793
18 0.46 4.006 1.9790130514913453 0.4037636733611461 0.07968206955738373 0.11048690206936858
18 0.48 5.005 1.9572745820442945 0.41822106453928765 0.0 0.07247188889013206
18 0.5 1.009 1.9890689064836653 0.5297897187104383 1.1582059990592874 0.48632755361218016
18 0.52 4.006 3.7028629800888715 0.799556307476458 2.615474230481663 0.16690641877425028
18 0.52 5.005 1.3925371427213629 0.3223465608150229 0.0 0.0706041801276274
18 0.54 9.5005 0.46065743877178655 0.11126991274093186 0.0 0.013415267434605624
18 0.56 6.004 1.1127667566125397 0.28100170621546555 0.0 0.05441699080713091
18 0.56 6.5035 1.2327445691992027 0.31129913363721023 0.0 0.05939279354994373
18 0.56 8.5015 0.5635828016980848 0.14231888932008974 0.0 0.014489927551992318
18 0.58 5.005 1.5450048868080455 0.40873145153656865 0.0 0.11827420604222949
18 0.6 4.006 1.2824659806260528 0.3540818229773098 1.8864037477753002 0.2802475452681807
18 0.64 4.006 1.0306309580239865 0.32429993374569976 1.3823351409762175 0.3001484453185216
18 0.66 7.5025 0.8710207804051592 0.2846473138564213 0.0 0.0728802997090538
18 0.66 8.002 0.8813603984415618 0.2880262739987819 0.0 0.05469031075334391
18 0.66 9.001 0.7795102038301716 0.25474189667882663 0.0 0.041316982336699414
18 0.68 1.5085 1.2955044455230087 0.49896438972876317 1.156147899832745 0.4979594124161406
18 0.7 9.5005 0.882785961427519 0.32695776349248346 0.0 0.04131698233669937
18 0.72 4.006 0.8841664812136484 0.35049918000452784 1.2580799524532922 0.3544071105115138
18 0.76 2.008 1.0089748450575822 0.48665445691265125 1.1313621296708278 0.49998935254310406
18 0.76 2.5075 0.965335292285699 0.45592997702869076 1.1717822671203937 0.48985870170133483
18 0.84 4.5055 0.6197007583056138 0.4225033028280052 1.198806052590622 0.43986702855370824
18 0.86 0.01 1.013023084671417 0.6850567922270133 1.1537216414846172 0.040953564294102074
18 0.86 3.007 0.6422972112449572 0.4977058232919517 1.1556751706323551 0.49939754712131096
18 0.88 4.5055 0.5101166352575558 0.4630861397188352 1.1498830462504657 0.47947640720866325
18 0.92 1.009 0.5491567258893566 0.5959347347374471 1.1316690740703326 0.3698238125524519
18 0.96 0.5095 0.6412527725438538 0.6244360514507372 1.123603268021885 0.26373142507343567
18 0.96 2.008 0.3093584424807724 0.5767320933217137 1.1105333955367724 0.4012872608463271
18 0.96 2.5075 0.2744203136909433 0.5747187626661046 1.1332391956008674 0.42254335376012014
18 0.98 0.5095 0.6494302448172622 0.6359742864323119 1.1358171670879265 0.2576929489852641
18 0.98 1.009 0.43645659161976363 0.6157118963330682 1.1187519274135673 0.3119670886244585
18 0.98 2.5075 0.20435100812902574 0.5914365714631209 1.1235991317202043 0.37779110797811694
18 1.02 0.5095 0.6949389100956944 0.6360168698453367 1.116087702885179 0.2540159295634435
18 1.02 1.009 0.4539291652357354 0.6155165955713269 1.1166205462174361 0.3010257735692417
18 1.06 0.01 1.6299590531594115 0.6932537338275658 1.154265027057883 0.04706478353827332
18 1.06 3.007 0.3601528230487243 0.6363573390229034 1.099660207207727 0.41089488155455245
18 1.1 7.5025 0.577526791595626 0.6416964351065325 0.929194637008813 0.4878095608594769
18 1.1 8.002 0.5571694463986284 0.6190771626649786 0.9062582585135128 0.47950301616836744
18 1.12 1.5085 0.7543409727149203 0.6454127522880827 1.094065379969974 0.40692633454066396
18 1.14 5.5045 0.8007521182069877 0.6355175541329333 0.9095137785170213 0.48444418139274775
18 1.18 1.5085 1.0689033601013835 0.6418255308646141 1.0653456768171021 0.44393222960399
18 1.18 3.5065 1.0464719617259644 0.6459703467454949 0.9806666918075372 0.49939606304575623
18 1.18 9.5005 0.7722119324691595 0.4766740323899039 0.5310693949093513 0.23721005844005844
18 1.2 0.01 2.4056974170025778 0.679781913093119 1.1384547561791363 0.06397772400864954
18 1.22 7.5025 1.0401067261832395 0.5253064273650887 0.5581297525433444 0.2504731727040737
18 1.24 4.5055 1.313102782046598 0.6079179546508864 0.797613522424189 0.4184126993091192
18 1.26 5.5045 1.2501012340032478 0.534231296582454 0.6583934979681336 0.3122299371363375
18 1.28 0.5095 1.823443570699936 0.6447684423420199 1.105942398119699 0.37009656349759523
18 1.28 1.009 1.6838657304573554 0.6499314841379542 1.0709420373955394 0.4481856786379387
18 1.28 2.5075 1.6429603734348799 0.6518888129857101 0.9574099681666436 0.4928242779032759
18 1.32 5.5045 1.468101996786709 0.5097576377751555 0.5031728703152242 0.22333502126773205
18 1.34 1.5085 2.045510241435576 0.6672357655114459 1.0280356863638749 0.4975572438598418
18 1.34 3.5065 1.7888762498711568 0.5846000816573633 0.7472314660552192 0.3811628460092931
18 1.34 9.5005 0.6635713664131765 0.21685338773896734 0.0 0.03284576702973533
18 1.36 6.004 1.2504185114994062 0.38593163935548597 0.22672795053686146 0.14308384036725028
18 1.36 6.5035 1.1713455004207696 0.3615263890233864 0.18174353826056433 0.11565579899009329
18 1.36 8.5015 0.7568247256119107 0.23358787828958155 0.0 0.03984329084600379
18 1.4 4.5055 1.6652793725671178 0.462577603488073 0.4467496407245372 0.21204621683258512
18 1.44 0.5095 2.696742062818219 0.651479714225182 1.0817038394597889 0.42055324155816726
18 1.44 1.009 2.663322343385592 0.6682881951256184 1.031947568365345 0.4909210506929003
18 1.46 2.008 2.5283863919519867 0.6107041151102364 0.8569773792490663 0.4522006918241493
18 1.5 1.5085 2.913618472822367 0.6474394102886102 0.9449437501733511 0.48703433402894153
18 1.5 3.5065 1.9969703436936797 0.4437711874898599 0.49246730095314917 0.22590051991918275
18 1.52 5.005 1.437785663038909 0.3072191587628866 0.052746979800910705 0.08610618072321638
18 1.54 0.01 4.683465849929266 0.6862458105150596 1.1453104748065075 0.08349125878492399
18 1.54 3.007 2.6053832826209193 0.5360870951917711 0.574191292871576 0.26627539688884383
18 1.58 0.5095 3.5543592193563978 0.6644429806134096 1.066781799288655 0.44767975146133626
18 1.58 2.008 3.0757869001411833 0.5892312069239509 0.7754352437322461 0.3921535697740548
18 1.58 2.5075 3.091342810751752 0.5922112664285074 0.6519382116816624 0.3028473268056194
18 1.6 4.5055 1.6189877357186777 0.29981254364333104 0.02948307663144703 0.0807892395823421
18 1.6 9.001 9.210636310768049E-11 0.0 0.0 0.0
18 1.62 2.008 3.135464576281872 0.5619112143880293 0.7128154862532413 0.3649496734400462
18 1.66 4.006 2.3196413960366673 0.39051201953586867 0.05160327384530818 0.07039353413840363
18 1.68 6.004 0.7692783922781528 0.1256990837153107 0.0 0.010953848645841131
18 1.68 6.5035 1.062106524248954 0.17354681771042452 0.0 0.012246591372295957
18 1.72 5.5045 0.39516209905781885 0.06098180540141511 0.0 0.013415267434605648
18 1.74 7.5025 0.14777605701516708 0.02218859714681993 0.0 0.0
18 1.74 8.002 0.2750356496413456 0.04129664408290637 0.0 0.0
18 1.74 9.001 8.721953983317491E-11 0.0 0.0 0.0
18 1.78 5.005 1.0325117470950649 0.14708144548216284 0.0 0.02737599323677278
18 1.86 3.5065 3.226648736705874 0.4168796817425271 0.043775939019681825 0.05441699080713089
18 1.86 9.5005 5.579532191814682E-11 0.0 0.0 0.0
18 1.88 4.006 2.3647596099288997 0.29858075884606966 0.0 0.032386849354787
18 1.88 5.005 0.9088490614852838 0.11475366939246473 0.0 0.012246591372295976
18 1.9 7.5025 1.1249659563646839E-10 0.0 0.0 0.0
18 1.9 8.002 1.1249659563646839E-10 0.0 0.0 0.0
18 1.9 9.001 1.1249659563646839E-10 0.0 0.0 0.0
18 1.92 1.5085 4.637404926253655 0.5600730587260534 0.6536893086844374 0.32587351117540436
18 1.92 3.5065 2.063322145615129 0.24919349583916492 0.0 0.04512049248200598
18 1.94 2.008 3.720020271317524 0.4397187081931171 0.4177611810482869 0.1991455596250963
18 1.94 2.5075 3.3721743589018702 0.39860217008514176 0.16041111678397585 0.11413103760006638
18 1.96 1.5085 4.571409422573635 0.5290983127969713 0.635704242932182 0.3033196829915589
18 1.98 0.01 7.679111171317693 0.6881446555591617 1.1519478738321216 0.11400300231026375
18 1.98 3.007 2.5171949346681233 0.28539625108783095 0.0 0.04800715627477232
18 2.0 9.5005 0.0 0.0 0.0 0.0
20 0.0 0.5095 6.691088603567196 0.6691088603567222 1.2599935044599229 0.495938448801602
20 0.0 1.009 5.843792554721271 0.5843792554721258 1.223227570586263 0.43207110952122213
20 0.0 2.5075 2.1659234505158054 0.2165923450515582 0.927365444744048 0.09302620686118071
20 0.02 0.5095 6.44433978541666 0.6665562222932726 1.247522543758749 0.49537301077559737
20 0.02 1.009 5.364695472072804 0.5733271832925316 1.2076038115300904 0.45020958714116166
20 0.02 2.5075 2.454717874631079 0.3067824816395387 1.0055339113713426 0.19122142780287155
20 0.08 0.01 6.370214815333955 0.6968705496349347 1.208266269213123 0.09061746568069243
20 0.1 1.5085 3.1908765958706087 0.46041059869664375 1.2362153564899494 0.43165097858291945
20 0.12 5.005 2.0745528394183204E-11 0.0 0.0 0.0
20 0.16 4.5055 1.9188162916317926 0.22599901948391074 0.069115904326523 0.015490151729404813
20 0.16 8.002 1.0131974237419057E-11 6.292187458989999E-13 0.0 0.0
20 0.16 9.001 1.0131974237419057E-11 6.292187458989999E-13 0.0 0.0
20 0.18 4.5055 1.5895343204306005 0.19384564883216765 0.0 0.01816299537857037
20 0.18 9.001 1.2997154682267312E-11 6.292187458989999E-13 0.0 0.0
20 0.22 4.5055 1.0778019031621455 0.1381797311744473 0.0 0.02386798699735484
20 0.22 9.001 2.510698453122818E-11 6.292187458989999E-13 0.0 0.0
20 0.24 0.5095 4.286035497167666 0.6229005326148499 1.2299198273362089 0.4648421230495605
20 0.24 2.008 2.015596767808835 0.3803496966621852 1.2640849745216347 0.43241999105835816
20 0.24 2.5075 1.8117163514150543 0.33668115590371694 1.5071239717513605 0.3826585295714484
20 0.26 6.004 0.6280639709761736 0.08487350959114165 0.0 0.012246591372295924
20 0.26 6.5035 2.1379944015958865E-11 6.292187458989999E-13 0.0 0.0
20 0.26 8.5015 2.1379944015958865E-11 6.292187458989999E-13 0.0 0.0
20 0.28 3.007 6.900464901676281 0.7797330480403751 4.405965963352629 0.28166080644592295
20 0.3 6.004 0.8985376885598391 0.12836252693815162 0.0 0.009486453504339581
20 0.3 6.5035 0.0 0.0 0.0 0.0
20 0.3 8.5015 0.32273387796757014 0.04610483971240252 0.0 0.0
20 0.32 5.5045 0.8969445415598029 0.13190360905514495 0.0 0.017317996446759448
20 0.38 5.005 1.4264642265672776 0.2300748752539306 0.0 0.029986647164859378
20 0.4 4.5055 1.849392238938276 0.3082320398241255 0.0 0.053866140431345855
20 0.4 9.001 3.9209697924176476E-11 6.292187458989999E-13 0.0 0.0
20 0.42 6.004 0.9072088973402358 0.15641532712732278 0.0 0.021903753156752134
20 0.42 6.5035 0.6355991449678725 0.10958605947550464 0.0 0.017317996446759416
20 0.48 1.5085 1.9706536929655316 0.45698180011364853 1.2064161359548222 0.49791835206460533
20 0.48 3.5065 5.233718038242186 0.9165630477401913 3.7953946998397536 0.20743689958137382
20 0.5 6.5035 0.9188592396938905 0.18377184793882628 0.0 0.03238684935478706
20 0.5 9.5005 0.08099829639610873 0.016199659279092782 0.0 0.005477170803617487
20 0.52 1.5085 1.8917751684329882 0.4628919264607004 1.1994261490216194 0.4988365180808733
20 0.56 5.5045 1.4523014607975242 0.33006851381729085 0.0 0.09029127574957434
20 0.58 1.5085 1.7641050324405922 0.48319518273659295 1.2099334325919213 0.4999631435601481
20 0.58 3.5065 1.3915908583742904 0.34031823910293535 1.578094160304218 0.32520901357761717
20 0.6 1.5085 1.711915561919194 0.48561754513625355 1.2319768588061006 0.49993943458743473
20 0.64 1.5085 1.6136974905186279 0.5035839084960783 1.2155376707766856 0.49964333010193973
20 0.66 0.01 2.0990053681267287 0.6870989148952503 1.1951399238128162 0.0546903107533436
20 0.66 3.007 1.2621836140868175 0.39048256198732306 1.2693425249781085 0.4164544481592347
20 0.68 4.5055 0.9790309717735345 0.30764138929390966 1.298697351421504 0.277344459681263
20 0.68 8.002 0.8378101508975181 0.2618156721574959 0.0 0.0738912383300006
20 0.68 9.001 0.7054661948620166 0.22045818589384727 0.0 0.04923534766090546
20 0.72 1.5085 1.3363049532761073 0.5161403827606703 1.2048012359431453 0.49193406068008677
20 0.78 0.5095 1.2743684896909342 0.6418504911222432 1.206893950751779 0.32559400962949353
20 0.78 2.008 1.0722210796872778 0.5067378488882412 1.191753375503079 0.4993367748100672
20 0.78 2.5075 1.0336640857325146 0.4809264143963167 1.177835014857443 0.49608722924887955
20 0.82 0.5095 1.056835550665681 0.6391633600768258 1.1881493481013308 0.31387387045059667
20 0.82 2.008 0.9401445189579875 0.5337975815554126 1.182894070445884 0.492803699959431
20 0.82 2.5075 0.8876391577568276 0.4984325195489577 1.1944123978658192 0.49998417115773014
20 0.84 3.007 0.7862562367757897 0.4895256283939782 1.2164975176439414 0.49771843326639553
20 0.88 3.007 0.6466159141018502 0.5285640374348779 1.1905690717200548 0.4984369125136401
20 0.9 4.006 0.5183523155369565 0.5060263484963595 1.2056133541708571 0.4998078082338339
20 0.9 5.005 0.4856629762272866 0.47902971218938223 1.1971089087001288 0.49066995035170796
20 0.92 6.5035 0.3745146384418245 0.4652726740328547 1.1989322095944557 0.4839183670589246
20 0.94 0.5095 0.5907257945151546 0.6518657741069932 1.1715288593866608 0.2520217103014705
20 0.94 1.009 0.4850882305905819 0.629664838831899 1.1746920961940461 0.3251038773927925
20 0.94 2.5075 0.38285684335951053 0.5842687266599375 1.181402092460527 0.4325244383425273
20 0.96 6.004 0.22503215134147656 0.555731760136016 1.1798112732263493 0.47896734298772925
20 0.96 8.5015 0.2118031994638139 0.5267078136578902 1.2049433763895165 0.49867935282981996
20 0.98 6.004 0.12140783233586451 0.5878716558223234 1.174645525958717 0.4214949384698459
20 0.98 6.5035 0.12002171327636366 0.5869508637532933 1.1694021067881681 0.42990085262712785
20 0.98 8.5015 0.11563255955324493 0.5781627977660353 1.1841118563596695 0.45204484356694336
20 1.0 4.5055 0.056305394924989954 0.6145680872036898 1.1576589579947134 0.28122027730477234
20 1.02 6.004 0.12564377649770353 0.6233514692524347 1.1388968384359182 0.3634824018186575
20 1.02 6.5035 0.12888026542581565 0.6387826408888896 1.1349919609363417 0.37322828702325966
20 1.02 8.5015 0.13053028946615267 0.6526514473300986 1.142074661926943 0.3954859699657596
20 1.04 0.5095 0.6690576291040919 0.6530785342595362 1.1702115396471735 0.2321875364877731
20 1.04 1.009 0.4955646547539433 0.6433699127650732 1.158335680902931 0.287297723305789
20 1.04 2.5075 0.29780481726167995 0.6420794179559588 1.1591383537142945 0.3520023422767112
20 1.06 1.009 0.5562274113839654 0.6347720456495305 1.1578558236961276 0.30288673429949076
20 1.08 4.5055 0.5279124745048407 0.6588424564658751 1.1052528615685338 0.47184115049857006
20 1.1 0.01 1.6427900403717237 0.691886773120195 1.1942595705398555 0.04203432920251085
20 1.12 4.5055 0.7992928824538565 0.6660774020447471 1.0629934701468355 0.4991704538916667
20 1.12 8.002 0.7100864785815214 0.591738732151072 0.8741174427614279 0.44655347097504244
20 1.12 9.001 0.7259117485689014 0.6049264571408739 0.8507568094192774 0.4162948780857206
20 1.16 0.5095 1.276829412402093 0.657406326148189 1.1567542326544855 0.307326874062154
20 1.16 2.008 1.0815461048845194 0.6710516185773752 1.1070388839576504 0.45939213068021834
20 1.16 2.5075 1.0618582515201178 0.6621333899852958 1.0860568590736348 0.48173133279416575
20 1.18 7.5025 1.0341317675608999 0.574517648645122 0.7434792520283076 0.3381991986032724
20 1.18 8.002 1.0615309030721216 0.5897393905956058 0.6885798723985629 0.3125673531193517
20 1.2 0.5095 1.5106992418407732 0.661442189182701 1.1643480090197613 0.3278184298849953
20 1.2 1.009 1.3789214410505217 0.6647017460314469 1.1458898034838219 0.4050717990692423
20 1.2 2.5075 1.3555705862062062 0.6773300201970904 1.067606145354708 0.49647745079782646
20 1.26 4.006 1.5575961856458995 0.5990754560176492 0.8618337318617425 0.4240522338497866
20 1.28 6.004 1.3767312813727852 0.49168974334767085 0.5907595668299767 0.24828351448554312
20 1.28 6.5035 1.202607833567859 0.4295027977026047 0.5095186474108675 0.21255797303351642
20 1.28 8.5015 1.1671466830441533 0.41683810108802904 0.20134202820569896 0.1083466003734764
20 1.3 2.008 2.0096814658111026 0.6695809987145167 1.038052517932122 0.49979836991116333
20 1.32 4.006 1.84150493063045 0.5754702908219236 0.7649870086255118 0.3609128635073868
20 1.34 7.5025 1.0883347718132386 0.3200984622990728 0.1360665842980907 0.10336086864691597
20 1.34 8.002 0.9515892305052112 0.2798791854444673 0.08524371728485264 0.07528324730947991
20 1.34 9.001 0.7635310146966866 0.22456794549476364 0.0 0.053029009794673995
20 1.36 5.5045 1.7351327926841678 0.48198133130075715 0.4250093403758701 0.18629109738044797
20 1.38 2.008 2.456504946272395 0.6464108451834301 0.9768312852776766 0.48592321752874695
20 1.42 4.5055 1.9886420644825988 0.47348620582862055 0.4562328898239712 0.19824496512445905
20 1.44 6.004 1.4178600560782393 0.3222409218341017 0.09659895800824905 0.08593440145985415
20 1.44 6.5035 1.5120828230909729 0.34365518706216464 0.06846797223742926 0.06535777677112735
20 1.44 8.5015 0.5016086946787932 0.11400197606775629 0.0 0.014489927551992342
20 1.48 5.005 1.5020677022254403 0.31293077129444063 0.12403975912770349 0.1071229450166561
20 1.5 7.5025 0.6814383925271909 0.1362876785058169 0.0 0.025092018731697852
20 1.5 8.002 0.34378311226753744 0.0687566224527811 0.0 0.005477170803617485
20 1.5 9.001 0.17216729651751045 0.03443345930818336 0.0 0.0
20 1.52 3.5065 2.4648655766252205 0.47401261088961005 0.4679381306143506 0.20072716481361363
20 1.52 9.5005 0.25089493791040485 0.04824902652593613 0.0 0.005477170803617484
20 1.56 4.006 2.0601349182282767 0.367881235396718 0.22215720238525888 0.13152971946594066
20 1.56 5.005 1.7663042947118188 0.31541148120030166 0.010953848645841154 0.07528324730947954
20 1.58 6.004 0.9545807279687668 0.16458288413507627 0.0 0.02568211448502382
20 1.58 6.5035 0.6823172128990023 0.11764089877535741 0.0 0.013415267434605601
20 1.58 8.5015 0.2892741503085597 0.049874853488348476 0.0 0.005477170803617485
20 1.6 3.007 2.796355582370899 0.4660592637283882 0.5001080965840667 0.2154717982203869
20 1.64 4.006 1.7469806281668065 0.2729657231522889 0.06558491432525021 0.09029127574957432
20 1.64 5.005 1.5863842371907055 0.2478725370601591 0.0 0.04058687013541681
20 1.7 2.008 3.83908875074401 0.5484412501062621 0.6992210404422539 0.3199509319168883
20 1.74 0.01 6.1740371091890545 0.6896655948978462 1.1882909825576453 0.09061746568069212
20 1.74 3.007 3.2086827905465816 0.43360578250625315 0.27828088707808674 0.1319690401011074
20 1.78 3.5065 2.2624867861732016 0.29006240848271864 0.0701822430926274 0.06781373027565747
20 1.78 9.5005 2.2282279167260362E-10 6.020026937418675E-12 0.0 0.0
20 1.8 0.5095 5.419700170730764 0.6750550437727403 1.1004671206643895 0.4810745490244425
20 1.8 1.009 5.117155832249355 0.6395464820580077 0.9593980323818934 0.47768872697651044
20 1.8 2.5075 3.9067004931818845 0.48833756164761105 0.42243353374795645 0.17377788270811298
20 1.84 4.5055 0.5413173977778574 0.06444254735300549 0.0 0.00948645350433962
20 1.86 7.5025 1.6824049833780102E-10 0.0 0.0 0.0
20 1.88 1.5085 4.99425964056896 0.5675295046101363 0.7419297330696502 0.34166171558438874
20 1.9 0.01 7.284284668721857 0.6932517843437214 1.2079826418335757 0.09475234995353618
20 1.9 3.007 3.156197103100816 0.35068856701051476 0.0 0.07684254129985169
20 1.92 7.5025 1.687646328238929E-10 0.0 0.0 0.0
20 1.92 8.002 1.687646328238929E-10 0.0 0.0 0.0
20 1.92 9.001 1.687646328238929E-10 0.0 0.0 0.0
20 1.96 4.5055 0.9150148683569183 0.09531404878270652 0.0 0.0
20 1.96 8.002 1.6652189183599153E-10 0.0 0.0 0.0
20 1.96 9.001 1.6652189183599153E-10 0.0 0.0 0.0
20 1.98 1.009 6.11543580891641 0.6240240621342907 0.8883370387025874 0.4379351757579835
