10 0.04 3.5065 0.7622165319798011 0.19020775588111777 0.8456784786916012 0.1728035343832912
10 0.04 9.5005 0.2761387899921706 0.013650120321043912 1.0682904855340796 0.021903753156752134
10 0.06 4.5055 0.7786714956263708 0.16610023331906335 1.056064237395777 0.11901112917010817
10 0.1 0.01 2.7780495765232525 0.6627964465781047 0.9417965273191482 0.08224167109457424
10 0.14 4.5055 1.27413255641588 0.21172864608921926 1.2703477132224952 0.08913989366373933
10 0.14 8.002 0.41525211960436925 0.05729681994152682 0.37939570150148466 0.01731799644675943
10 0.14 9.001 5.55324215982684E-12 4.726469128334501E-13 0.0 0.005477170803617488
10 0.16 0.5095 1.9453696408891585 0.5768347993894721 0.9402946858490018 0.45579930782248884
10 0.16 1.009 1.4822326248209903 0.4812761944357645 0.9135717664930265 0.5000040404932687
10 0.16 2.5075 1.0040039411688748 0.33474689272880265 1.0054948453390355 0.38298620189900845
10 0.18 0.5095 1.8458686552627637 0.5739821299021751 0.9380619417575407 0.449686163745323
10 0.18 1.009 1.4352983368216512 0.48744747811541933 0.9191583813726946 0.4997751942598865
10 0.2 1.5085 1.13934318638883 0.41886376941735765 0.926730090147702 0.48898055608375585
10 0.2 10.0 5.887929564485882E-12 4.726469128334501E-13 0.0 0.005477170803617484
10 0.22 0.5095 1.6969836306506385 0.5728559826918681 0.9252691106061791 0.441027671450249
10 0.22 1.009 1.3170791915080333 0.48179526071111745 0.9213186063409454 0.49811955474435776
10 0.24 3.007 1.4094981142636362 0.37482786485108555 1.4193840737416468 0.3455936678732032
10 0.26 4.006 1.4082443489154688 0.3087938349753627 0.7145223631769907 0.0847218975438838
10 0.28 6.004 0.26014686826854727 0.07226301896279651 0.0 0.009486453504339586
10 0.28 6.5035 0.42932358084158606 0.1192565502335049 0.0 0.01448992755199232
10 0.28 8.5015 1.0585550646652653E-11 4.726469128334501E-13 0.0 0.0
10 0.3 4.006 1.4730445987097494 0.354002070008667 0.7175750663611653 0.09142767694451588
10 0.32 1.5085 0.9848684735935024 0.4266167698786786 0.9208086525352742 0.49813520841511183
10 0.32 10.0 8.959364871093365E-12 4.726469128334501E-13 0.0 0.0
10 0.34 4.5055 1.0671579309422863 0.2870502647933692 0.3977457013158178 0.06535777677112704
10 0.34 9.001 0.3643266282850381 0.11040200857073676 0.0 0.00948645350433958
10 0.36 1.5085 0.9611182726710654 0.4297251830549406 0.9507659415029728 0.49826310779387273
10 0.36 10.0 5.7744977620140795E-12 4.726469128334501E-13 0.0 0.0
10 0.4 0.5095 1.158100545822993 0.5550565860590075 0.9171792396204065 0.41029027328537104
10 0.4 1.009 1.0143220411850182 0.4810176883671861 0.9099795531426786 0.486796218187666
10 0.42 4.006 1.465987702377898 0.444827462008448 0.9041689825182093 0.134679908734932
10 0.44 10.0 0.06097605828637751 0.02177716367310564 0.0 0.005477170803617485
10 0.46 0.01 1.238296440305489 0.6531239485031871 0.9386804398550858 0.06846797223742897
10 0.5 4.006 1.6164653972537655 0.5732962761884296 1.6243101823210961 0.23687575521776796
10 0.56 1.5085 0.8230343867556379 0.43275549174597433 0.9170503990260591 0.49985766371351464
10 0.56 10.0 0.18534708514890977 0.08424867506976233 0.0 0.01448992755199228
10 0.6 0.01 1.2042509118250468 0.6586048389189177 0.9371957520267021 0.06715299401855315
10 0.62 4.5055 1.038352307102877 0.5052379500128684 1.5639961782717924 0.23670837522710714
10 0.64 0.01 1.2729040912807639 0.6531498344532122 0.9296708388425295 0.06112262380653977
10 0.66 6.004 0.9511424668480654 0.5418354680103377 1.1198450432633975 0.134894244647675
10 0.66 6.5035 0.8073571699373461 0.4683392389320277 0.8868598381669922 0.11180273969797838
10 0.66 8.5015 0.43845424846100417 0.2579142638002643 0.0 0.048931217620638554
10 0.68 0.5095 0.8776216255337119 0.5463881928767654 0.8940609475366242 0.40567833351537586
10 0.68 1.009 0.7595405475334117 0.4895978108894859 0.8950465942486807 0.4799262635591859
10 0.68 2.5075 0.6539907416619939 0.39415346844789406 0.9615570703629208 0.4569007578881068
10 0.7 7.003 0.8184983758184317 0.5400061715903639 1.3141005882891184 0.120832603206834
10 0.72 0.01 1.559710367813053 0.6554416398646691 0.9272710644982395 0.06933051012191517
10 0.74 4.5055 0.5957393436511048 0.4322196545450746 1.1858470781885502 0.33256017464426185
10 0.76 5.005 0.579648991130193 0.4613159239379764 1.2473091027131868 0.31420838682416125
10 0.8 4.5055 0.4194219706158464 0.3936828870408804 1.0238338577386288 0.3826080582528481
10 0.8 9.001 0.6133006603607665 0.6115129654011866 1.514493972929179 0.1667368885209883
10 0.84 6.5035 0.3222769750004924 0.3938816999240949 1.0926373075160507 0.32943529751007733
10 0.86 5.5045 0.28668958540955936 0.38754419511199883 0.9951240441168274 0.4009747226757244
10 0.88 6.5035 0.23992587392498604 0.38724877723995055 0.9779639005900878 0.4008405684315437
10 0.9 7.5025 0.20023604309732404 0.39402487755344456 0.9938935134381393 0.3994469201952749
10 0.92 4.006 0.2167199957440114 0.4388914046160777 0.8783226858887825 0.49354995110239364
10 0.96 5.005 0.11710898507571399 0.4559318820994684 0.8759813145957124 0.49991590901952926
10 0.98 4.006 0.12329612617779157 0.47626230152676097 0.8539610373730843 0.4925491777493849
10 0.98 5.005 0.08466659085817635 0.4751522476181393 0.8559759267635196 0.496921130505925
10 1.0 1.009 0.6358715590860066 0.5197849181867675 0.8502942819053554 0.4464324973835501
10 1.02 4.006 0.11230429845308572 0.5051466988382305 0.8400997238814523 0.4822446541408685
10 1.06 5.5045 0.16738231358508368 0.5437531859583533 0.7978134395737243 0.49668222065728745
10 1.08 1.009 0.6958521960890215 0.5295674787399092 0.8454145009911762 0.46248119827100986
10 1.1 8.5015 0.29467020233659585 0.5893404046731727 0.6867594886919106 0.4683869193101106
10 1.12 0.5095 1.2176040493887346 0.5520252159553547 0.8550824029221217 0.4230547245721239
10 1.12 1.009 0.7246346953208941 0.5328352324076702 0.8367701987382111 0.4659613787035992
10 1.12 2.5075 0.3760729085114834 0.5435475384911832 0.8095131024983038 0.4944367811678134
10 1.14 8.002 0.3918640372021123 0.5598057674316178 0.5985131967560748 0.41414134797643776
10 1.14 9.001 0.3868581775490265 0.5526545393558978 0.5398148768395209 0.37590756451991075
10 1.18 2.008 0.553744453102342 0.5520207906622844 0.8000071700386684 0.4973254150189618
10 1.18 2.5075 0.5323491437900564 0.5666871767462742 0.7829427852841835 0.4999594740128789
10 1.18 7.003 0.4883460381187893 0.5426067090208858 0.5451247187110881 0.37695666748994805
10 1.22 4.5055 0.635021256206545 0.5770930702429984 0.6483540153764595 0.4446755512461728
10 1.24 9.5005 0.4528244482721755 0.3773537068935203 0.13754305697801822 0.14655368580990172
10 1.26 7.5025 0.5860640664442803 0.450818512649302 0.22706406679483104 0.19684988115056837
10 1.26 8.002 0.5291288082486796 0.4070221601912521 0.1940131028994877 0.1789508529522192
10 1.26 9.001 0.4933848035157311 0.37952677193459416 0.13913161979864702 0.14197420060452812
10 1.28 4.006 0.7920844659740903 0.5656441655341011 0.5973571699707685 0.4125692034078233
10 1.3 0.01 4.310819441852091 0.6556509626013867 0.92958775833098 0.11154087855496003
10 1.3 3.007 0.8681880410936369 0.5774873270285418 0.668870897488225 0.46053024478459
10 1.32 7.5025 0.6017892069160796 0.37611825432285456 0.0848962044368664 0.12829630783411483
10 1.32 8.002 0.5081668512583576 0.31760428203563273 0.0476951197944871 0.10178646716151986
10 1.32 9.001 0.4269351684029061 0.2668344802529432 0.01897034531398827 0.0836682048194833
10 1.34 0.5095 1.5444659592197454 0.5585233401776295 0.8365551986533561 0.45708722193308016
10 1.34 2.008 0.9927570470440309 0.57620705155416 0.7347930382086476 0.49122001005382204
10 1.34 2.5075 0.9983168558550319 0.5843209392916575 0.6841209392198204 0.46929862223543595
10 1.34 7.003 0.6178077555389202 0.3634163267881729 0.09537200974927963 0.12578392976527045
10 1.36 1.5085 1.0847112507947574 0.5789307239482134 0.7675632058567436 0.4992731109457644
10 1.36 10.0 0.3856003355394994 0.21422240863360759 0.0 0.05013656214534573
10 1.38 0.01 4.739525327657102 0.6511067116573831 0.9280453152681635 0.1141310376000661
10 1.38 3.007 1.059653350148876 0.5571867811129452 0.5869481110694967 0.40688348761209997
10 1.4 9.5005 0.3732381941515994 0.1866190970717308 0.0 0.02386798699735489
10 1.42 1.009 1.3242772647531755 0.5643535485583698 0.7924889751522431 0.49805894181564137
10 1.44 4.006 1.0498469030746236 0.47720313776126494 0.3176202677629866 0.24691505896103205
10 1.5 0.5095 1.8831872889573713 0.5611487581022427 0.8235235650696487 0.4759176885437624
10 1.5 2.008 1.4662880851822804 0.5850261391977443 0.6390845141227584 0.4397372242037374
10 1.5 2.5075 1.3852655907807765 0.554000439624839 0.5493626701614563 0.3835893583266744
10 1.5 7.003 0.6009394416994934 0.24037577667985316 0.0 0.038700969272736904
10 1.54 5.5045 0.7652215114705002 0.2834153746168988 0.03096914608625371 0.06693127223461376
10 1.56 7.5025 0.4743392269455096 0.16940686676429378 0.0 0.020489699895458378
10 1.58 5.005 0.8833252668980766 0.304594919619247 0.04238841861380361 0.07528324730947977
10 1.6 6.004 0.6492806550046321 0.21642688500140533 0.016429540491321646 0.02998664716485925
10 1.6 6.5035 0.5555674228396295 0.18518914094682465 0.0 0.02568211448502374
10 1.64 7.5025 0.18566244031517143 0.058019512597278035 0.0 0.0054771708036174815
10 1.66 0.01 6.075471397588641 0.6449075593552771 0.921419573500311 0.1299795320679046
10 1.66 3.007 1.426156087510954 0.4321685113669545 0.2259719420127786 0.20391373838020155
10 1.68 10.0 0.1254515906704045 0.036897526664984956 0.0 0.0
10 1.7 3.007 1.4835665893680403 0.42387616839100284 0.1790717457878598 0.1769816862872873
10 1.72 8.002 0.22052486194047657 0.061256906097660234 0.0 0.005477170803617488
10 1.72 9.001 0.3115891236155022 0.08655253433640306 0.0 0.007745773043537936
10 1.74 6.004 0.5054399100581797 0.13660538109982415 0.0 0.021903753156752113
10 1.74 6.5035 0.38244672684476033 0.10336398023004259 0.0 0.014489927551992314
10 1.74 8.5015 0.3675378411325233 0.09933455165396692 0.0 0.0
10 1.76 4.5055 0.8228895276019895 0.21654987568445463 0.0 0.04445334002525386
10 1.82 4.5055 0.8814590580346069 0.21499001415459018 0.0 0.043433245744578367
10 1.84 1.009 2.5057780431407553 0.590350910655457 0.7023782465642414 0.4701956873519483
10 1.86 2.008 2.034520996981009 0.47314441790257883 0.32108195758152425 0.2505249969260786
10 1.86 7.003 0.4151856103107209 0.09655479309481615 0.0 0.009486453504339618
10 1.9 6.004 0.35173692449373717 0.07816376099903531 0.0 0.007745773043537933
10 1.9 6.5035 0.32291286803231384 0.07175841511852497 0.0 0.0
10 1.9 8.5015 0.0 0.0 0.0 0.0
10 1.92 0.5095 2.938656661117135 0.5866017449792881 0.7923895040409846 0.49917219105341937
10 1.92 2.008 2.0562032946653663 0.44700071623158977 0.2795131940345014 0.2341791692532339
10 1.92 2.5075 1.633310765940592 0.3550675578133251 0.11232453442820496 0.13817061045187007
10 1.92 7.003 0.3238699959111824 0.07040652085006205 0.0 0.005477170803617488
10 1.94 5.005 0.5180799882917626 0.11022978474227421 0.0 0.012246591372295933
10 1.96 0.5095 3.039753865439699 0.5883970428430476 0.7833854581845252 0.4995887235126423
10 1.96 1.009 2.836298699345192 0.588804437400636 0.6502206799350725 0.44684013537155437
10 1.96 2.5075 1.7476022064460925 0.3640837930098614 0.09644647573982947 0.12179223813311732
10 1.98 5.5045 0.1199401910333073 0.024477590007909635 0.0 0.0
12 0.0 4.006 0.45501218629890605 0.07583536438469447 0.6783109071326782 0.06715299401855342
12 0.0 5.005 0.20616253146148206 0.03436042191100496 0.6548141039796325 0.05496225515851094
12 0.02 4.006 0.7152243190306448 0.14279890121887434 0.8259765758563687 0.10047916720091166
12 0.04 7.5025 0.47394722373037457 0.062296046366890345 1.2119999505177306 0.02120853606616771
12 0.06 3.007 1.097561322140399 0.25583518072505534 1.0401227574487848 0.2277862356348293
12 0.1 0.5095 2.9087259742203755 0.6121570224523647 1.0342227710442862 0.4775772533792695
12 0.1 1.009 2.1902435693309212 0.5084027345946047 0.9924844079097702 0.49374320483955314
12 0.14 3.007 1.6129358447581919 0.3550508748601106 1.5128078510775194 0.2905602682133095
12 0.16 6.004 0.055470916058772565 0.011006134138775278 0.0 0.005477170803617485
12 0.16 6.5035 0.40957201410376637 0.08126428851422371 0.0 0.005477170803617485
12 0.16 8.5015 6.762542499279159E-12 3.662244919409713E-13 0.0 0.0
12 0.18 6.004 0.18518984291541693 0.037640211974320915 0.0 0.0
12 0.18 6.5035 0.2690093058347425 0.05467668818008249 0.0 0.0
12 0.18 8.5015 0.4030229614613264 0.08191523607085087 0.0 0.005477170803617488
12 0.2 4.5055 0.880581763358613 0.16280593676982935 0.21610902683188857 0.024487670441671095
12 0.2 9.001 1.0805568152558845E-11 6.516781781991952E-13 0.0 0.0
12 0.22 6.004 0.3088240673994948 0.06598804859043643 0.0 0.005477170803617475
12 0.22 6.5035 4.605177912508101E-12 6.516781781991952E-13 0.0 0.0
12 0.24 5.005 0.9309938839256583 0.19547057718624544 0.11284378877607787 0.024487670441671
12 0.26 1.5085 1.3182092092344027 0.43483764062013514 1.0168135481045 0.49196677096666763
12 0.26 10.0 1.0506092974631346E-11 6.516781781991952E-13 0.0 0.0
12 0.28 5.5045 0.686893046963544 0.15900302013152975 0.0 0.017317996446759496
12 0.3 1.5085 1.2565396296724485 0.4370601034730494 1.0308164098363044 0.49440965164512213
12 0.3 10.0 1.5952210226949796E-11 6.516781781991952E-13 0.0 0.0
12 0.32 4.5055 1.0842564644265962 0.2606098874528754 0.08524371728485303 0.04923534766090555
12 0.32 8.002 0.38104512091415377 0.09339341199311917 0.0 0.005477170803617484
12 0.32 9.001 1.7218632061226308E-11 6.516781781991952E-13 0.0 0.0054771708036174815
12 0.34 3.007 1.8676982481311029 0.43353231212896953 1.799240321716386 0.34527972057882295
12 0.36 4.5055 0.9139177375960071 0.23743699411191002 0.03589357626051631 0.05838097221957251
12 0.36 9.001 2.4264209167896896E-11 6.516781781991952E-13 0.0 0.0
12 0.4 6.004 0.5744942888186126 0.1595817468940354 0.0 0.02897072327609025
12 0.4 6.5035 0.926787393549111 0.2574409426554421 0.0 0.026823288486981723
12 0.4 8.5015 0.27869068834574634 0.07741408009545704 0.0 0.005477170803617486
12 0.42 10.0 1.158455738737205E-11 6.516781781991952E-13 0.0 0.0
12 0.44 4.5055 1.096547103324095 0.31907964746603995 0.25580938240941603 0.07761016278704089
12 0.44 9.001 0.2661682623436151 0.07921674474858009 0.0 0.00774577304353792
12 0.46 1.009 1.1868975512366413 0.49331970526764046 0.9872998785497958 0.48656294948578827
12 0.48 0.5095 1.3242607866073635 0.5725886135030702 0.9818163183915608 0.4005718825052027
12 0.48 2.008 1.0178700716460707 0.3956179062188635 1.0553535309610749 0.47446430432779974
12 0.48 2.5075 1.084097117057269 0.3733905220048375 1.2391728735382308 0.4296689837334891
12 0.48 7.003 0.5330941969700087 0.17086352466882765 0.0 0.029986647164859204
12 0.5 10.0 0.42670835114425054 0.14223611705037098 0.0 0.005477170803617485
12 0.52 0.5095 1.2116721288278336 0.5653025991392909 0.9781889157293814 0.39730803754115546
12 0.52 1.009 1.1011691656434344 0.493219708134057 0.9906722024373947 0.4823021248067712
12 0.52 2.5075 1.0251614255682155 0.3837491055634051 1.1983600048483827 0.43683841287159775
12 0.54 4.5055 1.858664490578533 0.6359448697196844 1.325129749255772 0.13638442578463347
12 0.56 4.5055 1.6457938990036578 0.585761654879081 1.1029414988764328 0.15003131043405837
12 0.56 8.002 0.5133863329934544 0.19446452007549053 0.0 0.02509201873169794
12 0.56 9.001 0.28288390029972404 0.10715299253911516 0.0 0.007745773043537937
12 0.58 0.5095 1.115904618237096 0.5733502784165578 0.9798673631117281 0.3954859699657573
12 0.58 2.008 0.9275349434704524 0.40200976037756625 1.0294355281108603 0.48060404361982895
12 0.58 2.5075 0.9370813597910467 0.3884223843133404 1.1223225886401782 0.442016214019057
12 0.58 7.003 0.61467366401227 0.2439181206398808 0.0 0.0480071562747721
12 0.6 0.5095 1.079485760288666 0.5720687832450982 0.9671849176969411 0.3896411931864608
12 0.6 1.009 1.000781436203473 0.5043690991416547 0.9694605913339603 0.4799437970070946
12 0.6 2.5075 0.8485951027737147 0.37777088058787545 1.0720920509528196 0.4467949331436093
12 0.64 0.5095 1.003482715067742 0.5630116523369629 0.9688726240048943 0.39396979060466586
12 0.64 1.009 0.936589671220717 0.5044098949837013 0.971458795300568 0.47826909144592344
12 0.64 2.5075 0.8204171620909706 0.39130582199622116 1.080432142662056 0.4511895658373222
12 0.66 5.5045 1.1579743609232698 0.5545309580318364 0.934121831903394 0.15154883811527659
12 0.68 6.004 1.1452908003831066 0.5892078950676776 1.6195093696606322 0.14156834811509444
12 0.68 6.5035 1.206777992684386 0.6190637174013889 1.2434109991471343 0.12083260320683409
12 0.68 8.5015 0.5926785292700789 0.3086867339938572 0.0 0.05496225515851059
12 0.7 4.5055 0.779358113479739 0.41612385111771627 1.4195584212852697 0.30138352791394807
12 0.72 0.5095 0.9284943848286532 0.5649146722319695 0.9681342511491765 0.385112070723045
12 0.72 1.009 0.8257562002683304 0.5064316857639857 0.9659398407193092 0.47118482986293525
12 0.76 3.5065 0.5998392747780174 0.3945860894016742 1.0743471911872677 0.42537554077859385
12 0.76 9.5005 0.5946795844889979 0.41297193367186913 0.06781373027565746 0.10264835670996421
12 0.78 4.006 0.5305006799732701 0.38131246824236176 1.0478860122974571 0.40239790853285684
12 0.78 5.005 0.517067057718172 0.3768188318066161 1.176534402406005 0.33097033191556835
12 0.8 3.007 0.5362551829393163 0.41492360169493614 0.984651554209441 0.4686998835589007
12 0.82 4.006 0.4561080096556997 0.39776557151436787 1.0401771350263713 0.42897049768011253
12 0.82 5.005 0.43778385755422233 0.38756694447368806 1.0978443252207652 0.3764329596496694
12 0.92 10.0 0.18707211390659026 0.3891838134029865 1.078859275744252 0.38872166004087283
12 0.94 4.006 0.21171425838738384 0.4726693275237503 0.9528293367356633 0.500006937532496
12 0.94 5.005 0.18471161532811037 0.4623527855077438 0.9491104106869966 0.4974028399131131
12 0.96 1.5085 0.43950122955959 0.526054919107859 0.9330657134724566 0.45406182565793685
12 0.96 3.5065 0.18994205943111744 0.5000431605555674 0.9379287390696277 0.49115147536226356
12 0.98 1.5085 0.40448927703438076 0.5321656973662597 0.9363604816873865 0.44619006452865034
12 0.98 10.0 0.05742684739152097 0.476481818012149 0.9486889394174315 0.49892921185895955
12 1.0 6.5035 0.028449112580918968 0.5124421662078326 0.9270210228965192 0.4531016150162404
12 1.0 9.5005 0.0 0.5159625928342606 0.9293912395175643 0.4533950687537642
12 1.02 1.5085 0.4209964262771717 0.541213351151515 0.922057318973743 0.43515421823295763
12 1.02 10.0 0.06739375115061687 0.5568978697522883 0.8965614241293727 0.47358844251599813
12 1.04 4.006 0.15836461476260336 0.5557201544058432 0.9035470966085363 0.468722172549144
12 1.04 5.005 0.1417768025041314 0.5563690360694709 0.9031299785886544 0.47424433171954794
12 1.08 9.5005 0.2900506770722723 0.6042722439005219 0.7721842999137722 0.485549632543052
12 1.1 5.5045 0.3586109506088405 0.5972905715906603 0.8251990510788619 0.4999248671563127
12 1.12 6.004 0.42965637950419727 0.5967449715335374 0.7815405947646901 0.4905401189016472
12 1.12 6.5035 0.4332378969834185 0.6017193013658633 0.7771247053676219 0.4830723813854576
12 1.12 8.5015 0.4150978122704784 0.5765247392642656 0.6795119566478262 0.43363232832394505
12 1.14 0.01 3.1747190160936727 0.661543040924441 0.9862995096963822 0.09061746568069226
12 1.14 3.007 0.5160818288030946 0.5987745194665965 0.8618032264969318 0.4965558498016057
12 1.16 5.005 0.590982478996862 0.6149269865794373 0.7652738368562415 0.4789583527143507
12 1.18 8.5015 0.5609634562002532 0.5194106075931629 0.4855556463519874 0.3022947698803237
12 1.2 4.006 0.7315545453474204 0.6092060635400566 0.7670452142045279 0.47740014509486267
12 1.26 0.01 3.8435677544396496 0.6713009364216788 0.9950284859646694 0.09045452272512139
12 1.28 1.5085 1.0652897764438132 0.6014831967536706 0.8643069563437895 0.4949738955312955
12 1.28 10.0 0.612251913268744 0.36443566265454796 0.02897072327609007 0.07912252143048847
12 1.32 0.01 4.171579147188169 0.6722483738259352 1.0014954709677022 0.09885688026195656
12 1.32 3.007 1.1178710539200791 0.5819717957565135 0.7036401780768466 0.4487919255048582
12 1.34 6.004 0.8549834445350178 0.41910953163568154 0.22596949061345722 0.17321026986880556
12 1.34 8.5015 0.5806194406778715 0.2846173728806218 0.007745773043537927 0.06112262380653987
12 1.36 4.5055 1.074978641516451 0.4976752969994619 0.432502685253728 0.2753995511362394
12 1.36 8.002 0.7875745890309129 0.36461786528918544 0.0 0.05939279354994381
12 1.36 9.001 0.5152807527019435 0.23855590403192062 0.0 0.05630203816416392
12 1.42 6.5035 0.8189704137822825 0.32498825943493564 0.04203432920251107 0.08366820481948373
12 1.42 9.5005 0.4947963106075575 0.19634774230457686 0.0 0.023867986997354866
12 1.44 1.5085 1.6281844674771708 0.6118014029816405 0.8078450767900002 0.49452224927333527
12 1.44 10.0 0.40811931412218394 0.1545906492836765 0.0 0.013415267434605615
12 1.46 3.5065 1.3927471448056348 0.5046185307274936 0.43834486226742425 0.2790023598330311
12 1.46 9.5005 0.30350887244254676 0.10996698277449496 0.0 0.013415267434605669
12 1.5 6.004 0.8524272897130171 0.2841424299041003 0.02509201873169785 0.06803252322737648
12 1.5 6.5035 0.6379588159841445 0.21265293865865828 0.0 0.046425812290907656
12 1.5 8.5015 0.4213251351531355 0.14044171170587708 0.0 0.01897034531398831
12 1.52 2.008 1.821505248071944 0.5836050793509754 0.6888522293068117 0.43069978490133126
12 1.52 2.5075 1.780196614442413 0.5705051482055319 0.578443671325143 0.35574553402180803
12 1.52 7.003 0.7942655927904625 0.2545723053751676 0.0 0.029483076631447003
12 1.58 1.5085 2.117489390263907 0.607031562277102 0.7468580150487846 0.4665770735922245
12 1.58 3.5065 1.6363827754970532 0.4702249354890129 0.25331199190559617 0.18089547610377682
12 1.58 10.0 0.20571185402874706 0.05911260173715362 0.0 0.005477170803617486
12 1.62 3.5065 1.4267608221707868 0.38353785542064456 0.15996759455841336 0.15664204141167204
12 1.62 9.5005 0.06633136794961925 0.017831012891613023 0.0 0.0
12 1.66 1.009 2.4439958735829963 0.6104210377568077 0.8109628176585009 0.4955884130711409
12 1.68 4.5055 1.1210551122803332 0.2747684098674859 0.0 0.057868334287662526
12 1.68 9.001 6.536545572277146E-11 0.0 0.0 0.0
12 1.7 5.005 0.7642777794293566 0.18197089985749373 0.0 0.027917725662414024
12 1.72 0.01 6.424782227803166 0.6661061866843989 0.989477341449374 0.11827420604222912
12 1.72 3.007 1.6376220052309174 0.37907916787757273 0.170422723739416 0.14830367515539913
12 1.74 5.5045 0.7950238361706224 0.17905942256406926 0.0 0.02048969989545848
12 1.76 3.007 1.8896518752577254 0.4143973410639125 0.13306052251706574 0.13806623258772097
12 1.78 2.008 2.323870167272765 0.496553454546071 0.4501749182994976 0.2879376367128054
12 1.78 7.003 4.4858148068016106E-11 0.0 0.0 0.0
12 1.8 4.006 1.1658833141440832 0.24289235711153806 0.0 0.03462039882092012
12 1.8 5.005 0.7818094966567402 0.16287697846056434 0.0 0.02190375315675217
12 1.84 6.5035 0.3849900975838363 0.07638692412098931 0.0 0.009486453504339633
12 1.88 0.5095 3.389449293865142 0.6118454828230127 0.8650682922857408 0.49568821519285056
12 1.88 1.009 3.2130622925105286 0.6070258321275316 0.7500733721522772 0.46485400971779794
12 1.88 2.5075 2.249259735794766 0.4259961620837242 0.1693431478823929 0.1438850008694645
12 1.9 5.5045 0.734372957460889 0.1359949921193704 0.0 0.007745773043537919
12 1.92 6.004 0.43259999404073407 0.07836956415441522 0.0 0.0
12 1.92 8.5015 4.136654035734956E-11 0.0 0.0 0.0
12 1.94 3.5065 1.4891182804371117 0.26402806390136907 0.0 0.03418541814583505
12 1.94 9.5005 2.7066438611292304E-11 0.0 0.0 0.0
12 1.96 6.004 0.5879343794653814 0.10207194088669988 0.0 0.00948645350433963
12 1.96 6.5035 3.610695781933603E-11 0.0 0.0 0.0
12 1.96 8.5015 3.610695781933603E-11 0.0 0.0 0.0
12 1.98 4.006 0.7147568020538041 0.12155727924137721 0.0 0.021208536066167766
12 2.0 4.5055 0.4913675642810148 0.08189459406516096 0.0 0.0
14 0.0 1.5085 2.9108487273115893 0.4158355324732534 0.9985859328874929 0.3012246083166194
14 0.0 10.0 0.0 3.6876341600585214E-13 0.5841736720184014 0.03589357626051639
14 0.02 1.5085 2.6721950646723087 0.4369577158187709 1.0288359263157896 0.35488416109698506
14 0.02 10.0 0.13416080322893764 3.6876341600585214E-13 0.32960648297233414 0.005477170803617482
14 0.04 0.01 4.487710824216813 0.6760272726153874 1.0583017980694502 0.0949076584220961
14 0.06 5.005 1.5095218220718518 0.13833961266306966 2.0726923949109177 0.03329833347829332
14 0.08 4.006 1.9708049187414027 0.25519252475558846 2.0111001863828903 0.11438665463920664
14 0.1 6.004 9.934062243529335E-12 3.6876341600585214E-13 0.0 0.0
14 0.1 6.5035 9.934062243529335E-12 3.6876341600585214E-13 0.0 0.0
14 0.1 8.5015 9.934062243529335E-12 3.6876341600585214E-13 0.0 0.0
14 0.12 0.5095 3.3182332370059493 0.6087504658731704 1.082073317990757 0.4757239663001463
14 0.12 2.008 1.5523394826630124 0.3686573125273329 1.0804656317410832 0.40415701726398673
14 0.12 2.5075 1.4683983518309838 0.33403265359038137 1.1961618187583154 0.3442398081472351
14 0.12 7.003 1.398498016474216E-11 3.6876341600585214E-13 0.0 0.0
14 0.14 5.005 0.315490612417995 0.052407078476244644 0.0 0.005477170803617486
14 0.16 5.5045 0.421628487390538 0.07170552506751662 0.0 0.009486453504339572
14 0.2 3.007 3.3599674699606568 0.4930740790427466 2.5834738685851995 0.2908121847509943
14 0.24 1.5085 1.6051898152177795 0.4385621736614531 1.0924688204967021 0.4867186981167545
14 0.24 3.5065 3.2261469792549846 0.47379343667722607 1.6513196953885134 0.11400300231026382
14 0.24 9.5005 2.3902092331857435E-11 3.6876341600585214E-13 0.0 0.0
14 0.26 4.5055 1.1606962037883646 0.2218239488238975 0.057351051509338107 0.03238684935478698
14 0.26 8.002 0.2273363902710033 0.04388733403225268 0.0 0.005477170803617486
14 0.26 9.001 0.24317244551738496 0.04694448755343464 0.0 0.0
14 0.3 4.5055 1.2534453259684115 0.2554297150430577 0.020489699895458326 0.04167720996478895
14 0.3 8.002 0.2754501081529321 0.056214307789777936 0.0 0.007745773043537921
14 0.3 9.001 2.08443883829256E-11 3.6876341600585214E-13 0.0 0.0
14 0.32 3.007 3.9437727180068207 0.6818402267299475 2.6828441852091127 0.3057418122176606
14 0.34 5.005 1.0186795795267984 0.2204934154818795 0.0 0.034185418145834943
14 0.36 3.007 1.8437246948494004 0.4024734798994984 1.8687200832524111 0.34562503259639726
14 0.38 2.008 1.2437747164695454 0.3830474438674609 1.1166055872460001 0.4605936411604102
14 0.38 2.5075 1.371715321191067 0.3700304242929181 1.4015886183849873 0.4106033429998682
14 0.38 7.003 0.25926970737607247 0.05973956391175287 0.0 0.005477170803617484
14 0.42 4.5055 1.1652254489867908 0.28700134211535205 0.0 0.05043335270709317
14 0.42 9.001 1.2997154682267312E-11 3.6876341600585214E-13 0.0 0.0
14 0.44 3.007 1.2059047600833177 0.33574857260859287 1.4235507176910955 0.3602788892194212
14 0.46 6.5035 0.577677841749055 0.15282482586058088 0.0 0.019744665141752923
14 0.48 6.004 0.826127759539711 0.22695817569862398 0.0 0.03792019014824905
14 0.48 8.5015 0.4814898711067878 0.13227743712080012 0.0 0.007745773043537921
14 0.5 4.5055 1.3480410734529145 0.3836313319321901 0.04167720996478884 0.09174968949063773
14 0.52 6.004 0.8110324878470644 0.24137871662283286 0.0 0.051603273845308245
14 0.52 6.5035 0.8239816537495358 0.24523263504504733 0.0 0.039843290846003784
14 0.52 8.5015 0.6610953040694705 0.19675455478127474 0.0 0.01897034531398832
14 0.56 3.007 1.1196380488048616 0.37217174172147793 1.3336791720104182 0.38034572246871157
14 0.58 6.004 1.1662697114153782 0.39669037803205176 0.0 0.06063349681921651
14 0.58 6.5035 0.6582208150965557 0.22388463098583594 0.0 0.0581252261523045
14 0.58 8.5015 0.5545245318200086 0.18861378633087947 0.0 0.024487670441671026
14 0.6 6.004 0.8811613957171669 0.31470049847030745 0.0 0.07874722337954733
14 0.6 6.5035 0.753855970471066 0.26923427516824455 0.0 0.07288029970905315
14 0.6 8.5015 0.48602292883724046 0.17357961743974876 0.0 0.024487670441671057
14 0.62 5.005 1.8208580844900952 0.6606898339731757 1.5914309481664297 0.15388702249565833
14 0.64 6.004 0.9553617321036328 0.37911179845297566 0.0 0.10942224760126193
14 0.64 6.5035 0.8083944966794412 0.3207914669361581 0.0 0.08678979419737512
14 0.64 8.5015 0.49238299828356885 0.19539007868321745 0.0 0.04610297653710262
14 0.66 4.006 0.9464951259700919 0.3855467625720021 1.4036641292218626 0.30674849563188344
14 0.68 5.5045 1.8864537101087453 0.8140068940922309 2.4111380420449033 0.1847141827622635
14 0.72 6.004 1.2565784453680604 0.6257187246744443 2.305993825119288 0.19859192158890662
14 0.72 6.5035 1.5986438419601305 0.8050623785656092 2.4124578250482225 0.16286997034147377
14 0.72 8.5015 0.6577943740105484 0.33560937449576345 0.0 0.0776101627870413
14 0.74 5.005 0.6333314240304359 0.3409348507882354 1.337638976135769 0.2946341657453283
14 0.76 7.5025 1.2698924480049185 0.7500914973259526 2.4782122554511874 0.16243393782530677
14 0.76 8.002 0.7678505891063903 0.4568212806651766 0.151660929689305 0.1356415442163447
14 0.78 1.5085 0.7762199626420742 0.501249527512191 1.0250209465326636 0.49243871323204846
14 0.78 10.0 0.6519915119795152 0.4233711116748439 0.0 0.11101520597965533
14 0.8 5.005 0.5302038439120548 0.36674164147247645 1.1391241986368865 0.3527573474038874
14 0.82 1.5085 0.6826089433605406 0.513221578394341 1.0209299321839855 0.4853349225506435
14 0.82 10.0 0.9156869173597857 0.7261753184781526 2.039839656094069 0.16732939883452302
14 0.86 7.003 0.35924118625223644 0.36125458068137606 1.1384210424243257 0.3471241575751969
14 0.9 0.5095 0.8173822077889136 0.5870641410645246 1.0110880957231554 0.3448707716888976
14 0.9 1.009 0.5936685945293777 0.5546173381310544 1.0232515693961393 0.4224864007138102
14 0.9 2.008 0.44810958300754156 0.5097339564526254 1.012184315988945 0.4854609876431164
14 0.9 2.5075 0.41260722075947726 0.49713378973748973 1.0289105726651189 0.4966787425002265
14 0.92 4.5055 0.2775427485904424 0.46173694571545887 1.0278745113345278 0.4972023490971083
14 0.94 1.5085 0.4349094958763789 0.5512344165520321 1.0072942540220247 0.4444284339161647
14 0.94 10.0 0.17634215748899468 0.41945598195499684 1.0984334239185516 0.4500209423482631
14 0.96 7.5025 0.13552678015967742 0.4774284433754851 1.0065530574748924 0.49967030514710004
14 0.96 8.002 0.13418031764524713 0.4772956851153988 1.031771271694142 0.49833766448602757
14 0.96 9.001 0.13177158417294385 0.46789374512244963 1.0297145316503513 0.49625541594513084
14 0.98 4.5055 0.11461494480279906 0.524523661212405 1.0071072862173136 0.46598472574300254
14 0.98 8.002 0.07146379447034924 0.502133454164158 1.0085189017066862 0.4882972039712016
14 0.98 9.001 0.07290273927273241 0.5106040942214757 1.0089352351863332 0.4928294176895571
14 1.02 4.5055 0.10019140129876643 0.5669530667257848 0.9808992909357437 0.43036315538459846
14 1.02 9.001 0.08112761103267586 0.5794829359527008 0.9636894626963283 0.4509456359928588
14 1.04 1.5085 0.4121185456624346 0.5670520553114895 0.9912492330620454 0.4126308100374942
14 1.04 10.0 0.17387826737549214 0.620993812055578 0.9323851860966673 0.4900723681649214
14 1.06 7.003 0.2612308660316483 0.62163477658595 0.9315118491625803 0.49197765927756865
14 1.1 4.006 0.43590568011942893 0.6187094715642129 0.9301012092188835 0.49015113339327515
14 1.12 5.5045 0.5232325631256927 0.6225608372393414 0.8493657968282653 0.4966193328312048
14 1.14 1.009 0.824760637082635 0.6016307037355555 0.9891428171202359 0.42395848420332793
14 1.16 1.5085 0.7525133588490643 0.6040698146232445 0.9646824592909543 0.4575513629193718
14 1.16 3.5065 0.7075238106069573 0.6298499633913132 0.8982148134287536 0.5000071400276211
14 1.16 10.0 0.5550993926828962 0.4956244577523154 0.47918017405724456 0.26741631382444353
14 1.18 5.5045 0.7712477632876321 0.6121013994361423 0.75000490260995 0.43985081226629774
14 1.2 1.5085 0.9231513088151144 0.6156033835293601 0.9639168819604087 0.4728927018570392
14 1.2 10.0 0.6155289658084585 0.4396635470041326 0.2868649110673639 0.1844120452377699
14 1.22 4.006 0.9473950078121657 0.6151415324489294 0.8038224346360108 0.4671979856592662
14 1.22 5.005 0.9025235366303735 0.5860542445670555 0.7116423737753453 0.4158350014694515
14 1.26 1.009 1.2429012911256458 0.6128399427341544 0.9663130361212741 0.4582618247279621
14 1.28 4.5055 1.1149040626667404 0.5688286034005688 0.6431118078178514 0.36584637867695186
14 1.28 8.002 0.7725245013356487 0.3941451537431896 0.1638246734168315 0.13910619575897065
14 1.28 9.001 0.6927487038825024 0.35344321627006886 0.09159983458708414 0.09930205935922122
14 1.3 3.5065 1.2444724695892189 0.5925719839535701 0.7314114609983492 0.4264456096359685
14 1.3 9.5005 0.579726373693305 0.27606017795007326 0.0341854181458352 0.06803252322737648
14 1.32 1.009 1.4626878687467775 0.6137451745527617 0.9555003546170496 0.47356811957438
14 1.34 5.5045 1.1808370573056528 0.49615002407804953 0.31949345745996455 0.20168265282173023
14 1.36 3.007 1.4847168195569653 0.5891733410959942 0.7261760153636416 0.4174274729553592
14 1.38 3.5065 1.4391302566018254 0.5410264122540103 0.6079343584895278 0.3421738756740559
14 1.38 9.5005 0.4922741998775249 0.18506548865976738 0.0 0.026258918576930194
14 1.44 4.5055 1.4370120217294269 0.4665623447164997 0.2873530648847772 0.1853919078743175
14 1.44 9.001 0.5059124170920672 0.16425727827816752 0.0 0.033298333478293266
14 1.46 7.5025 0.6725773937629668 0.20887496699736885 0.0 0.027375993236772752
14 1.48 0.5095 2.3425515321713117 0.622865232604167 0.9838121925597801 0.4456269531860744
14 1.48 2.008 2.055941834849314 0.6117520566773983 0.7656044907880768 0.447185932233356
14 1.48 2.5075 1.8909293396458997 0.5627765891803156 0.6656656333935715 0.38409023415914184
14 1.5 5.5045 0.8267496769194566 0.23621419339849006 0.03374480423872136 0.054690310753343595
14 1.54 2.008 2.2613232346185876 0.5982336599538994 0.7192256870743474 0.419779127030024
14 1.54 7.003 0.5386910267887282 0.1425108536395114 0.0 0.018162995378570426
14 1.56 0.5095 2.655307559013504 0.6215595394981658 0.9619731488257324 0.4583272628845185
14 1.56 2.008 2.2263424763315722 0.5679445092691126 0.6944253795983917 0.4017103284960346
14 1.56 2.5075 2.012626641388177 0.5134251636165509 0.5882361500719947 0.32576874691790103
14 1.58 7.5025 0.46483579703938177 0.11449157560446399 0.0 0.013415267434605544
14 1.58 8.002 0.36225546949369414 0.08922548507600941 0.0 0.013415267434605586
14 1.58 9.001 0.4452632284292185 0.10967074591565752 0.0 0.005477170803617488
14 1.62 7.5025 0.6086020587899073 0.1402308891170384 0.0 0.0077457730435379285
14 1.64 0.5095 2.984461426589493 0.6270348904347465 0.9571098495421355 0.47024991482657674
14 1.64 2.008 2.469833576199315 0.5513021375431579 0.6281442124444034 0.35757302966087406
14 1.64 2.5075 2.1260070175403873 0.4745551378429589 0.4972632990092558 0.273250921049271
14 1.66 9.5005 7.775178193608039E-11 0.0 0.0 0.0
14 1.68 3.007 2.085232995441792 0.4380741587044274 0.259579999799125 0.17650534316237976
14 1.7 3.5065 1.6910674269390495 0.34511580142017895 0.07587182702301233 0.09944999144781286
14 1.7 9.5005 8.117607689917759E-11 0.0 0.0 0.0
14 1.72 1.009 3.1462677761704523 0.6225294417873519 0.8456542502299146 0.49106542241919093
14 1.74 4.006 1.5166062687238124 0.29278113295602926 0.0 0.06280412531997642
14 1.76 5.005 0.8398610523359743 0.1578686188453589 0.0 0.0289707232760902
14 1.8 1.5085 3.265353912891917 0.5830715388817371 0.6556438117590195 0.3796787274387002
14 1.8 10.0 8.33775535317024E-11 0.0 0.0 0.0
14 1.82 5.005 0.7156755393980484 0.12468214971152354 0.0 0.02190375315675219
14 1.88 6.004 4.779939228034009E-11 0.0 0.0 0.0
14 1.88 6.5035 0.4399534699863173 0.07142101787611292 0.0 0.0
14 1.88 8.5015 4.779939228034009E-11 0.0 0.0 0.0
14 1.9 4.006 0.924497778523102 0.14674567911197228 0.0 0.020489699895458385
14 1.92 5.5045 0.637607895049934 0.099007437128737 0.0 0.0
14 1.94 7.5025 2.8201769857862438E-11 0.0 0.0 0.0
14 1.94 8.002 2.8201769857862438E-11 0.0 0.0 0.0
14 1.96 5.5045 1.1061289265411993 0.16460251882899807 0.0 0.014489927551992288
14 1.98 7.003 5.960546754886211E-11 0.0 0.0 0.0
16 0.0 4.5055 0.5021606420233754 0.06277008025292193 0.7321940714220792 0.03547428668770555
16 0.0 8.002 0.0 0.0 0.5341878895014938 0.03096914608625379
16 0.0 9.001 0.16892584955027085 0.021115731193783856 0.592603906396453 0.02737599323677273
16 0.02 4.5055 0.8941507912141503 0.14236330856737478 0.9407948297731589 0.05523284434047534
16 0.02 8.002 0.10146745779529887 0.0 0.43314902234308233 0.005477170803617488
16 0.02 9.001 4.845078828038203E-12 0.0 0.0 0.0
16 0.04 0.5095 4.849434690007997 0.6566843423171848 1.155150142556528 0.4930688682927921
16 0.04 1.009 3.7402010805859724 0.5379903680971204 1.1069426089123424 0.4650675868781371
16 0.04 2.5075 1.7439008295070209 0.29745994984836555 1.1014228734319784 0.2344619233203119
16 0.06 1.5085 2.683610860694318 0.4440998574649862 1.093520476245796 0.4035438250752713
16 0.06 3.5065 1.7709199134603082 0.284051614269645 1.3925120132662203 0.16304401820305411
16 0.06 9.5005 0.0 0.0 0.0 0.0
16 0.08 1.5085 2.532751772815403 0.4446920491260509 1.088896273933467 0.4252086161080088
16 0.08 10.0 0.0 0.0 0.0 0.0
16 0.12 6.004 0.3923261751956296 0.05572814988555372 0.0 0.0
16 0.12 8.5015 0.0 0.0 0.0 0.0
16 0.14 3.5065 3.8734000968538136 0.39072772267622796 2.034616843995665 0.09191025800602573
16 0.14 9.5005 0.0 0.0 0.0 0.0
16 0.2 5.005 0.4082392597390515 0.06378738433271731 0.0 0.007745773043537932
16 0.24 7.5025 0.0 0.0 0.0 0.0
16 0.24 8.002 0.33516885003188684 0.0551264555967388 0.0 0.005477170803617484
16 0.24 9.001 0.0 0.0 0.0 0.0
16 0.26 0.01 3.800539992636707 0.685487583627174 1.1041488010671774 0.07893510115116241
16 0.26 3.007 5.130113730480068 0.6872733592423973 3.323027448456343 0.25878721279301803
16 0.28 2.008 1.5495811213164163 0.38584868504401876 1.1877770008886852 0.45002094234826084
16 0.28 7.003 0.0 0.0 0.0 0.0
16 0.3 3.007 4.810551461444277 0.7092026798579814 3.145392271045612 0.2877245685760659
16 0.32 5.005 0.8879680219009006 0.16322941579080352 0.0 0.027375993236772866
16 0.34 3.5065 2.5937246577942403 0.4493241329971202 0.6849013850144745 0.10643676204405432
16 0.34 9.5005 0.31816729042713016 0.06025895651992565 0.0 0.0
16 0.36 5.005 1.3964357345671834 0.27274135440956465 0.0 0.03752367279493589
16 0.42 3.007 2.082665139441499 0.4381954895858059 1.9715015460034284 0.34584443314907165
16 0.44 5.005 1.6547543738047046 0.36936481557895867 0.0 0.04273955350341168
16 0.48 5.5045 1.4145823892113785 0.3400438435632726 0.0 0.04800715627477232
16 0.52 5.5045 0.8968725657086787 0.2335605639856384 0.0 0.06232839764092641
16 0.54 5.005 1.1507591547442941 0.31270629204993394 0.0 0.0976594098297968
16 0.56 5.005 1.5102886307023708 0.4262195262209962 0.3203895215609816 0.11193342848131492
16 0.58 5.5045 1.3217761311830498 0.3933857533280835 0.0 0.08593440145985404
16 0.6 5.5045 1.030228524461668 0.3219464138945271 0.0 0.10902018550877894
16 0.62 1.5085 1.2387160615400672 0.46670809884833886 1.0834943537622357 0.4999466578379954
16 0.62 3.5065 1.1170622055803494 0.36564554920552733 1.4125796733231515 0.3450281692549651
16 0.62 10.0 0.6148278800498767 0.2022460131720644 0.0 0.020489699895458346
16 0.64 5.5045 1.3158716681525717 0.4560757409532975 0.28140876497882766 0.12727492492307604
16 0.66 7.003 0.7316231407449086 0.2689790958618898 0.0 0.08610618072321699
16 0.7 5.005 0.7784142345085863 0.3179843297021623 1.4073416919816353 0.24643901718326736
16 0.72 5.5045 1.740568072177746 0.7584463421334288 2.8290987405362644 0.22536658272510568
16 0.74 1.5085 0.9819331095335649 0.5074874906559056 1.1035195851405646 0.49388144332419015
16 0.74 3.5065 0.8295579548023777 0.3921693820516417 1.2034343711839028 0.41101963196714725
16 0.74 10.0 0.567348403623378 0.27276365558576854 0.0 0.06911590432652324
16 0.76 0.01 1.1651084667697265 0.6838208225775182 1.1013152706601879 0.053029009794673856
16 0.78 8.002 1.0874882366959164 0.6146464783560045 1.4851551885179541 0.17666428728958783
16 0.78 9.001 0.7401549212481597 0.4205425688914844 0.0 0.13020220035491223
16 0.8 1.5085 0.8199784226114318 0.5247944996153018 1.0890683192248234 0.48418241998313893
16 0.8 3.5065 0.6754951424298989 0.4156955397307684 1.1507859359507964 0.452764933028336
16 0.8 9.5005 0.6317338040976603 0.39483362756109874 0.08060579525292975 0.14567005700070626
16 0.82 8.002 0.4951578463950958 0.3396417398572636 1.5283470573203841 0.22672795053686096
16 0.82 9.001 0.46645284723055763 0.32176738189758414 1.4475699072005963 0.1853919078743165
16 0.84 2.008 0.6592229840392848 0.5031885609129774 1.0913342976983316 0.4958142771554599
16 0.84 2.5075 0.6458640819517854 0.4804353662002862 1.093493609609313 0.4999193223478115
16 0.84 7.003 0.47380548528400884 0.36489304797272737 1.2521882742857997 0.3054698749471345
16 0.86 4.5055 0.4924328086981708 0.4252149695419042 1.099113228081045 0.45308761443808515
16 0.88 2.008 0.5476606033136473 0.5202768262854787 1.073839218004242 0.48622704529868344
16 0.88 2.5075 0.5194870381996549 0.5062526569476407 1.0950599199941273 0.49769243471439634
16 0.88 7.003 0.3760283113108972 0.3862206251740981 1.141936990407047 0.38747884888267714
16 0.9 6.004 0.3522115499526729 0.4342207049764602 1.1346851813401353 0.4576834457357286
16 0.9 6.5035 0.347383078802198 0.4277011303387903 1.1037877080175449 0.44001285620488995
16 0.9 8.5015 0.3076266289814557 0.3832362446868542 1.180837912584585 0.3821530925157419
16 0.92 3.007 0.3728903558964882 0.5102831855591029 1.0723388469714015 0.49201027886342863
16 0.94 4.5055 0.2622990891232238 0.5128515385731507 1.0694775631148954 0.49776428794831207
16 0.94 8.002 0.21579062908228291 0.44555676218971674 1.138052583460977 0.4832561527612619
16 0.94 9.001 0.21127255174420223 0.43822787348254055 1.1110123615703802 0.4693757712195175
16 0.96 0.01 1.4743929066406611 0.6794714462104899 1.0953196822334026 0.052746979800910414
16 0.98 0.01 1.5681099509714005 0.6774939913984682 1.1100823429900943 0.05414227448793986
16 0.98 3.007 0.18164476165735394 0.5637377571495206 1.0745040056892954 0.42111144651619653
16 1.02 3.007 0.16456538819834207 0.5913740830784535 1.0543102606543586 0.3924854281151043
16 1.04 4.5055 0.2008322300203873 0.6042707431841121 1.029695623367063 0.4312996387007758
16 1.04 8.002 0.2067993617685982 0.645982216176048 0.9989602965998409 0.46969425322991515
16 1.04 9.001 0.2057231702935267 0.6428849071658834 0.9994087047960772 0.4793430867844097
16 1.06 4.5055 0.3011533906465657 0.6217401367185784 1.0113434779778114 0.4566335784843847
16 1.1 10.0 0.4906851028903224 0.6133563786128607 0.8038743954056555 0.43908565915593034
16 1.14 3.5065 0.7156563558333876 0.6377735263504256 0.966811639482833 0.49596535950892473
16 1.14 9.5005 0.635225795048101 0.5671658884359891 0.6586845885041637 0.3463761544327076
16 1.16 7.5025 0.7179667675658643 0.5609115371610761 0.7166060679063071 0.3863492558196243
16 1.16 8.002 0.7013956913806688 0.5479653838913392 0.67382020847855 0.3557455340218078
16 1.16 9.001 0.7114028611951644 0.5557834853085948 0.6128965684788017 0.3056641552634651
16 1.18 4.006 0.9290049626699418 0.6450347612474794 0.903755921759679 0.4908280290760117
16 1.2 4.5055 1.02911396783849 0.6431563935195033 0.8425071055247778 0.4616501113769711
16 1.2 8.002 0.858135965281689 0.5363349783010539 0.5391249339449884 0.2674637043525272
16 1.2 9.001 0.8130313675502892 0.5081446047187261 0.4114419012320888 0.2141475954038377
16 1.22 1.5085 1.1522530117687597 0.6345011525508776 1.0049593225944973 0.4707570115491466
16 1.22 10.0 0.7406499668884601 0.42082384482207535 0.1571866324741618 0.13754305697801816
16 1.24 0.5095 1.5317564252088498 0.6215768367825758 1.054799316982401 0.3738955492502448
16 1.24 2.008 1.244016004806876 0.6440422239258908 0.9690366116242747 0.4960303378708297
16 1.24 2.5075 1.235350669128887 0.6424420564464534 0.9304605275911639 0.4996725061715915
16 1.24 7.003 0.9001007272918611 0.4688024621314752 0.48774702364646794 0.2521244937428922
16 1.26 6.5035 1.0537249234777386 0.5065985209026131 0.4893180435324348 0.24612097991993184
16 1.28 3.007 1.4063477833199638 0.6277239624780476 0.8532175079922082 0.47234361323059254
16 1.3 7.5025 0.8370939981389393 0.34878916589154746 0.20809359571888575 0.1410592468676493
16 1.32 9.5005 0.7401575532050071 0.28912404422220256 0.0 0.04738100939035046
16 1.34 4.006 1.498163896599287 0.5507955502201818 0.6459957388238052 0.336789074873097
16 1.36 5.005 1.3101813337608195 0.4549240742225647 0.4082669523905805 0.216973037348944
16 1.38 7.5025 0.913307596680628 0.3004301304891562 0.0054771708036174885 0.06014033199216681
16 1.4 0.5095 2.280551004808135 0.6423025079958063 1.0321943268405447 0.41657399486258545
16 1.4 2.008 1.9941487240253384 0.6229776971754382 0.867619962487356 0.4787690837423486
16 1.4 2.5075 1.9325278622062783 0.6039149569394608 0.7807067797138331 0.437984750684255
16 1.44 3.007 1.9748413229945938 0.5610344667600966 0.6675330955726306 0.3497485496524389
16 1.48 6.004 0.9976858944620163 0.25981403501865064 0.03504995599500172 0.06512983327091017
16 1.48 6.5035 0.9412759222230845 0.2451239380775151 0.0 0.05043335270709325
16 1.48 8.5015 0.44352127886430986 0.11550033303939566 0.0 0.012246591372295938
16 1.5 4.006 1.6061743838557616 0.4015435959639404 0.30512981348368773 0.18335002463705313
16 1.52 5.5045 1.7822849216927001 0.42843387540361005 0.05043335270709316 0.07267638737914493
16 1.56 6.004 1.1138888944149303 0.24863591393239953 0.0 0.0467463993070972
16 1.56 6.5035 0.8993689152196741 0.20075199000198746 0.0 0.016429540491321695
16 1.56 8.5015 0.013713095449257109 0.003060958805208902 0.0 0.005477170803617485
16 1.58 0.01 5.102112808658837 0.6838683614086405 1.0966275234195322 0.09444093821471561
16 1.58 3.007 2.2497780569081245 0.48486596054040687 0.4561793300291091 0.23178658559229065
16 1.6 2.008 2.6697390838756707 0.556195642474113 0.701294494530422 0.38526105106656
16 1.6 2.5075 2.4638777834473062 0.5133078715515087 0.5805693353595924 0.2976946774742793
16 1.6 7.003 0.4777029417189866 0.0995214461918176 0.0 0.01095384864584116
16 1.64 6.004 0.5600443283456629 0.1093836578781168 0.0 0.013415267434605607
16 1.64 6.5035 0.48465072657838876 0.09465834504822686 0.0 0.00774577304353794
16 1.64 8.5015 0.1835967546849148 0.035858741148623814 0.0 0.00547717080361748
16 1.68 5.005 1.7843071794057201 0.3279976432724638 0.0 0.030481870164767416
16 1.7 7.5025 0.2943982740433838 0.052571120362212974 0.0 0.0
16 1.72 3.5065 1.7375504819243484 0.3016580697786827 0.08349125878492425 0.08541692771894704
16 1.72 9.5005 1.0701380172007947E-10 0.0 0.0 0.0
16 1.76 1.5085 3.443970014704427 0.5664424366289534 0.739466056292565 0.39822204537637207
16 1.76 3.5065 2.1426251938842733 0.352405459519388 0.04445334002525385 0.08661941221386191
16 1.76 9.5005 7.837402098324938E-11 0.0 0.0 0.0
16 1.8 8.002 0.0 0.0 0.0 0.0
16 1.8 9.001 0.3994416940850641 0.062412764697993554 0.0 0.005477170803617487
16 1.82 1.5085 3.6725843418523536 0.5598451740628798 0.6862150377858222 0.3709121570793184
16 1.82 3.5065 1.8028807087749665 0.2748293763384072 0.0 0.05577003584052185
16 1.82 10.0 1.1206172360260822E-10 0.0 0.0 0.0
16 1.86 4.006 1.3489977621505402 0.1960752561266431 0.0 0.033744804238721095
16 1.88 5.5045 0.873805901924945 0.12412015651279625 0.0 0.0054771708036174815
16 1.9 7.003 0.4120574718707464 0.057230204417703205 0.0 0.007745773043537917
16 1.92 4.006 1.2200129925377936 0.16576263485548975 0.0 0.02048969989545821
16 1.94 0.01 7.354088953830533 0.684516219180182 1.104654312277172 0.11088337815571558
16 1.98 4.5055 1.4246939110409793 0.18172116211946 0.0 0.015490151729404733
16 2.0 5.005 0.35032995192217553 0.04379124399027194 0.0 0.005477170803617485
18 0.0 0.01 6.210156822797273 0.6900174247548091 1.1487122395821414 0.09826004249730108
18 0.0 3.007 1.4660824695943264 0.1628980521760748 0.7862756470409814 0.0718548263505797
18 0.02 3.007 1.7308127245579132 0.24505677196221637 1.2060066211556166 0.14227776380878285
18 0.04 6.004 1.0361578569013013E-11 3.0425910314702166E-13 0.0 0.0
18 0.04 6.5035 0.4613639815199777 0.05377276320963937 0.5861493291460402 0.009486453504339633
18 0.04 8.5015 1.0361578569013013E-11 3.0425910314702166E-13 0.0 0.0
18 0.06 7.5025 4.353672579525297E-12 1.9950325712950203E-13 0.0 0.0
18 0.06 8.002 9.099836161090882E-12 2.996809797659521E-13 0.0 0.0
18 0.06 9.001 6.0011710362948695E-12 3.0425910314702166E-13 0.0 0.0
18 0.08 4.5055 0.5344573848189282 0.10727501707966904 0.6951300713093054 0.01448992755199227
18 0.08 8.002 6.31233942587664E-12 3.0425910314702166E-13 0.0 0.0
18 0.08 9.001 6.31233942587664E-12 3.0425910314702166E-13 0.0 0.0
18 0.12 5.5045 0.45487258171931966 0.05743340678238519 0.0 0.005477170803617488
18 0.14 7.5025 1.095556004727125E-11 0.0 0.0 0.0
18 0.16 2.008 2.026259619608369 0.39834792959173354 1.1973253405850064 0.412671865110016
18 0.16 7.003 0.5142949678764533 0.06802843490393988 0.0 0.007745773043537923
18 0.18 2.008 1.8938554615066425 0.38589834195158634 1.2186241950444454 0.42403348982357103
18 0.18 2.5075 1.742666207746772 0.3496214008773224 1.3739395669672718 0.3688656746138809
18 0.18 7.003 1.2179083143548026E-11 3.0425910314702166E-13 0.0 0.0
18 0.2 3.5065 2.254707985584584 0.2852031685903903 0.32283631299467386 0.066036804830914
18 0.2 9.5005 2.0221755541615212E-11 3.0425910314702166E-13 0.0 0.0
18 0.22 2.008 1.8826938271010856 0.39355129765040087 1.2074939567033265 0.4369886618063296
18 0.22 2.5075 1.8454954835926574 0.35854174054732957 1.60249391357539 0.38373978822530275
18 0.22 7.003 0.34111097803279716 0.04859130741130272 0.0 0.007745773043537927
18 0.24 0.01 4.486566648767323 0.6810315879579318 1.1440712704071618 0.08331392614254447
18 0.26 5.005 0.8038685773185075 0.12070098758606176 0.0 0.009486453504339633
18 0.3 5.005 1.0762981125972448 0.17084097025445513 0.0 0.021903753156752182
18 0.32 3.5065 2.54352293343138 0.4032987704065136 0.2552357548622902 0.0979602048788277
18 0.32 9.5005 1.3950769852785934E-11 3.0425910314702166E-13 0.0 0.005477170803617477
18 0.34 7.5025 2.9523714709324375E-11 0.0 0.0 0.0
18 0.34 8.002 4.224547603310422E-11 3.0425910314702166E-13 0.0 0.0
18 0.36 3.5065 5.115905597882804 0.7722525099859605 2.8908537357877835 0.1547192290065759
18 0.36 9.5005 2.3151969796007447E-11 3.0425910314702166E-13 0.0 0.0
18 0.38 5.5045 1.1618139665303604 0.2082103882683461 0.0 0.027375993236772762
18 0.4 2.008 1.6100479142359474 0.3819619691531264 1.2032292122385408 0.4569407533731666
18 0.4 2.5075 1.73036529119561 0.3748515668337536 1.4938467189996798 0.40016790811917935
18 0.42 5.005 1.5756837207788952 0.30185511892338435 0.0 0.04167720996478892
18 0.44 1.5085 1.7834954759572306 0.44220751441927003 1.1738772545702998 0.49529452539109947
18 0.44 3.5065 3.752603494663614 0.6772632808941815 2.107824151052951 0.17000841943019676
18 0.44 9.5005 0.22296606808621192 0.044239299224571656 0.0 0.005477170803617486
18 0.48 4.006 1.9177953005725565 0.4076919297646231 0.0848962044368663 0.11691039698129647
18 0.5 5.005 1.6927809737304615 0.37588212432523244 0.02998664716485913 0.0764557698693931
18 0.54 1.5085 1.6523063997833947 0.4693874207928431 1.1352135321427872 0.49939754712130696
18 0.54 3.5065 1.2257727035516695 0.3086867272804222 1.523139867580594 0.3116662456233271
18 0.56 3.5065 2.1623260028175744 0.5212946887693121 2.327016153670023 0.3117415009135012
18 0.56 9.5005 0.4006304036435213 0.10116929384068182 0.0 0.0
18 0.58 4.006 1.2999879551647189 0.34225684639354614 2.0060671604286715 0.2655109772745924
18 0.62 7.5025 1.1253141469599484 0.32903922425517024 0.0 0.04445334002525382
18 0.62 8.002 0.7079724191466314 0.20700947928289473 0.0 0.04131698233669939
18 0.62 9.001 0.5398622924741403 0.1578544714913736 0.0 0.03048187016476745
18 0.66 4.5055 1.0132950427322733 0.3307176805771272 1.5749067027557055 0.2577428256996573
18 0.68 2.008 1.2395791958084101 0.46281540162780055 1.1531280889918758 0.4941160974322257
18 0.7 1.5085 1.233225383237259 0.5000731975712768 1.148761492275165 0.4953935537543369
18 0.7 3.5065 0.9660888900557105 0.3618309851741868 1.1932248941956771 0.3908427433764767
18 0.74 7.5025 1.0895918427057028 0.4653499769751287 0.34587201252693917 0.1428827853493195
18 0.74 8.002 0.9590278143942391 0.4098409463222183 0.0 0.1213134289081924
18 0.74 9.001 0.8237230401773203 0.35201839323746953 0.0 0.09659895800824822
18 0.76 0.5095 1.1727721116948544 0.6167968422632273 1.1278316538881186 0.3395985670629347
18 0.76 1.009 1.1349135058478215 0.5727659156156922 1.1364055640845028 0.44207964632512897
18 0.78 0.01 1.2012412867200026 0.6872126306429726 1.1410646837380771 0.04769511979448698
18 0.78 3.007 0.8635628694153914 0.4339702047407768 1.1792505187449627 0.472686201853018
18 0.8 7.5025 0.5750948926296475 0.3153431919103932 1.639685352912915 0.2191396700455089
18 0.8 8.002 0.5300025743415214 0.2917898576277664 1.2195514541584422 0.18873824065591324
18 0.82 0.01 1.0855644443415782 0.6831819661742353 1.1457526956416684 0.04769511979448672
18 0.82 3.007 0.7645521445061726 0.4665736036145004 1.145871908215883 0.4898771078058127
18 0.84 6.004 0.5555328956062412 0.38169171195720225 1.2086295327099514 0.36142984618150964
18 0.84 8.5015 0.4924748016261922 0.3405853550148299 1.3335826394825065 0.23698725721361405
18 0.88 6.004 0.4567495011879149 0.4151395801855273 1.1797667797839657 0.43133482312458005
18 0.88 8.5015 0.400808883804783 0.3691735870870211 1.2210439194458387 0.33972819881574806
18 0.9 5.5045 0.4138525296964168 0.4534339865903218 1.1578259765000076 0.4760913246592888
18 0.92 5.005 0.37045244483488354 0.5047733026607965 1.1626800696756237 0.4983985450807245
18 0.94 0.01 1.0807184685923952 0.6892679687192057 1.1586718810186232 0.04800715627477238
18 0.94 3.007 0.3321431577695832 0.5519239194698559 1.1225285779649121 0.4664845378630256
18 0.96 1.009 0.4536970999150831 0.6112148278677324 1.1307853856501056 0.3334003174331336
18 1.0 0.5095 0.671789861098012 0.6418020135482678 1.1343849851194325 0.24350314797560305
18 1.0 2.008 0.2331941215294514 0.6088381009317355 1.1260720567844822 0.3155037158164086
18 1.0 2.5075 0.16841485347214433 0.5904525881464238 1.1134912984479302 0.32106450005642967
18 1.02 5.005 0.1199952612452845 0.6214402094210542 1.1039548670032904 0.3791121770245816
18 1.04 0.01 1.5394504789556256 0.6934857313471766 1.1499111300480538 0.04642581229090784
18 1.04 3.007 0.25279659377293795 0.625256909751863 1.0938899641128375 0.38716044877782524
18 1.08 0.5095 0.8809199968066322 0.6369468882184095 1.1294416939221437 0.2825826455861265
18 1.08 2.008 0.4922269463483102 0.6283409229677651 1.0924056276118856 0.4011533995763776
18 1.08 2.5075 0.4781465462679799 0.6371777260196196 1.0897829356661175 0.4201280792321213
18 1.1 4.5055 0.5928108215886636 0.6576679794335115 1.0237993869200062 0.4898893689722816
18 1.1 9.001 0.5518998842029214 0.613222093558938 0.869536577328768 0.45866660003926085
18 1.12 2.008 0.7232314658792951 0.645451079461009 1.084004358515462 0.43603338723872564
18 1.14 7.5025 0.7740366051955513 0.6143147660283381 0.8321725899873844 0.42326243930321067
18 1.16 0.01 2.2258724508667918 0.6881032102821385 1.1442372676471495 0.05838097221957248
18 1.16 3.007 0.9655411627644622 0.6686555986284687 1.022612380204905 0.49469998713177027
18 1.2 3.007 1.1687983284732282 0.6489291885144309 0.9816091714257045 0.499770597718044
18 1.22 8.002 0.9532998747814585 0.4814645832239557 0.47715782509525484 0.22459252612689612
18 1.22 9.001 0.8543357600928669 0.4314827071168269 0.3746132863059229 0.18584213363476187
18 1.24 6.004 1.152295185082634 0.5334699930943908 0.6440867749032215 0.31038233945780597
18 1.24 6.5035 1.0635043385872363 0.4923631197163297 0.5933132035146612 0.2837178823368934
18 1.24 8.5015 0.9285661646021568 0.42989174287250914 0.2836289344590298 0.1596117879289204
18 1.28 5.005 1.3834773797923137 0.5489989602359289 0.6636833077852441 0.3230595913231456
18 1.36 3.5065 1.8936974349793958 0.5844745169699721 0.7327322752830712 0.3675427175860315
18 1.36 9.5005 0.5347634551617471 0.16505044914705366 0.0 0.025682114485023697
18 1.4 6.004 1.162381331586925 0.32288370322786314 0.1777723501454478 0.11048690206936902
18 1.4 6.5035 1.1214622598442834 0.3115172943964668 0.062089145187798546 0.08610618072321666
18 1.4 8.5015 0.8180754797232834 0.22724318881251265 0.0 0.037920190148249246
18 1.42 0.5095 2.634861221018767 0.661435526919493 1.101082882442253 0.4158750563738655
18 1.42 2.008 2.4328720859357356 0.6434412576272078 0.9086478800148202 0.4717990560620342
18 1.42 2.5075 2.249187897011842 0.5950232531779633 0.8072342809609137 0.4227898402554882
18 1.44 5.005 1.4081143653678179 0.35558443570409604 0.21402095682306788 0.1327340914013178
18 1.46 0.5095 2.793700988132965 0.6510820749623805 1.0800650708303337 0.4235639290259036
18 1.46 1.009 2.7902266124127273 0.6712286433696778 1.0354076450966112 0.49194497166842704
18 1.46 2.5075 2.4625054969572315 0.5948080910529858 0.7702572507651797 0.39504437653334395
18 1.48 5.5045 1.3672955684178543 0.3165036037953119 0.0770351812939732 0.08242137628386188
18 1.52 4.006 2.132813681520981 0.4557294191284732 0.310629371459356 0.15987872557987
18 1.56 5.5045 1.3554857653270647 0.2689455883559245 0.0 0.05102170193535258
18 1.58 1.009 3.4138905922857647 0.6532075733100755 0.973945771686521 0.5000015952315024
18 1.6 8.5015 0.4113996631052454 0.07618512280224467 0.0 0.005477170803617487
18 1.62 0.5095 3.7180103180767574 0.6535238888732373 1.0781069603644553 0.45670046188787095
18 1.62 1.009 3.5967104169880995 0.6436806470022737 0.9778138100337679 0.4992351944645461
18 1.62 2.5075 2.9668592170510024 0.5316952001878564 0.5882576092147562 0.27380180065283183
18 1.64 5.5045 0.9812250893201634 0.170351578035979 0.0 0.028970723276090026
18 1.68 1.5085 3.711996256236979 0.6065353359862571 0.8101379347349027 0.4270318097926732
18 1.68 3.5065 2.137357050720394 0.34924134816379526 0.13042446088829407 0.11514991362404857
18 1.68 9.5005 1.2730872350973117E-10 0.0 0.0 0.0
18 1.7 0.01 5.684886478102188 0.6855776766293428 1.1533801136699053 0.09614075759736782
18 1.72 7.5025 8.660321479500348E-11 0.0 0.0 0.0
18 1.74 4.5055 1.5143031189549037 0.22737284069714575 0.0 0.03504995599500168
18 1.76 7.5025 0.3783374975007455 0.0553124996404423 0.0 0.005477170803617481
18 1.76 8.002 8.885065893876511E-11 0.0 0.0 0.0
18 1.76 9.001 8.885065893876511E-11 0.0 0.0 0.0
18 1.78 4.006 1.746810588501469 0.24883341717274918 0.0 0.04273955350341177
18 1.8 0.01 6.306801690408832 0.6738233967685381 1.1393414269966475 0.10350275635912728
18 1.8 3.007 2.7028815670485633 0.37540021764933973 0.161117922390225 0.10588446102734485
18 1.82 7.5025 1.4525336108326564E-10 0.0 0.0 0.0
18 1.82 8.002 1.4525336108326564E-10 0.0 0.0 0.0
18 1.82 9.001 0.15096965361675663 0.020456592627922737 0.0 0.0
18 1.84 0.5095 5.055116438038339 0.6641603724502277 1.041751258727434 0.486234237184045
18 1.84 2.008 3.6058258754250447 0.4769610946326847 0.5373676168305972 0.24532350514334156
18 1.84 2.5075 2.8784494337648456 0.3807472795971701 0.3069414828401392 0.1543499717059488
18 1.86 1.5085 4.304327517915864 0.5561146663976797 0.6969050473562969 0.35097035690029627
18 1.9 4.5055 0.24863522449307016 0.03069570671992167 0.0 0.0
18 1.94 0.5095 5.607187188624345 0.6598957880758684 1.023461443131218 0.49418096472910045
18 1.94 1.009 5.249341781929895 0.6204838044514063 0.8402037702947023 0.44770959203628996
18 1.96 2.008 3.8023708544079056 0.44008921925653194 0.3771463689797524 0.18851730058374383
18 2.0 1.5085 4.695135498389287 0.5216817220408917 0.6034963101750302 0.2945518815238559
18 2.0 3.5065 1.1730648992969817 0.13034054437841588 0.0 0.0181629953785704
20 0.02 5.005 1.3245299170257039 0.14317007888657862 1.3246801453468249 0.028970723276090043
20 0.04 5.5045 0.3601444332921189 0.04729030045083017 0.36690510739610266 0.0
20 0.06 0.01 6.32656647922697 0.6765150841111713 1.194041656991234 0.08797294248325313
20 0.08 3.007 2.013842494149743 0.30592088953651014 1.5369092207651336 0.24301828970865536
20 0.1 2.008 2.3488806784874976 0.3714228805324588 1.183623567327345 0.37053204218733365
20 0.1 2.5075 2.1127324001592185 0.34911592341384373 1.3093288153185207 0.3180317590716857
20 0.12 4.006 1.2692189209240214 0.14118162692953865 0.13733318280641832 0.021208536066167842
20 0.14 0.01 5.790757223235446 0.6813273023913768 1.199541046317529 0.08913989366373955
20 0.2 7.5025 2.0514594766007234E-11 6.292187458989999E-13 0.0 0.0
20 0.2 8.002 2.0514594766007234E-11 6.292187458989999E-13 0.0 0.0
20 0.22 8.5015 0.382477374603604 0.049035560847045224 0.0 0.0
20 0.24 1.009 3.253327859706753 0.5273486671173574 1.228113559314654 0.49966365878680025
20 0.26 3.5065 2.1202739342742443 0.2865130627389793 0.009486453504339635 0.07226679926592676
20 0.26 9.5005 2.1379944015958865E-11 6.292187458989999E-13 0.0 0.0
20 0.3 3.5065 2.0999825660199454 0.29955373458288853 0.03329833347829337 0.08366820481948391
20 0.3 9.5005 3.644298578181639E-11 6.292187458989999E-13 0.0 0.0
20 0.32 7.5025 1.4081421987501335E-11 6.292187458989999E-13 0.0 0.0
20 0.34 0.01 4.320300307449393 0.6778170083178198 1.1843942210192728 0.07818081208857224
20 0.36 7.5025 0.23975242945717654 0.0374613170988946 0.0 0.0
20 0.36 8.002 0.32445977532746045 0.050696839899788404 0.0 0.00774577304353794
20 0.38 4.006 1.8218198324945694 0.2938419084671291 0.0 0.07703518129397308
20 0.42 1.5085 2.072462263732383 0.44362713703063195 1.214065004707914 0.49297256873894046
20 0.42 3.5065 4.781903857620222 0.7466426720263204 2.8418480541034628 0.15835945323172615
20 0.42 9.5005 5.686841627537091E-11 0.0 0.0 0.0
20 0.44 7.5025 0.4671168972416746 0.08341373165066601 0.0 0.00774577304353794
20 0.44 8.002 0.2430555181152765 0.04340277109097971 0.0 0.005477170803617488
20 0.46 0.5095 2.9569180136518307 0.6193692215426906 1.2201459951724032 0.42010871881209744
20 0.46 2.008 1.7706233145095487 0.39792457897441447 1.2523478372092227 0.4641488578047611
20 0.46 2.5075 1.6487290735473905 0.35721816040954474 1.3037137534153789 0.4121783579034597
20 0.5 1.5085 1.9479294969699588 0.4664604259808391 1.2105947072813739 0.4983621530587137
20 0.5 3.5065 4.791380909707171 0.8750764653564961 4.111209705795608 0.27886846727325143
20 0.52 2.008 1.636662842530927 0.3962914088692857 1.2489435199851162 0.4738215476065979
20 0.54 7.5025 0.864738187323085 0.18798656245190765 0.0 0.026258918576930333
20 0.54 8.002 0.5852881921903937 0.1272365635215862 0.0 0.018970345313988404
20 0.54 9.001 0.32309412662400866 0.07023785361461732 0.0 0.007745773043537928
20 0.56 7.5025 0.6403323011138341 0.14553006843690572 0.0 0.03462039882092015
20 0.6 2.008 1.5600083898033819 0.43710790202195454 1.2337349167815468 0.4836362797663879
20 0.62 0.01 2.3543265433152842 0.6813690775986633 1.1867304129796852 0.05888908660735345
20 0.62 3.007 1.2933180041553851 0.36142509322561583 1.2928487610912163 0.3969638068248477
20 0.64 2.008 1.502836652700032 0.45736182693730343 1.2015480735746709 0.48990774636864387
20 0.7 7.5025 0.992664651898546 0.330888217299684 0.0 0.09900550480180702
20 0.7 8.002 0.860696706058194 0.28689890201898477 0.0 0.0857622676344644
20 0.7 9.001 0.780849128572515 0.2602830428552566 0.0 0.04923534766090576
20 0.72 2.008 1.270289251473829 0.48110958171917023 1.187273487659259 0.4988054626614112
20 0.72 2.5075 1.2148545271691054 0.45354084509904574 1.2373080923896957 0.4806384687192942
20 0.74 0.01 1.557668109382475 0.6818436597235629 1.1979114875347336 0.04923534766090566
20 0.74 3.007 1.0717367057898544 0.42344221781459446 1.2003678079486508 0.45822253377926503
20 0.76 6.004 0.7965793549532925 0.3290879034926365 1.723252889099199 0.25078390356423497
20 0.76 6.5035 0.7392893618033701 0.3049561188716516 1.296800315363071 0.22036593565761536
20 0.76 8.5015 0.9365561405537243 0.39023172522934796 0.0 0.1239225501476104
20 0.78 1.009 1.204112594304559 0.5939263511770136 1.195061616889671 0.42897049768011264
20 0.8 0.01 1.2178238485787978 0.6820000459658332 1.2000901582065298 0.051891589618817985
20 0.82 1.009 1.0076904145520524 0.5949411208224035 1.1923710870346802 0.4115174681196465
20 0.84 5.5045 0.6431556611838622 0.39678860637309904 1.229724350650442 0.3887459289770776
20 0.86 4.006 0.6663527576127914 0.4701538675015004 1.2106020631155248 0.4826773460318947
20 0.86 5.005 0.622043313281997 0.4360709323945493 1.2027442841897813 0.4450296349973221
20 0.88 5.5045 0.5383650039241912 0.44396932838629183 1.1918299560749597 0.4565532404146041
20 0.92 1.5085 0.522946203400052 0.6044984021276659 1.1995231460167755 0.3964113534093299
20 0.92 3.5065 0.4540267670089379 0.5502747480582566 1.1910077815397966 0.4886252615259351
20 0.92 9.5005 0.3447188081807486 0.429733615552857 1.2276563324076994 0.42185814249895504
20 0.96 6.5035 0.21800280635862243 0.539100423848336 1.1767413890800218 0.4876877337542025
20 0.96 9.5005 0.19884780623384807 0.49673431914909155 1.1711196189812048 0.49997257157195363
20 0.98 3.5065 0.15666154210638603 0.5897474804258611 1.1773505724012454 0.3732550293494992
20 0.98 9.5005 0.11199734517851986 0.5587216065985791 1.171262507090428 0.46209793810150535
20 1.0 6.004 0.030969146086253837 0.6211258970485463 1.1684011998707429 0.285321947859155
20 1.0 8.5015 0.0 0.609770367387066 1.1524369407722999 0.283282045369765
20 1.02 3.5065 0.1509032938216496 0.6379098095884193 1.1486760720919984 0.3334003174331342
20 1.02 9.5005 0.12887091027716066 0.6443545513854609 1.1352979350565937 0.4051152108345029
20 1.06 4.006 0.4009894670001256 0.6631185745781111 1.1299674691293318 0.4286646738450969
20 1.06 5.005 0.4074237830710582 0.6784098360710784 1.1270250314876864 0.451817628971169
20 1.08 6.004 0.5327456749296253 0.6659320936620813 1.0564997682941706 0.49495672359047227
20 1.08 6.5035 0.5230918969650185 0.6538648712064364 1.0584228220023149 0.49783780574074393
20 1.08 8.5015 0.5246982162917325 0.6558727703626086 1.0027410170655358 0.4961848587523602
20 1.1 3.007 0.6785249927176081 0.6745587792205653 1.1274163830533952 0.4519597112188754
20 1.16 1.009 1.1266363955116052 0.6632275977675475 1.1599637026696967 0.3778951120104677
20 1.18 4.5055 1.1300558205304188 0.6278087891835145 0.9336729395365254 0.47816834702440336
20 1.18 9.001 0.8815194492344081 0.4897330273522371 0.5979144713538476 0.2552832613345397
20 1.2 5.005 1.2176206681604094 0.6088103340802428 0.8532182463659825 0.43306248949350346
20 1.22 0.01 2.358756995406829 0.683325042514359 1.189100595357908 0.05761028129786126
20 1.22 3.007 1.4364666995847746 0.6528875716112533 1.0126113468096571 0.497439597929189
20 1.24 5.5045 1.3567588588172943 0.5653161911744148 0.7408426854136587 0.343574921649325
20 1.28 3.5065 1.7946079949778795 0.6409314267776357 0.8833308584115079 0.4409314720376108
20 1.28 9.5005 0.9558256784363166 0.3413663137258493 0.07369018454755737 0.07986769192103714
20 1.3 0.5095 2.135921111174834 0.6692627599023908 1.1359159531002012 0.36968727032527793
20 1.3 1.009 2.0369004452333073 0.6707491251362834 1.1108305391921482 0.45171802626091534
20 1.3 2.5075 1.9879389873849749 0.6626181846517841 0.9824049140241895 0.48707612065874717
20 1.34 4.5055 1.8314230520022226 0.5386538388236308 0.6391068999826189 0.2839354310804379
20 1.36 7.5025 1.1138467021746976 0.3094018617140672 0.07567615431786986 0.08060579525292931
20 1.38 0.5095 2.582959731076766 0.6538104554726666 1.1349387167150071 0.39536988865842226
20 1.38 1.009 2.6112562378223387 0.6838433381940731 1.1008750598425743 0.4779015540325502
20 1.38 2.5075 2.3136722841254813 0.6088611274013314 0.8801771082217084 0.4498900977232997
20 1.4 5.5045 1.4681719552591348 0.36704298881540304 0.21778089384587535 0.13053543889840669
20 1.42 6.004 1.2045491517303002 0.2867974170679265 0.1450777020386433 0.0941284579715719
20 1.42 8.5015 0.561339924468552 0.13365236296337682 0.0 0.013415267434605601
20 1.44 3.5065 2.1002771897757193 0.4773357249490422 0.6318671480769698 0.29043418617081757
20 1.44 9.5005 0.7286891561527966 0.16561117185493177 0.0 0.018162995378570305
20 1.46 6.004 1.404251268711631 0.30527201493833744 0.0 0.07144042737605999
20 1.46 6.5035 1.0714804333695978 0.23293052899412342 0.0 0.0565661391943884
20 1.46 8.5015 0.40784774637607324 0.08866255356144224 0.0 0.010953848645841141
20 1.48 4.006 1.9962809174974274 0.4158918578118694 0.4166813979539413 0.17698168628728775
20 1.5 4.5055 1.7844053515701648 0.3568810703140747 0.26242225393319923 0.1369123904317003
20 1.52 1.5085 3.3818267593981974 0.6503095709646272 0.9665774054197863 0.4821870851678311
20 1.54 4.006 2.199961120637659 0.4074002075268209 0.32786894811956163 0.13941654612761759
20 1.54 5.005 1.7462339154768998 0.3233766510126485 0.05102170193535242 0.07081418681671342
20 1.58 9.5005 1.3602658950639142E-10 0.0 0.0 0.0
20 1.6 5.5045 1.703799917906236 0.28396665298309115 0.0 0.039085475864588194
20 1.62 6.004 0.4660578682696615 0.07517062391577742 0.0 0.01095384864584112
20 1.62 6.5035 0.5485340931586796 0.08847324083220329 0.0 0.010953848645841166
20 1.62 8.5015 5.74769846463921E-11 6.020026937418675E-12 0.0 0.0
20 1.66 0.5095 4.665926195558586 0.702052727030716 1.1219072111337134 0.4636178848227899
20 1.66 2.008 3.6507715086870025 0.5531471982862832 0.7375805072388789 0.3466258343363058
20 1.66 2.5075 3.4147866372604563 0.5173919147363691 0.5754844139880144 0.2523812068082791
20 1.68 7.5025 1.4577194312726556E-10 0.0 0.0 0.0
20 1.68 8.002 1.709538863608767E-10 6.020026937418675E-12 0.0 0.0
20 1.7 0.5095 4.813681670155818 0.6827324742217192 1.1179879151762748 0.4701848353641593
20 1.7 1.009 4.690144168289103 0.6699289784793601 0.9822148389904565 0.491950424327699
20 1.7 2.5075 3.5504902435612635 0.5072128919372122 0.5347103684289297 0.22702254231234553
20 1.76 0.01 6.184567658110947 0.6820062796018581 1.1886259877964884 0.09614075759736822
20 1.78 1.5085 4.885516989836042 0.6263483320302915 0.8125394084776039 0.3858555575402071
20 1.82 0.01 6.583953647755239 0.681472175856518 1.1934407111279308 0.09659895800824839
20 1.82 3.007 3.0308192951849464 0.3696121091686926 0.16850738428417136 0.10406828623593191
20 1.84 6.004 0.21870884556688122 0.026036767328357822 0.0 0.0
20 1.84 8.5015 1.6841422337570133E-10 0.0 0.0 0.0
20 1.86 4.5055 1.6531586225655592 0.19222774681449661 0.0 0.010953848645841145
20 1.86 8.002 1.4897160705497965E-10 6.020026937418675E-12 0.0 0.0
20 1.86 9.001 1.6824049833780102E-10 0.0 0.0 0.0
20 1.88 2.008 4.152650379305259 0.47189208855743303 0.5579909850731227 0.22965245526239497
20 1.92 4.5055 1.4413190296148914 0.15666511190914417 0.0 0.018162995378570256
20 1.94 6.004 1.66945390274772E-10 0.0 0.0 0.0
20 1.94 6.5035 1.66945390274772E-10 0.0 0.0 0.0
20 1.94 8.5015 1.66945390274772E-10 0.0 0.0 0.0
20 1.98 5.005 1.7434927568527072E-10 0.0 0.0 0.0
20 2.0 7.5025 0.0 0.0 0.0 0.0
20 2.0 8.002 0.39944692019527556 0.03994469201591346 0.0 0.0
20 2.0 9.001 0.0 0.0 0.0 0.0
