10 0.0 4.5055 0.322371214733549 0.0644742429466836 0.6147242611255926 0.09334251214477135
10 0.0 8.002 0.06535777677112695 0.013071555354223361 0.6277738591870802 0.08331392614254453
10 0.0 9.001 0.04983798613756545 0.00996759722751614 0.5942735832591891 0.0804219212928869
10 0.02 4.5055 0.44596518527555645 0.09613855713305033 0.7763707638782639 0.09644647573982985
10 0.02 8.002 0.20668101128863794 0.030553923950308072 0.7531749819184901 0.042034329202511087
10 0.02 9.001 0.17708544808357188 0.009476201878058794 0.6868011033310748 0.044788168533674205
10 0.04 0.5095 2.6742666200559873 0.5972687946739011 0.9683995247371595 0.486768056384127
10 0.04 1.009 2.035479055033866 0.4801420207548026 0.9131099941234578 0.4771659703624135
10 0.04 2.5075 0.994070017591444 0.2588024478445394 0.8393890504415316 0.2616421744432964
10 0.06 1.5085 1.4796984498682826 0.39639255358906667 0.8766839330719637 0.4277059161539374
10 0.06 3.5065 0.8168871701616839 0.20742856647652363 0.9415386567352861 0.18561717907973588
10 0.06 9.5005 0.19135947713968174 0.02333212369733402 0.43709941750041564 0.01816299537857027
10 0.08 1.5085 1.4070147561957556 0.4000720162418618 0.8992464646689946 0.44436655209766274
10 0.08 10.0 3.1676065142896885E-12 4.726469128334501E-13 0.0 0.0
10 0.12 6.004 0.5580655051717968 0.05384153908903899 0.6362740806711479 0.020489699895458315
10 0.12 8.5015 0.3963563684819714 0.051438691479683135 0.4327677594947673 0.0094864535043396
10 0.14 3.5065 1.2076900952297027 0.294064214843729 1.27311945095219 0.23732135786101408
10 0.14 9.5005 5.55324215982684E-12 4.726469128334501E-13 0.0 0.0
10 0.2 5.005 0.9064482535707563 0.1645871765966487 0.4912024842663682 0.03589357626051645
10 0.24 7.5025 0.11849360470672417 0.031182527554594865 0.0 0.00948645350433962
10 0.24 8.002 0.2647800776289475 0.06967896779814396 0.0 0.005477170803617483
10 0.24 9.001 1.0268689656675968E-11 4.726469128334501E-13 0.0 0.005477170803617486
10 0.26 0.01 1.9819025288707428 0.663950739746796 0.9451743353654041 0.07645576986939304
10 0.26 3.007 1.3482760659243624 0.35968274846742027 1.4400997597533287 0.3440817229981231
10 0.28 2.008 0.9964829660875031 0.3898097379005202 1.0094530433602802 0.46462777979091757
10 0.28 7.003 0.3853314094431403 0.10703650262467347 0.0 0.010953848645841155
10 0.3 3.007 1.8432232173338063 0.4563805672741105 1.56288731033977 0.3492574755342448
10 0.32 5.005 0.8224722570047385 0.2376164498504204 0.06933051012191523 0.04273955350341175
10 0.34 3.5065 2.0298905268715286 0.5044627387075589 1.2700149543382262 0.18516631886280116
10 0.34 9.5005 0.2743452733881626 0.08313493132981119 0.0 0.007745773043537927
10 0.36 5.005 0.7209828715669887 0.22331895895423687 0.04131698233669935 0.03908547586458826
10 0.42 3.007 1.2850441379290212 0.4100765313865421 1.4211495620599328 0.36387867641505106
10 0.44 5.005 0.7611730746228581 0.2708126806994293 0.0379201901482492 0.058380972219572475
10 0.48 5.5045 0.9759397827180845 0.3578943078316039 0.6157241217573699 0.06304062150387814
10 0.52 5.5045 0.6875884397946155 0.2857968347516022 0.027917725662414183 0.0635109294879633
10 0.54 5.005 1.0016510479675977 0.4199543526321277 0.5949401130646779 0.09302620686118092
10 0.56 5.005 1.1086888364997012 0.48339529536044995 0.8930112796421088 0.11565579899009294
10 0.58 5.5045 0.9486932431950388 0.43695307972168773 0.7359536672442936 0.10629896851594016
10 0.6 5.5045 1.1110125272940596 0.5359137840600825 1.1597784410432428 0.12226905457135435
10 0.62 1.5085 0.7608387452437366 0.43915768341207717 0.917837746885138 0.5000071751267673
10 0.62 3.5065 0.8436283751462923 0.41655063199858733 1.24883638639684 0.35266691634648156
10 0.62 10.0 0.2375738693590216 0.12503887860943022 0.0 0.025682114485023784
10 0.64 5.5045 1.0399240523032054 0.5581059241363028 1.2347775320475327 0.14955360925652358
10 0.66 7.003 0.6611595356029357 0.3855557714172994 0.653529003475619 0.09350024908406789
10 0.7 5.005 0.7700284306036583 0.4886949288384516 1.4486112236466069 0.2537104980537955
10 0.72 5.5045 0.7531121681923652 0.5182867444863122 1.4401831466656814 0.24182771905891792
10 0.74 1.5085 0.6480844233110243 0.4574790454688472 0.8921661843816915 0.4988853584580003
10 0.74 3.5065 0.5248860293590162 0.37535999617555255 1.005089254871398 0.4119928158999194
10 0.74 10.0 0.374638190524069 0.28818322347580466 0.0 0.06737397278167433
10 0.76 0.01 1.708336510308553 0.6595930887331886 0.9412089543954715 0.07247188889013201
10 0.78 8.002 0.6513042212525576 0.5886175294360039 1.5362430964347744 0.1827399512087631
10 0.78 9.001 0.6740719072855578 0.6112360057982542 1.3685265459703395 0.1412631266512305
10 0.8 1.5085 0.5746427787685255 0.46637927776348853 0.8783557349766219 0.49759879793251405
10 0.8 3.5065 0.4338764604283731 0.39417337621479737 0.9418779953560018 0.4444129673070371
10 0.8 9.5005 0.5891849588539869 0.5877155033737879 1.2099632231943187 0.15230136456244425
10 0.82 8.002 0.4694120834233507 0.5162050922185103 1.399083123497541 0.23372585101608143
10 0.82 9.001 0.4940024249638303 0.5476131386978246 1.5431124046281628 0.19775801229155654
10 0.84 2.008 0.4668428821299031 0.45138460969785993 0.8864374061062646 0.4999428558559441
10 0.84 2.5075 0.4229355645184808 0.43170680135208783 0.9016024594535188 0.4934962815086933
10 0.84 7.003 0.3165472120511249 0.39008901399046103 1.1147790822062118 0.31635014658738914
10 0.86 4.5055 0.3130285104820149 0.40948134272007386 0.9361200746524589 0.440432935107143
10 0.88 2.008 0.4178454475306836 0.46244495615521386 0.8702222917066014 0.4994582471683539
10 0.88 2.5075 0.3679290873824621 0.4509701660905833 0.8905999122931693 0.4988447306418273
10 0.88 7.003 0.23553973821984703 0.38354245369356976 0.9967613913399724 0.37682589832815755
10 0.9 6.004 0.2104443330115879 0.4018791527110685 0.9387959699516903 0.43854491733688833
10 0.9 6.5035 0.2052955802999541 0.3958055626123749 0.9303952685926418 0.4298473869284234
10 0.9 8.5015 0.19663581880294193 0.3903029084529879 1.0163485063026994 0.378336385567687
10 0.92 3.007 0.26794256596113203 0.45222159366974607 0.8743145950358934 0.4997056995793429
10 0.94 4.5055 0.17004408246915345 0.4479452397098935 0.8664592596502476 0.4965770769592414
10 0.94 8.002 0.12714204974001161 0.4196189734728271 0.9185156522665783 0.4630947560438991
10 0.94 9.001 0.12431399842419866 0.41012847518793405 0.909097483047312 0.45045564780306174
10 0.96 0.01 2.5889273825850174 0.6581981743778057 0.9360829949109837 0.08260067961368019
10 0.98 0.01 2.802218846454166 0.6577365616663554 0.9343443030178069 0.08661941221386131
10 0.98 3.007 0.1913015078661883 0.48257845791839493 0.848554963033484 0.48863177346305486
10 1.02 3.007 0.18066485646178299 0.5032218759037432 0.8401967970271049 0.47828738187156566
10 1.04 4.5055 0.12675895467201134 0.5177738257156997 0.8194627521384241 0.4890125667249502
10 1.04 8.002 0.1086541471915461 0.5414389719857886 0.8006991803645418 0.4965664716497788
10 1.04 9.001 0.11094726267299272 0.5547363133649819 0.7987143388481475 0.4984440546189055
10 1.06 4.5055 0.17291907937649945 0.533316085165652 0.8097934569238809 0.49369998364594725
10 1.1 10.0 0.283625358384295 0.5672507167686912 0.6352273849122052 0.43980214753840924
10 1.14 3.5065 0.3980704907648616 0.5568594470291226 0.7681095441376086 0.49989724061797874
10 1.14 9.5005 0.37981421780698577 0.542591739724186 0.5226820514321967 0.358187716485723
10 1.16 7.5025 0.43694724529572304 0.5461840566195857 0.5665620765091248 0.39317053068643754
10 1.16 8.002 0.4271482554486831 0.533935319311023 0.5205977827783093 0.3691673934431551
10 1.16 9.001 0.41627305528038444 0.5203413191005146 0.4555584251297729 0.32337826888315674
10 1.18 4.006 0.5221405232729365 0.5776439161159731 0.7315113062141332 0.4870830782815188
10 1.2 4.5055 0.580743010929107 0.5805885122194637 0.6706154311074143 0.4595209228614577
10 1.2 8.002 0.49649176282045165 0.4964917628204855 0.4044595720925174 0.28674140529422737
10 1.2 9.001 0.4463422567018437 0.4463422567018956 0.2846847000848894 0.23321451953246136
10 1.22 1.5085 0.7071181981505567 0.5463939695165121 0.8039725513415495 0.4949179781650049
10 1.22 10.0 0.440274963628085 0.40024996693525183 0.1395706000716917 0.1490742263880475
10 1.24 0.5095 1.4074060882621597 0.5578722250910588 0.847265360060042 0.44352712484834234
10 1.24 2.008 0.7188369081980206 0.5687207194257318 0.7686559677113018 0.5000074676195596
10 1.24 2.5075 0.7083183863791227 0.5799487062510337 0.7506047865802776 0.4961512048650618
10 1.24 7.003 0.5754845582448584 0.4795704652037011 0.34995467841096944 0.26934974850858856
10 1.26 6.5035 0.6423678987896074 0.49412915291514375 0.34191796654230316 0.25659232104054835
10 1.28 3.007 0.8124777303250275 0.578163849057076 0.6848371337586797 0.47045548605646326
10 1.3 7.5025 0.5824248644628552 0.3882832429752633 0.13617262050016826 0.15276961975177056
10 1.32 9.5005 0.4687340231872388 0.29295876449219527 0.042034329202510975 0.06975770236757256
10 1.34 4.006 0.8940164720466683 0.5258920423802891 0.49246954422175687 0.3415013696772968
10 1.36 5.005 0.7998902742956819 0.44438348572001535 0.285287084406344 0.23287283421059782
10 1.38 7.5025 0.5476341501835346 0.28822850009658096 0.05302900979467405 0.08151877850051846
10 1.4 0.5095 1.694512758006668 0.5603083935725325 0.8321111171288159 0.4655513642581449
10 1.4 2.008 1.1789961767377215 0.5852134695753747 0.7048830748414101 0.4771377824495757
10 1.4 2.5075 1.1446171555580016 0.5715746351419909 0.6405271402773529 0.44177797145316633
10 1.44 3.007 1.164988506294139 0.5294762725078805 0.5065315183772113 0.356543722972599
10 1.48 6.004 0.729279930597732 0.3038666377493842 0.04131698233669933 0.08115485099622073
10 1.48 6.5035 0.5875119942430708 0.24479666427020202 0.029483076631447044 0.05013656214534577
10 1.48 8.5015 0.35644476838117667 0.148518653489816 0.0 0.017317996446759486
10 1.5 4.006 1.1056202564547004 0.4422481025818725 0.20894377577165776 0.18836983934572127
10 1.52 5.5045 0.7545527498758975 0.2902125961073263 0.045450366808802455 0.08729888310038303
10 1.56 6.004 0.7094728137198372 0.25338314775581394 0.0 0.050728389160508855
10 1.56 6.5035 0.5545297862215224 0.1980463522214388 0.0 0.03946621370857944
10 1.56 8.5015 0.12167914621829556 0.04345683793614436 0.0 0.007745773043537931
10 1.58 0.01 5.749463928903852 0.6494943211142323 0.9273065467781736 0.12286230809956128
10 1.58 3.007 1.4050463351398554 0.4844462350533672 0.3235393363161786 0.24638604861333344
10 1.6 2.008 1.6535985396103996 0.5509239121849167 0.5673760302557622 0.39265108363800605
10 1.6 2.5075 1.5329198447125363 0.5109732815708378 0.4397549847292367 0.31132722860834466
10 1.6 7.003 0.4024139577096202 0.13413798590080503 0.0 0.02120853606616777
10 1.64 6.004 0.5652854599253947 0.17665170622404813 0.0 0.02568211448502373
10 1.64 6.5035 0.4517620648235469 0.1411756452592778 0.0 0.0204896998954583
10 1.64 8.5015 0.16017006882089863 0.050053146507738344 0.0 0.0077457730435379415
10 1.68 5.005 0.7790891573400401 0.22914386980558635 0.0 0.040586870135416765
10 1.7 7.5025 0.24682462233040348 0.07052132066569196 0.0 0.005477170803617475
10 1.72 3.5065 1.2279220950103662 0.3410894708357355 0.06759421581121887 0.11691039698129671
10 1.72 9.5005 0.18387668235180382 0.05107685620773219 0.0 0.0
10 1.76 1.5085 2.1048582269636933 0.5534723209205386 0.5863811301026596 0.4068620591376846
10 1.76 3.5065 1.1683037966953504 0.3074483675512445 0.023867986997354925 0.09974517036428258
10 1.76 9.5005 3.4857385030271165E-11 0.0 0.0 0.0
10 1.8 8.002 0.11794521940308308 0.02948630485076133 0.0 0.0054771708036174885
10 1.8 9.001 0.0 0.0 0.0 0.0
10 1.82 1.5085 2.2923907402837784 0.558594782497199 0.5517394558998057 0.3817475820709035
10 1.82 3.5065 1.3101141197230535 0.3195400292015738 0.028970723276090054 0.07761016278704098
10 1.82 10.0 4.158793118849487E-11 0.0 0.0 0.0
10 1.86 4.006 1.0369496327675438 0.24115107738765884 0.0 0.04273955350341196
10 1.88 5.5045 0.4481915597664746 0.10186171812781054 0.0 0.014489927551992406
10 1.9 7.003 0.0679319661897589 0.015095992486608792 0.0 0.0
10 1.92 4.006 1.0255491136548944 0.22294545948983863 0.0 0.05043335270709329
10 1.94 0.01 7.591156901112935 0.6496772694552779 0.9306527145119563 0.14378512183992517
10 1.98 4.5055 0.49029320654004954 0.10005983806865786 0.0 0.015490151729404779
10 2.0 5.005 0.5346976673235286 0.1069395334648074 0.0 0.00948645350433959
12 0.0 0.01 4.062060913564879 0.6770101522608171 0.9947685759777086 0.09490765842209556
12 0.0 3.007 0.811643969775178 0.1352739949642647 0.6960951951505627 0.11114686934954618
12 0.02 3.007 1.0061583657963449 0.20326274025550364 0.8064509257847691 0.15304981464290351
12 0.04 6.004 0.6376937312789552 0.07993004950189908 1.2418595183666372 0.02998664716485922
12 0.04 6.5035 0.51588304580171 0.09339287435251292 1.031058440922497 0.03870096927273692
12 0.04 8.5015 0.3319496339808811 0.017012434594809573 0.7966246783260869 0.007745773043537927
12 0.06 7.5025 4.422561865663781E-12 6.516781781991952E-13 0.0 0.0
12 0.06 8.002 0.49165006901016794 0.004376486429585148 0.9656672519838738 0.007745773043537944
12 0.06 9.001 5.040538761804348E-12 6.516781781991952E-13 0.0 0.0
12 0.08 4.5055 1.4285128525716948 0.1936148121036323 1.6787683213394649 0.08060579525292896
12 0.08 8.002 4.5834744644038214E-12 6.516781781991952E-13 0.0 0.0
12 0.08 9.001 0.34023174883182133 0.0706095095873945 0.5132960457907186 0.01224659137229594
12 0.12 5.5045 0.5759849024299619 0.09323635756447425 0.40758875652706844 0.015490151729404784
12 0.14 7.5025 9.869942228442054E-12 6.516781781991952E-13 0.0 0.0
12 0.16 2.008 1.2752332257742076 0.3733611553741741 1.0245862259666592 0.4310530334773047
12 0.16 7.003 0.40100827446173914 0.07956513382372785 0.0 0.005477170803617481
12 0.18 2.008 1.2375122512910472 0.3774155032637672 1.040185501320619 0.4375874757237767
12 0.18 2.5075 1.178117844874724 0.3455147956949254 1.1551956585344254 0.38600383125070437
12 0.18 7.003 1.2358506423325815E-11 6.424701975140514E-13 0.0 0.0
12 0.2 3.5065 2.8011916768268037 0.425312325774296 2.0829616446722263 0.19452207411806613
12 0.2 9.5005 1.0805568152558845E-11 6.516781781991952E-13 0.0 0.0054771708036174815
12 0.22 2.008 1.2105672244534234 0.386629399304998 1.0586316349489824 0.45156126601493485
12 0.22 2.5075 1.2429167347739072 0.3582085940017322 1.2822182500231385 0.40072867715873417
12 0.22 7.003 0.2722289168098627 0.058168571969291025 0.0 0.0
12 0.24 0.01 2.6965892343556748 0.6762992822037485 1.003058766240713 0.07837008219040317
12 0.26 5.005 0.9012083065131012 0.20297484381299402 0.0 0.0232317412814863
12 0.3 5.005 0.7759927418470869 0.1847601766320021 0.0 0.018162995378570284
12 0.32 3.5065 2.9450662688964706 0.5727927908501179 1.8923676292316327 0.18888536663891742
12 0.32 9.5005 1.7218632061226308E-11 6.516781781991952E-13 0.0 0.0
12 0.34 7.5025 0.333743095762533 0.08427855953915342 0.0 0.010953848645841134
12 0.34 8.002 1.419068596650473E-11 6.516781781991952E-13 0.0 0.005477170803617488
12 0.36 3.5065 2.8136871409073576 0.6061846575923366 2.0148553531186826 0.2099191352601759
12 0.36 9.5005 0.319106439135498 0.08310063519338708 0.0 0.0
12 0.38 5.5045 0.6753637576449572 0.18154939721618535 0.0 0.03096914608625365
12 0.4 2.008 1.0708236336936048 0.3883480768432728 1.098988573636103 0.4675628958686832
12 0.4 2.5075 1.1874170426744228 0.37477782811146104 1.264081712269355 0.4187850688906382
12 0.4 7.003 0.5202475248480686 0.14451320134838375 0.0 0.018970345313988408
12 0.42 5.005 0.8199420995181692 0.23398315592081362 0.03908547586458803 0.06256672082535057
12 0.44 1.5085 1.1059547753641135 0.4336279926449196 1.0085400176362647 0.4984392950323844
12 0.44 3.5065 2.4068463372574675 0.616420523127957 2.121257175634275 0.26110400602176764
12 0.44 9.5005 0.2772711801794508 0.08252118457795128 0.0 0.005477170803617486
12 0.48 4.006 1.5433753315783352 0.4658809501555004 0.8623262798283432 0.11949973598710191
12 0.5 5.005 0.9194230766524893 0.30594366920777494 0.021903753156752147 0.07968206955738402
12 0.54 1.5085 1.031305209124322 0.44643974820840454 1.008048720936141 0.4997824549991059
12 0.54 3.5065 1.6271021101437233 0.5362526343885358 1.7964718967834434 0.3097751449241678
12 0.54 10.0 0.3166878587325583 0.11474197780569756 0.0 0.0
12 0.56 3.5065 1.3803778444601489 0.4818254455856259 1.7126319049948218 0.3197346421926026
12 0.56 9.5005 0.29950840510801724 0.11345015345317207 0.0 0.017317996446759427
12 0.58 4.006 1.7832528642136887 0.6493093492765597 1.9934675472066643 0.26459922975412936
12 0.62 7.5025 0.5653986347001576 0.2479818573244506 0.0 0.045120492482005926
12 0.62 8.002 0.5502469547473441 0.2413363836617896 0.0 0.046425812290907816
12 0.62 9.001 0.6107143187442403 0.2678571573438529 0.0 0.03547428668770557
12 0.66 4.5055 1.2963946502383286 0.602835300118148 1.8344881925223189 0.25487864088969275
12 0.68 2.008 0.7860066511589101 0.4240053381216903 0.9965713046014224 0.48943060256256954
12 0.68 7.003 0.6844823891414862 0.3565012443442082 0.0 0.09428483231931806
12 0.7 1.5085 0.7979695096067191 0.4651216614625256 0.9799474418672535 0.49943979952418244
12 0.7 3.5065 0.6946638482618032 0.3747700612737342 1.137209328447533 0.3815698458652704
12 0.7 10.0 0.4573923548582164 0.2541068638091075 0.0 0.044453340025253904
12 0.74 7.5025 0.9422944613620847 0.6016551634515905 1.3900899945271674 0.12543716498041269
12 0.74 8.002 0.5487916651913431 0.35178952896721505 0.02509201873169782 0.11815091199991562
12 0.74 9.001 0.9026586983238495 0.5749104145614121 1.2174669234272262 0.09475234995353632
12 0.76 0.5095 0.8891798415761677 0.5664434459920937 0.9574615516860775 0.38306172239799036
12 0.76 1.009 0.7667471812101138 0.5131106449171899 0.9643728064067802 0.46783509898999204
12 0.78 0.01 1.454940622213227 0.6743014556312414 0.993886804866505 0.06737397278167447
12 0.78 3.007 0.5681987655817157 0.40653958726508876 1.0283507032427286 0.46173742064964085
12 0.8 7.5025 0.6845251434354418 0.564891585650613 1.7475068360694077 0.22261245730383103
12 0.8 8.002 0.7543354800148767 0.6236150676861258 1.9759694052869343 0.19740931665808256
12 0.82 0.01 1.618702871834352 0.6694699324949117 0.9965317445236931 0.06825060160530025
12 0.82 3.007 0.49594381435305324 0.4255177573352462 0.9760131195196188 0.4758402998962732
12 0.84 6.004 0.35926766544137195 0.36440810665227574 1.1119198975594817 0.35194180285161725
12 0.84 8.5015 0.43538577220790103 0.45143256179872565 1.4571250279544237 0.2484407705755635
12 0.88 6.004 0.29701719252046405 0.4022284391737895 1.0520071406274278 0.4160351508973117
12 0.88 8.5015 0.2723853988108606 0.37623340576370806 1.1263738792570475 0.3270567632080548
12 0.9 5.5045 0.26490110812917744 0.4207932003862317 0.9953010395134383 0.45586692564280534
12 0.92 5.005 0.22834752524279042 0.4408386061554548 0.9740880782115784 0.48689453877045347
12 0.94 0.01 2.1322621029282405 0.6727081868295243 0.9997161741092282 0.07722732910433434
12 0.94 3.007 0.26075144904173847 0.49071223019527727 0.9455127389598716 0.49599982620049876
12 0.96 1.009 0.5791677789403652 0.5381434034713204 0.931326331038766 0.4275241142530705
12 1.0 0.5095 0.9900868417853617 0.5791046729822249 0.9474689185435173 0.3618308759771014
12 1.0 2.008 0.3016127285374632 0.5299361864720598 0.9341811253342622 0.4397696911621676
12 1.0 2.5075 0.2239154258394192 0.5227647833628833 0.9273005138624404 0.4435115091119434
12 1.0 7.003 0.026258918576930284 0.5216583540786368 0.9197137741356864 0.44883612054029315
12 1.02 5.005 0.08140252729826777 0.540765876980197 0.911018935374551 0.4625428095693198
12 1.04 0.01 2.6905744344380347 0.6827105937223167 1.004999680626034 0.08384476669391472
12 1.04 3.007 0.1974192048987885 0.5410413977004287 0.9156014107723046 0.46208553841497324
12 1.08 0.5095 1.0950891357105956 0.5710413493854735 0.9383747323989113 0.382507067402285
12 1.08 2.008 0.3858123260036234 0.5530370002874455 0.9032166541090301 0.4629112844533865
12 1.08 2.5075 0.3281802228218886 0.5592353440375822 0.9011251535147495 0.4715880694964702
12 1.08 7.003 0.2922309780695205 0.6088145376448615 0.8309952153337776 0.49976595611330193
12 1.1 4.5055 0.3549712163254097 0.5869920173201946 0.8645095335981793 0.4980509647636219
12 1.1 9.001 0.35759462076972365 0.5959910346161988 0.7322321501190852 0.46118675643419693
12 1.12 2.008 0.48787664059809893 0.5719984399177207 0.8888467551678804 0.47647476508561193
12 1.12 7.003 0.4336407111170967 0.602278765440427 0.7575985093436838 0.4705310261287901
12 1.14 7.5025 0.4868635468380555 0.5795994605215143 0.6753708481518863 0.42466913367625164
12 1.16 0.01 3.2522992442929284 0.6659341394844905 0.9983666088368993 0.0848962044368662
12 1.16 3.007 0.5906067444316819 0.6038450591702715 0.8443503590733521 0.4992014460405773
12 1.18 10.0 0.5211894491252681 0.4825828232654239 0.33085371673909525 0.22714024430605095
12 1.2 3.007 0.738273088449982 0.6113478612358605 0.8314490382237675 0.49888737081999635
12 1.22 8.002 0.6304234355436121 0.47759351177706605 0.35730462781716454 0.24057479595595815
12 1.22 9.001 0.5787932083374338 0.4384797032876096 0.25179189367631083 0.19223302050389013
12 1.24 6.004 0.7525931566364041 0.5226341365526973 0.5202434461112373 0.32113611808166553
12 1.24 6.5035 0.7660028501610694 0.5319464237233308 0.4698031462157091 0.2895915216028925
12 1.24 8.5015 0.6176475827020654 0.42892193243272825 0.21310842113133777 0.17965370286171506
12 1.28 5.005 0.9183934054342233 0.5466627413300655 0.5513974454686741 0.33616253579198413
12 1.34 10.0 0.4780259992585719 0.23432647022029443 0.0 0.03908547586458791
12 1.36 3.5065 1.205463559310645 0.5580849811622753 0.5908479559554611 0.36913998683962057
12 1.36 9.5005 0.5177816723729759 0.23971373721380326 0.0 0.027375993236772686
12 1.4 6.004 0.9872343235463955 0.4113476348113215 0.0970549118042194 0.12083260320683359
12 1.4 6.5035 0.8393483500312959 0.34972847917611904 0.06397772400864993 0.09944999144781304
12 1.4 8.5015 0.6798810296728486 0.2832837623598467 0.0 0.04343324574457826
12 1.42 0.5095 1.9020483532231662 0.594120578315542 0.91226299362012 0.45207320152722946
12 1.42 2.008 1.4921232952191283 0.5908998071957792 0.7565306743469529 0.473180372319195
12 1.42 2.5075 1.4658299785565636 0.5814185423534661 0.6755582293200663 0.4246504868191097
12 1.42 7.003 0.7136623920619626 0.28319936192542694 0.0 0.05761028129786104
12 1.44 5.005 1.1182971995733377 0.423597424079767 0.1669269941002932 0.14917023827443032
12 1.46 0.5095 2.043414183624794 0.5950013580905766 0.9145920851289255 0.4563788825360039
12 1.46 1.009 1.7460975512777661 0.6077488838424946 0.855916395869218 0.49743654481584554
12 1.46 2.5075 1.560574150478073 0.5653663481963386 0.6373701032169331 0.4016880930511003
12 1.48 5.5045 0.9115758543595434 0.3165193938766719 0.05656613919438833 0.09765940982979623
12 1.5 10.0 0.27840967672841627 0.09280322559133669 0.0 0.0077457730435379355
12 1.52 4.006 1.259950489046995 0.40383028495194984 0.20164691466360166 0.1694264682759444
12 1.56 5.5045 1.0275529058745119 0.3058193172244163 0.012246591372295937 0.05217829505455096
12 1.58 1.009 2.211023009075595 0.6245858801660787 0.8347687084165302 0.49955617000117214
12 1.6 8.5015 0.13468388606733037 0.03741219058175726 0.0 0.00774577304353794
12 1.62 0.5095 2.498088313847703 0.5960687342217305 0.8962590310050735 0.4760142364990612
12 1.62 1.009 2.318644420879779 0.6160817084074114 0.8215389513422351 0.49781531620539216
12 1.62 2.5075 1.9480263658845314 0.5236630015820093 0.4643460136266045 0.28798022204745805
12 1.64 5.5045 0.9472801590490084 0.246687541412372 0.0 0.028449112580919155
12 1.68 1.5085 2.4555381787627817 0.6016682923755132 0.6842981857739969 0.4317035829796161
12 1.68 3.5065 1.491842844346109 0.3656477559665013 0.09855893142335274 0.12095299999026056
12 1.68 9.5005 6.536545572277146E-11 0.0 0.0 0.0
12 1.7 0.01 6.214961089652662 0.667006843767512 0.9935522307040929 0.12022869854361518
12 1.72 7.5025 4.136674007838677E-11 0.0 0.0 0.0
12 1.74 4.5055 1.0052507440638854 0.22640782524066985 0.0 0.05013656214534557
12 1.76 7.5025 0.6376640507568532 0.1398386076140037 0.0 0.010953848645841143
12 1.76 8.002 4.592860800953847E-11 0.0 0.0 0.0
12 1.76 9.001 4.592860800953847E-11 0.0 0.0 0.0
12 1.78 4.006 1.3150791739812362 0.2809998234989896 0.0 0.05469031075334364
12 1.8 0.01 6.727317533971701 0.6667188364287276 0.9974173063899224 0.12829630783411483
12 1.8 3.007 1.5493431945793101 0.3227798322026001 0.1182742060422284 0.12107326961623528
12 1.82 7.5025 0.31481038903048686 0.06398585144880797 0.0 0.0
12 1.82 8.002 6.692468543175129E-11 0.0 0.0 0.0
12 1.82 9.001 6.692468543175129E-11 0.0 0.0 0.0
12 1.84 0.5095 3.2282503967430496 0.606355452770229 0.8622778210172751 0.49232741776750044
12 1.84 2.008 2.474419568670632 0.4909562636254874 0.3813374489170748 0.25109412085916116
12 1.84 2.5075 2.1526190450794287 0.42710695338894095 0.16808774336862278 0.16129408404336346
12 1.84 7.003 0.29016688048601214 0.05757279375494419 0.0 0.005477170803617477
12 1.86 1.5085 2.8911986327464216 0.5601118161897061 0.5741718817849184 0.360509694118755
12 1.86 10.0 8.543555921929122E-11 0.0 0.0 0.0
12 1.9 4.5055 0.8949540659946619 0.16573223443837512 0.0 0.018162995378570256
12 1.92 10.0 4.136654035734956E-11 0.0 0.0 0.0
12 1.94 0.5095 3.559432306253037 0.6055512981156855 0.859551306824252 0.497195962987616
12 1.94 1.009 3.3829145375123186 0.5990776766255675 0.7179141344868734 0.4527368132091453
12 1.96 2.008 2.6152665177249164 0.45403932599428765 0.2786847461983807 0.202632764892152
12 1.96 7.003 3.610695781933603E-11 0.0 0.0 0.0
12 2.0 1.5085 3.135079975120457 0.522513329187124 0.48745266964749484 0.3024922944513102
12 2.0 3.5065 1.2603191050980787 0.21005318417818966 0.0 0.025682114485023732
12 2.0 10.0 0.0 0.0 0.0 0.0
14 0.02 5.005 0.6232961794249587 0.1085075906797793 0.7114516091536457 0.05131332058986175
14 0.04 5.5045 0.9784951419880432 0.14474165857655624 1.3648635436363767 0.04610297653710265
14 0.06 0.01 4.3899291004031 0.6795623805241824 1.0620944476737741 0.09302620686118011
14 0.08 3.007 1.5236555154102092 0.3060962865716703 1.312275710538376 0.24323393859480902
14 0.1 2.008 1.6535888357915571 0.3755093720267463 1.0744102370404431 0.38617663925444773
14 0.1 2.5075 1.5499094516572225 0.3356630649602861 1.1811065048729708 0.32531409088539076
14 0.1 7.003 9.934062243529335E-12 3.6876341600585214E-13 0.0 0.0
14 0.12 4.006 1.9904058555905775 0.2326679289436232 1.3705602495774105 0.06975770236757241
14 0.14 0.01 3.9425034278041844 0.6867367014714401 1.06383074972841 0.0862776075423579
14 0.2 7.5025 0.3841576940898663 0.06859958823009601 0.0 0.005477170803617489
14 0.2 8.002 0.0995125440022933 0.017770097144354294 0.0 0.0
14 0.22 8.5015 0.3291535116810365 0.06028452594858541 0.0 0.005477170803617485
14 0.24 1.009 1.9892839876268453 0.5080263782167509 1.06760445471871 0.49955617000117225
14 0.26 3.5065 1.4525457500155166 0.2745391843927684 0.12716089612887693 0.06304062150387812
14 0.26 9.5005 2.5087808828993462E-11 3.6876341600585214E-13 0.0 0.0
14 0.3 3.5065 2.222695077384903 0.38583599257217893 1.028856465186206 0.10753245263653645
14 0.3 9.5005 2.08443883829256E-11 3.6876341600585214E-13 0.0 0.0
14 0.32 7.5025 1.4629187375739353E-11 3.6876341600585214E-13 0.0 0.0
14 0.34 0.01 2.7503314338238876 0.6840051511172788 1.0569045764640115 0.06975770236757255
14 0.36 7.5025 0.8523816175314144 0.19026375391407352 0.0 0.013415267434605617
14 0.36 8.002 0.23096582198406546 0.05155487097810833 0.0 0.005477170803617484
14 0.38 4.006 1.3095882877142284 0.301423692043814 0.029986647164859142 0.06954444073162783
14 0.42 1.5085 1.3304274558293963 0.4320781701353867 1.0586743334995496 0.49695119533459947
14 0.42 3.5065 3.1620148058763675 0.6774370662661295 2.1051668547674383 0.18903235906801608
14 0.42 9.5005 0.29263922934708825 0.07207862792161708 0.0 0.005477170803617486
14 0.44 7.5025 0.47771586448518816 0.12186629195909793 0.0 0.010953848645841166
14 0.44 8.002 2.1451704399643604E-11 3.6876341600585214E-13 0.0 0.0
14 0.46 0.5095 1.716326447062537 0.5861579263603907 1.049605119085873 0.40686205913768136
14 0.46 2.008 1.2100580750755632 0.3929843979248524 1.1386046863389239 0.4689889590785179
14 0.46 2.5075 1.1344683081336084 0.35708348544555824 1.2085237936402045 0.4214183363373945
14 0.46 7.003 0.5873940995733166 0.15539526443866034 0.0 0.00774577304353792
14 0.48 10.0 0.04837362756657385 0.013289458123293598 0.0 0.0
14 0.5 1.5085 1.2281369337021777 0.4374451479837242 1.0807115802370202 0.49944550823061173
14 0.5 3.5065 2.746992914681152 0.6997875099272125 2.5201829160699645 0.27926986536148496
14 0.52 2.008 1.134888624955712 0.39676411784557714 1.0924492106665222 0.4796004252295053
14 0.52 7.003 0.5319170840912464 0.15830865597998708 0.0 0.03418541814583512
14 0.54 7.5025 0.6398392422849496 0.19870783921571036 0.0 0.02844911258091921
14 0.54 8.002 0.462224972457605 0.14354812808859807 0.0 0.021903753156752154
14 0.54 9.001 0.27665747724551515 0.08591847119311165 0.0 0.0
14 0.56 7.5025 0.7637329129824324 0.2479652314873994 0.0 0.02791772566241421
14 0.6 2.008 1.0483006956251955 0.4131955259382321 1.0554458124717545 0.48278261904923964
14 0.6 7.003 0.6916331465222106 0.24701183804255258 0.0 0.03870096927273684
14 0.62 0.01 1.400512895468656 0.6761315358623595 1.058196910039409 0.06112262380653981
14 0.62 3.007 0.9254333066128289 0.35831139786044663 1.166985853475757 0.3956715109429339
14 0.64 2.008 0.9791493412594836 0.42850958570651887 1.068204742928285 0.4879777233901577
14 0.64 7.003 0.7370778309556437 0.29249120275995766 0.0 0.07348856846736897
14 0.7 7.5025 0.832706970851485 0.3965271289765186 0.0 0.0964464757398297
14 0.7 8.002 0.687467422524086 0.3273654392970295 0.0 0.07818081208857201
14 0.7 9.001 0.5400600444146457 0.2571714497220231 0.0 0.056302038164164084
14 0.72 2.008 0.8553319478308496 0.4494287003101821 1.0605791436492469 0.49528622488881885
14 0.72 2.5075 0.7944018985706801 0.4113343384062118 1.0620140593640737 0.4740434706573041
14 0.72 7.003 1.6820143405727446 0.8491309492113356 2.5720141240779624 0.13712296115784445
14 0.74 0.01 1.2088066486167193 0.6702064289401112 1.0486079513972586 0.06087855894115631
14 0.74 3.007 0.7261738504930911 0.39091945729170163 1.0593744185994267 0.44968616374532216
14 0.76 6.004 0.8575106960018566 0.499786621493643 1.88897696186957 0.23975307484186031
14 0.76 6.5035 0.8408184014283397 0.491719111655519 1.9781926281385933 0.21765684888014933
14 0.76 8.5015 0.7025145482130144 0.4181634215548477 0.08078923958234224 0.11949973598710208
14 0.78 1.009 0.8120632675934942 0.5321158359892207 1.0267968351594456 0.45526984804081916
14 0.8 0.01 1.2768631010426683 0.6786515434786675 1.0557793167245064 0.05735105150933822
14 0.82 1.009 0.7347035745704367 0.5358430444008888 1.0241739023173642 0.44763497178995737
14 0.84 5.5045 0.45621469936087244 0.3968383401419255 1.1692913214214484 0.3787764583664633
14 0.86 4.006 0.4453661764107657 0.43008471870473874 1.046334827363232 0.4671751038078492
14 0.86 5.005 0.40771444123448425 0.4013001008764876 1.0739836612917564 0.42805054779071205
14 0.88 5.5045 0.35200669604167195 0.4073527422035483 1.0951876500308035 0.43805081309504446
14 0.92 1.5085 0.4657144468980039 0.5372135517633931 1.005083112176013 0.45273681320914505
14 0.92 3.5065 0.3154719524138517 0.4905829142110947 1.0214678492458802 0.4998583974145031
14 0.92 9.5005 0.21953931122640455 0.39112870013480544 1.0797951681486373 0.4048327921955949
14 0.96 6.5035 0.1431484830464295 0.4933514235791034 1.0198790941451616 0.4995104212559461
14 0.96 9.5005 0.13066299189135516 0.465873207213714 1.035741336972407 0.49408352670728645
14 0.98 3.5065 0.1478002759159873 0.5360455548537989 1.002289813403397 0.45494222481224655
14 0.98 9.5005 0.07064042795445488 0.5032275298326012 1.0137757482268344 0.4942546513410401
14 1.0 6.004 0.0434358151031728 0.54837133426245 1.0016539546141707 0.4171898699164843
14 1.0 8.5015 0.013415267434605622 0.543864098148725 0.9917661842365246 0.4158350014694515
14 1.02 3.5065 0.13337308225591862 0.5621112119878096 0.9872158799082298 0.4261882135540523
14 1.02 9.5005 0.08042104896652455 0.5744360640486291 0.9819201135641 0.45511985806002175
14 1.06 4.006 0.26274649827978286 0.6025745402832393 0.9761469522371385 0.4611993207870172
14 1.06 5.005 0.2580843945038077 0.6072174504417379 0.9574500928385463 0.47475271062281993
14 1.08 6.004 0.3472090782153447 0.6197966651972344 0.9084208110129074 0.49766920077818755
14 1.08 6.5035 0.3500543274156558 0.6250970132423421 0.9040947704692999 0.4995738504061195
14 1.08 8.5015 0.3535141737898256 0.6312753103394733 0.8634916210197551 0.49552797728215636
14 1.1 3.007 0.437569382791637 0.6028858842214829 0.955147447892724 0.4759949436007189
14 1.16 1.009 0.8878298372115194 0.6049153877331117 0.9887385900001721 0.4289884616464677
14 1.18 4.5055 0.7699468497990175 0.6109811089927291 0.815963548859889 0.4785607516730499
14 1.18 9.001 0.6230983452679609 0.49452249624337913 0.4785493107835124 0.2682675491736075
14 1.2 5.005 0.8299586437891077 0.5927686411390617 0.7414229650677181 0.43893847162069866
14 1.22 0.01 3.2241199158627953 0.6784119816043361 1.0455120957995667 0.08060579525292921
14 1.22 3.007 0.9689533002257765 0.6283612061605977 0.868890999858612 0.49682324444011744
14 1.24 5.5045 0.9638895265671688 0.5737437658122148 0.62821739518098 0.3483948389896684
14 1.28 3.5065 1.1844108429605142 0.6042912464105026 0.757835663561653 0.44467555124617497
14 1.28 9.5005 0.7242794049223779 0.3695303086335705 0.04577784446988196 0.07567615431787003
14 1.3 0.5095 1.680719660511878 0.6098712086743803 0.9816187561568372 0.4105407876159513
14 1.3 1.009 1.400453994476925 0.6206932268519624 0.9614792425016518 0.4689334822316174
14 1.3 2.5075 1.3275297148572716 0.6314703560138855 0.8483038929233925 0.4862558010967569
14 1.34 4.5055 1.2019783198700498 0.5050329075063077 0.518605781817192 0.2896759542923752
14 1.36 7.5025 0.8028905462682999 0.31860735963062686 0.016429540491321698 0.0789351011511621
14 1.38 0.5095 1.9553559560136113 0.6081894798355307 0.9725490892350155 0.4252828341013563
14 1.38 1.009 1.713007384803174 0.6208986639681792 0.9374677877224585 0.4832242683162418
14 1.38 2.5075 1.6175333142655792 0.608095230928568 0.7774010376872014 0.45045564780305947
14 1.4 5.5045 1.1875092368703914 0.424110441739979 0.1839805979394727 0.14478053180648456
14 1.42 6.004 1.056956312594911 0.35950894986440696 0.08695983199954198 0.1037859238383239
14 1.42 8.5015 0.5108669229648117 0.17376425950422325 0.0 0.031921306528801194
14 1.44 3.5065 1.6169068356385707 0.5249697518282184 0.5288926190465503 0.2910218635767569
14 1.44 9.5005 0.5719329700372503 0.18569252273544143 0.0 0.018162995378570346
14 1.46 6.004 0.932816292620827 0.2896945008144718 0.041316982336699254 0.07626163086900088
14 1.46 6.5035 0.9073921926228949 0.2817988175827384 0.049235347660905385 0.05939279354994372
14 1.46 8.5015 0.4847903520488364 0.15055600993796187 0.0 0.026258918576930232
14 1.48 4.006 1.6293577554746124 0.48492790341567316 0.28597907873832695 0.18991152635723635
14 1.5 4.5055 1.3921070032754372 0.39774485808058263 0.17730942027986674 0.14625979141586642
14 1.52 1.5085 2.275246266692243 0.6243966868577379 0.8281547614631466 0.48399626777794147
14 1.52 10.0 0.3094000945357017 0.08500002595781217 0.0 0.00948645350433962
14 1.54 4.006 1.612822334678589 0.4266725753139787 0.20497910514017803 0.15088698564067468
14 1.54 5.005 1.082724662390213 0.28643509587559735 0.038312580463280635 0.0800528726321395
14 1.58 9.5005 4.405815003994953E-11 0.0 0.0 0.0
14 1.6 5.5045 0.7702009423168987 0.18338117673496312 0.0 0.04058687013541676
14 1.62 6.004 0.8023723749114664 0.1848784273847947 0.0 0.0346203988209202
14 1.62 6.5035 0.5436993792762236 0.12527635466146897 0.0 0.02120853606616779
14 1.62 8.5015 0.3095247850376591 0.07131907491070967 0.0 0.005477170803617483
14 1.66 0.5095 3.101494863265911 0.6345515075022404 0.9505828044436969 0.47286178113914
14 1.66 2.008 2.479563962539296 0.5367021563918786 0.6142077885889867 0.3456563918698519
14 1.66 2.5075 2.350055641054854 0.5086700521754395 0.4825100035103175 0.2645511219803011
14 1.66 7.003 7.775178193608039E-11 0.0 0.0 0.0
14 1.68 7.5025 0.5013968088985457 0.10533546404757996 0.0 0.007745773043537927
14 1.68 8.002 0.369467675483203 0.0776192595300845 0.0 0.005477170803617485
14 1.7 0.5095 3.1417903340086846 0.6104679469699351 0.9351564180925275 0.47657010486892143
14 1.7 1.009 3.076881827962129 0.626109236925718 0.8544989901461543 0.4931695042143678
14 1.7 2.5075 2.2972652514712513 0.46882964315676606 0.397724276082864 0.2333851225437022
14 1.76 0.01 6.291847833301341 0.6741519486995861 1.053105132651815 0.11438665463920682
14 1.78 1.5085 3.1803522139748317 0.5824820904719953 0.6772764336355318 0.39281655703698
14 1.78 10.0 1.0123701691691902E-10 0.0 0.0 0.0
14 1.82 0.01 6.759359872582712 0.6763845077327565 1.0584046421478772 0.11578190553011541
14 1.82 3.007 1.9358590115678664 0.33725766752524455 0.08242137628386145 0.11271421142698182
14 1.84 6.004 0.12086340072936187 0.02055500013036332 0.0 0.0
14 1.84 8.5015 8.709614890318548E-11 0.0 0.0 0.0
14 1.86 4.5055 0.9624370534558243 0.15987326467652863 0.0 0.019744665141752948
14 1.86 8.002 1.1025932359377967E-10 0.0 0.0 0.0
14 1.86 9.001 0.17651653502813078 0.02932168357319033 0.0 0.0
14 1.88 2.008 3.013090803668803 0.48913811747676006 0.4076106469031873 0.23270175119620287
14 1.88 7.003 4.779939228034009E-11 0.0 0.0 0.0
14 1.92 4.5055 1.0671791026663584 0.1657110407743781 0.0 0.02448767044167097
14 1.94 6.004 0.6072217223949556 0.09228293651983192 0.0 0.0094864535043396
14 1.94 6.5035 0.4286418641924272 0.06514314047328323 0.0 0.0
14 1.94 8.5015 2.8201769857862438E-11 0.0 0.0 0.0
14 1.98 5.005 5.960546754886211E-11 0.0 0.0 0.0
14 2.0 7.5025 0.0 0.0 0.0 0.0
14 2.0 8.002 0.0 0.0 0.0 0.0
14 2.0 9.001 0.0 0.0 0.0 0.0
16 0.0 3.5065 0.9787210491977044 0.12234013114971305 0.8376534335914734 0.058635587482061276
16 0.0 9.5005 0.0 0.0 0.7389742749104482 0.02120853606616772
16 0.02 3.5065 1.079576941538059 0.17417566232672704 0.8854572144446198 0.11310247424730248
16 0.02 9.5005 0.0 0.0 0.0 0.0
16 0.06 0.5095 4.484328368669259 0.6299323509131806 1.1310183957079227 0.48909556929406384
16 0.06 1.009 3.611802660472813 0.549629837208267 1.1338881749243228 0.47625469400314413
16 0.08 5.005 1.7388756975992288 0.11328773055490357 1.4809085578579992 0.022577533139205536
16 0.12 10.0 0.0 0.0 0.0 0.0
16 0.14 0.5095 3.8419692139895885 0.6231501571495753 1.141271272642622 0.4765605802472086
16 0.14 1.009 2.9406957797198774 0.5367382977687329 1.1278506070329077 0.4959114477076996
16 0.14 2.5075 1.5687910440469102 0.34477627885668394 1.1723572906578923 0.3624876910365618
16 0.18 5.5045 0.39253875042737396 0.059838224151334996 0.0 0.0
16 0.2 0.01 4.202118886750386 0.6867346959665034 1.113259957948066 0.0827795836953516
16 0.22 5.5045 0.7851050776449195 0.1258181214202937 0.0 0.007745773043537931
16 0.24 6.5035 0.18345858957456973 0.03017411012731566 0.0 0.009486453504339583
16 0.26 7.5025 0.1985179863859976 0.033533443646701 0.0 0.0
16 0.28 4.006 1.5992250700059452 0.2776432413214355 0.0 0.040586870135416744
16 0.3 7.5025 0.0 0.0 0.0 0.0
16 0.32 0.01 3.4283980123182975 0.6836376601690914 1.1088926270461639 0.0768425412998516
16 0.34 0.5095 2.6072598529921844 0.594745865491556 1.1262659877235643 0.43572989228716186
16 0.34 1.009 2.03283040415737 0.503220552588676 1.1016053306877491 0.4960758841511965
16 0.36 0.01 3.144306950987852 0.6763536824757077 1.0936866123507083 0.07606698455503477
16 0.38 1.5085 1.6243445101018101 0.4353502254245658 1.1147521914416918 0.49274695549839653
16 0.38 10.0 0.0 0.0 0.0 0.0
16 0.4 5.5045 1.0944000508260154 0.22800001058807196 0.0 0.02448767044167105
16 0.42 7.5025 0.13693413710540528 0.029511667478329864 0.0 0.0
16 0.42 8.002 0.28928462608580824 0.062345824585604635 0.0 0.007745773043537935
16 0.44 0.01 2.6821835341949107 0.6847923324008262 1.1023940199027245 0.07060418012762779
16 0.46 6.004 0.7830174681894341 0.18125404356189512 0.0 0.03238684935478712
16 0.46 8.5015 0.6083021354329612 0.14081067949663295 0.0 0.01448992755199236
16 0.48 4.5055 1.3239316195229733 0.3164354144313038 0.0637447610934971 0.09045452272512199
16 0.5 7.5025 0.3791675238580474 0.09479188096451185 0.0 0.007745773043537939
16 0.5 8.002 0.3636353733406552 0.0909088433351638 0.0 0.005477170803617481
16 0.5 9.001 0.28688733899042734 0.07172183474760684 0.0 0.010953848645841143
16 0.54 0.01 2.119690030946149 0.6865841011256804 1.1132966761618375 0.06232839764092647
16 0.54 3.007 1.1806549841590177 0.348970230916457 1.3711283781053143 0.37524843705772787
16 0.56 0.01 2.00559628011808 0.6846520791679944 1.1010555300754188 0.06558491432525011
16 0.58 4.5055 1.5353221982077305 0.4551589799342375 0.1051070122654489 0.1484967241781424
16 0.62 1.009 1.3484124780525126 0.5233042318366473 1.082020195447899 0.4738114358815459
16 0.66 5.005 2.43949608554651 0.8631330948239438 3.049850358638633 0.1945220741180667
16 0.7 0.01 1.358574080045263 0.6845795361587383 1.0988320078718439 0.055770035840521835
16 0.7 3.007 0.9686371819255819 0.40158100571929967 1.1547178739990915 0.42777855637194623
16 0.74 1.009 1.0312536252035793 0.546369457843188 1.095319167868043 0.45517443327123686
16 0.78 3.5065 0.7144045640267128 0.39845689903904635 1.1823061570511533 0.4398345933348077
16 0.78 9.5005 0.8184680654855686 0.4650386735706881 0.0 0.10861656055495086
16 0.8 0.5095 0.9300512668704856 0.5966399602767892 1.0768202212598035 0.3464386068655177
16 0.8 1.009 0.8600971413677853 0.557652172866506 1.0781942218379275 0.4407387896839148
16 0.82 3.5065 0.6450221142137144 0.43490383263252036 1.1031109603777245 0.4646635541130768
16 0.82 9.5005 0.9704160140547042 0.6731276777388994 2.0095812409156366 0.17321026986880497
16 0.84 4.006 0.5673324386205091 0.430240974313377 1.1309460439677337 0.4579994873432157
16 0.86 1.5085 0.6429182581789913 0.5398592712484991 1.096640665866913 0.46809477257993437
16 0.86 10.0 0.40255494648838896 0.358978397176804 1.3832788484896865 0.23213031182066743
16 0.88 4.006 0.46582384608045413 0.4639027102002204 1.0874161116603416 0.4892352948593702
16 0.9 7.003 0.33785792983446994 0.41621495597767927 1.1370527955499572 0.4286106192876139
16 0.92 7.5025 0.27787032879664947 0.4308436808253845 1.1067550815229545 0.4546818804232498
16 0.92 8.002 0.268527382360431 0.41728201197584847 1.105330408109376 0.4456574805092178
16 0.92 9.001 0.26126107007300603 0.4074877661757627 1.1153946410113138 0.42043743358435465
16 0.94 3.5065 0.2804240362221448 0.5151882283583132 1.0699440228941106 0.4875857310761847
16 0.94 9.5005 0.2136105646137098 0.4438749295788428 1.1156691485706975 0.46245653783061313
16 0.98 7.5025 0.08760245683661658 0.5286066810916346 1.0695175351770545 0.47263444374220376
16 1.0 5.5045 0.03792019014824912 0.5685306277975694 1.058444581295946 0.37277300456264634
16 1.02 7.5025 0.09829822824806435 0.6095404816733934 1.0453687760114962 0.4218199614939871
16 1.02 8.002 0.09673915989288417 0.6036002001249258 1.0480243643489322 0.42314918490230424
16 1.04 3.5065 0.21427136289075882 0.605855557210556 1.0465619097792345 0.4179801490033855
16 1.04 9.5005 0.2058507999791521 0.6432837499313566 0.9890315774842696 0.48327208302119945
16 1.06 1.5085 0.45403641116659366 0.6028465858751897 1.0538945427722197 0.3864724363010025
16 1.06 10.0 0.31676567314930204 0.6599284857276487 0.9388507349782806 0.4997361722824637
16 1.08 5.5045 0.40580722094975574 0.6338672680928308 0.9667890927060736 0.492145461908251
16 1.1 5.005 0.5124552557956726 0.6397988260140764 0.9643395465697668 0.49741818774643864
16 1.14 0.5095 1.1605326655884327 0.6321141326127042 1.070964026795449 0.34150136967729555
16 1.14 2.008 0.7367913118905478 0.6324742194213802 1.0262510824831264 0.4556096618157659
16 1.14 2.5075 0.7222470315323981 0.6346061749430784 0.9965692667825913 0.47570454811478285
16 1.16 9.5005 0.659843056234575 0.5155023876833945 0.5766181009837923 0.29663920858409454
16 1.18 3.007 0.9380259463271318 0.6502872564257477 0.9636087043859392 0.4994440837630988
16 1.2 3.5065 1.0169580728337042 0.6355363060731719 0.9019187759925548 0.49304865102634365
16 1.2 9.5005 0.7227192466960769 0.45169952918523126 0.3655565123357669 0.1920167766184748
16 1.22 1.009 1.2160848939322306 0.631043089362435 1.023700372074311 0.43180871627332473
16 1.24 4.006 1.1690857188882207 0.608898811921176 0.8041129760503405 0.44709585280224173
16 1.26 0.5095 1.6396801823433595 0.6397601441970272 1.0571264363170956 0.3785695145939377
16 1.26 2.008 1.326736630868749 0.6354341520538442 0.9608252614980538 0.49874640105972023
16 1.26 2.5075 1.3298657129769051 0.6388676701497966 0.9210738409049911 0.4973066629458049
16 1.26 7.003 1.003799717411707 0.4825960179862278 0.4072133680343709 0.20611592071154805
16 1.28 7.5025 0.9218001391757112 0.41151791927472986 0.26408073051176045 0.15351555241885162
16 1.3 6.004 1.1711972635112804 0.4879988597963202 0.42322696337213533 0.21471633724094152
16 1.3 6.5035 1.0949521389151333 0.4562300578811337 0.32873384456457744 0.18105000943246824
16 1.3 8.5015 1.0330781414100207 0.430449225587873 0.07328638544867142 0.09061746568069234
16 1.32 0.5095 1.882605783890769 0.633052955078618 1.046174007284813 0.3979027931107516
16 1.32 2.008 1.6301113832000973 0.6358932375350754 0.9264844584433973 0.4984959304425391
16 1.32 2.5075 1.5802065683025857 0.6170272794677095 0.8734610077223074 0.4798999481209171
16 1.34 3.007 1.6637016183889202 0.6116550067606843 0.7850316863514293 0.4311587887984752
16 1.36 0.01 3.696743942390809 0.6804220970335568 1.0987632650550034 0.08331392614254467
16 1.38 6.004 1.164426690741431 0.38303509563852106 0.2002473808015591 0.1341424532413994
16 1.38 6.5035 1.048904454783547 0.3450343601265869 0.1123245344282056 0.10221835997587975
16 1.38 8.5015 0.7566969665200401 0.24891347582497336 0.0 0.03374480423872117
16 1.4 4.006 1.6776598971946985 0.5242687178733691 0.5404493560948633 0.27154233604052314
16 1.42 5.5045 1.4337845300337442 0.4267215863195936 0.15107641200313907 0.11852038656699171
16 1.44 7.5025 0.8577016997570668 0.24366525561129773 0.0 0.034185418145834985
16 1.44 8.002 0.6346550584036729 0.18029973250293124 0.0 0.034185418145835055
16 1.46 5.5045 1.2285089577655894 0.3338339559163357 0.0430878061031305 0.09174968949063737
16 1.48 7.003 0.6323023431565361 0.16466206853190185 0.0 0.034185418145835034
16 1.52 4.5055 1.450178113355973 0.348600508017739 0.1842607613858914 0.11802748153681032
16 1.52 9.001 0.5207075155757904 0.12517007585742926 0.0 0.010953848645841134
16 1.54 1.5085 2.7090740395986965 0.6268816387130192 0.8556717371195708 0.4773908029338155
16 1.54 10.0 8.015354211315044E-11 0.0 0.0 0.0
16 1.56 7.003 1.0902701477523022 0.24336387225891215 0.0 0.02120853606616781
16 1.6 4.006 1.9841592420539313 0.41336650876125375 0.16494498366717544 0.12034973686014112
16 1.62 5.5045 1.1748581892669632 0.23686657041148573 0.0 0.03192130652880129
16 1.64 7.003 7.893047485006823E-11 0.0 0.0 0.0
16 1.66 6.004 0.9069657366632611 0.17177381376400988 0.0 0.0181629953785704
16 1.66 6.5035 0.26726137853288495 0.050617685313650546 0.0 0.0
16 1.66 8.5015 0.4300276592705243 0.0814446324312269 0.0 0.0
16 1.68 0.01 5.791094930273671 0.6842968593596989 1.0892050267334394 0.10003944233701717
16 1.7 6.004 0.5041400233496846 0.09002500417617083 0.0 0.015490151729404777
16 1.7 6.5035 0.6117640941397673 0.10924358824787403 0.0 0.013415267434605664
16 1.7 8.5015 0.0 0.0 0.0 0.0
16 1.72 0.5095 3.959289534900635 0.6715309295946822 1.0124751864342074 0.47630262922162026
16 1.72 2.008 3.20125113955647 0.5557727672841235 0.6197250954938607 0.3142083868241621
16 1.72 2.5075 2.526148679780042 0.43856747912850447 0.4233346142401839 0.22030482329616796
16 1.74 5.005 1.4682177764410105 0.24800975953670756 0.0 0.027917725662414086
16 1.76 0.5095 4.028041777330026 0.6477577454695268 0.9968340070033579 0.48028407314653476
16 1.76 1.009 3.9145806162769423 0.6434183967048804 0.8860104870774211 0.4858211731955302
16 1.78 4.5055 1.256280797644394 0.20132705090484423 0.0 0.033744804238721095
16 1.78 8.002 0.23714031272784686 0.03800325524711344 0.0 0.009486453504339626
16 1.78 9.001 1.1009363734782751E-10 0.0 0.0 0.0
16 1.8 3.5065 1.740078090909886 0.2718872017046404 0.026258918576930444 0.07102355987662343
16 1.8 9.5005 0.0 0.0 0.0 0.0
16 1.82 1.009 4.026998107253293 0.6136719455144587 0.8548015587778787 0.4745539991719163
16 1.84 5.5045 0.3419619744683941 0.05088719859108093 0.0 0.005477170803617484
16 1.86 3.007 2.3605015981670836 0.34309616252275305 0.05217829505455102 0.08913989366373919
16 1.9 5.005 0.6957699109212592 0.09663470983947066 0.0 0.010953848645841131
16 1.92 3.007 2.172283505080594 0.2951472153649726 0.042388418613803366 0.07185482635057919
16 1.98 1.5085 3.8855150588934286 0.49560141057290824 0.590311198518698 0.3094708217219513
16 1.98 3.5065 1.4163500383994214 0.18065689265555598 0.0 0.038700969272736974
16 1.98 10.0 1.1977261273592222E-10 0.0 0.0 0.0
16 2.0 0.01 7.751111168966198 0.6814675203253462 1.104098672540195 0.11438665463920727
16 2.0 3.007 2.514543651950939 0.3143179564938674 0.0 0.05414227448793952
18 0.0 7.5025 0.0 3.0425910314702166E-13 0.6452731700672482 0.014489927551992365
18 0.02 7.5025 3.3502252154046936E-12 3.0425910314702166E-13 0.0 0.0
18 0.04 2.008 2.4704670404256386 0.3599444747201528 1.0990747029158487 0.30320170300587035
18 0.04 7.003 1.0361578569013013E-11 3.0425910314702166E-13 0.0 0.0
18 0.06 6.5035 0.6534908100381632 0.07334516075258866 0.33401463989549335 0.009486453504339633
18 0.08 3.5065 2.579280191247863 0.30625526153418137 2.383718287803255 0.16707575545991785
18 0.08 9.5005 6.31233942587664E-12 3.0425910314702166E-13 0.0 0.0
18 0.1 5.5045 1.576809249455009E-11 0.0 0.0 0.0
18 0.12 4.5055 0.6785055372028491 0.08188374595540655 0.3594106234738664 0.014489927551992299
18 0.14 6.004 1.4644998887370514E-11 3.0425910314702166E-13 0.0 0.0
18 0.14 6.5035 1.4644998887370514E-11 3.0425910314702166E-13 0.0 0.0
18 0.14 8.5015 1.4644998887370514E-11 3.0425910314702166E-13 0.0 0.0
18 0.16 4.006 1.4359854483666445 0.18309163957367958 0.18321081312164098 0.025682114485023784
18 0.18 4.006 1.6170073559302494 0.19650809762396926 0.28954929136305324 0.04021681024652777
18 0.2 0.5095 4.033095778066448 0.6267579896228637 1.171383887063638 0.4672894248210703
18 0.2 1.009 2.9980651675102212 0.5208514166492697 1.165419378356296 0.4990161811788382
18 0.22 4.006 2.314943054875799 0.32976396793200863 0.0 0.03870096927273686
18 0.28 1.5085 2.087542176959913 0.4340132418441148 1.1915620826805398 0.4833118737865272
18 0.3 0.01 4.1535745361480085 0.6931891338232535 1.1597282465616348 0.08644868401395688
18 0.32 0.5095 3.2774261377669176 0.6175592065671981 1.1609201916206986 0.4458404309872046
18 0.32 1.009 2.4843611225343296 0.5119635450641681 1.1781812843812438 0.4986551424383611
18 0.32 2.5075 1.583433374793903 0.34258319734411646 1.382249865666562 0.3970786402176144
18 0.34 6.004 0.7500015705276661 0.126262890658637 0.0 0.010953848645841143
18 0.34 6.5035 2.9523714709324375E-11 0.0 0.0 0.0
18 0.34 8.5015 4.224547603310422E-11 3.0425910314702166E-13 0.0 0.0
18 0.36 0.5095 3.036411849034055 0.609162524131806 1.1541342780227417 0.4375874757237768
18 0.36 1.009 2.3529440802104724 0.5137683131384897 1.1532385431794294 0.49721828233608045
18 0.38 4.5055 1.160737055996315 0.2080173935482583 0.0 0.048317159011973934
18 0.38 9.001 3.773067522705988E-11 0.0 0.0 0.0
18 0.4 4.006 1.6538696484373998 0.306246828087597 0.005477170803617483 0.08472189754388364
18 0.42 0.01 3.3543965295740996 0.6969546010525414 1.1526244755486892 0.07164793274592127
18 0.44 0.5095 2.642976070537792 0.6146562829987892 1.1745093094797974 0.41866759811272636
18 0.44 1.009 2.149184860916777 0.5254845739710114 1.1673492245384052 0.492885831287692
18 0.46 5.5045 1.4068791287744622 0.28948130221872054 0.0 0.02897072327609
18 0.48 3.007 1.5319702653511045 0.35133903017180346 1.6227248271558552 0.3634257162666159
18 0.5 0.01 2.806761005772883 0.6930857386559276 1.1538981343070367 0.0701822430926276
18 0.5 3.007 1.4038432409053798 0.33935253303413787 1.5126684595108522 0.3665436538590852
18 0.54 1.009 1.848202729382191 0.5369402667358816 1.160560420557451 0.4835495724792574
18 0.56 0.5095 2.044012620110192 0.6058993104838389 1.142454602964963 0.39597251936087335
18 0.56 1.009 1.766554550202021 0.5292834485538024 1.144940002002766 0.48178134678893786
18 0.56 2.5075 1.3265490298322136 0.3759219350106422 1.249858293109622 0.43219334484288996
18 0.62 9.5005 0.6831196790301606 0.1997425962019784 0.0 0.0232317412814863
18 0.66 1.5085 1.3480141438152862 0.49204577038925523 1.151433597552139 0.499014288369785
18 0.66 3.5065 1.0819130382916977 0.3582599974590231 1.2138029904056309 0.3592364479246987
18 0.68 4.006 0.9594557263092388 0.3353958165400376 1.3460877978938766 0.3211719169021913
18 0.7 1.009 1.3386392441670558 0.5594525558395866 1.159691279880267 0.4590950275920125
18 0.74 9.5005 0.9118522593013237 0.3896804526920083 0.0 0.07369018454755748
18 0.78 7.5025 1.7417032907147432 0.8751600627448968 3.549410633705428 0.19034933196248682
18 0.8 6.004 0.6319729025412655 0.3458238959747545 1.3084527092552818 0.29545507743213867
18 0.8 6.5035 0.623996844807751 0.34317158424654187 1.430321151603087 0.2638763341164362
18 0.82 7.5025 0.5316076738750808 0.3242140885727555 1.399821143932167 0.2411750784335907
18 0.86 8.002 0.45090078208171785 0.3555969519154497 1.3535057550627987 0.30701862323725904
18 0.86 9.001 0.43054025314696487 0.3393747412427286 1.3194348907255224 0.2606134350334974
18 0.9 4.5055 0.44576850094658776 0.4818722554140631 1.1592852067316672 0.4954099548241353
18 0.92 0.01 1.0612095923956268 0.68418944665039 1.1511032656880633 0.04893121762063869
18 0.94 7.5025 0.2569400628599642 0.4722355483613902 1.1452540447403137 0.49353533640199804
18 1.0 4.006 0.0818859685674082 0.5889449588754647 1.1108963284394673 0.33151308422553943
18 1.02 0.01 1.4020359321687585 0.6848754322053868 1.1469443505025259 0.04167720996478883
18 1.04 7.5025 0.2358248045004689 0.6539624278406135 1.0751399102781565 0.4574984640339425
18 1.06 8.002 0.3608207037536786 0.6681864884343146 1.0237088646735455 0.49473517776684367
18 1.06 9.001 0.36265880438285275 0.6715903784883487 1.0173670045026957 0.49904249039108517
18 1.08 4.006 0.4725560816460804 0.6532373544167581 1.0595963465303029 0.4643767939777575
18 1.1 1.5085 0.6506494744101937 0.6401292787334334 1.1045426418656406 0.3913207205241795
18 1.1 3.5065 0.5839131468631114 0.6457176139286172 1.0478973170266914 0.4724580675344496
18 1.1 9.5005 0.5678528581603024 0.6309476201772856 0.8586817107663707 0.4495694123423633
18 1.12 4.006 0.7159110824089268 0.6620009024193925 1.0211606933861703 0.49459815140739427
18 1.14 6.004 0.8178113641027753 0.6490566381765788 0.9061416966658565 0.47322133210633816
18 1.14 6.5035 0.7779904090563678 0.6174527056008345 0.8599164101152883 0.45781529386149444
18 1.14 8.5015 0.7627221109497527 0.6053350086903996 0.7730811223120854 0.3845895216182846
18 1.18 5.005 1.052028171353651 0.6494001057741762 0.8896530171552192 0.4597649893193486
18 1.2 7.5025 0.9492193252537979 0.527344069586053 0.6379837592357953 0.29986845250392
18 1.22 3.5065 1.2629242668440916 0.6377210266430048 0.9183712881566213 0.48577732218695463
18 1.22 9.5005 0.7799236168140554 0.3939008165694621 0.3264660716220863 0.16588631294599165
18 1.26 6.004 1.2219189161294386 0.5221875709938042 0.6013206401805905 0.2798926005041759
18 1.26 8.5015 1.0655564792318697 0.45536601676557964 0.19302348309674952 0.13152971946594016
18 1.28 0.01 3.007725893878386 0.691212097347892 1.1480616113297128 0.06490107533274525
18 1.3 5.5045 1.3159326979323958 0.48738248071576995 0.5581245852242788 0.2601708345009218
18 1.32 6.004 1.3588046600611157 0.47180717363296487 0.4217597515442854 0.18814839491447904
18 1.32 6.5035 1.242351776460453 0.43137214460632206 0.30235904667853547 0.1559126377730673
18 1.32 8.5015 0.9538268152538244 0.3311898663986945 0.0975086505010312 0.07039353413840357
18 1.34 5.005 1.451113563529393 0.47422011880191856 0.5490825496624709 0.25093907628823764
18 1.36 0.5095 2.2733509828279477 0.6540342008628545 1.0795133874304368 0.39601877395228713
18 1.36 1.009 2.169280489087227 0.6608221048868187 1.0504737235030015 0.47308808854310325
18 1.38 5.5045 1.4856706106248265 0.4344066112956651 0.28449990916379064 0.15763886419552364
18 1.42 4.006 1.7228679259827753 0.45578516560614357 0.5307943522023439 0.2445226014071752
18 1.44 0.01 4.06131287334633 0.6943435853532833 1.1634401443740139 0.08277958369535143
18 1.48 4.5055 1.5921344855313648 0.3685496494312734 0.2580087650218208 0.14694454490496064
18 1.5 5.005 1.4178046474133414 0.3150676994247273 0.10350275635912698 0.09158882964936561
18 1.52 3.007 2.458801638634128 0.5253849655205326 0.6015534502492996 0.27801830708366526
18 1.54 4.5055 1.730717610802286 0.3561147347320572 0.10491060785185087 0.1009168958095631
18 1.54 8.002 0.6820122301820029 0.14033173462491141 0.0 0.015490151729404792
18 1.54 9.001 0.508057969323648 0.10453867681552133 0.0 0.007745773043537921
18 1.56 4.5055 1.6951455823282346 0.33633840918953545 0.06911590432652319 0.08402094683004253
18 1.64 4.5055 1.7261044084216468 0.29967090422306003 0.025092018731697866 0.06087855894115651
18 1.66 5.5045 0.7741412657154157 0.13032681240926997 0.0 0.018162995378570277
18 1.68 0.5095 4.093938118923867 0.6599455099440815 1.0607813933857462 0.46760835104607584
18 1.68 1.009 3.956945682110336 0.6460299600322611 0.9601269148125372 0.4950678106357229
18 1.7 5.5045 0.8307690841992347 0.13186810859758802 0.0 0.010953848645841152
18 1.72 6.004 0.5882117160783558 0.09077341297569631 0.0 0.009486453504339624
18 1.72 6.5035 0.5997561620686241 0.09255496326494916 0.0 0.007745773043537935
18 1.72 8.5015 8.660321479500348E-11 0.0 0.0 0.0
18 1.74 1.5085 3.7633710293921645 0.5650707251333217 0.7801460162967275 0.40696916811238537
18 1.74 3.5065 2.17220273348523 0.3261565665866449 0.04238841861380325 0.07645576986939305
18 1.76 6.5035 8.885065893876511E-11 0.0 0.0 0.0
18 1.78 3.007 2.5955879854672275 0.3697418782761139 0.16321785841210829 0.11323158344141145
18 1.8 7.5025 1.4445496961947724E-10 0.0 0.0 0.0
18 1.82 9.5005 1.4525336108326564E-10 0.0 0.0 0.0
18 1.84 4.006 1.604380151306416 0.2122195967452557 0.0 0.03144884433329321
18 1.86 5.005 0.8096032921754204 0.1045999085457755 0.0 0.007745773043537924
18 1.9 1.5085 4.48302093369301 0.5534593745298836 0.6871925167366834 0.3390140851314104
18 1.9 3.5065 1.7741173086040958 0.21902682822708447 0.0 0.03984329084600383
18 1.92 5.005 1.0861244984690237 0.13117445632130792 0.0 0.009486453504339614
18 1.96 4.006 1.2735474427120523 0.14740132440385167 0.0 0.016429540491321608
18 1.96 5.005 0.5248096194113434 0.06074185408445898 0.0 0.0
18 1.98 7.5025 8.609923555128434E-11 0.0 0.0 0.0
18 1.98 8.002 8.609923555128434E-11 0.0 0.0 0.0
18 1.98 9.001 8.609923555128434E-11 0.0 0.0 0.0
18 2.0 1.009 5.464942552131932 0.6071886046128088 0.8308724661748778 0.4337700180664228
20 0.02 0.01 6.7435438333069095 0.6892742138500492 1.1867385245699353 0.09659895800824876
20 0.08 7.5025 1.2986976286184261E-11 6.292187458989999E-13 0.0 0.0
20 0.1 4.006 1.9001445893879794 0.17636849368241037 0.8640204343279155 0.03418541814583507
20 0.12 3.007 5.095811128471182 0.47033655740062696 3.7747181577275475 0.2441476633742508
20 0.14 5.5045 0.8725725545398427 0.11467643718239498 0.3887459289770813 0.007745773043537935
20 0.16 1.5085 2.681339210522377 0.4343951218079255 1.1792703065428136 0.45862752626721986
20 0.18 1.5085 2.6492692130075643 0.4375635298512264 1.1926989371492556 0.46370264981077003
20 0.2 6.004 0.4878896883006339 0.060986211036501745 0.0 0.0
20 0.2 6.5035 0.4520086606577273 0.05650108258150682 0.0 0.005477170803617487
20 0.2 8.5015 0.0 0.0 0.0 0.0
20 0.26 0.5095 4.171261020658303 0.6223705670725767 1.222988177906195 0.4603142661814221
20 0.26 1.009 3.185767843896979 0.5270964852790411 1.2078600264655426 0.49998358794475867
20 0.26 2.5075 1.8334051647753415 0.3451896003911893 1.4161575834200384 0.38852737058669784
20 0.28 4.5055 1.4560394044791052 0.20222769506613789 0.0 0.02509201873169794
20 0.28 8.002 3.310717592057681E-11 0.0 0.0 0.0
20 0.28 9.001 3.0456988435812795E-11 6.292187458989999E-13 0.0 0.0
20 0.3 0.5095 3.8565487009977444 0.6127224404934015 1.2071854282689463 0.45096000442546696
20 0.3 1.009 2.97383094652804 0.5212047944780931 1.199467205667575 0.49987477532084384
20 0.3 2.5075 1.7429673096903517 0.3383591747028363 1.4651859420329267 0.3894239068425775
20 0.32 6.004 0.5670491538890627 0.0833895814543476 0.0 0.0054771708036174815
20 0.32 6.5035 0.2916999384148926 0.04289704976809252 0.0 0.00547717080361748
20 0.32 8.5015 4.045551466297961E-11 0.0 0.0 0.0
20 0.36 6.004 0.9290215518855631 0.1451596174799213 0.0 0.013415267434605553
20 0.36 6.5035 0.2804264442891404 0.04381663192692936 0.0 0.0
20 0.36 8.5015 2.5013271278431315E-11 6.292187458989999E-13 0.0 0.0
20 0.38 3.007 1.5417832093958763 0.3082836479217321 1.5713915764948554 0.33639361411298563
20 0.4 1.5085 2.083103858581961 0.4305531943413505 1.2260700035169692 0.4904391627331396
20 0.42 0.5095 3.249537471891878 0.6320338067521106 1.2335415491003108 0.4284121991337135
20 0.42 1.009 2.527828814968189 0.5215073080568187 1.2101701498446331 0.49530696225592896
20 0.44 6.5035 0.7347807261687744 0.1312108439594004 0.0 0.02190375315675216
20 0.46 4.006 2.068362161062805 0.3809246390904795 0.08133702382192723 0.11271421142698178
20 0.48 5.005 1.5652496724393488 0.30100955239263394 0.0 0.07164793274592085
20 0.5 1.009 2.263888275362491 0.5339529860943834 1.210649501577964 0.4875311510881164
20 0.52 4.006 5.365934192878772 1.039743650746509 4.120004642693036 0.2204880973198148
20 0.52 5.005 1.89251152043039 0.3942732334222698 0.0 0.08763658140201526
20 0.54 9.5005 0.2786233969804959 0.060570303690257864 0.0 0.0
20 0.56 6.004 1.3108377230577515 0.2979176643310329 0.0 0.061365703314292065
20 0.56 6.5035 1.2121068898580059 0.2754788386016952 0.0 0.03462039882092013
20 0.56 8.5015 0.666016161991138 0.15136730953520477 0.0 0.015490151729404798
20 0.58 5.005 2.0758295164986684 0.4933253795958445 0.04983798613756531 0.1282963078341147
20 0.6 4.006 1.26724442398346 0.32035261522662967 1.6331961743881294 0.28091130522669966
20 0.64 4.006 1.1424855311167137 0.3219183471231539 1.3752668037840703 0.29700521947709757
20 0.66 7.5025 1.1906386937555162 0.35018785110456396 0.0 0.0822416710945742
20 0.66 8.002 0.9701129033585695 0.28532732451770526 0.0 0.04953759239971379
20 0.66 9.001 0.7876047216709623 0.23164844755294528 0.0 0.0405868701354168
20 0.68 1.5085 1.458874297744665 0.5029344819205164 1.1786642515083232 0.4975153317581793
20 0.7 9.5005 0.845184948292811 0.2817283160997208 0.0 0.049235347660905676
20 0.72 4.006 1.0325734919112841 0.36604380790706265 1.2843777033914412 0.35786600766881904
20 0.76 2.008 1.1488225152060274 0.502535716213333 1.1808869643783328 0.49985097933279776
20 0.76 2.5075 1.082435381609689 0.46288205155732387 1.206117045359894 0.49181903876193006
20 0.84 4.5055 0.7059265760706849 0.4366608867071051 1.202045370507394 0.44599261041602256
20 0.86 0.01 0.9547367375216871 0.678752283922134 1.1813743733148363 0.0441159499299164
20 0.86 3.007 0.7231545760747075 0.5094090980377249 1.184766749051571 0.4999028387811963
20 0.88 4.5055 0.5678229650353079 0.46548698872682776 1.1963687726632908 0.4854239686942066
20 0.92 1.009 0.5611428591455765 0.6206023909434742 1.1745263079026491 0.3436066382775425
20 0.96 0.5095 0.532489524270489 0.6462012665785699 1.1875989479489542 0.23480065225114477
20 0.96 2.008 0.3170399106472889 0.6040977680250544 1.1728521282983513 0.3708579079265097
20 0.96 2.5075 0.28652589289669617 0.6052385467237484 1.1915371139738007 0.3969638068248519
20 0.98 0.5095 0.5546042804025275 0.6572200471109239 1.183876943915257 0.22339510325040574
20 0.98 1.009 0.3884159269281267 0.6366429499260969 1.1732033451258115 0.2718204413785947
20 0.98 2.5075 0.20294815536630734 0.6130530861600012 1.1620678313479078 0.34851832745789385
20 1.02 0.5095 0.6102977321100029 0.6460881607067038 1.186085950967521 0.2245328447245514
20 1.02 1.009 0.4035184950318319 0.6401393310017139 1.1736365115523908 0.26637073427933033
20 1.06 0.01 1.3580052140518117 0.6884341092708558 1.2012975674786712 0.04343324574457835
20 1.06 3.007 0.4037390270559809 0.6537058604915118 1.1506046840480848 0.40005549126096124
20 1.1 7.5025 0.6746691927595052 0.6746691927595625 0.9833234341474976 0.48812470526533863
20 1.1 8.002 0.6580386461226729 0.658038646122706 0.9589674945467959 0.4782507927934235
20 1.12 1.5085 0.8359931106535377 0.6637237672975971 1.1533450043759894 0.3943210514798584
20 1.14 5.5045 0.8876833172120988 0.6340595122941993 0.9610678249068 0.48497590221657627
20 1.18 1.5085 1.240093617190291 0.6781861891980062 1.1344395488638868 0.43968850391937625
20 1.18 3.5065 1.1700504657771722 0.649822293652134 1.0040458874076328 0.4989153536267271
20 1.18 9.5005 0.8786785910019983 0.4881547727779077 0.5631585171053295 0.23378257734056213
20 1.2 0.01 2.2172956328924993 0.6851719510319053 1.186229574144651 0.06014033199216667
20 1.22 7.5025 1.0911108824868345 0.49595949203943557 0.5934784161232316 0.2506803837678975
20 1.24 4.5055 1.4028911290335124 0.5845379704304433 0.846483218737918 0.41095727134945487
20 1.26 5.5045 1.387405847845206 0.5336176337867415 0.683518599685977 0.3153930330432837
20 1.28 0.5095 2.0034591112452227 0.6626407261016327 1.1544940544244304 0.35769027985426993
20 1.28 1.009 1.8834970169487215 0.6633379788428101 1.1138369167976752 0.44268017753429734
20 1.28 2.5075 1.8052462165312029 0.6446134626199975 0.9620869637261835 0.4936372856369712
20 1.32 5.5045 1.4466441294870107 0.45207629046453024 0.5226969187148082 0.22146237954549675
20 1.34 1.5085 2.2637028227074585 0.6653339928309084 1.0376245476897283 0.4975958416559612
20 1.34 3.5065 1.9993741994003373 0.5880512351178323 0.7928414806564972 0.3839151086130536
20 1.34 9.5005 0.9035142722223803 0.2657394918267439 0.0 0.03374480423872111
20 1.36 6.004 1.3608264940780002 0.37800735946411085 0.33553684652026505 0.15173735519757534
20 1.36 6.5035 1.5956827106001106 0.44324519739019036 0.13680697366093142 0.11206395682469664
20 1.36 8.5015 0.875238451609242 0.24312179211850246 0.0 0.04478816853367421
20 1.4 4.5055 2.11053684905043 0.5276342122626827 0.5068400896561114 0.2130045292940486
20 1.44 0.5095 2.981223416756242 0.6596906798197969 1.1353418228213261 0.4093677006242354
20 1.44 1.009 2.9420355738604864 0.667004803382179 1.0999136708583694 0.4893929450792607
20 1.46 2.008 2.911725308170222 0.6329837626453789 0.9005803751537639 0.4529474755718112
20 1.5 1.5085 3.225564398326131 0.6450390270004953 0.9667597556490846 0.4853869005676686
20 1.5 3.5065 2.4073091378780433 0.4814618275756071 0.5419905156195636 0.2282545995348142
20 1.52 5.005 1.4756113256028667 0.2837714087694069 0.04862516690361412 0.07247188889013215
20 1.54 0.01 4.652813378570622 0.6867781909616062 1.1954276270497004 0.07837008219040309
20 1.54 3.007 2.915119137534739 0.5398368773219648 0.6156049636585781 0.2593814303804182
20 1.58 0.5095 3.855946017061979 0.6569129573208082 1.1165317622967865 0.44574900147730573
20 1.58 2.008 3.3350081323556022 0.5750014021304672 0.7823869017498839 0.3920348718128664
20 1.58 2.5075 3.413331040496189 0.588505351809814 0.6769165490158293 0.30296552499791946
20 1.6 4.5055 2.206351494076633 0.36772524901264037 0.07226679926592665 0.06975770236757235
20 1.6 9.001 0.07184594802204586 0.011974324666499682 0.0 0.0
20 1.62 2.008 3.725553565332353 0.60089573634397 0.7828000316579345 0.36595813527399046
20 1.66 4.006 1.890495969164821 0.286438783207934 0.10003944233701682 0.08277958369535178
20 1.68 6.004 0.8348666721591858 0.1227745106110909 0.0 0.0189703453139883
20 1.68 6.5035 1.1504893152701265 0.16918960518394469 0.0 0.01448992755199237
20 1.72 5.5045 1.7759006642876336 0.2466528700384635 0.0 0.01642954049132159
20 1.74 7.5025 9.539955339308312E-11 6.020026937418675E-12 0.0 0.0
20 1.74 8.002 0.27631951428851836 0.0373404749053063 0.0 0.00774577304353794
20 1.74 9.001 9.539955339308312E-11 6.020026937418675E-12 0.0 0.0
20 1.78 5.005 1.4867651235243193 0.19061091327116353 0.0 0.02625891857693029
20 1.86 3.5065 2.822154821205893 0.32815753735072134 0.015490151729404758 0.04983798613756499
20 1.86 9.5005 1.6824049833780102E-10 0.0 0.0 0.0
20 1.88 4.006 1.7653033107788347 0.20060264894715207 0.0 0.014489927551992344
20 1.88 5.005 5.6577595448508406E-11 6.020026937418675E-12 0.0 0.0
20 1.9 7.5025 0.0 0.0 0.0 0.0
20 1.9 8.002 0.0 0.0 0.0 0.0
20 1.9 9.001 0.0 0.0 0.0 0.0
20 1.92 1.5085 5.204915383374791 0.5657516721057606 0.71250093503497 0.32562897011621306
20 1.92 3.5065 1.6031181814712767 0.17425197624571648 0.0 0.03144884433329322
20 1.94 2.008 4.310164432297124 0.45852813109514146 0.4791134373497058 0.2036448619435223
20 1.94 2.5075 3.3373455881480285 0.35503676469651446 0.17658483565752378 0.1138748151605892
20 1.94 7.003 2.3858913530195057E-10 6.020026937418675E-12 0.0 0.0
20 1.96 1.5085 4.861160234166586 0.5063708577256717 0.6594087254414291 0.3013835279139486
20 1.98 0.01 7.857168648218189 0.6871656252356285 1.1890393409123248 0.10463062183949395
20 1.98 3.007 2.952407232879422 0.3012660441716152 0.0 0.051313320589861766
20 2.0 9.5005 0.0 0.0 0.0 0.0
