10 0.0 1.5085 1.7845003415864649 0.35690006831729276 0.8398090093880498 0.33718368746774685
10 0.0 10.0 0.0 4.726469128334501E-13 0.6494400538621845 0.07587182702301282
10 0.02 1.5085 1.672842734495804 0.37893196177994976 0.8815840048185213 0.3717507683129945
10 0.02 10.0 0.18997107881940517 0.020813657247169503 0.783310772596071 0.040216810246527755
10 0.04 0.01 3.0985141920996493 0.6631569615953667 0.9384837996778227 0.09094244606546047
10 0.06 5.005 0.6694265784694103 0.13675419722494261 0.9487187323478301 0.08349125878492435
10 0.08 4.006 1.0382958126875295 0.2110029151708638 1.2921883613569436 0.14034313321993588
10 0.1 6.004 0.7641701064715127 0.1186172146461661 0.9674582472296098 0.042388418613803464
10 0.1 6.5035 0.36517570727478954 0.056917321026569344 0.4998691867458278 0.01731799644675945
10 0.1 8.5015 0.33930170536537024 0.037629678982918566 0.45083060017965626 0.014489927551992321
10 0.12 0.5095 2.137220869359519 0.5820449032068427 0.9568696702202724 0.4668768360111637
10 0.12 2.008 1.1151938898654898 0.3569239067626691 0.9033971486003012 0.4146477353211311
10 0.12 2.5075 1.0014163677290013 0.31872620546226993 0.9429031778575038 0.36520234938882146
10 0.12 7.003 0.12149828467814479 0.027613246517531748 0.0 0.009486453504339623
10 0.14 5.005 1.0670201779514656 0.15522521310724302 0.9659942016589234 0.046425812290907684
10 0.16 5.5045 0.6397526800688288 0.11915335288462113 0.5146400959978612 0.02048969989545837
10 0.2 3.007 1.3768282422477882 0.3499124658613232 1.3998209539454936 0.33573261989062514
10 0.24 1.5085 1.0903113563763132 0.42634262353654967 0.9455481354040393 0.49380059756795147
10 0.24 3.5065 1.899100808372639 0.3949165367169163 1.6311505822915053 0.24436200622036483
10 0.24 9.5005 0.12177774276732611 0.03204677441258592 0.0 0.0054771708036174885
10 0.26 4.5055 0.8966718130543643 0.21686829717322292 0.3254575204158113 0.055502098120585826
10 0.26 8.002 0.2675005230204817 0.07229743865351909 0.0 0.005477170803617486
10 0.26 9.001 0.2972491888619624 0.08033761861045634 0.0 0.0
10 0.3 4.5055 1.2361365846184416 0.3036610536800339 0.5318545708779105 0.06911590432652277
10 0.3 8.002 0.3078464686532837 0.08795613390053422 0.0 0.009486453504339586
10 0.3 9.001 9.862633223637436E-12 4.726469128334501E-13 0.0 0.0054771708036174815
10 0.32 3.007 1.500995269915072 0.40101219042866376 1.501481287825567 0.3507571442164275
10 0.34 5.005 0.6502897160769782 0.19705748972138123 0.0 0.0314488443332931
10 0.36 3.007 1.771985251182213 0.47988530052820894 1.5555163117993887 0.34230169079184986
10 0.38 2.008 0.9467889064859312 0.3908265724236936 1.020304435742975 0.474304425446478
10 0.38 2.5075 1.0909779693161648 0.38384918972881177 1.1464224611888325 0.4260593019416636
10 0.38 7.003 0.35805382982602985 0.11550123542764074 0.0 0.018970345313988363
10 0.42 4.5055 1.0652245775749658 0.3353946286435317 0.5249854889970667 0.0834912587849246
10 0.42 9.001 0.34050320992620203 0.11741489997516755 0.0 0.007745773043537937
10 0.44 3.007 1.3231630231016187 0.4315973673116951 1.3977728444928033 0.36721035128730695
10 0.46 6.5035 0.5647300977125072 0.209159295448825 0.0 0.04021681024652751
10 0.48 6.004 0.5392204492790019 0.20739248049091455 0.0 0.0358935762605165
10 0.48 8.5015 0.3595245899161789 0.13827868843018107 0.0 0.013415267434605586
10 0.5 4.5055 1.2622655902283237 0.46089101895912304 0.9210223247285778 0.1341424532414006
10 0.52 6.004 0.7005679527703229 0.2919033136529883 0.0 0.057351051509337884
10 0.52 6.5035 0.6141197915397679 0.25588324647543453 0.0 0.0394662137085796
10 0.52 8.5015 0.41423128036310003 0.17259636681832422 0.0 0.025092018731697856
10 0.56 3.007 0.8078658421458234 0.3644006586714079 1.1466600722401368 0.395183969218817
10 0.58 6.004 0.6065721779370059 0.28884389425559737 0.0 0.07389123833000084
10 0.58 6.5035 0.5819934229609776 0.27713972522010677 0.0 0.061607809127882794
10 0.58 8.5015 0.36715130948659946 0.1748339568990678 0.0 0.026823288486981824
10 0.6 6.004 0.7813431734657358 0.3836390093884323 0.5128486782813574 0.09444093821471532
10 0.6 6.5035 0.9899131017902666 0.48489307311415625 1.2263149589795361 0.08133702382192681
10 0.6 8.5015 0.4243994140487003 0.21219970702574747 0.0 0.02682328848698158
10 0.62 5.005 1.295219962256533 0.6444313661494244 1.4756089518289375 0.17926362110581323
10 0.64 6.004 0.9513391342455971 0.5180400342086481 1.02418750173462 0.11590786710292961
10 0.64 6.5035 0.7905686189944898 0.4312174885275196 0.7990890025493796 0.10449033457637827
10 0.64 8.5015 0.4653552047109236 0.258530669283746 0.0 0.057351051509338044
10 0.66 4.006 0.7539031342908383 0.412256525910218 1.2623777813087875 0.3143568720695206
10 0.68 5.5045 0.9776987749151068 0.5858013268308098 1.5455783063807325 0.18998457586295828
10 0.72 6.004 0.8809859241843512 0.6136003498543778 1.52713431035859 0.19817548731519907
10 0.72 6.5035 0.9207370183827407 0.6438774265102771 1.5675997714981464 0.16959297033779583
10 0.72 8.5015 0.6503877797577037 0.4620811517696724 0.7528844433002457 0.08524371728485312
10 0.74 5.005 0.5771624246389088 0.42208997928892567 1.238097796074704 0.3015423160030805
10 0.76 7.5025 0.7176266143076796 0.5933979531571831 1.538991202292755 0.1718229067231496
10 0.76 8.002 0.6785567727950041 0.5624391012846085 1.0596973935699476 0.14268142179061144
10 0.78 1.5085 0.6065337402091768 0.4632785976281824 0.8912805062097279 0.49798926275226
10 0.78 10.0 0.5533149827131111 0.5020046167238553 0.9901869560310407 0.10834660037347578
10 0.8 5.005 0.41276995505934816 0.388541202540386 1.0350175782567048 0.35353915458639024
10 0.82 1.5085 0.5522057033183121 0.4707725049796465 0.8743398332178675 0.4967445135059206
10 0.82 10.0 0.5355875772306495 0.5938465658375889 1.4740094722203487 0.1695929703377955
10 0.86 7.003 0.2746337623442233 0.38387417830798043 1.0898724287357873 0.3403426975735611
10 0.9 0.5095 0.9564633861690044 0.548958516853268 0.874981628049772 0.4044408045796942
10 0.9 1.009 0.6258268260462913 0.5106492469568693 0.8712586394611244 0.4635208750713966
10 0.9 2.008 0.3908321299919093 0.470315997917208 0.8668219065344988 0.49839371643983754
10 0.9 2.5075 0.3390540674735907 0.4576870991835897 0.8764207345336978 0.49995947401288116
10 0.92 4.5055 0.20121345245972905 0.42977210901626206 0.8798710664773004 0.48683137655610065
10 0.94 1.5085 0.4501954179327971 0.49042310662107774 0.859524426601919 0.4820137880533589
10 0.94 10.0 0.1213144014339171 0.40252543363762483 0.9439334286246182 0.43753770768452904
10 0.96 7.5025 0.09251604102175794 0.44722670330243186 0.8977566891928281 0.4928909485207853
10 0.96 8.002 0.08877593868410748 0.4383332381215794 0.8894598515784474 0.49057561894549223
10 0.96 9.001 0.08736517845112488 0.43472685637696734 0.8812294923577704 0.4853646360817987
10 0.98 4.5055 0.09661470761057207 0.4771490894647058 0.8577725750507811 0.49524461125468505
10 0.98 8.002 0.04970482378149671 0.4680955738320534 0.8718834069101702 0.49970881987502996
10 0.98 9.001 0.04635906211312463 0.45754739921634685 0.8703923609630859 0.5000028345136218
10 1.02 4.5055 0.08586527717712965 0.5044000602702935 0.8311371421424196 0.48316839376114384
10 1.02 9.001 0.05233129546756417 0.5161313115651567 0.8195931376635809 0.48964269038586605
10 1.04 1.5085 0.43712256708998415 0.5146613495007457 0.8445731022862429 0.46660018536881603
10 1.04 10.0 0.1119973202544838 0.559986601272548 0.7917413095085822 0.4993960630457561
10 1.06 7.003 0.16844867453071846 0.5590213934129159 0.7934294040579242 0.49961174118609625
10 1.1 4.006 0.28468995391743684 0.5560441914114485 0.7853769253385384 0.4990028934895314
10 1.12 5.5045 0.3510145840098777 0.5847417518693382 0.7397908947829638 0.492627572542669
10 1.14 1.009 0.7535378637372492 0.5310254528326133 0.8368784741432144 0.46995644335787795
10 1.16 1.5085 0.583305447658494 0.5408260465125309 0.8185586982926638 0.48748329166026977
10 1.16 3.5065 0.46184960144472476 0.5686296243955019 0.7569276327497717 0.49891535362672723
10 1.16 10.0 0.3939648316287223 0.4924560395355156 0.3876353290382193 0.28592542119036163
10 1.18 5.5045 0.5113287041706065 0.5680582719110188 0.6441172083659898 0.44453662842490416
10 1.2 1.5085 0.6681242292758247 0.549708563467398 0.8114392442415007 0.49226878832896315
10 1.2 10.0 0.4277496256914197 0.4277496256914358 0.23181843048580195 0.19663960698796953
10 1.22 4.006 0.6419233247209571 0.582433666037682 0.6781113829906489 0.46232074270797907
10 1.22 5.005 0.638672750938924 0.5806115917627007 0.6115991370495582 0.4163347893079561
10 1.26 1.009 0.9563378869964878 0.5472181971557012 0.8225436740102995 0.4854535877870035
10 1.28 4.5055 0.7713088034344403 0.5508521107812966 0.5442961844215768 0.37695666748994894
10 1.28 8.002 0.5346014148385304 0.3818581534558111 0.12309875779222494 0.15664204141167243
10 1.28 9.001 0.49606254340742356 0.3543303881476792 0.06933051012191521 0.11336053765069691
10 1.3 3.5065 0.8659149688783632 0.5767981346343453 0.6242271960448438 0.4275786850408302
10 1.3 9.5005 0.3980903314296565 0.2653935542862789 0.016429540491321643 0.07874722337954719
10 1.32 1.009 1.0821161959155747 0.5574073911351902 0.8032080066819628 0.49176397329441596
10 1.34 5.5045 0.7831058992360531 0.46065052896240577 0.26112859309584585 0.22030482329616655
10 1.36 3.007 1.0381643594484578 0.5763062604495671 0.6177130725360399 0.4202828533958514
10 1.38 3.5065 1.002452975025512 0.5276068289607461 0.5164594899402073 0.3595556364782773
10 1.38 9.5005 0.41540075981431596 0.2186319788460094 0.0 0.04238841861380325
10 1.44 4.5055 0.9958303224870777 0.4526501465850033 0.2235357410521154 0.19579583843269907
10 1.44 9.001 0.3494385158058733 0.1588356890033404 0.0 0.0262589185769303
10 1.46 7.5025 0.46313025120619866 0.20136097878609455 0.0 0.04273955350341177
10 1.48 0.5095 1.8821487792912637 0.5641563332835762 0.8300849104930298 0.47346637772995775
10 1.48 2.008 1.4074886697211335 0.5852290361783583 0.649452282005147 0.446930471741952
10 1.48 2.5075 1.3201428477671262 0.5499082681842894 0.5683613940248453 0.3902671804619768
10 1.5 5.5045 0.7913727481041933 0.3165490992416557 0.04167720996478874 0.08996386311543107
10 1.54 2.008 1.540266572792801 0.5697696827122481 0.6103403032093201 0.4227708976306527
10 1.54 7.003 0.5260698391405961 0.1948406811591283 0.0 0.029986647164859152
10 1.56 0.5095 2.035382106990139 0.5670245880237212 0.8214681859543689 0.4791824954934004
10 1.56 2.008 1.5774426569895679 0.5626464622877325 0.5949817422728755 0.41051992931839626
10 1.56 2.5075 1.490590104656979 0.5321553902903241 0.4895375900555612 0.34108380882361145
10 1.58 7.5025 0.4443266396010262 0.15321608261855377 0.0 0.0232317412814863
10 1.58 8.002 0.4475645482732386 0.15433260285256895 0.0 0.018162995378570426
10 1.58 9.001 0.2273998351549263 0.07841373625902075 0.0 0.00547717080361749
10 1.62 7.5025 0.3739466026347675 0.12062793633294505 0.0 0.012246591372295933
10 1.64 0.5095 2.1999872476165088 0.566390543315903 0.8125125281286137 0.48642053944905533
10 1.64 2.008 1.7574083979665993 0.5490153283925473 0.5291478383983557 0.37191259314238706
10 1.64 2.5075 1.6168039090274064 0.5052512215710977 0.39990785784857596 0.28363079390612184
10 1.66 9.5005 0.13229909224708783 0.04009063401514432 0.0 0.007745773043537922
10 1.68 3.007 1.350230990672829 0.3971267619625849 0.1943330541986967 0.18711094997868527
10 1.7 3.5065 1.2137572142210362 0.3467877754916461 0.10864267471879005 0.1303133814603184
10 1.7 9.5005 0.0 0.0 0.0 0.0
10 1.72 1.009 2.134803648768174 0.5823687329333683 0.7213168576457702 0.4880980509596135
10 1.74 4.006 1.1221449798806737 0.30328242699517366 0.015490151729404772 0.0649010753327451
10 1.76 5.005 0.6171392621330891 0.1624050689825109 0.0 0.027917725662414187
10 1.8 1.5085 2.1906885042667996 0.5472186106573937 0.5602802161629276 0.39668783964100895
10 1.8 10.0 0.0 0.0 0.0 0.0
10 1.82 5.005 0.728300739614651 0.17763432673540216 0.0 0.026823288486981713
10 1.88 6.004 0.22588952606578971 0.0513385286513013 0.0 0.005477170803617482
10 1.88 6.5035 0.5528105027182 0.12563875061529858 0.0 0.015490151729404732
10 1.88 8.5015 0.06063254299460479 0.013780123407283091 0.0 0.007745773043537921
10 1.9 4.006 0.9975881728140842 0.22168626062493826 0.0 0.02844911258091902
10 1.92 5.5045 0.4971553819169879 0.10807725693894196 0.0 0.014489927551992304
10 1.94 7.5025 3.899750280895381E-11 0.0 0.0 0.0
10 1.94 8.002 3.899750280895381E-11 0.0 0.0 0.0
10 1.96 5.5045 0.02465482990583645 0.005136422897004695 0.0 0.0
10 1.98 7.003 4.2128804380612575E-11 0.0 0.0 0.0
12 0.0 4.5055 0.36397938625224185 0.06066323104314306 0.6368844933443909 0.06304062150387818
12 0.0 8.002 0.015490151729404808 0.002581691954967559 0.668684643758103 0.04769511979448684
12 0.0 9.001 0.0 6.516781781991952E-13 0.5643656653072203 0.05043335270709329
12 0.02 4.5055 0.6205882187211511 0.11987655368939867 0.710068797106216 0.0834912587849243
12 0.02 8.002 0.36263134839926725 0.03584907911993173 1.435623754002619 0.018162995378570378
12 0.02 9.001 0.16247855763411434 6.516781781991952E-13 0.43512025687329886 0.01224659137229596
12 0.04 0.5095 3.3477650016588063 0.6166729399940329 1.0290737267972774 0.4893552184891817
12 0.04 1.009 2.671570542858104 0.5216301543231666 1.0111674326780522 0.4720825287229256
12 0.04 2.5075 1.2491124446127675 0.27250114930225755 0.9116818843366641 0.25197029750030037
12 0.06 1.5085 1.8929734675104573 0.42256143917664757 0.9618875335551315 0.4204374335843536
12 0.06 3.5065 0.9720781846589936 0.2213347752701311 1.0781804509457802 0.17674369811367963
12 0.06 9.5005 4.422561865663781E-12 6.516781781991952E-13 0.0 0.0
12 0.08 1.5085 1.812209951442607 0.429676203228143 0.9697303207176324 0.4387254868798552
12 0.08 10.0 4.5834744644038214E-12 6.516781781991952E-13 0.0 0.0
12 0.12 6.004 0.4012295326767058 0.07365085119583295 0.1222690545713546 0.010953848645841155
12 0.12 8.5015 6.526740296243968E-12 6.516781781991952E-13 0.0 0.0
12 0.14 3.5065 1.621995561048156 0.30643452811739047 1.689974641829954 0.20471782681167747
12 0.14 9.5005 9.869942228442054E-12 6.516781781991952E-13 0.0 0.0
12 0.2 5.005 0.7127872684046047 0.14772936020064978 0.1355350593247035 0.01341526743460567
12 0.24 7.5025 9.690157656076406E-12 6.516781781991952E-13 0.0 0.0
12 0.24 8.002 9.690157656076406E-12 6.516781781991952E-13 0.0 0.005477170803617486
12 0.24 9.001 9.690157656076406E-12 6.516781781991952E-13 0.0 0.005477170803617486
12 0.26 0.01 2.6190993009702885 0.6831478206134274 1.0051485536804556 0.0764557698693929
12 0.26 3.007 2.4983818370318325 0.47162068443168037 2.044335289884735 0.32492851942494805
12 0.28 2.008 1.1506734937920697 0.39007659175214576 1.0701521263695688 0.4598418892365734
12 0.28 7.003 0.3669116147968283 0.08493324416944466 0.0 0.005477170803617487
12 0.3 3.007 2.619110317739133 0.5141065411930053 2.1418884909477587 0.30763462878596703
12 0.32 5.005 0.9011519687494345 0.22015203625059931 0.028970723276090016 0.03462039882092026
12 0.34 3.5065 2.776034786094246 0.5614342325723952 2.048337237000975 0.22947831249940182
12 0.34 9.5005 1.419068596650473E-11 6.516781781991952E-13 0.0 0.0
12 0.36 5.005 0.8480841850957882 0.22085525653536406 0.0 0.03792019014824914
12 0.42 3.007 1.8381773292999626 0.4754121265842372 1.7327805007322443 0.3511529076357152
12 0.44 5.005 0.9961997697959194 0.29648802672508606 0.0 0.04021681024652771
12 0.48 5.5045 0.8139208139409698 0.26087205575013445 0.0 0.05131332058986152
12 0.52 5.5045 0.9729577677633893 0.33783255825091973 0.0 0.07123230489463468
12 0.54 5.005 1.0327101861196257 0.3699659293495061 0.19486476409251502 0.09826004249730168
12 0.56 5.005 1.1197035769478396 0.42125497706587767 0.5163103143361616 0.09568027829534356
12 0.58 5.5045 0.8276789478278498 0.32777808092813926 0.032386849354786945 0.09350024908406768
12 0.6 5.5045 0.9998083157109878 0.4147993654154824 0.20651347856825567 0.10164207736438317
12 0.62 1.5085 0.9069006001470508 0.4498560232296983 0.9701487438029202 0.5000057576592749
12 0.62 3.5065 0.9618756254348719 0.4017634367618042 1.4131442744221112 0.34284390486645294
12 0.62 10.0 0.3820512099288791 0.16756632014177458 0.0 0.027917725662414097
12 0.64 5.5045 0.8953479970011404 0.4101230822865503 0.24003042529119512 0.13130946683955244
12 0.66 7.003 0.6643911081709589 0.32568191576931643 0.0 0.08402094683004273
12 0.7 5.005 0.9566394888573253 0.5091828526964446 1.728014679755316 0.24922507514502154
12 0.72 5.5045 0.8951914351460982 0.5145905757185515 1.7732084863166848 0.2324733904601473
12 0.74 1.5085 0.7483169282287846 0.47643578804996617 0.9853284876993483 0.49737818830227654
12 0.74 3.5065 0.6345280422486891 0.3858912739801483 1.0877065436878488 0.4092624618455407
12 0.74 10.0 0.48952243870773515 0.3137964350697463 0.0 0.07081418681671342
12 0.76 0.01 1.3918269218923576 0.6676323086738297 0.9947744458096708 0.06759421581121935
12 0.78 8.002 0.882504817294425 0.6656856464125344 1.9010075216123705 0.1792636211058134
12 0.78 9.001 0.5749985304859546 0.4352907501399978 0.47266371040608784 0.12532134913387857
12 0.8 1.5085 0.641352143001446 0.4844153297170021 0.9656626330366648 0.49353533640199715
12 0.8 3.5065 0.5089288077860439 0.40071819575158124 1.0166810244632651 0.4429476227651249
12 0.8 9.5005 0.8967640663803516 0.7461271871830212 1.9578164156823856 0.1484967241781432
12 0.82 8.002 0.5189401013769711 0.47643820453101965 1.5397274300565642 0.23980797011958588
12 0.82 9.001 0.6792454192324121 0.6274766526406849 1.902791609258628 0.1839577617340114
12 0.84 2.008 0.5265952363812982 0.4763232620887422 0.9671928252770955 0.4996444748057529
12 0.84 2.5075 0.4851231342330698 0.4521358210459153 0.9782959959341843 0.4968673151638037
12 0.84 7.003 0.3482386267521569 0.35704925179704006 1.2322924804429112 0.30585823861077893
12 0.86 4.5055 0.37594225217988125 0.4195892374500861 1.0071212215375596 0.4431829824437344
12 0.88 2.008 0.4551990605891189 0.48360912252969607 0.9619098747694516 0.49721509934926117
12 0.88 2.5075 0.4128677046021149 0.46598674566124426 0.9603542129247475 0.4999977657673506
12 0.88 7.003 0.2856095697325591 0.38964199686574524 1.0850982373286016 0.37978152257422504
12 0.9 6.004 0.2513637175239381 0.4070698891765642 0.9937281348746441 0.4432299845577881
12 0.9 6.5035 0.2505080335194912 0.40628198136582533 1.0045637682189201 0.4323154435952422
12 0.9 8.5015 0.22797955283014001 0.3773249260087553 1.054649092672713 0.37368231874571456
12 0.92 3.007 0.2998377921056096 0.47782804694703945 0.963098878096652 0.49984644200525685
12 0.94 4.5055 0.19136157017446243 0.463537172296737 0.9577109771117199 0.49932740959339095
12 0.94 8.002 0.15538485037254993 0.4266339763438089 0.9779130064851251 0.47284115668702303
12 0.94 9.001 0.15352575053182066 0.4234929200982183 0.995959225696809 0.4568340515638382
12 0.96 0.01 2.259859959996839 0.6701421077729531 1.0073959802562045 0.07039353413840294
12 0.98 0.01 2.3475399575507674 0.6677659570354374 0.9910070242168824 0.0697577023675724
12 0.98 3.007 0.18759342179455793 0.5084449002493157 0.9302763172481733 0.47297506349767915
12 1.02 3.007 0.18217989060912412 0.5381543016481435 0.9168981701615463 0.45273681320914616
12 1.04 4.5055 0.1425315418957078 0.5462659452316638 0.9015178210211577 0.4718201075647217
12 1.04 8.002 0.13817851579717108 0.5749749561538614 0.8787893237560969 0.4874078916913284
12 1.04 9.001 0.14066555947649692 0.5861064978188008 0.87571242301962 0.49235930129496736
12 1.06 4.5055 0.21295236935827475 0.5694688638696472 0.8924913688943311 0.4841978811095823
12 1.1 10.0 0.34943993307258653 0.5823998884542566 0.6935277606474408 0.43687182040994127
12 1.14 3.5065 0.5017301279268211 0.5903903847342599 0.8487220169486848 0.4993414330207344
12 1.14 9.5005 0.4516425301099386 0.537669678702885 0.5638142829852043 0.3504521113615103
12 1.16 7.5025 0.5529948835565826 0.5760363370378017 0.6224404744680758 0.3897858795544905
12 1.16 8.002 0.5639841400261683 0.5874834791940978 0.599686445264189 0.3667939730267129
12 1.16 9.001 0.5116852877249166 0.5330055080466922 0.5174687510511847 0.32034682111684476
12 1.18 4.006 0.652302196500749 0.6024698100310812 0.7988683310292966 0.49103664311166734
12 1.2 4.5055 0.7193123655830616 0.5994269713192254 0.7349371734247321 0.45926310641741536
12 1.2 8.002 0.5952103608013348 0.4960086340018737 0.43093416085828024 0.2724216209838106
12 1.2 9.001 0.5561461665356264 0.4634551387804071 0.3559743936684962 0.2273166533312638
12 1.22 1.5085 0.8499721174764515 0.5852010810528856 0.8789908993297443 0.48724256638177266
12 1.22 10.0 0.5340433507669474 0.40457829603374595 0.19031194555486353 0.15673295235121912
12 1.24 0.5095 1.4304464210162302 0.5875329256472676 0.9266338114754534 0.4201667909699475
12 1.24 2.008 0.8874413518878299 0.6015584812354604 0.8519736587794358 0.499044356041741
12 1.24 2.5075 0.8871993181610636 0.6117553355336877 0.8320833028683181 0.49876129974308486
12 1.24 7.003 0.7132057670287915 0.4952817826595252 0.41726385770103797 0.25982587442102745
12 1.26 6.5035 0.7818497695339405 0.501185749702205 0.4065100392720085 0.2573434433918345
12 1.28 3.007 1.0085350901211112 0.5994383575551675 0.7553549251202922 0.47157749765135754
12 1.3 7.5025 0.7325643664401517 0.4069802035795522 0.1504122713278779 0.14258062390003284
12 1.32 9.5005 0.5207216602038958 0.2712091980202878 0.0 0.05302900979467394
12 1.34 4.006 1.0902854442381258 0.5344536491365222 0.5601176736585455 0.34559366787320234
12 1.36 5.005 0.9900489668420144 0.45835600316917824 0.3317140717240576 0.22495019800881474
12 1.38 7.5025 0.7774799416212645 0.34099997438850405 0.016429540491321653 0.07123230489463482
12 1.4 0.5095 1.8000053680883086 0.5823644414019444 0.9061824616475923 0.44690036970284547
12 1.4 2.008 1.4596987617797574 0.606783347508237 0.7745961131638953 0.47960926835863227
12 1.4 2.5075 1.4404517846167584 0.6000594900158713 0.6996058107355775 0.4382816943815717
12 1.44 3.007 1.4529177007199303 0.5503476139093838 0.5768510554685243 0.3540484736894826
12 1.48 6.004 0.7792632196228291 0.2705775068139256 0.07369018454755706 0.06304062150387853
12 1.48 6.5035 0.8179266318079408 0.28400230270642707 0.0 0.049837986137565515
12 1.48 8.5015 0.5795600710706987 0.20123613578922492 0.0 0.018970345313988283
12 1.5 4.006 1.308677907608997 0.4362259692043917 0.23489014342292036 0.18509105170125786
12 1.52 5.5045 0.9807646562807258 0.31434764624247685 0.0480071562747725 0.07547996243303348
12 1.56 6.004 0.7213891507729792 0.21469915201776507 0.0 0.03946621370857955
12 1.56 6.5035 0.7116027374976706 0.2117865290131266 0.0 0.028970723276090016
12 1.56 8.5015 0.3463629132099233 0.10308420035756351 0.0 0.009486453504339592
12 1.58 0.01 5.5049378039569685 0.6612626061786352 0.991827201978631 0.11603368418064634
12 1.58 3.007 1.5986195482854628 0.45937343341648945 0.37224378674914843 0.24744257461877533
12 1.6 2.008 2.0113658463609276 0.5587127351003148 0.6092518332317723 0.3858308315511691
12 1.6 2.5075 1.8651240437105339 0.518090012142078 0.4815715566089202 0.30492483898006906
12 1.6 7.003 0.5405939099082578 0.150164974964276 0.0 0.030481870164767496
12 1.64 6.004 0.8791725295249861 0.22895117955794062 0.0 0.032845767029735434
12 1.64 6.5035 0.7318834493049483 0.19059464825052194 0.0 0.025682114485023694
12 1.64 8.5015 0.35237481869245274 0.0917642757106913 0.0 0.0054771708036174885
12 1.68 5.005 0.9069104598956869 0.22228197546725498 0.0 0.047064783538273404
12 1.7 7.5025 0.41905007184119136 0.09977382662723729 0.0 0.005477170803617486
12 1.72 3.5065 1.298265568268532 0.3005244370996759 0.06846797223742866 0.09690317486865492
12 1.72 9.5005 0.37797144125634197 0.08749338918639873 0.0 0.0
12 1.76 1.5085 2.6187870294095426 0.5741495587508594 0.6366642354236506 0.4017325604699922
12 1.76 3.5065 1.4536412644896437 0.31878097905666275 0.06954444073162752 0.10091689580956327
12 1.76 9.5005 4.592860800953847E-11 0.0 0.0 0.0
12 1.8 8.002 6.218556742350209E-11 0.0 0.0 0.0
12 1.8 9.001 6.218556742350209E-11 0.0 0.0 0.0
12 1.82 1.5085 2.8246660059209643 0.5740116184997269 0.5962879681644622 0.3722626737033047
12 1.82 3.5065 1.5955674793958496 0.3243023332080967 0.056302038164163626 0.0804219212928869
12 1.82 10.0 6.692468543175129E-11 0.0 0.0 0.0
12 1.86 4.006 1.1478087224925309 0.2224435508703147 0.0 0.041677209964788964
12 1.88 5.5045 0.4274649768552677 0.08095927592981887 0.0 0.00774577304353794
12 1.9 7.003 4.344362434392121E-11 0.0 0.0 0.0
12 1.92 4.006 1.0985888390761651 0.19901971722320166 0.0 0.02257753313920538
12 1.94 0.01 7.587148462819158 0.664128581165167 0.9943773493169623 0.12953296381797372
12 1.98 4.5055 0.8763144425730419 0.1490330684625869 0.0 0.01816299537857028
12 2.0 5.005 0.7154504295261835 0.11924173825461684 0.0 0.01095384864584114
14 0.0 0.01 4.732564707470189 0.6760806724957401 1.0533435457132008 0.09490765842209603
14 0.0 3.007 1.0117531229311385 0.14453616041971734 0.6699463762184953 0.09061746568069272
14 0.02 3.007 1.225156796116029 0.21669920332082973 0.888879092507867 0.15239514251396094
14 0.04 6.004 0.8161535048944091 0.07276533509904458 1.533255167725215 0.012246591372295942
14 0.04 6.5035 0.3865456787963754 0.04814761216722078 0.685625183081179 0.009486453504339598
14 0.04 8.5015 0.21261060970445206 3.6876341600585214E-13 0.49856068278813176 0.010953848645841164
14 0.06 7.5025 0.645631400324294 0.08393687277332992 1.1563482406934675 0.018970345313988404
14 0.06 8.002 8.344512364567366E-12 3.6876341600585214E-13 0.0 0.0
14 0.06 9.001 8.344512364567366E-12 3.6876341600585214E-13 0.0 0.0
14 0.08 4.5055 1.4236585972724431 0.16820652670621414 1.49578428566462 0.040953564294102095
14 0.08 8.002 6.787641942133129E-12 3.6876341600585214E-13 0.0 0.0
14 0.08 9.001 6.787641942133129E-12 3.6876341600585214E-13 0.0 0.0
14 0.12 5.5045 0.6732720376317679 0.09035453224480307 0.2515584880220259 0.00948645350433963
14 0.14 7.5025 0.13081771102202142 0.0217305167814989 0.0 0.0
14 0.16 2.008 1.505543556289958 0.38156808931421643 1.1171154712382338 0.4241271804510104
14 0.16 7.003 0.7197550167156668 0.12240731576875288 0.0 0.009486453504339624
14 0.18 2.008 1.4666352466881292 0.38266823670836786 1.1311498180421482 0.43140515832928483
14 0.18 2.5075 1.4038459588954406 0.36009106089936854 1.3026944536271734 0.3827342064338777
14 0.18 7.003 0.32998442720997195 0.05748857617120158 0.0 0.005477170803617483
14 0.2 3.5065 3.2285644339908988 0.41834200598304383 2.021384773083346 0.12403975912770433
14 0.2 9.5005 1.576809249455009E-11 3.6876341600585214E-13 0.0 0.0
14 0.22 2.008 1.4559707524821848 0.3890088830422013 1.19803357546547 0.44427365243585304
14 0.22 2.5075 1.4101647845143532 0.35603047349682504 1.4120233717253912 0.3922484609813274
14 0.22 7.003 1.0292929495267367E-11 3.6876341600585214E-13 0.0 0.0
14 0.24 0.01 3.2931856076393986 0.6785546035132294 1.0545899380911332 0.08224167109457388
14 0.26 5.005 1.0631654796938956 0.20524430109967537 0.0 0.025092018731697936
14 0.3 5.005 0.9135520041117515 0.1864391845115349 0.0 0.02448767044167105
14 0.32 3.5065 3.5925527594150237 0.623889895738039 1.9798681991746614 0.15682380485073402
14 0.32 9.5005 1.4629187375739353E-11 3.6876341600585214E-13 0.0 0.005477170803617479
14 0.34 7.5025 1.7253867101946138E-11 3.6876341600585214E-13 0.0 0.0
14 0.34 8.002 1.7253867101946138E-11 3.6876341600585214E-13 0.0 0.0
14 0.36 3.5065 2.644327413943727 0.5059511245712333 1.4043092673443494 0.13585424373178742
14 0.36 9.5005 1.772131587631264E-11 3.6876341600585214E-13 0.0 0.0
14 0.38 5.5045 1.0059125810160203 0.23177709240060965 0.0 0.029986647164859277
14 0.4 2.008 1.2376125932992907 0.3850573991783847 1.1532447317598629 0.46320459427552185
14 0.4 2.5075 1.7802302694168481 0.4354787783060583 1.5251335924896718 0.40839640284549356
14 0.4 7.003 0.5341230075157106 0.12717214464584828 0.0 0.009486453504339623
14 0.42 5.005 1.4187861625356804 0.34945471983658943 0.0 0.04706478353827325
14 0.44 1.5085 1.3244096321467393 0.4349094507750401 1.0835338182906227 0.4972815577316115
14 0.44 3.5065 3.127296183108104 0.6972347098801492 2.3725676640198565 0.19733948991280473
14 0.44 9.5005 2.1451704399643604E-11 3.6876341600585214E-13 0.0 0.0
14 0.48 4.006 1.5868102688256638 0.4186439241891677 0.6868141188545914 0.11852038656699183
14 0.5 5.005 1.021484658719652 0.2918527596348817 0.0 0.07102355987662354
14 0.54 1.5085 1.1753615665196369 0.4410747640522972 1.0414458489150324 0.4995612576405524
14 0.54 3.5065 1.1518155096565839 0.3498148982739287 1.5699815755834485 0.32142231860527876
14 0.54 10.0 0.2428079428389636 0.07540619342965958 0.0 0.005477170803617484
14 0.56 3.5065 1.9338628952355559 0.5805703832848605 2.109282399269332 0.3161664607571196
14 0.56 9.5005 0.09805560022594935 0.031836233841350974 0.0 0.005477170803617481
14 0.58 4.006 2.0374005649267093 0.6440126863611997 2.2205654008786087 0.2497981515570412
14 0.62 7.5025 0.5931821344704018 0.2230008024334663 0.0 0.04445334002525395
14 0.62 8.002 0.8123148246360443 0.30538151302173433 0.0 0.04167720996478893
14 0.62 9.001 0.45971309791710374 0.17282447290056263 0.0 0.03329833347829322
14 0.66 4.5055 0.930524995190362 0.3834942568653983 1.4891288306579633 0.266180011826928
14 0.68 2.008 0.9168582118706282 0.4337792435751375 1.0426329470061841 0.4919939775725639
14 0.68 7.003 0.9259682580833062 0.4133786866440799 0.0 0.0919102580060258
14 0.7 1.5085 0.9233874514415288 0.4746633378343608 1.0419618044214058 0.4987033436818847
14 0.7 3.5065 0.7808930530427558 0.36143349998172486 1.151352148800453 0.3810354453970532
14 0.7 10.0 0.5210150492037274 0.24810240438251993 0.0 0.040586870135416855
14 0.74 7.5025 0.7203829445098088 0.3958148046763564 0.0 0.1353218182102114
14 0.74 8.002 0.6889034187770835 0.37851836196469946 0.0 0.1100889245415308
14 0.74 9.001 0.5788532114807368 0.3180512150986383 0.0 0.08644868401395693
14 0.76 0.5095 0.9444140975328533 0.5837678815269355 1.0218556553246807 0.3704232788221973
14 0.76 1.009 0.8553801448813704 0.5323753186096647 1.0443884250825122 0.4579469074993763
14 0.78 0.01 1.2657608074128088 0.6759223741516122 1.0570155154043182 0.055770035840521884
14 0.78 3.007 0.6663088250004142 0.4170148040450403 1.0689643628205994 0.4678124637702147
14 0.8 7.5025 0.7476903991966448 0.5303198908638295 1.8995178938455148 0.21484247377170582
14 0.8 8.002 0.888763202366717 0.6315661132823447 2.232400268273413 0.1930951549109102
14 0.82 0.01 1.3188878613381452 0.6754237831985371 1.05167396513364 0.062328397640926556
14 0.82 3.007 0.5659238056766546 0.42829132101306905 1.0603893954902552 0.482596136698448
14 0.84 6.004 0.42343278873357626 0.36953658374516013 1.1213563862795937 0.35610073300688394
14 0.84 8.5015 0.4678215604778984 0.41522554037692316 1.5585822037996544 0.2416647744149912
14 0.88 6.004 0.3358674747141805 0.39008395764265075 1.0935537953572014 0.4225433537601191
14 0.88 8.5015 0.31152249409938765 0.3681793218204234 1.114733536743174 0.328473744417377
14 0.9 5.5045 0.3169521507569208 0.4391589775967367 1.0424628379609828 0.4657977002609803
14 0.92 5.005 0.26947723946067376 0.4550717155277669 1.0394450289728667 0.4912314059232369
14 0.94 0.01 1.7597888892869136 0.6796864728323578 1.0549001452646567 0.06626157404496358
14 0.94 3.007 0.2762309793161273 0.5031647227758841 1.0105260914367427 0.4889549129303698
14 0.96 1.009 0.5401729704615095 0.5673797287580769 1.0031442688452237 0.4013095588677011
14 1.0 0.5095 0.8838330042765109 0.5959665221113298 1.016500048540661 0.31770391996697145
14 1.0 2.008 0.27386352221994137 0.5559487983028698 0.9957027136446628 0.40139871614509415
14 1.0 2.5075 0.20705187104636627 0.5521598449936352 0.9990705248782444 0.4083540143103059
14 1.0 7.003 0.025092018731697936 0.5431392145588824 1.0027393943284426 0.41683262844977464
14 1.02 5.005 0.09102875604370243 0.5612865352487485 0.9741796059920129 0.4339933876628358
14 1.04 0.01 2.2411089525681334 0.6792490601057434 1.0596388210518997 0.06911590432652322
14 1.04 3.007 0.20825284769248673 0.5693642988076794 0.9728432422798378 0.4353747009492028
14 1.08 0.5095 1.0316462499043157 0.5994829423152395 1.0051792992535449 0.3532088114137396
14 1.08 2.008 0.42309232742834146 0.5919189350988794 0.9766272868306474 0.4426013745792145
14 1.08 2.5075 0.37690217021811473 0.5892473432998627 0.9699064476035634 0.45349264997935
14 1.08 7.003 0.347605137693175 0.6207234601665598 0.887781138684601 0.4999853159812143
14 1.1 4.5055 0.43492799126551845 0.6195907746053555 0.929244014900452 0.494956723590472
14 1.1 9.001 0.42831875716002216 0.6118839388015128 0.7886288171061698 0.46147515658959326
14 1.12 2.008 0.561936095223293 0.6070154160858824 0.976205046507992 0.46016140935233
14 1.12 7.003 0.521294539161739 0.6205887370985452 0.8117530139163222 0.47382154760659867
14 1.14 7.5025 0.5546522531877969 0.565971686928176 0.7279041868686523 0.42618821355405256
14 1.16 0.01 2.9013865004910255 0.6811033831660972 1.0528915925747828 0.0779910711244868
14 1.16 3.007 0.7035209174603423 0.6222141396753268 0.914892336391303 0.4969744764201623
14 1.18 10.0 0.5494161327359548 0.43604454978932067 0.3693890984371755 0.22054914665549594
14 1.2 3.007 0.8722172948400454 0.6214112296193111 0.8696935488334859 0.4995523353208856
14 1.22 8.002 0.7173480682078561 0.465810433900473 0.3889829243721461 0.2297684575287
14 1.22 9.001 0.6878679511150504 0.446667500721983 0.2761031106053857 0.18441204523777044
14 1.24 6.004 0.8614549033756789 0.5127707758173229 0.5604016081018913 0.317485044927507
14 1.24 6.5035 0.8693559997617123 0.5174738093808202 0.5224831073524036 0.28925341993021464
14 1.24 8.5015 0.7093119537887224 0.4222094963003736 0.26510118375382535 0.17361592289056216
14 1.28 5.005 1.0397386318524933 0.5304788937991474 0.5775088162983966 0.3280256197516419
14 1.34 10.0 0.5054726179800048 0.21238345292658467 0.0 0.03752367279493582
14 1.36 3.5065 1.4371583979073048 0.5703009515492894 0.636182614425889 0.36071139626980064
14 1.36 9.5005 0.5900846127525956 0.234160560608962 0.0 0.03752367279493578
14 1.4 6.004 1.09419247787738 0.39078302781549373 0.11245458479845445 0.11310247424730233
14 1.4 6.5035 0.9907494435145322 0.3538390869731864 0.09191025800602583 0.09915389748775588
14 1.4 8.5015 0.6333664136208892 0.2262022905680635 0.0 0.04167720996478895
14 1.42 0.5095 2.1271123072137885 0.6175472097413173 0.9710972896621343 0.43869268004585577
14 1.42 2.008 1.7834586323488917 0.6062457096432621 0.7913393597853091 0.4745639547369461
14 1.42 2.5075 1.7182511312341668 0.5843512979645673 0.7320739894873473 0.427323799571502
14 1.42 7.003 0.853333199195582 0.2902493874765521 0.039843290846003895 0.06512983327091
14 1.44 5.005 1.170317603573964 0.37997324791531234 0.1464557926860447 0.1351082138929979
14 1.46 0.5095 2.3095333501869866 0.6292030759715411 0.9773277741347827 0.44187333888635166
14 1.46 1.009 2.0722601040001023 0.6299686450482499 0.926860769621278 0.4947043924654284
14 1.46 2.5075 1.8640294219711115 0.5788911248364155 0.6881135673650703 0.3981536930232757
14 1.48 5.5045 1.0331628572828715 0.3074889456223639 0.05550209812058598 0.09974517036428239
14 1.5 10.0 0.06663883266195399 0.019039666480536815 0.0 0.005477170803617488
14 1.52 4.006 1.5158098426542865 0.416431275454181 0.2532468429678675 0.16758260997581162
14 1.56 5.5045 1.1878975187593015 0.30303508130642076 0.0 0.0498379861375653
14 1.58 1.009 2.554330023140958 0.6243083505569608 0.8780762278843357 0.4999447712520311
14 1.6 8.5015 0.3806918790860282 0.09064092360115832 0.0 0.00774577304353793
14 1.62 0.5095 2.891584432441389 0.6236102682361114 0.9655587563423271 0.46662328828576144
14 1.62 1.009 2.7414217097169162 0.6273580464883896 0.873569217532788 0.4987098485438322
14 1.62 2.5075 2.1824130028598283 0.5028601389065855 0.5167643761901606 0.28410929311664457
14 1.64 5.5045 0.9700493544291403 0.21652887374300517 0.0 0.0346203988209203
14 1.68 1.5085 2.8625062335608784 0.6013261044685635 0.7478619976547651 0.4337700180664236
14 1.68 3.5065 1.6201881589807021 0.34037566365578525 0.12083260320683341 0.12107326961623457
14 1.68 9.5005 0.3562837233271974 0.07484952172794235 0.0 0.005477170803617488
14 1.7 0.01 5.98923978853165 0.6742121438854325 1.045903140632527 0.11061922679314817
14 1.72 7.5025 9.731127642065306E-11 0.0 0.0 0.0
14 1.74 4.5055 1.321130112047481 0.25504442316121523 0.0 0.04577784446988168
14 1.76 7.5025 0.278085722310198 0.0522717523241221 0.0 0.0
14 1.76 8.002 6.32328883301047E-11 0.0 0.0 0.0
14 1.76 9.001 0.24011881009428532 0.045135114698267434 0.0 0.005477170803617482
14 1.78 4.006 1.3104664061451363 0.2400121622954246 0.01731799644675944 0.0651298332709102
14 1.8 0.01 6.6014765076736595 0.6736893438927228 1.0477191927059826 0.11615935723279376
14 1.8 3.007 1.8444218052940635 0.3293610366637207 0.10077120647124546 0.11310247424730162
14 1.82 7.5025 7.549006960691889E-11 0.0 0.0 0.0
14 1.82 8.002 7.549006960691889E-11 0.0 0.0 0.0
14 1.82 9.001 7.549006960691889E-11 0.0 0.0 0.0
14 1.84 0.5095 3.901214234982459 0.644386507678436 0.9404103243590484 0.48949946184923376
14 1.84 2.008 2.829215905716886 0.48115916763859573 0.4511568085666528 0.2519188706340178
14 1.84 2.5075 2.6992432097887624 0.45905496765159354 0.22353977724260626 0.16511658266386806
14 1.84 7.003 0.1939765109683121 0.0329892025341848 0.0 0.005477170803617482
14 1.86 1.5085 3.4381473546685553 0.5711208230331184 0.6300068899564246 0.3546159790537147
14 1.86 10.0 1.1025932359377967E-10 0.0 0.0 0.0
14 1.9 4.5055 0.9443419302756965 0.14989554448446055 0.0 0.017317996446759416
14 1.92 10.0 4.840663809049887E-11 0.0 0.0 0.0
14 1.94 0.5095 4.261544973914206 0.634774701723821 0.9251384801526265 0.49594229872189294
14 1.94 1.009 4.128688207531665 0.6271670895622852 0.7706313452566455 0.4490273736471985
14 1.96 2.008 3.041517198597985 0.4526067259797244 0.32641758613301475 0.20161458286475564
14 1.96 7.003 7.112156169050698E-11 0.0 0.0 0.0
14 2.0 1.5085 3.7747906652427865 0.5392558093181282 0.5431883521607903 0.29696458599971864
14 2.0 3.5065 1.295320514074883 0.1850457877122829 0.0 0.029483076631447197
14 2.0 10.0 0.0 0.0 0.0 0.0
16 0.02 5.005 0.8843458353857054 0.0974703192263229 1.1064438252642816 0.030481870164767517
16 0.04 5.5045 0.6740829812508495 0.10782662864209129 0.9323961030854542 0.026258918576930447
16 0.06 0.01 5.007994938973392 0.6738485397551005 1.1038733038628148 0.09142767694451552
16 0.08 3.007 2.0683711823504596 0.327894326138276 1.746155282335198 0.22848832692565757
16 0.1 2.008 1.9312937461069304 0.3819906789922463 1.1003415902464118 0.3853106796943142
16 0.1 2.5075 1.6726650210014995 0.33700495816908455 1.213844584330275 0.3274726022713881
16 0.1 7.003 0.0 0.0 0.0 0.0
16 0.12 4.006 1.7833222628403962 0.17645198790605648 0.9441975352586149 0.04131698233669943
16 0.14 0.01 4.542439278023124 0.6803673866026962 1.1070606969860555 0.08678979419737512
16 0.2 7.5025 0.0 0.0 0.0 0.0
16 0.2 8.002 0.0 0.0 0.0 0.0
16 0.22 8.5015 0.45209658496061844 0.07245137579331234 0.0 0.007745773043537928
16 0.24 1.009 2.3368989688519117 0.5043262444245034 1.1109361793347525 0.4999409116494037
16 0.26 3.5065 1.5404193255101695 0.2571726778828328 0.08295809111188367 0.06890061703641832
16 0.26 9.5005 0.0 0.0 0.0 0.0
16 0.3 3.5065 1.9256368665088832 0.3335255821701246 0.1597592403429481 0.0841967476242089
16 0.3 9.5005 0.0 0.0 0.0 0.0
16 0.32 7.5025 0.37630494782605267 0.06917370364484068 0.0 0.00774577304353792
16 0.34 0.01 3.321519540428027 0.6884904049120737 1.1049575268908851 0.07818081208857226
16 0.36 7.5025 0.2948042568725587 0.0575789564189977 0.0 0.00774577304353792
16 0.36 8.002 0.0 0.0 0.0 0.0
16 0.38 4.006 1.6378210614026565 0.3298262397452984 0.018970345313988324 0.07409173439221718
16 0.42 1.5085 1.5813467783943946 0.4383372891950732 1.118407166466788 0.49559242733377434
16 0.42 3.5065 1.9702156944180966 0.4129454974882616 0.4208178879972544 0.1240397591277034
16 0.42 9.5005 0.0 0.0 0.0 0.0
16 0.44 7.5025 0.6370417629534324 0.14219682208999684 0.0 0.017317996446759434
16 0.44 8.002 0.16413946092390574 0.03663827253212595 0.0 0.0
16 0.46 0.5095 2.1195637801660494 0.6010317089140622 1.0981407492712976 0.41118578440447245
16 0.46 2.008 1.4011860024458924 0.39599906536034374 1.1706811542561237 0.46592634146382145
16 0.46 2.5075 1.3991126678175738 0.36791629371105555 1.330531256198005 0.41635474024198943
16 0.46 7.003 0.5706952525249509 0.13210538252842619 0.0 0.022577533139205467
16 0.48 10.0 0.2215987260246896 0.05326892452543807 0.0 0.0
16 0.5 1.5085 1.4700580261510765 0.4488721010529225 1.117230255504744 0.4992451779360222
16 0.5 3.5065 3.287979504619046 0.7388617693874451 2.89047432696653 0.289041804355465
16 0.52 2.008 1.3166524047750374 0.4027005951367475 1.1457059215793295 0.4768548774414878
16 0.52 7.003 0.6363230925946077 0.16570913869731263 0.0 0.019744665141752906
16 0.54 7.5025 0.97012249630747 0.26362024356142166 0.0 0.02791772566241402
16 0.54 8.002 0.6847329058232065 0.18606872441462302 0.0 0.02625891857693034
16 0.54 9.001 0.2391482147085721 0.06498592791480999 0.0 0.007745773043537922
16 0.56 7.5025 0.8013302850265465 0.22765064915827554 0.0 0.023231741281486317
16 0.6 2.008 1.2093983951336202 0.42274651642991995 1.1280143836804448 0.48450543969261806
16 0.6 7.003 0.7663419824089229 0.23948186950333505 0.0 0.05072838916050854
16 0.62 0.01 1.694926413410305 0.6856212882924171 1.0987487653476355 0.06374476109349693
16 0.62 3.007 1.056174825282533 0.35867011481926714 1.2532522537789461 0.39418064633776284
16 0.64 2.008 1.1357487029669657 0.4302514073036704 1.134297499225467 0.486683383669725
16 0.64 7.003 0.7680862955606942 0.2666966304029713 0.0 0.07123230489463488
16 0.7 7.5025 0.9460922619573228 0.39420510914928364 0.0 0.10532912731038968
16 0.7 8.002 0.7232697860532459 0.3013624108555999 0.0 0.08224167109457385
16 0.7 9.001 0.7061041245650368 0.2942100519025739 0.0 0.06208914518779848
16 0.72 2.008 0.9765392343312012 0.45485448225030284 1.1009440848488365 0.4969144292631131
16 0.72 2.5075 0.921054581363081 0.421026254575511 1.1249934423589618 0.47587901092290424
16 0.72 7.003 0.9846107583666571 0.43923239129669406 0.14961728861046328 0.13403468338691094
16 0.74 0.01 1.2385262793791074 0.6855390913447547 1.1086062873115907 0.050136562145345745
16 0.74 3.007 0.8591956137439529 0.41118220364709257 1.1256266263288135 0.45402031584143404
16 0.76 6.004 0.6220520130676307 0.3186422146577713 1.2744237890375703 0.24670363472259302
16 0.76 6.5035 0.7358148015657798 0.37672865828421703 1.7080659739570296 0.21591098590341656
16 0.76 8.5015 0.7585142936617145 0.39495122238893926 0.1529564792607154 0.13229750177993022
16 0.78 1.009 0.9107555702928705 0.5493422593917887 1.0947069823957054 0.4445211797526942
16 0.8 0.01 1.1496744075380334 0.6914308972063453 1.1148562922650875 0.053309530869325536
16 0.82 1.009 0.7982851387646817 0.5563349404273502 1.0721699825798152 0.4375542997167764
16 0.84 5.5045 0.5249566944618078 0.4020719737355645 1.1989642890152494 0.3759601801623385
16 0.86 4.006 0.5204449820803567 0.4487545738024297 1.1450556459569625 0.4729750634976795
16 0.86 5.005 0.47636412472608164 0.4155960969750394 1.1354286654718955 0.4386106163167374
16 0.88 5.5045 0.4148490595431194 0.4233483712310385 1.1293579355375436 0.4415550819887491
16 0.92 1.5085 0.4795408145687983 0.5615920644377177 1.075883417792195 0.43605022226810425
16 0.92 3.5065 0.3553405780725004 0.5034470704415339 1.0874959649864384 0.497918352064603
16 0.92 9.5005 0.25902035353366404 0.4040328389300332 1.1516342685290153 0.40805692425048595
16 0.96 6.5035 0.16399141709273088 0.5013985006728342 1.0732975157684967 0.49677543688371845
16 0.96 9.5005 0.1522504360788412 0.4749303166724096 1.0960672693797915 0.4969811116603388
16 0.98 3.5065 0.15100267996164884 0.5519647313795044 1.0560630170269636 0.43112354825738397
16 0.98 9.5005 0.08298161007643148 0.5179516055482404 1.0611007641486596 0.48466564045654126
16 1.0 6.004 0.03504995599500167 0.565979543378672 1.0520876908966659 0.37617047343730997
16 1.0 8.5015 0.007745773043537921 0.5681525087382592 1.0478964461481906 0.3689754532463884
16 1.02 3.5065 0.14346470628395358 0.587025985881716 1.0482860546545756 0.3914161355446768
16 1.02 9.5005 0.09796088251812277 0.6122555157371434 1.031051135321709 0.4342162920709274
16 1.06 4.006 0.3097124785391974 0.6280604867101881 1.0249529713231567 0.44904206802095903
16 1.06 5.005 0.30216726682699313 0.6259815904095456 1.0116482322839424 0.4650438918909036
16 1.08 6.004 0.41433099898135095 0.6471151312935984 0.969515441798669 0.4959730316828893
16 1.08 6.5035 0.41160268620378426 0.6427092638693246 0.9568584798712981 0.4984724595218532
16 1.08 8.5015 0.4094301716511953 0.6397346432051148 0.9048906450466645 0.4959653595089263
16 1.1 3.007 0.5198433592216839 0.6376020447106445 1.0191779700181935 0.4657859922512549
16 1.16 1.009 0.9507694358093108 0.6268476480576576 1.0310470100500957 0.410102079727084
16 1.18 4.5055 0.8886919694743427 0.6171472010241961 0.8700147655037058 0.4792271706186108
16 1.18 9.001 0.7080670572836462 0.49171323422511404 0.5140507064206447 0.2648395865688544
16 1.2 5.005 0.9642871947360977 0.6026794967100666 0.7971971320786566 0.4365205024241357
16 1.22 0.01 2.859971232113669 0.6739337558404859 1.0903080638613205 0.06846797223742904
16 1.22 3.007 1.1252397659959439 0.6387373081505561 0.9116838488159341 0.4969445270960935
16 1.24 5.5045 1.062699952273336 0.553489558475911 0.6668494171906315 0.346501037652589
16 1.28 3.5065 1.3497522521218297 0.6025679696972773 0.8133473887537583 0.44436655209766407
16 1.28 9.5005 0.6984011580647446 0.31178623127788174 0.06535777677112713 0.08133702382192702
16 1.3 0.5095 1.783644809029293 0.6314077463336397 1.0505017713364442 0.3891579154937714
16 1.3 1.009 1.6230956369399268 0.6451471407050575 1.0129080832816655 0.4610232110409402
16 1.3 2.5075 1.5244727181209192 0.6349905270609938 0.8849613725978809 0.48603936898626277
16 1.34 4.5055 1.4463285964754808 0.5317384545866577 0.5831016022042925 0.2908121847509941
16 1.36 7.5025 0.7197419506018026 0.24991039951433267 0.0 0.07060418012762787
16 1.38 0.5095 2.1447331763571347 0.6329562610444784 1.031943005378361 0.41328615653042433
16 1.38 1.009 2.0020107119850583 0.6451846232012459 0.9863328497873678 0.480543721656521
16 1.38 2.5075 1.8223162135185078 0.5994461228680837 0.8094606787022762 0.45074422019268995
16 1.4 5.5045 1.2264460564634405 0.383264392645183 0.1619089653481614 0.1360665842980901
16 1.42 6.004 1.300178199463555 0.3869577974619159 0.09444093821471537 0.098110242817597
16 1.42 8.5015 0.4417303639574701 0.1314673702312189 0.0 0.016429540491321608
16 1.44 3.5065 1.7885705569966568 0.5081166355107201 0.5631535117928763 0.2850627359172323
16 1.44 9.5005 0.5015798074830662 0.1424942634923318 0.0 0.01448992755199231
16 1.46 6.004 1.1617310529696498 0.3156877861352261 0.02897072327609021 0.07081418681671352
16 1.46 6.5035 1.3205038459668283 0.35883256684065695 0.010953848645841152 0.05358856672117243
16 1.46 8.5015 0.7521117034813761 0.20437818029072596 0.0 0.02190375315675219
16 1.48 4.006 1.8781877278191916 0.48911138745264593 0.3416180766502831 0.19530165022416665
16 1.5 4.5055 1.5000683748078796 0.3750170937019699 0.19194463180811233 0.12704675790606082
16 1.52 1.5085 2.6434991241674974 0.6349072428875339 0.8869197264641907 0.483319825960179
16 1.52 10.0 0.3006337968182437 0.07226773961350359 0.0 0.010953848645841147
16 1.54 4.006 1.7866028310707682 0.4135654701532018 0.2604181695606776 0.15425750468285657
16 1.54 5.005 1.2922747361374602 0.2991376704040292 0.06014033199216691 0.07449107135699351
16 1.58 9.5005 0.4328480309210813 0.09328621357213804 0.0 0.007745773043537921
16 1.6 5.5045 0.8135354607237819 0.1694865543166674 0.0 0.035893576260516376
16 1.62 6.004 0.7174675812088483 0.14465072201663373 0.0 0.023231741281486157
16 1.62 6.5035 0.6029837742294261 0.12156930931874241 0.0 0.009486453504339638
16 1.62 8.5015 0.2979157086543641 0.060063650919669344 0.0 0.00547717080361749
16 1.66 0.5095 3.528340368434112 0.6481200417124726 1.0079841779919831 0.4693647564648583
16 1.66 2.008 2.9797221324143672 0.5643413129572684 0.6742000764116518 0.34953387072666803
16 1.66 2.5075 2.5629394204695446 0.48540519327070475 0.511225771488854 0.2605151685258338
16 1.66 7.003 0.349133749144154 0.06612381612198358 0.0 0.005477170803617486
16 1.68 7.5025 0.3044019326673772 0.05595623760690993 0.0 0.00774577304353792
16 1.68 8.002 1.0494468718598651E-10 0.0 0.0 0.0
16 1.7 0.5095 3.706605850074509 0.6449626914370399 1.0050466402682634 0.4724996232651529
16 1.7 1.009 3.554076838666981 0.6336794169458528 0.9154980791352318 0.4939145758455671
16 1.7 2.5075 2.617312711018615 0.4673772698247929 0.4591466213378516 0.2343488741535479
16 1.76 0.01 6.091508193945137 0.6739578615076114 1.0968307012318437 0.10449033457637795
16 1.78 1.5085 3.485354716147228 0.5585504352800289 0.7234421873368226 0.39212983764648235
16 1.78 10.0 1.1009363734782751E-10 0.0 0.0 0.0
16 1.82 0.01 6.559671990615232 0.6770047143452116 1.1022308803122174 0.10861656055495042
16 1.82 3.007 2.418424563494476 0.36866228102081405 0.1396230309010348 0.10149747329214374
16 1.84 6.004 0.4190070644568876 0.06235224172198677 0.0 0.005477170803617488
16 1.84 8.5015 7.868052258329836E-11 0.0 0.0 0.0
16 1.86 4.5055 1.5005285269344677 0.21810007659247166 0.0 0.023231741281486157
16 1.86 8.002 7.884898799457339E-11 0.0 0.0 0.0
16 1.86 9.001 7.884898799457339E-11 0.0 0.0 0.0
16 1.88 2.008 3.547995288735884 0.5039766035136235 0.4867561557205342 0.23161447873149393
16 1.88 7.003 1.1501495263240522E-10 0.0 0.0 0.0
16 1.92 4.5055 0.6177578780138724 0.08393449429564494 0.0 0.012246591372295924
16 1.94 6.004 0.7654812224151802 0.10179271574259399 0.0 0.0054771708036174815
16 1.94 6.5035 7.990262226912647E-11 0.0 0.0 0.0
16 1.94 8.5015 7.990262226912647E-11 0.0 0.0 0.0
16 1.98 5.005 0.709280488047276 0.09046945001310147 0.0 0.005477170803617484
16 2.0 7.5025 0.0 0.0 0.0 0.0
16 2.0 8.002 0.0 0.0 0.0 0.0
16 2.0 9.001 0.0 0.0 0.0 0.0
18 0.0 3.5065 0.9566514195168767 0.10629460216750747 0.6396534172635112 0.048007156274772186
18 0.0 9.5005 0.0 3.0425910314702166E-13 0.6455813872240135 0.0204896998954584
18 0.02 3.5065 1.3170227239818844 0.19517399946731775 0.9718431919795484 0.1187660264938193
18 0.02 9.5005 1.031589636398348E-11 3.0425910314702166E-13 0.0 0.0
18 0.06 0.5095 5.166974363855565 0.638889826410361 1.1676698118238722 0.49085715064646346
18 0.06 1.009 4.2338873283657605 0.5650436151394613 1.153971294690141 0.47252038833205906
18 0.08 5.005 0.09551246959524845 0.037901773651455965 0.34111596286639956 0.0
18 0.12 10.0 1.0315362785798456E-11 3.0425910314702166E-13 0.0 0.0
18 0.14 0.5095 4.477085637903803 0.6329004669553696 1.1841840868129172 0.4797504811261689
18 0.14 1.009 3.3278105050493214 0.5255637839122592 1.1614937940822028 0.4934571067980862
18 0.14 2.5075 1.7209655530892236 0.34215901385489816 1.2687057175641456 0.3495338707266684
18 0.18 5.5045 1.2179083143548026E-11 3.0425910314702166E-13 0.0 0.0
18 0.2 0.01 4.741093586508027 0.6781030045233476 1.154463711037279 0.08661941221386155
18 0.22 5.5045 0.27899841827884553 0.03974336442771136 0.0 0.0
18 0.24 6.5035 2.157582106644837E-11 3.0425910314702166E-13 0.0 0.0
18 0.26 7.5025 2.0961609947812807E-11 3.0425910314702166E-13 0.0 0.0
18 0.28 4.006 1.8402224478122393 0.28338817015431134 0.025092018731697873 0.0423884186138034
18 0.3 7.5025 2.4761584785123962E-11 3.0425910314702166E-13 0.0 0.0
18 0.32 0.01 3.9719278103895816 0.6843980281466402 1.1516197190416113 0.07893510115116231
18 0.34 0.5095 3.1342458933556876 0.6115087661955358 1.154807421246029 0.44012612979535937
18 0.34 1.009 2.38919025880629 0.5100090692370249 1.1493655525778006 0.4977385521665837
18 0.36 0.01 3.739357927194807 0.6942304376416604 1.1517001243958918 0.0732863854486714
18 0.38 1.5085 1.9069214129216843 0.44192014501665033 1.1606842002850377 0.4917860221818556
18 0.4 5.5045 0.529745280636987 0.09810097789623157 0.0 0.022577533139205422
18 0.42 7.5025 0.46560483255943397 0.08919632807210726 0.0 0.009486453504339595
18 0.42 8.002 0.09101046744016347 0.017434955445507938 0.0 0.0
18 0.44 0.01 3.206705275660576 0.6899786950171233 1.143961881783589 0.06693127223461312
18 0.46 6.004 0.8577981484548788 0.17650167663880978 0.0 0.025682114485023857
18 0.46 8.5015 0.255823040196602 0.052638485637131076 0.0 0.0077457730435379285
18 0.48 4.5055 1.6544635212767447 0.3535178464275612 0.0 0.08295809111188371
18 0.5 7.5025 0.6228392500399049 0.13840872223071451 0.0 0.009486453504339631
18 0.5 8.002 0.43640503419363963 0.09697889648645854 0.0 0.009486453504339635
18 0.5 9.001 0.23261069313012242 0.05169126513939229 0.0 0.0
18 0.54 0.01 2.526869058216143 0.6908521415979711 1.1481845272806008 0.06759421581121919
18 0.54 3.007 1.2869391043198914 0.3373649107329016 1.4419740388871731 0.3756178754270559
18 0.56 0.01 2.364173408585663 0.6768795307217225 1.1430073578516808 0.0606334968192164
18 0.58 4.5055 2.086911016234908 0.5369062065900667 0.9955396380388395 0.1506023545428301
18 0.62 1.009 1.5909385515571501 0.5410723671345674 1.1474934250146056 0.4744942215637218
18 0.66 5.005 2.33128240395508 0.7340914466002157 3.0006890244833015 0.20763417201686418
18 0.7 0.01 1.5783440514991605 0.688988839374527 1.1574723380477863 0.058125226152304615
18 0.7 3.007 1.0361870533951383 0.3955756100189506 1.2342502996421165 0.4325940142461715
18 0.74 1.009 1.1959935273122244 0.5646497338306196 1.1372372393099326 0.44848193261243846
18 0.78 3.5065 0.8281657462829238 0.41278682594145216 1.204399629112136 0.44277465549109
18 0.78 9.5005 0.8378986738750049 0.423181148422092 0.0 0.11666061848680036
18 0.8 0.5095 1.0167783345768826 0.6153375158269949 1.1360773751994657 0.33130973779913186
18 0.8 1.009 0.9762480524805179 0.5820447944537932 1.133160648507644 0.42864665851627654
18 0.82 3.5065 0.7249372623386799 0.4406045177729304 1.19013751310942 0.467835098989992
18 0.82 9.5005 0.5087201216647053 0.31287229667765215 1.4080523286735207 0.1711656131621897
18 0.84 4.006 0.6353072236405917 0.431551850960176 1.1823210254197076 0.4627395838520842
18 0.86 1.5085 0.7101862687900928 0.5556499436133641 1.1300429613003427 0.4564459905752779
18 0.88 4.006 0.5202943874467991 0.47091959256173943 1.1341354591603443 0.49095580826806456
18 0.92 7.5025 0.32237826013819054 0.4445394621872904 1.1886022287249713 0.46318020163206036
18 0.92 8.002 0.31438909652244346 0.43473265811888323 1.1499499850057806 0.45282114357782666
18 0.92 9.001 0.29958850362482925 0.41498437154311213 1.1857724121091204 0.4329758873843931
18 0.94 3.5065 0.31845789202289226 0.5396123691634174 1.1194546083537384 0.47749345298718326
18 0.94 9.5005 0.24796134313314833 0.45826750266127997 1.1801519464850212 0.4717463898091269
18 0.98 7.5025 0.10221134703973067 0.556713235506214 1.1372474449481778 0.4571404125301424
18 1.0 5.5045 0.039470774262628495 0.5924157019689834 1.1133558871872944 0.32559400962949425
18 1.02 7.5025 0.11349317263459828 0.6297361826905062 1.1082728754498985 0.4007062884168617
18 1.02 8.002 0.11456786334997651 0.6355199068661885 1.08952844020484 0.40569994652261393
18 1.04 3.5065 0.2451041336924892 0.630569641115846 1.0813993661862413 0.3953698886584252
18 1.04 9.5005 0.23838335547743592 0.6618240086477266 1.0406512047114007 0.47985604833927176
18 1.06 1.5085 0.4706425921943142 0.6321350178547036 1.1038494559981795 0.362116755675263
18 1.08 5.5045 0.4704173438597476 0.6533187413510463 1.0115334441359567 0.4900845069167144
18 1.1 5.005 0.5888137701156297 0.6540117511485974 1.0124081823561675 0.49713815844887893
18 1.14 0.5095 1.1285052714116608 0.63211692400724 1.097789418251501 0.3169367487860366
18 1.14 2.008 0.8365585235995605 0.6500564481506985 1.081968404935118 0.44750049728810376
18 1.14 2.5075 0.8256773103878461 0.6509101693017386 1.0577936497491995 0.4708535712017966
18 1.16 9.5005 0.8036036454348876 0.5580580871064753 0.6166216846276348 0.29156596167917515
18 1.18 3.007 1.0699134859044717 0.6595566160733177 1.0058028772617706 0.4988529142016444
18 1.2 3.5065 1.1971436658735364 0.6650150223491927 0.9639126238982263 0.49404619109191295
18 1.2 9.5005 0.8424117350647645 0.46800651947948096 0.42617788710867155 0.19775801229155632
18 1.22 1.009 1.3655786303157 0.65213524465699 1.0867194842478058 0.4233567363661333
18 1.24 4.006 1.3474049226225089 0.6237985752884624 0.8479813136624716 0.44441296730703783
18 1.26 0.5095 1.7406298993870073 0.6459195889534132 1.0920551200349986 0.36137248003330996
18 1.26 2.008 1.5256613163788864 0.6509437778145056 0.9982721796814022 0.49818434607403167
18 1.26 2.5075 1.5300159859185793 0.6537859206817657 0.9629116342620879 0.49779270994434854
18 1.28 7.5025 1.1120734207450023 0.4412989764824241 0.3050621790541746 0.15646004380493697
18 1.3 6.004 1.303252933400199 0.4826862716294963 0.4614932106572754 0.210372520883493
18 1.3 6.5035 1.2346215336261055 0.4572672346735338 0.3913226029720631 0.1854670335306916
18 1.3 8.5015 0.8204603088418982 0.30387418845312864 0.033744804238721185 0.08644868401395697
18 1.32 0.5095 2.0319057994470096 0.64217808749965 1.0989486486002054 0.3835391831434806
18 1.32 2.008 1.8578656260683368 0.6448916342377147 0.9774144632144219 0.49817147881167617
18 1.32 2.5075 1.8103061167508316 0.6284880207352588 0.8914995318814262 0.48075012640599823
18 1.34 3.007 1.823943075665816 0.5960349262560296 0.814886053776847 0.43268092159193305
18 1.36 0.01 3.424345041625259 0.6846320687170951 1.143846876292854 0.07267638737914496
18 1.38 6.004 1.2084777424763842 0.3533560650577086 0.21465323489084087 0.1279568160505993
18 1.38 6.5035 0.9413477288347458 0.27524787392865735 0.10505030816963215 0.09537200974927995
18 1.38 8.5015 0.6717683083867446 0.19642348198347845 0.0 0.04203432920251102
18 1.4 4.006 1.9149198955689346 0.5319221932126091 0.5804274511143629 0.27256008718234265
18 1.42 5.5045 1.3979478598931494 0.3698274761693356 0.14781984304317863 0.11962155704425793
18 1.44 7.5025 1.090278718893953 0.2753229088311908 0.0 0.03671772076749141
18 1.44 8.002 0.4042477251678301 0.10208275890669953 0.0 0.0279177256624142
18 1.46 5.5045 1.3425214565825947 0.3242805450661305 0.10739613197417842 0.09444093821471518
18 1.52 4.5055 1.662092013170413 0.3551478660706076 0.16085327620974907 0.12601454045677363
18 1.52 9.001 0.6574904329429139 0.1404894087832339 0.0 0.01224659137229598
18 1.54 1.5085 3.028196526411019 0.623017315824358 0.9072784420578487 0.47491107413896433
18 1.6 4.006 1.8782553555974573 0.3478250658511122 0.10982276399734862 0.09552627308304562
18 1.62 5.5045 1.255795530650196 0.22505296247503712 0.02448767044167115 0.042034329202510996
18 1.66 6.004 0.9994399472200741 0.1682558833765846 0.0 0.018970345313988314
18 1.66 6.5035 0.909865253184208 0.15317596857246535 0.0 0.01341526743460556
18 1.66 8.5015 0.2970138219828506 0.05000232692361897 0.0 0.0
18 1.68 0.01 5.565135773870174 0.680637579696313 1.151263321700436 0.09239023077230461
18 1.7 6.004 0.8882748000987319 0.14099600000521492 0.0 0.013415267434605662
18 1.7 6.5035 1.3958449725909748E-10 0.0 0.0 0.0
18 1.7 8.5015 0.2854612313344535 0.04531130656212731 0.0 0.0
18 1.72 0.5095 4.3377639516220095 0.6606755301874278 1.0564615220223377 0.4725826323525058
18 1.72 2.008 3.5366804866250896 0.5457840257134269 0.6398219815387635 0.30966108056927344
18 1.72 2.5075 3.0512812534112963 0.47087673663683277 0.48584050102609166 0.21877012914444766
18 1.74 5.005 1.1096624812865754 0.16661598821269571 0.0 0.0244876704416711
18 1.76 0.5095 4.520530659699056 0.6552465809614783 1.044950291979125 0.4779476764310825
18 1.76 1.009 4.343479118549415 0.6348222407702367 0.9102960058560832 0.4847719567059372
18 1.78 4.5055 1.0178166253520928 0.14498812329133662 0.0 0.03192130652880113
18 1.78 8.002 0.2190763581744759 0.03120745841686404 0.0 0.0
18 1.78 9.001 8.750629516324844E-11 0.0 0.0 0.0
18 1.8 3.5065 2.489834661678908 0.34581036967757156 0.02682328848698174 0.07226679926592681
18 1.8 9.5005 1.4445496961947724E-10 0.0 0.0 0.0
18 1.82 1.009 4.747553565347366 0.6431683636533031 0.9154790542380692 0.475285033202764
18 1.84 5.5045 8.042594284424607E-11 5.325788642968231E-12 0.0 0.0
18 1.86 3.007 2.376848621038088 0.30708638513725195 0.07369018454755727 0.08115485099622102
18 1.9 5.005 0.4944512870787144 0.061043368765968754 0.0 0.005477170803617481
18 1.92 3.007 2.799758886254987 0.33813513118932464 0.037920190148249246 0.0625667208253509
18 1.98 1.5085 4.841125570368977 0.54888045015431 0.6330683821076425 0.2943872073970849
18 1.98 3.5065 2.076851513496036 0.23547069315304736 0.0 0.026258918576930333
18 2.0 0.01 7.636410036959777 0.6762556094628517 1.1465749535122776 0.11008892454153092
18 2.0 3.007 2.0539358874895446 0.22821509859557076 0.0 0.05217829505455077
20 0.0 7.5025 0.0 6.292187458989999E-13 0.5923552215715593 0.013415267434605601
20 0.02 7.5025 1.2460206835670367E-11 6.292187458989999E-13 0.35780745138116243 0.0
20 0.04 2.008 2.7772583463534137 0.36628554112312345 1.1341842517942613 0.29982842017921596
20 0.06 6.5035 5.977446788343448E-12 6.292187458989999E-13 0.0 0.0
20 0.08 3.5065 4.790698223211831 0.4124660803694306 3.7114324612399745 0.14859314555250164
20 0.08 9.5005 1.2986976286184261E-11 6.292187458989999E-13 0.0 0.0
20 0.1 5.5045 0.3854409085089806 0.042826767611556994 0.0 0.005477170803617486
20 0.12 4.5055 0.8419737248673304 0.09385846721850777 0.13931317928416637 0.018970345313988436
20 0.14 6.004 2.161113630511769E-11 0.0 0.0 0.0
20 0.14 6.5035 0.3659185553957498 0.04254866923274992 0.0 0.0
20 0.14 8.5015 1.7088559328415626E-11 6.292187458989999E-13 0.0 0.0
20 0.16 4.006 1.2164156601995435 0.144783134430893 0.06490107533274468 0.027917725662414204
20 0.18 4.006 1.708985927003706 0.20873185413783707 0.11691039698129696 0.03547428668770556
20 0.2 0.5095 4.740475999316055 0.6486494748473444 1.2286286129743302 0.4681285574501565
20 0.2 1.009 3.462989005917546 0.529944181317067 1.213087523503938 0.49789905022498276
20 0.22 4.006 1.6636874244355078 0.21327926531590785 0.005477170803617489 0.025092018731697974
20 0.28 1.5085 2.3999784374615474 0.43841603716701144 1.220307761340346 0.48112550673266696
20 0.3 0.01 4.648770100818438 0.6860126142062223 1.1861283867170038 0.07587182702301244
20 0.32 0.5095 3.7775976332931864 0.6221822482921867 1.2313135585107629 0.4493207892460148
20 0.32 1.009 2.909673979642084 0.5213911409221984 1.2042051961723463 0.4994666585273388
20 0.32 2.5075 1.683044808026624 0.33121049518851164 1.3303107588405076 0.3953698886584232
20 0.34 6.004 0.3293088231107944 0.04989527623048513 0.0 0.005477170803617487
20 0.34 6.5035 0.6935663151144167 0.10508580532045553 0.0 0.005477170803617486
20 0.34 8.5015 3.6366849860802334E-11 6.581271113775687E-13 0.0 0.0
20 0.36 0.5095 3.6053491933009356 0.6314751713779683 1.2324212601956142 0.44244357400236806
20 0.36 1.009 2.7157414809667904 0.5180828071773194 1.2223807874189392 0.49800545183291156
20 0.38 4.5055 1.8466905205648387 0.2978533097697915 0.0 0.05786833428766213
20 0.38 9.001 3.455899227804424E-11 6.292187458989999E-13 0.0 0.0
20 0.4 4.006 1.6103895818636857 0.26816629135626513 0.017317996446759312 0.09126622982472092
20 0.42 0.01 3.8556477436928716 0.6974531195146726 1.1948688313242999 0.06954444073162812
20 0.44 0.5095 3.06432429211189 0.6158220843786403 1.204321215454657 0.42600401047657743
20 0.44 1.009 2.4176404780841887 0.5157625578646065 1.1963389128580064 0.4945356828313758
20 0.46 5.5045 1.4531588787820846 0.2691034960745228 0.0 0.03589357626051648
20 0.48 3.007 1.4801403297518507 0.32051901878068134 1.3436262193954418 0.3592364479247001
20 0.5 0.01 3.2775293620936887 0.7007820832612205 1.2070751297610731 0.06256672082535089
20 0.5 3.007 1.5560522283647444 0.33977992043548466 1.4629700092673035 0.37028722500395744
20 0.54 1.009 2.131942190353269 0.5419840315469145 1.192433239814318 0.48364415031109526
20 0.56 0.5095 2.450528795451117 0.6313044077179841 1.2193506126779923 0.39448469051334867
20 0.56 1.009 2.0936359102622424 0.5496772030411589 1.1891712800936172 0.4815808559786956
20 0.56 2.5075 1.515452367116734 0.3843334521109483 1.2560341269640132 0.42817725614404123
20 0.62 9.5005 0.6918154525698431 0.18205669803965716 0.0 0.01731799644675943
20 0.66 1.5085 1.5461861334766656 0.5031880149425804 1.214249214734488 0.4987845324282414
20 0.66 3.5065 1.1941111593417921 0.3637919342601695 1.2502266274745615 0.3629147014871888
20 0.68 4.006 1.098695178053089 0.3451197803302423 1.2925131368508527 0.3227048711074727
20 0.7 1.009 1.5282236209631261 0.5666849035420207 1.1952566833531364 0.45490117519148693
20 0.74 9.5005 1.1268823068113478 0.43341627185180587 0.0 0.07684254129985127
20 0.78 7.5025 0.7556214918587173 0.33975507989718745 1.69902660510756 0.17769346486756488
20 0.8 6.004 0.7138356145056609 0.3521007632018383 1.3357749238215162 0.2898868740954118
20 0.8 6.5035 0.6851874682909876 0.3379867737608313 1.241492322238203 0.2683618971339363
20 0.82 7.5025 0.5730937201163052 0.3167988656006547 1.2342454028221144 0.24371823490682695
20 0.86 8.002 0.4827289839810366 0.34241182881122056 1.22148843578579 0.306709874815503
20 0.86 9.001 0.4887832198980338 0.3485895750555138 1.3809457521458612 0.2668942400818959
20 0.9 4.5055 0.5062477683380086 0.49826309565582877 1.1912109054443623 0.49664036156241237
20 0.92 0.01 0.8344864832413419 0.6870858379568998 1.1917440701110116 0.03712289615832038
20 0.94 7.5025 0.30039617910759 0.4987446748750742 1.2102523474406028 0.4964917713401797
20 1.0 4.006 0.06759421581121929 0.6207809627751465 1.1700828652000281 0.2842829981689604
20 1.02 0.01 1.1213499095313444 0.6766376011862877 1.1831447617534794 0.04273955350341202
20 1.04 7.5025 0.26175260018088237 0.653649549533322 1.091653508932443 0.4528070945759974
20 1.06 8.002 0.4002244440506702 0.6670407400845156 1.0765914737447082 0.49430503413803056
20 1.06 9.001 0.40390526797136495 0.6731754466190949 1.029186843705384 0.4993871206538195
20 1.08 4.006 0.5262177765449195 0.6570824246121854 1.098588420326828 0.4592631064174167
20 1.1 1.5085 0.7029450274742026 0.654534790143176 1.1427027139926735 0.37766100904137273
20 1.1 3.5065 0.6671404244666479 0.6652997564007281 1.111101347170838 0.4691108162198289
20 1.1 9.5005 0.6396596105356835 0.6396596105356789 0.8908407309315377 0.4483635508618741
20 1.12 4.006 0.7949563593459855 0.6622615161434053 1.0506076824655959 0.49428673920616106
20 1.14 6.004 0.8852045733119167 0.6322889809370429 0.9353071340370612 0.47328270809272305
20 1.14 6.5035 0.874536690802303 0.6246690648588565 0.918841892582516 0.4571138219429911
20 1.14 8.5015 0.8171524785341072 0.5836803418111036 0.7934168426640804 0.3831372068700264
20 1.18 5.005 1.1145281393384723 0.6191822996327314 0.9080932619126761 0.4606696408243796
20 1.2 7.5025 1.056615122842976 0.5283075614214028 0.6690952901526543 0.2922751610544203
20 1.22 3.5065 1.4221225171570813 0.6464193259805241 0.9555185214458982 0.48376196986779446
20 1.22 9.5005 0.8443175630069968 0.3837807104560318 0.3127767902616186 0.1538870224956578
20 1.26 6.004 1.3245128112658868 0.5094280043332734 0.6259328544332662 0.27984818628247127
20 1.26 8.5015 0.961821613172761 0.36993138968195727 0.2911894422949522 0.14517661120762793
20 1.28 0.01 2.769566258352237 0.6847841889324925 1.1847852050143635 0.06535777677112739
20 1.3 5.5045 1.5551681928983287 0.5183893976327746 0.584768235311649 0.25171302234532145
20 1.32 6.004 1.6581450176268673 0.5181703180083863 0.46296996050610606 0.18599192798867892
20 1.32 6.5035 1.3098390251982406 0.40932469537456845 0.3717955665526589 0.16190896534816226
20 1.32 8.5015 0.9193800714541893 0.2873062723305076 0.010953848645841159 0.06136570331429181
20 1.34 5.005 1.7097067904917458 0.5028549383795207 0.5478423419631879 0.23837535733220225
20 1.36 0.5095 2.4541902255428893 0.6551550515789584 1.1396004797591126 0.3874788488826776
20 1.36 1.009 2.3862029214556597 0.6588413139816325 1.1038227372170444 0.4721766730117914
20 1.38 5.5045 1.5448001694507931 0.40652636038173223 0.36623175991413814 0.1561866065394799
20 1.42 4.006 2.2036484649214167 0.5246782059318595 0.5990154961903034 0.25130064801443286
20 1.44 0.01 3.898492685866156 0.6898372996614281 1.1972191282093054 0.07123230489463454
20 1.48 4.5055 1.9711321413816256 0.4106525294550158 0.2632088160093573 0.13680697366093147
20 1.5 5.005 1.7128427482649908 0.34256854965299577 0.09334251214477182 0.08593440145985415
20 1.52 3.007 2.8205490458987352 0.5424132780576165 0.6300041135798635 0.27819760113348596
20 1.54 4.5055 2.111478796529057 0.39101459195209803 0.16434280367521611 0.10739613197417838
20 1.54 8.002 0.5669729861878431 0.10499499743878003 0.0 0.007745773043537939
20 1.54 9.001 1.6007322477807638E-10 0.0 0.0 0.0
20 1.56 4.5055 1.7501012210908284 0.3125180751960569 0.07968206955738397 0.08507014360017284
20 1.64 4.5055 1.786115485831806 0.27908054466072374 0.0 0.06256672082535063
20 1.66 5.5045 1.110763962504943 0.16829757007439497 0.0 0.028449112580919048
20 1.68 0.5095 4.605771998512726 0.6720066145667135 1.0920769760494462 0.4657859922512545
20 1.68 1.009 4.380468439639134 0.644108253436912 0.9820355748414507 0.4945132842654736
20 1.7 5.5045 1.4849048537058802 0.21212926481249778 0.0 0.025682114485023673
20 1.72 6.004 0.33792611811990736 0.04693418307025688 0.0 0.009486453504339623
20 1.72 6.5035 1.4970309710074554E-10 0.0 0.0 0.0
20 1.72 8.5015 2.1966997218733515E-10 6.020026937418675E-12 0.0 0.0
20 1.74 1.5085 4.4167764838249575 0.5968616870033759 0.8115368284381673 0.4069477529958664
20 1.74 3.5065 2.530308246871822 0.34193354687396676 0.07102355987662375 0.08242137628386208
20 1.76 6.5035 1.6839726793488536E-10 0.0 0.0 0.0
20 1.78 3.007 2.847759825183033 0.36509741348496616 0.12462404218924718 0.10336086864691589
20 1.8 7.5025 0.10362637101943258 0.012953296382755681 0.0 0.0
20 1.82 9.5005 1.5929917965736165E-10 0.0 0.0 0.0
20 1.84 4.006 1.475405184576216 0.17564347435875707 0.0 0.02190375315675219
20 1.86 5.005 0.6764844573415961 0.07866098340868483 0.0 0.007745773043537927
20 1.9 1.5085 4.956434097472066 0.5507148997191383 0.7214413685308146 0.3318853088695652
20 1.9 3.5065 1.5043957418515292 0.16715508242788368 0.0 0.03462039882092008
20 1.92 5.005 0.8389052950228487 0.09118535815929053 0.0 0.012246591372295945
20 1.96 4.006 0.7185165787111475 0.07484547694943117 0.0 0.013415267434605574
20 1.96 5.005 0.6305674298234542 0.06568410727776114 0.0 0.00948645350433962
20 1.98 7.5025 1.7434927568527072E-10 0.0 0.0 0.0
20 1.98 8.002 1.7434927568527072E-10 0.0 0.0 0.0
20 1.98 9.001 1.7434927568527072E-10 0.0 0.0 0.0
20 2.0 1.009 6.0971288777038115 0.6096686697186172 0.8684660764345284 0.4287547076485258
