10 0.0 5.5045 0.20174404626044867 0.04034880925213026 0.6388469572810657 0.08780492813326529
10 0.02 5.5045 0.3090942493526264 0.06212235540368252 0.7570277855560728 0.06670880002106196
10 0.04 1.5085 1.53878550887012 0.3816184450400039 0.8790300075179409 0.40235364885606584
10 0.04 10.0 0.3810694064554285 0.011313227838899119 1.5121614858650978 0.023867986997354863
10 0.06 6.004 0.7205907605455183 0.09807603673093776 1.4381109352490917 0.05302900979467413
10 0.06 8.5015 0.38219887713192796 0.04301889494291084 0.9992545899330909 0.02048969989545844
10 0.08 6.004 0.5041326073382872 0.08278702707816268 0.8198963380418255 0.02948307663144694
10 0.08 6.5035 0.6814375937412354 0.09146429366980566 1.2053836818591772 0.041316982336699365
10 0.08 8.5015 4.263433406582454E-12 4.726469128334501E-13 0.0 0.012246591372295937
10 0.1 3.007 1.071302762516 0.2863304823817125 1.0758142706192486 0.2749899705812634
10 0.12 7.5025 0.4815957673066585 0.07585211813615748 0.43993186726836353 0.0204896998954583
10 0.12 8.002 8.210395165183635E-12 4.726469128334501E-13 0.0 0.0
10 0.12 9.001 8.210395165183635E-12 4.726469128334501E-13 0.0 0.0
10 0.16 5.005 0.7214630151979687 0.13298519011129611 0.4792173936250921 0.023231741281486282
10 0.18 5.005 0.7611237274333986 0.14995605841815582 0.4243945139006724 0.030969146086253733
10 0.2 2.008 1.0249102699336559 0.37544903734647683 0.9576947327783678 0.4510461635068766
10 0.2 2.5075 1.0654501144322002 0.3530066428893702 1.1093737662053351 0.3981309017767287
10 0.2 7.003 5.887929564485882E-12 4.726469128334501E-13 0.0 0.00547717080361748
10 0.22 5.005 0.8412793108253761 0.1641351267034701 0.33314913257991885 0.034185418145835096
10 0.24 5.5045 0.4483622712776777 0.11799007138825092 0.0 0.022577533139205463
10 0.28 3.5065 2.117783758173498 0.4534235228130404 1.561708279564495 0.21691074087447815
10 0.28 9.5005 1.0585550646652653E-11 4.726469128334501E-13 0.0 0.009486453504339628
10 0.32 2.008 0.9232268144039886 0.3835465125928648 0.9827863095830501 0.47247884966632525
10 0.32 7.003 0.4952828674069014 0.13302502353692275 0.08115485099622069 0.015490151729404829
10 0.36 2.008 0.9638696317718344 0.3935265097548507 1.030797668009676 0.47350709989936307
10 0.36 2.5075 0.9373507986354633 0.3588539015651483 1.1100349317795974 0.4288626540106109
10 0.36 7.003 0.42475637967293967 0.13273636864877944 0.0 0.015490151729404742
10 0.38 7.5025 0.2892142698865281 0.09329492576926039 0.0 0.013415267434605603
10 0.38 8.002 0.27846563520123574 0.08982762425682106 0.0 0.012246591372295989
10 0.4 5.005 0.7725373678568721 0.2531572157436361 0.10608535743079829 0.054690310753343845
10 0.44 2.008 0.8853430990026036 0.3984235098219188 0.9914204223496954 0.47891337062740846
10 0.44 2.5075 0.90250513533782 0.36259780770241096 1.1141566096374285 0.4317912010461479
10 0.44 7.003 0.4896163256832936 0.17486297346101173 0.0 0.009486453504339581
10 0.46 3.007 1.1765601077843686 0.40561238082543777 1.3704165778184538 0.37445396976169
10 0.48 0.01 1.2214335200874422 0.6583260787287859 0.9383302734320509 0.06232839764092641
10 0.52 0.01 1.1842985181126504 0.6517195444892684 0.9287226908577917 0.06184895268180024
10 0.52 3.007 0.9873190415256627 0.39602383076605496 1.2166961660580933 0.39450805285201584
10 0.54 0.5095 0.9433182648574954 0.549682875719987 0.8975786335397561 0.39903977709547905
10 0.54 2.008 0.8096900564468217 0.3989066976202483 0.9682674440303601 0.48122720397967655
10 0.54 2.5075 0.8242107152038476 0.37518965873189036 1.059190814618672 0.440449056401629
10 0.54 7.003 0.46153152744132553 0.20066588149487077 0.0 0.037523672794935736
10 0.56 2.008 0.7932279676893851 0.39948464767007114 0.9722907793430317 0.48104904288904354
10 0.56 7.003 0.5894278396424553 0.26769180094529244 0.015490151729404739 0.04577784446988189
10 0.58 0.01 1.2098655694067306 0.6639185014701672 0.9479999347789957 0.06825060160530026
10 0.58 3.007 0.8176950130630284 0.3839810808240154 1.1302147253076371 0.39888113401141506
10 0.6 3.007 0.8018506211136931 0.3872029707124923 1.129121914228936 0.3959956484682946
10 0.62 6.004 0.5921894585224824 0.31167866238090536 0.06911590432652312 0.08242137628386194
10 0.62 6.5035 0.6313372037174616 0.3312960339867275 0.05969786983097598 0.07123230489463493
10 0.62 8.5015 0.4707087753775836 0.24774146072455447 0.0 0.036307999360409335
10 0.64 3.007 0.7128071914185838 0.38411105097941584 1.075671408907766 0.4071189804891275
10 0.66 9.5005 0.33896816508134364 0.199393038283979 0.0 0.032845767029735344
10 0.68 5.005 0.8562648017631213 0.5069492599776316 1.4929588937687497 0.2363172275837059
10 0.7 0.5095 0.8777584409142877 0.5501432082185851 0.8861243978655351 0.3987450159637376
10 0.7 2.008 0.6529771211658634 0.4223699682266487 0.9394170547911442 0.4904807996588306
10 0.7 2.5075 0.6273595608281755 0.3989547264578982 0.9758893774858379 0.46367844252889245
10 0.72 3.007 0.5895594944262401 0.3925202642784688 1.005952524325864 0.43327005205549
10 0.74 6.004 0.7294822754090556 0.5461541729876684 1.5769894704592835 0.22176575188551767
10 0.74 6.5035 0.7479181371949842 0.5648530290176029 1.5577257222922976 0.1963588269974693
10 0.74 8.5015 0.514374019113489 0.39331696925069864 0.34624421204322525 0.10178646716151993
10 0.76 4.006 0.49159017579217473 0.3813054876058438 1.063512800878032 0.3818236940471675
10 0.78 5.5045 0.47228360129117125 0.41210757466884584 1.1666886326045098 0.30593581688236376
10 0.8 8.5015 0.6141834085348848 0.6114998190175882 1.5380077449073015 0.18539190787431634
10 0.82 5.5045 0.3997713458983498 0.42549114979870445 1.1229590289420113 0.34916524878726607
10 0.84 1.5085 0.5350888503478589 0.47489542573544713 0.8722492770212824 0.494721995215923
10 0.84 3.5065 0.3780634145624219 0.41694484695306405 0.9271763756759628 0.46405264172777455
10 0.84 9.5005 0.37529772284748736 0.4677671477163748 1.4306769905337995 0.22333502126773241
10 0.86 7.5025 0.280087027421349 0.39513756880135226 1.1042198815581896 0.3268484965882034
10 0.88 1.5085 0.49070060648866703 0.48084406447007233 0.8692678596871038 0.4913562594885171
10 0.88 3.5065 0.30646572195840566 0.42487380181723233 0.9118395208331188 0.4828149427512924
10 0.88 9.5005 0.23364210587909437 0.3882200103940793 1.1292100999816312 0.30249229445131104
10 0.9 8.002 0.20257146950446106 0.3994329426639168 1.0093504419777155 0.3875033141043398
10 0.9 9.001 0.1896544359068269 0.3759382286662906 1.0060751115255442 0.3615158596645118
10 0.94 5.5045 0.1450010017971548 0.4366974509514602 0.8844074828327053 0.49041532824348105
10 0.96 4.006 0.1480467148322212 0.4588386638731668 0.8608262812143613 0.49947915367475076
10 1.0 5.005 0.054962255158510956 0.4955381162260522 0.8526655087199875 0.4759466748417643
10 1.04 5.5045 0.11063021930944353 0.5301757967546822 0.8139737429425904 0.49158649205967764
10 1.06 7.5025 0.16801432932059482 0.55811833029349 0.7880746425991547 0.49995694662691287
10 1.08 5.005 0.22638929854845619 0.5541006303825315 0.790411288080394 0.4992468355190871
10 1.1 6.004 0.289707726718002 0.5777694942646917 0.7522926286168184 0.4970960417310459
10 1.1 6.5035 0.2874434331277324 0.5742067062552709 0.7393628161705122 0.4927882467612289
10 1.12 5.005 0.34577538792031226 0.5745518344552738 0.7560552746450099 0.49606452246568855
10 1.14 4.5055 0.40407087259573315 0.5744659983586252 0.7416070443974438 0.4948139219351005
10 1.16 5.5045 0.46822810671766424 0.584957782757318 0.6772972801330945 0.46375103729562145
10 1.18 0.5095 1.293399768285325 0.5525948576690742 0.8498830183225304 0.43540858045242703
10 1.18 1.009 0.8112915133628783 0.5396805478237221 0.8301735073207998 0.47647476508561
10 1.2 5.5045 0.5774175013289777 0.5774175013289591 0.6011940157967633 0.4156144756629917
10 1.22 6.004 0.5768600507242662 0.5244182279309367 0.5128138171622194 0.3627155619773225
10 1.22 6.5035 0.5673516824678674 0.5157742567891158 0.47137024963961904 0.3338356902124292
10 1.22 8.5015 0.4921729217325055 0.4474299288476685 0.25335079365692 0.21734635427140428
10 1.24 1.5085 0.754448732653768 0.5542349009997317 0.7931019510874691 0.49641987442322255
10 1.24 3.5065 0.7037706203155148 0.5855256501313175 0.6984853995460774 0.4703798400997969
10 1.24 10.0 0.45900135348405796 0.3825011279018028 0.08097225720113573 0.126359613942402
10 1.26 4.5055 0.7324399493644154 0.5634153456651421 0.5805062889339654 0.3995146660790287
10 1.32 4.5055 0.8407830325706588 0.5254893953565439 0.4656332066128147 0.3299483828758966
10 1.34 1.009 1.150945673240564 0.56189164395722 0.8106006324926981 0.49278309193478687
10 1.36 2.008 1.07107657857708 0.5893889215555934 0.7223850938399332 0.4866975153035621
10 1.36 2.5075 1.0614536140901112 0.5878885652566055 0.6744662540436707 0.4607582023808665
10 1.36 7.003 0.5928700195250018 0.32937223306925545 0.07328638544867151 0.1190111291701077
10 1.4 1.5085 1.2073972661845753 0.5856992034731117 0.757269474852981 0.49697779495678684
10 1.4 3.5065 1.1168384689398234 0.5584192344699019 0.48221211397192837 0.33642660164447924
10 1.4 10.0 0.48830040033715333 0.24415020016924607 0.0 0.034185418145834943
10 1.42 5.005 0.9115331663372359 0.4340634125415488 0.18640051141411135 0.17879423349933238
10 1.46 4.006 1.0189713692993645 0.4430310301303012 0.2781188627447826 0.2300581388325845
10 1.46 5.005 0.8919681602813766 0.38781224360085836 0.1373331828064182 0.1407528255147414
10 1.48 7.5025 0.45377214542974054 0.189071727262251 0.0 0.028449112580919096
10 1.48 8.002 0.42288662111043934 0.1762027587980062 0.0 0.030969146086253767
10 1.48 9.001 0.21729194192343013 0.09053830913906785 0.0 0.010953848645841162
10 1.5 1.009 1.5246352188521677 0.5718987808548437 0.770676474791141 0.49999700257098956
10 1.52 0.01 5.441032134355396 0.6512475160240961 0.9291035767007276 0.12131342890819231
10 1.54 7.5025 0.4270732804386667 0.15817528905245354 0.0 0.029986647164859225
10 1.56 8.002 0.3651398809594076 0.130407100340614 0.0 0.014489927551992283
10 1.56 9.001 0.14328989414969168 0.051174962195913325 0.0 0.007745773043537932
10 1.58 4.006 1.0944599327371514 0.37739997680583115 0.11088337815571596 0.13993213853108308
10 1.6 1.5085 1.7744154754360062 0.5889392931520715 0.6739900769778556 0.4589006021400417
10 1.6 3.5065 1.317142909670978 0.43904763655700463 0.14726393461290235 0.16295702027039688
10 1.6 9.5005 0.047920615152656436 0.015973538384211474 0.0 0.005477170803617486
10 1.62 4.006 1.059412882761491 0.3417460912131256 0.071232304894635 0.12131342890819252
10 1.62 5.005 0.782316957394054 0.25236030883536176 0.0 0.05217829505455107
10 1.64 8.002 0.24884378437248453 0.07776368261123369 0.0 0.007745773043537932
10 1.64 9.001 0.32305005177717533 0.10095314118212045 0.0 0.013415267434605617
10 1.68 2.008 1.7998659765582288 0.5290498315610136 0.4970248940565803 0.3469685797765041
10 1.68 2.5075 1.6178850068150412 0.4758485314162766 0.3436790305952078 0.2625195391750841
10 1.68 7.003 0.3569139197164517 0.10497468226882349 0.0 0.010953848645841136
10 1.72 4.5055 0.9672286209966405 0.2686746169438422 0.0 0.04545036680880277
10 1.74 9.5005 0.07293360925084427 0.019711786284668256 0.0 0.005477170803617487
10 1.76 6.004 0.6051660509940188 0.15925422395001587 0.0 0.015490151729404817
10 1.76 8.5015 0.2908971622699553 0.07655188480524786 0.0 0.009486453504339598
10 1.78 0.01 6.936491644939469 0.6501435102396194 0.930707208317511 0.13617262050016832
10 1.8 5.5045 0.5282992228196189 0.13207480570470237 0.0 0.013415267434605688
10 1.82 6.004 0.4139552933229644 0.10096470569144067 0.0 0.013415267434605586
10 1.82 6.5035 4.158793118849487E-11 0.0 0.0 0.0
10 1.82 8.5015 4.158793118849487E-11 0.0 0.0 0.0
10 1.84 5.005 0.5981285048748788 0.14241154877857054 0.0 0.019744665141752958
10 1.86 0.5095 2.7881426404616136 0.5897863125934879 0.7927147700520111 0.497893519007847
10 1.86 1.009 2.537283899528059 0.5852190769231753 0.689076493453976 0.4664845378630261
10 1.86 2.5075 1.7286569939443686 0.4020132544055745 0.13701771952999386 0.15952269816605186
10 1.88 0.01 7.404752246760049 0.6538520495528612 0.9336505063146799 0.14458204786381737
10 1.88 3.007 1.5574462886021088 0.3539650655934624 0.07123230489463496 0.10560717624041364
10 1.9 9.5005 0.0 0.0 0.0 0.0
10 1.92 1.009 2.6748525418417493 0.5790857109551745 0.6666054948468503 0.4560694229483238
10 1.94 4.006 0.9296628100264196 0.19780059787828827 0.0 0.04095356429410223
10 2.0 0.5095 3.120264043181317 0.5822681509114288 0.7780827027984616 0.49991125706202316
10 2.0 2.008 2.208323236045893 0.44166464720917514 0.2117031918194649 0.19381015990843112
10 2.0 2.5075 1.811822941248072 0.3623645882496362 0.08349125878492461 0.12624470137768642
10 2.0 7.003 0.0 0.0 0.0 0.0
12 0.04 4.5055 0.839210605896652 0.15361559638491537 0.999552833991853 0.09598751932310803
12 0.04 8.002 0.3187366587703128 0.049837669364470885 0.88496821483555 0.016429540491321653
12 0.04 9.001 0.3903526923656032 0.053071947009139996 1.016592400328472 0.013415267434605572
12 0.06 5.5045 1.1431270913807967 0.1495308196003208 1.4226046786314364 0.05550209812058594
12 0.08 5.5045 0.7379198482525688 0.09340703642279942 0.8349853444427557 0.018970345313988335
12 0.1 5.005 0.528167774272095 0.11441800388623144 0.644090393934435 0.026258918576930336
12 0.12 0.01 3.3276696846567355 0.6690634405874177 0.9954433562606313 0.08979969410728608
12 0.16 3.5065 2.224904437891719 0.36944917336556815 2.005170880025332 0.21975386297413566
12 0.16 9.5005 9.291631018047986E-12 6.516781781991952E-13 0.0 0.0
12 0.18 3.5065 2.705373528317757 0.4431433178773591 2.0719264536335014 0.21459010979087023
12 0.18 9.5005 0.11113874864363299 0.022589176554701305 0.0 0.007745773043537936
12 0.22 1.5085 1.3926450588110624 0.43660576506983334 0.9892884960811255 0.48683137655610226
12 0.22 3.5065 2.92386580498801 0.4538902262692887 1.8439666485731323 0.16365155479567753
12 0.22 9.5005 4.605177912508101E-12 6.516781781991952E-13 0.0 0.0
12 0.24 4.006 1.785616281220003 0.34594979727801145 0.48989311211261805 0.06781373027565753
12 0.26 2.008 1.1875154736166358 0.38810135055620354 1.1135617066203642 0.4608845233863302
12 0.26 7.003 0.21627751686907867 0.048711152448159996 0.0 0.0
12 0.28 7.5025 0.41014364819648874 0.09494065930787429 0.0 0.00774577304353792
12 0.3 2.008 1.1244053309160207 0.38427623091641805 1.104614631131239 0.4616875433545449
12 0.3 7.003 0.4666873489068192 0.1111160354549331 0.0 0.009486453504339624
12 0.34 5.5045 0.6423422375294132 0.16220763573829747 0.0 0.030969146086253695
12 0.38 0.01 1.990189404029491 0.6793541650505158 0.9984795977306274 0.06933051012191546
12 0.4 3.5065 2.3934511670493284 0.5576103497911308 1.7412225136518211 0.19237702466304477
12 0.4 9.5005 1.6040915726684277E-11 6.516781781991952E-13 0.0 0.0
12 0.42 2.008 1.0324512223241646 0.3832255101587808 1.0764121680844059 0.47152460624014403
12 0.42 2.5075 1.163333369756169 0.3708189703688344 1.3146914590919614 0.42252437239436547
12 0.42 7.003 0.5335741278020129 0.15332589879743708 0.0 0.01341526743460563
12 0.44 6.004 0.7786372060529928 0.23173726370433498 0.0 0.027917725662414312
12 0.44 8.5015 0.2842821781293784 0.0846077911125654 0.0 0.007745773043537937
12 0.46 5.005 0.9150779616199135 0.28243146963526605 0.0 0.05761028129786146
12 0.48 1.009 1.1602535859862857 0.49468258435622203 0.982836015939002 0.4838246240985976
12 0.5 0.5095 1.2645452236964836 0.5697196100587988 0.982298820463129 0.3988130909498794
12 0.5 2.008 0.9940839379392837 0.39570481540321834 1.0566513188385354 0.4817146453621833
12 0.5 2.5075 1.0596910637884451 0.3779577012488685 1.1844204033465717 0.43707203904909436
12 0.5 7.003 0.48143722272832123 0.16047907424248564 0.0 0.027917725662414093
12 0.54 6.004 0.7553338672780593 0.273671691042347 0.0 0.052178295054551085
12 0.54 6.5035 0.652075549370165 0.23625925701817518 0.0 0.04512049248200603
12 0.54 8.5015 0.49962385285983013 0.18102313509097703 0.0 0.01731799644675934
12 0.58 1.009 1.0160870432864897 0.4929592485037599 0.9622686366477381 0.4819143633799598
12 0.6 5.005 1.6345249751855944 0.6433971921050379 1.8926353144047827 0.15736769827073263
12 0.62 5.5045 1.4808899905931103 0.6263882509920703 1.2793639376684458 0.1273888445825156
12 0.64 5.005 1.2893606433362044 0.5770090213312415 1.1842446990489006 0.15898699234974573
12 0.68 3.5065 0.8424245759937279 0.41863739260532845 1.3183494404728746 0.3646966225376044
12 0.68 9.5005 0.4678343307666051 0.24366371394137787 0.0 0.03671772076749116
12 0.7 6.004 1.1393684410841058 0.6180503133560779 1.6539788235003614 0.16382467341683143
12 0.7 6.5035 1.2343167196210496 0.6774923038371998 1.885044726810068 0.13879509307995805
12 0.7 8.5015 0.5080195893281122 0.2822331051822346 0.0 0.07369018454755737
12 0.72 5.005 0.7208438625129718 0.4119769683898575 1.490095572336195 0.2710779275084358
12 0.74 5.5045 0.7901483786946516 0.48991265732145883 1.6186922200897225 0.256491945549907
12 0.76 1.5085 0.7029307811641556 0.4692676883692076 0.9576000621891216 0.49598835390029955
12 0.76 10.0 0.4722882075272532 0.3279779218959199 0.028457083513704372 0.07587182702301208
12 0.8 5.5045 0.4453542873839276 0.35839351733334357 1.0745444909692157 0.3242958711468807
12 0.84 7.5025 0.3850139931282418 0.3974189598059654 1.3382081497090166 0.2919834542806772
12 0.84 8.002 0.35441200614534146 0.3646912038352931 1.2609020300081566 0.2574433680295107
12 0.84 9.001 0.4769256088874899 0.49417504225136993 1.7027448920135329 0.2221896071549205
12 0.88 7.5025 0.2713873532744074 0.37173877260184657 1.0967518594897228 0.3675703852966655
12 0.88 8.002 0.28427064038398386 0.39147316870787274 1.1488620512158298 0.34721743968961
12 0.88 9.001 0.2707917451277351 0.3742252619512895 1.2033392873729338 0.3172293707641063
12 0.9 0.01 1.9314569624172564 0.6653805138236586 0.9956819862145225 0.07102355987662319
12 0.9 3.007 0.3407008148108512 0.4635907232725694 0.9562339680480206 0.4995587174304834
12 0.92 0.5095 0.9182403802792027 0.5769780585557328 0.9539312264173734 0.3754332604163615
12 0.92 2.008 0.38762451114559154 0.4978689042711188 0.9575688491186289 0.4877487258408624
12 0.92 2.5075 0.33697961435766655 0.49026211476987797 0.9438278632080145 0.49633993806254406
12 0.92 7.003 0.20355009237103505 0.4166841621693849 1.0002179500192006 0.4536179378605058
12 0.96 10.0 0.10857817321464092 0.4502145249870814 0.9747287366898127 0.48667631492503743
12 0.98 2.008 0.302428273349353 0.5225832884064668 0.9318292062481036 0.4560424541579391
12 0.98 7.003 0.06367688257079507 0.4868478066496153 0.9475458132717869 0.49283455559607997
12 1.0 1.5085 0.4017491303147302 0.5317273043744113 0.9238577606639903 0.42721438999073036
12 1.0 3.5065 0.12342278465181765 0.5204062408855471 0.9329835072989462 0.4487034682195409
12 1.02 2.008 0.30204028916024633 0.5341241786988091 0.924236311796523 0.447005682736986
12 1.02 2.5075 0.22470869245065778 0.5330585838041477 0.9166314492400462 0.4495840149322078
12 1.02 7.003 0.06641464370075742 0.5431922566695022 0.9050157676683932 0.4668883354683642
12 1.08 1.5085 0.48243996149340856 0.552808979832496 0.9148029789645782 0.45364575308985955
12 1.08 3.5065 0.2902555604184204 0.5712497231752509 0.886282936585525 0.48386371842270276
12 1.08 10.0 0.2896829215833839 0.6035060866319898 0.7596831066511824 0.4789583527143492
12 1.12 3.5065 0.4308053688277997 0.5879151963092595 0.8509585892037389 0.49628860577839085
12 1.12 9.5005 0.4231929537263897 0.5877679912874518 0.6554567021177229 0.405699946522616
12 1.16 4.006 0.5808109851996976 0.6031521393046045 0.8116747669310013 0.4975869618686499
12 1.18 6.004 0.63763358053712 0.5904014634600876 0.672902580030527 0.4218581424989551
12 1.18 6.5035 0.6254379134276997 0.5791091790998055 0.6391359082656891 0.39555557509553946
12 1.22 5.5045 0.7534548618213696 0.5707991377434652 0.6244156499711871 0.3880161916266658
12 1.24 7.5025 0.7101435232815512 0.4931552245021938 0.3475672573678032 0.2358130953381557
12 1.24 8.002 0.6081094250139819 0.42229821181775584 0.2726468447494819 0.20377935334095332
12 1.24 9.001 0.5391838060064158 0.37443319861626567 0.13086776700051428 0.15117102724323825
12 1.26 3.007 0.9655944277777582 0.6174933204466718 0.7710541558631218 0.4823021248067728
12 1.28 2.008 1.041924578183039 0.6119062096291965 0.8372983288262881 0.49983873565616255
12 1.28 7.003 0.7135735257275303 0.4247461462688525 0.2399047489497141 0.19323840481813429
12 1.3 4.006 1.0593557976234642 0.5885309986797546 0.6329754090021568 0.39354718451173076
12 1.3 5.005 0.9204621318794459 0.5113678510444556 0.47528661244720505 0.303947686085152
12 1.34 6.5035 0.7798428775155944 0.3822759203536004 0.16707575545991782 0.1524888568916946
12 1.38 4.006 1.1400619878164444 0.5000271876395419 0.4675138701167343 0.2968426340034906
12 1.38 5.005 1.133016031132061 0.49693685575781504 0.2803738490315549 0.2038465591421994
12 1.4 7.5025 0.6270978738210113 0.2612907807568371 0.0 0.05550209812058576
12 1.4 8.002 0.6625577013049503 0.27606570887499576 0.0 0.05656613919438848
12 1.4 9.001 0.4838400315962542 0.2016000131568196 0.0 0.025682114485023697
12 1.42 1.5085 1.565519240179138 0.6147202933572283 0.82136652385233 0.49764877524866297
12 1.42 3.5065 1.33285517986912 0.5289107856625158 0.5088891772968326 0.3147275785267685
12 1.44 2.008 1.5790301930862696 0.597355487009717 0.7399308703065267 0.46502018795477507
12 1.44 2.5075 1.509988051672894 0.5719178883281569 0.6664797553085913 0.41422250280676065
12 1.44 7.003 0.6542996504405186 0.24784077668353235 0.04343324574457832 0.05246341655334416
12 1.46 1.5085 1.7070387773051263 0.614044935154233 0.7976587952450097 0.4923220972473213
12 1.46 10.0 0.4144672572731784 0.15016929611642776 0.0 0.013415267434605629
12 1.48 0.01 4.905155920460246 0.6644742964384572 0.9923252638135588 0.10955592397216911
12 1.48 3.007 1.5735330425623506 0.5463656397792761 0.5272773918357654 0.32587351117540503
12 1.5 9.5005 0.12492508131020731 0.04164169377835129 0.0 0.0
12 1.52 0.5095 2.215823732190911 0.5943219531405567 0.9008686342188573 0.46568051994892995
12 1.52 1.009 1.9728357545091355 0.6144039758807426 0.8457788199789231 0.49959606262225736
12 1.56 0.01 5.484267450586129 0.671750282940631 0.9957333206485747 0.1120639568246963
12 1.56 3.007 1.602838131415375 0.4770351581597208 0.3869828706448508 0.2550810595664522
12 1.6 7.5025 0.10959811596067391 0.030443921104803467 0.0 0.0
12 1.6 8.002 0.449132763198705 0.1247591008849913 0.0 0.0054771708036174885
12 1.62 1.5085 2.277201790474998 0.6114556361624262 0.7277720819624083 0.4554467369783041
12 1.62 10.0 0.3089920840891977 0.08306238821291644 0.0 0.007745773043537921
12 1.64 0.01 5.86303291041399 0.6663832876970824 1.0039671812866078 0.11765636732689315
12 1.64 3.007 1.7113480195330513 0.4456635467533384 0.2957650872696558 0.20783121822884532
12 1.66 5.005 0.9448208510487225 0.23859112400245502 0.0 0.034185418145835096
12 1.68 8.5015 0.21881003254373876 0.05362990993917395 0.0 0.0
12 1.7 4.006 1.6185438792306839 0.38536759029226964 0.04800715627477246 0.08224167109457432
12 1.76 5.5045 0.5916039802461827 0.12973771495509867 0.0 0.02120853606616776
12 1.78 0.5095 3.0261194826940114 0.6064768865805226 0.8733849819176498 0.48923529485936745
12 1.78 1.009 2.87624647046545 0.6117175126573686 0.7711187501141803 0.4812441252495846
12 1.78 2.5075 1.8484949491343519 0.3949775532350642 0.22778529726248972 0.19158342977730367
12 1.82 5.5045 0.4842780177892745 0.09843049142501006 0.0 0.012246591372295949
12 1.84 1.5085 2.844780121552007 0.5643799261505894 0.6031986585583164 0.3708036411284247
12 1.84 3.5065 1.5094406324844174 0.2994921889761259 0.0 0.0637447610934971
12 1.84 9.5005 4.4733137664151196E-11 0.0 0.0 0.0
12 1.86 6.004 0.40405932807475387 0.07830607134957854 0.0 0.005477170803617488
12 1.86 6.5035 0.4190376734214341 0.08120885145462321 0.0 0.007745773043537923
12 1.86 8.5015 8.543555921929122E-11 0.0 0.0 0.0
12 1.92 6.5035 0.1750543304594416 0.031712741029789014 0.0 0.0
12 1.92 9.5005 4.136654035734956E-11 0.0 0.0 0.0
12 1.94 1.5085 3.0677465487213165 0.5439266930360056 0.5435412306241284 0.33124190618027355
12 1.94 10.0 2.7066438611292304E-11 0.0 0.0 0.0
12 1.96 3.5065 1.4657993682121877 0.2544790569780965 0.0 0.04131698233669957
12 1.96 9.5005 3.610695781933603E-11 0.0 0.0 0.0
12 2.0 6.004 0.0 0.0 0.0 0.0
12 2.0 6.5035 0.3423974932195235 0.05706624888168968 0.0 0.0
12 2.0 8.5015 0.0 0.0 0.0 0.0
14 0.0 2.008 2.144566320465 0.3063666172096654 0.9072877427002717 0.1967798193026188
14 0.0 7.003 0.1590764160773041 0.02272520229716721 0.6362578310250413 0.03589357626051622
14 0.02 2.008 1.943040428587311 0.33250098443331005 0.9481987516713416 0.27168143920171983
14 0.02 7.003 0.2391924619016385 0.026279680248166428 0.6446240978902589 0.018970345313988328
14 0.04 3.007 1.3414435729464314 0.2462747545452803 1.1687506755898711 0.18614158245819948
14 0.06 4.006 1.3673717651320108 0.22555601428830194 1.3963061170754065 0.12380522293398345
14 0.1 3.5065 2.0778984222498793 0.3204910715490363 1.943011954724023 0.19330998298064855
14 0.1 9.5005 1.0190503202488026E-11 2.901552847798313E-13 0.0 0.0
14 0.12 1.009 2.5473414411546713 0.5194128855023654 1.0638767152211395 0.4949738955312946
14 0.14 4.006 1.3524452816717343 0.18226565931653993 0.7983932423372551 0.04411594992991612
14 0.16 7.5025 9.690157656076406E-12 3.6876341600585214E-13 0.0 0.0
14 0.18 7.5025 8.302360507610915E-12 3.6876341600585214E-13 0.0 0.0
14 0.18 8.002 8.302360507610915E-12 3.6876341600585214E-13 0.0 0.0
14 0.2 5.5045 0.27019302070681767 0.04824875369774549 0.0 0.0
14 0.22 7.5025 1.0292929495267367E-11 3.6876341600585214E-13 0.0 0.0
14 0.22 8.002 1.0292929495267367E-11 3.6876341600585214E-13 0.0 0.0
14 0.24 10.0 2.3902092331857435E-11 3.6876341600585214E-13 0.0 0.0
14 0.28 0.01 3.0543575053050542 0.6755773204447376 1.0516154168570038 0.08277958369535167
14 0.34 4.006 1.2585156979340906 0.2724059952239429 0.0 0.06933051012191525
14 0.36 5.5045 0.8880990467678257 0.19823639436634416 0.0 0.0262589185769302
14 0.38 0.5095 1.9905854204253204 0.5849049558390058 1.0426884819181277 0.4216862335229447
14 0.38 1.009 1.636958816989878 0.5053631234068573 1.0510581456269155 0.4927624538255772
14 0.4 7.5025 2.6325008101976598E-11 3.6876341600585214E-13 0.0 0.0
14 0.4 8.002 2.6325008101976598E-11 3.6876341600585214E-13 0.0 0.0
14 0.42 8.5015 1.2997154682267312E-11 3.6876341600585214E-13 0.0 0.0
14 0.44 5.5045 0.8772392382903657 0.22378551997199086 0.0 0.030969146086253774
14 0.46 1.5085 1.2853711411192796 0.4382798173326214 1.0683034504791384 0.49834257674458315
14 0.46 3.5065 3.190402020745567 0.742401627656689 2.342428896309569 0.21566015607031433
14 0.46 9.5005 0.16419521227778994 0.04343788684514702 0.0 0.007745773043537939
14 0.48 6.5035 0.6711803677118988 0.1843902109078943 0.0 0.038700969272736994
14 0.48 9.5005 0.292205830152991 0.08027632696443238 0.0 0.007745773043537935
14 0.5 6.004 0.9099925321267915 0.259997866322602 0.0 0.04983798613756544
14 0.5 8.5015 0.17772678403442693 0.050779081153111645 0.0 0.005477170803617488
14 0.52 3.5065 1.947411976268444 0.5270507724949564 2.1683979110729155 0.3036339417501487
14 0.52 9.5005 0.1928956221714093 0.057409411352083516 0.0 0.005477170803617488
14 0.54 5.5045 1.005691822192419 0.3123266528543674 0.0 0.07226679926592684
14 0.58 9.5005 0.2589970695581584 0.08809424134914738 0.0 0.01224659137229593
14 0.6 3.5065 0.9479624646574683 0.3399494388326849 1.3683090461507532 0.3451225420457662
14 0.6 9.5005 0.3607075298807154 0.12882411781259306 0.0 0.023867986997354842
14 0.62 4.006 1.5136066059210578 0.5421351923040104 1.8134233139607914 0.28033617913495346
14 0.64 3.5065 0.8836147331941745 0.35084770436032475 1.2391891941138409 0.3513656470779579
14 0.64 9.5005 0.27960571315748717 0.11095464808451004 0.0 0.02386798699735491
14 0.68 7.5025 0.7170029593446302 0.32009060685018603 0.0 0.07837008219040321
14 0.7 5.5045 1.2105637760238461 0.5597548074006172 2.1473849305380392 0.21178977302951033
14 0.72 3.5065 0.7885660369436157 0.3949087985590356 1.1862830881395015 0.39446132450945615
14 0.72 9.5005 0.5471634441256666 0.27916502251367 0.0 0.06512983327091004
14 0.74 4.006 0.7012346384008257 0.37510277216379584 1.1484646051813232 0.3739488138112136
14 0.76 4.5055 0.6278925981212897 0.35873125443431547 1.2184671685665278 0.3510312279490455
14 0.76 9.001 0.6727306199160176 0.40043489280696415 0.07912252143048837 0.1161593572327939
14 0.78 7.003 0.8089317698874587 0.5182174821252722 1.980123286263231 0.20998397742711464
14 0.8 4.006 0.574608979692506 0.3932719961158223 1.1025185170654954 0.41903921069097433
14 0.82 7.003 0.48390002485511346 0.37972422386685223 1.3881216383547053 0.2679842253919287
14 0.84 0.01 1.4016681487777671 0.6829930166275339 1.05091231720534 0.06184895268180047
14 0.86 0.5095 0.828249850670109 0.590717037913377 1.026835917705871 0.3588002440768335
14 0.86 1.009 0.6635610235482734 0.5457410562001346 1.0148252491947127 0.4402554269856939
14 0.86 2.008 0.5474754692618918 0.4992743426919851 1.0346533065908843 0.4960493477464291
14 0.86 2.5075 0.5105791673249931 0.4717581839820194 1.031900271746871 0.49997735976381336
14 0.88 0.01 1.5125903228199367 0.6685346693139999 1.037607531738966 0.06327621956154726
14 0.92 6.004 0.2536804216114943 0.43941402601761287 1.034894579049629 0.47785538009739587
14 0.92 8.5015 0.23334850477141048 0.41472634879334774 1.0494828592109329 0.43084121935530056
14 0.94 2.008 0.35517939985226543 0.5239441721159457 0.9993245131111806 0.46458004928854396
14 0.94 7.003 0.19171239608547888 0.4493368790420636 1.032574492476169 0.48800451705239667
14 0.96 4.5055 0.16439029146772635 0.500709455134198 1.0282894773938767 0.4908513301376548
14 1.0 7.5025 0.015490151729404794 0.5488037440528061 1.0020207699167576 0.4134902822220379
14 1.0 8.002 0.016429540491321632 0.5386563773381391 0.9889879688467351 0.4157348094401616
14 1.0 9.001 0.0 0.5450264726658359 1.0003157974775658 0.4158350014694495
14 1.04 2.008 0.31728515796475665 0.5739376025938465 0.9943801025663548 0.4236579890371248
14 1.04 7.003 0.16801180696999868 0.5994856766584613 0.9526522240665333 0.4720511088029267
14 1.06 0.5095 0.9890318219727603 0.5975501345865933 0.9994865556204572 0.3430985056185726
14 1.06 2.008 0.36107896865152583 0.5775238498654482 0.9756511829737489 0.4349162591997503
14 1.06 2.5075 0.3106261867937401 0.5821215247772522 0.9793157730262386 0.44241198272144716
14 1.08 7.5025 0.35013355282140507 0.6245326104564438 0.890661674642212 0.4995497698429897
14 1.08 8.002 0.34753692467097863 0.6206016511985709 0.8697740450728583 0.498186914067023
14 1.08 9.001 0.344023073657844 0.6143269172467677 0.8323921949243096 0.48934262759933167
14 1.12 7.5025 0.5069793275744262 0.6035468185425199 0.7857764273491193 0.46103580522815496
14 1.14 4.006 0.6264046696988312 0.6368898178241607 0.8990645773194107 0.5000069375324971
14 1.14 5.005 0.6160439662154519 0.6282825600811048 0.8425821923079556 0.49386721565671143
14 1.2 2.008 0.8879587435429589 0.6208287202998813 0.9341190397859965 0.4896798875633307
14 1.2 7.003 0.7843760439694627 0.5602686028338021 0.5905830765320454 0.3272647982886932
14 1.24 0.01 3.3448748705100124 0.674460271618522 1.0459674186801402 0.08627760754235778
14 1.24 3.007 1.0746667178202658 0.6392604155782146 0.8534940501988 0.4911686346683518
14 1.26 5.005 0.9971455715597426 0.5478821821744796 0.6268743826825912 0.35160846667790396
14 1.3 1.5085 1.3337454632763284 0.6252803621401166 0.9311804528140921 0.4953111041741015
14 1.3 10.0 0.5974856947711278 0.28451699750803305 0.0 0.05838097221957254
14 1.32 5.005 1.1582324467126734 0.5170680565675141 0.4969563159811875 0.27779395389501604
14 1.38 1.5085 1.6857184443467261 0.6290708605590465 0.8954588386380821 0.4999643343345983
14 1.38 10.0 0.3793887952500017 0.14262736662892558 0.0 0.015490151729404777
14 1.4 0.01 4.313256248591098 0.6785521233697538 1.0479059398872752 0.09552627308304559
14 1.4 3.007 1.6051433253801253 0.5732186937216543 0.6708455617743412 0.3866201242546607
14 1.42 7.5025 0.7253214435097192 0.24670797397599287 0.0 0.05189158961881797
14 1.42 8.002 0.5048272049017976 0.17170993363488188 0.0 0.029986647164859256
14 1.42 9.001 0.5303161397988714 0.18037963938288837 0.0 0.015490151729404794
14 1.46 4.5055 1.2688675486685324 0.39405824492699015 0.20737109171941961 0.1588079768314835
14 1.46 8.002 0.5062501608978891 0.1572205468590624 0.0 0.02948307663144693
14 1.46 9.001 0.6835259102092458 0.2122751273907249 0.0 0.02386798699735488
14 1.48 1.009 2.148641624323382 0.6279285738102656 0.91806074325901 0.49678228855599993
14 1.52 6.004 0.7814849565350288 0.21469366936889628 0.0 0.04800715627477237
14 1.52 6.5035 0.8417243461312238 0.2312429522264864 0.0 0.040953564294102365
14 1.52 8.5015 0.33303488799757913 0.09149310108617757 0.0 0.009486453504339628
14 1.54 0.5095 2.5754525520630893 0.6212595968719932 0.9665143694671932 0.4546818804232509
14 1.54 1.009 2.3950415172516806 0.6269742546754812 0.8978531454856747 0.4998111862871267
14 1.54 2.5075 2.139588563986214 0.5660287206292292 0.6096479268138189 0.3378067633851172
14 1.56 1.009 2.4625203303932865 0.6221267740574252 0.894938242961823 0.4999885776337482
14 1.58 4.5055 1.2790855088888686 0.31504569184897313 0.05863558748206115 0.0876365814020154
14 1.6 0.01 5.397412707960638 0.670227275242171 1.0466213822371027 0.10698607732822894
14 1.62 4.5055 1.2076838868990663 0.2782681767034385 0.03462039882092031 0.07060418012762754
14 1.62 8.002 0.34112338363082445 0.07859985796261268 0.0 0.007745773043537919
14 1.62 9.001 4.599945318768165E-11 0.0 0.0 0.0
14 1.64 1.009 2.7951796514091 0.6208616150258343 0.8731214506824279 0.49823789181442146
14 1.66 1.5085 2.8160582145715205 0.6093921504476025 0.7475721342257281 0.4382487434309455
14 1.66 3.5065 1.7042223751678727 0.36887930198420293 0.1286348406695756 0.12071207888548081
14 1.66 10.0 7.775178193608039E-11 0.0 0.0 0.0
14 1.68 5.5045 0.6636374908564352 0.13941964092560352 0.0 0.02568211448502379
14 1.7 1.5085 2.80648907664629 0.5726950486684249 0.715910303967524 0.42326243930321056
14 1.7 10.0 8.117607689917759E-11 0.0 0.0 0.0
14 1.72 4.006 1.362248782530307 0.2702874568434389 0.0 0.05603667637839562
14 1.72 5.005 0.8791069881349783 0.17442598969674356 0.0 0.02568211448502375
14 1.76 4.006 1.3458526771440449 0.2529798265202867 0.0 0.05358856672117226
14 1.78 6.004 0.5475675441169547 0.10028709599688047 0.0 0.005477170803617486
14 1.78 6.5035 0.27890696311044055 0.05108186139547923 0.0 0.00547717080361748
14 1.78 8.5015 1.0123701691691902E-10 0.0 0.0 0.0
14 1.8 2.008 2.662895416797568 0.47551703871298795 0.47483417344392037 0.2700989858921523
14 1.8 7.003 0.5739143112525528 0.10248469844115589 0.0 0.007745773043537929
14 1.82 4.006 1.4728922525943893 0.2566014377216282 0.0 0.04800715627477231
14 1.84 7.5025 8.709614890318548E-11 0.0 0.0 0.0
14 1.84 8.002 8.709614890318548E-11 0.0 0.0 0.0
14 1.84 9.001 8.709614890318548E-11 0.0 0.0 0.0
14 1.86 5.5045 0.4616023372612491 0.07667812909793212 0.0 0.010953848645841141
14 1.88 3.5065 1.4394976197598564 0.23368467853167718 0.013415267434605645 0.06014033199216687
14 1.88 9.5005 4.779939228034009E-11 0.0 0.0 0.0
14 1.94 4.5055 0.8091928294405164 0.12297763364135182 0.0 0.024487670441670936
14 1.94 9.001 2.8201769857862438E-11 0.0 0.0 0.0
14 1.96 7.5025 7.112156169050698E-11 0.0 0.0 0.0
14 1.98 0.5095 4.399023809366078 0.6291949472922216 0.9279004973481096 0.4971155186785432
14 1.98 2.008 2.988468196134879 0.4356367632832158 0.3001121314527284 0.19309515491091153
14 1.98 2.5075 3.3423655313567426 0.4872252961127903 0.052463416553344314 0.08507014360017302
14 2.0 5.5045 0.0 0.0 0.0 0.0
16 0.04 5.005 1.0970988227571614 0.15243417846130275 1.323702019066256 0.048625166903614195
16 0.06 10.0 0.0 0.0 0.0 0.0
16 0.08 2.008 2.082528017814577 0.387684579677268 1.1270584952191007 0.3643586367226515
16 0.08 7.003 0.0 0.0 0.0 0.0
16 0.1 7.5025 0.4064179762457011 0.05644694114500896 0.0 0.0
16 0.1 8.002 0.0 0.0 0.0 0.005477170803617487
16 0.12 6.5035 8.592831239752698E-12 0.0 0.0 0.0
16 0.14 1.5085 2.1807421503712265 0.4410925932623494 1.1273578745883754 0.4608592775780279
16 0.14 10.0 0.0 0.0 0.0 0.0
16 0.16 0.01 4.418482153238307 0.6808901918835272 1.104189765571778 0.08541692771894684
16 0.18 0.01 4.277494153874166 0.6792566715011589 1.0938357682359854 0.08133702382192673
16 0.2 4.006 1.019344415692429 0.15927256495179576 0.0 0.023231741281486147
16 0.22 0.01 4.065438295020048 0.6865478128683685 1.1055493583963618 0.08115485099622093
16 0.24 4.5055 1.2201496504666574 0.2006825082996167 0.0 0.02791772566241425
16 0.28 0.5095 2.928731760352364 0.6012311226799382 1.1060611076395963 0.4482746597104108
16 0.28 1.009 2.2320841286273847 0.5071772042595452 1.1169237789402704 0.49939159997959237
16 0.28 2.5075 1.7194681465613841 0.3745219596617578 1.6065711160756955 0.393570693970052
16 0.32 4.006 1.4205418304477502 0.25969129924831735 0.040586870135416994 0.054690310753343734
16 0.34 1.5085 1.7094918638156409 0.4375213130918353 1.1256857048796438 0.4913901511075342
16 0.34 10.0 0.0 0.0 0.0 0.0
16 0.36 4.006 1.7134068493685966 0.33464977526726125 0.0 0.06954444073162808
16 0.38 6.004 0.7884203395546882 0.1589557136189656 0.0 0.020489699895458315
16 0.38 6.5035 0.0 0.0 0.0 0.0
16 0.38 8.5015 0.3784691951497062 0.07630427321294565 0.0 0.01095384864584116
16 0.4 0.01 2.908223446977099 0.6776931979749107 1.101486127886213 0.07389123833000096
16 0.42 5.5045 0.8972991400158495 0.19338343534852886 0.0 0.03792019014824926
16 0.44 4.006 1.6459195671803748 0.36452730486723034 0.06603680483091441 0.10221835997587989
16 0.46 7.5025 0.36091539918735016 0.08354523129472609 0.0 0.007745773043537929
16 0.46 8.002 0.5224709424693387 0.12094234779523258 0.0 0.018162995378570357
16 0.46 9.001 0.4193471418241873 0.09707109764963305 0.0 0.009486453504339635
16 0.5 5.5045 1.0503957763780198 0.26259894409450496 0.0 0.053866140431346056
16 0.52 7.5025 0.24769995372709855 0.06450519628587097 0.0 0.0077457730435379225
16 0.54 4.006 3.560855499748963 0.8915006313559222 2.9710015501953704 0.2117897730295101
16 0.56 4.006 3.2509031470010874 0.864113563284272 2.7932437276856463 0.20591689219395135
16 0.6 7.5025 0.758420231149127 0.2370063222337466 0.0 0.039466213708579646
16 0.64 7.5025 0.9627007529247562 0.3342710947659269 0.0 0.061848952681800226
16 0.66 0.5095 1.3642205994872805 0.6029557727798698 1.0957371226447112 0.37580228239686186
16 0.66 2.008 1.10232622029414 0.4396545730908796 1.1165751903243177 0.49040339955301765
16 0.66 2.5075 1.065135322999978 0.4109762572752112 1.1640549936024203 0.4560019831793503
16 0.68 0.01 1.417328629713148 0.6810795049816896 1.0969390626591686 0.0623283976409262
16 0.7 4.006 0.8400187085081706 0.34267616139946 1.2536738062726696 0.3384929751826057
16 0.72 7.5025 0.9014850737409696 0.40244869363421154 0.050433352707093204 0.12034973686014115
16 0.74 7.003 0.9900938155718921 0.47528881851650834 0.41925411088629755 0.15563813469890644
16 0.76 3.007 0.8047012121515849 0.41707569403228245 1.1521874589258956 0.4631313891716513
16 0.78 4.5055 0.6708922321015034 0.37274198311221657 1.221011580946458 0.36637656885906933
16 0.8 10.0 0.7823251341610393 0.488396100469955 0.21242425842725504 0.11864327389511371
16 0.82 4.5055 0.5880108710671272 0.3991048482981116 1.117694918092834 0.41277444677043323
16 0.84 0.5095 0.828021291962218 0.6050868812139308 1.0816733819693236 0.33659145070041857
16 0.84 1.009 0.7528150775594369 0.5696544841196154 1.084994571508655 0.4226571793366524
16 0.86 6.004 0.45051905142734683 0.395840101500881 1.1437395805686454 0.3908188049942887
16 0.86 6.5035 0.42496910252851483 0.3734971134473797 1.2460932175914703 0.3692769751452565
16 0.86 8.5015 0.40031257243488066 0.355177963437168 1.214882558027274 0.2837614117717851
16 0.88 0.5095 0.7593138477441396 0.6090463453332113 1.0742654431137493 0.32643126695767266
16 0.88 1.009 0.6467700023705101 0.5728414321392771 1.0745545399170553 0.4137144528992756
16 0.9 3.5065 0.41362743091664766 0.48311121994673334 1.072133125099449 0.4998554518010628
16 0.9 9.5005 0.2994277512859499 0.3731512041283659 1.2437348770316514 0.35853799593733976
16 0.92 5.5045 0.30477706224020296 0.46245324647664054 1.0959469312623977 0.49123710101067036
16 0.96 3.007 0.2364351084986662 0.5455456695330341 1.070179779561102 0.45450325225376625
16 1.0 0.01 1.6386221165700878 0.6798369309475775 1.1111755551827958 0.058380972219572516
16 1.0 3.007 0.1537292661722343 0.5822929223016976 1.0553003635146498 0.37255831990540966
16 1.02 5.5045 0.10282886483743554 0.598350746844615 1.0413818271680195 0.409955524292932
16 1.06 6.004 0.3067933239261048 0.6382784851259974 0.9916229404043153 0.4788232528071096
16 1.06 6.5035 0.30581767624231176 0.6366044938996552 0.9920621258894143 0.48456657138038267
16 1.06 8.5015 0.3053872423940807 0.6362234216541763 0.9731540471587319 0.4977870401388374
16 1.08 0.01 2.062328319079827 0.6760456229812177 1.099027203363791 0.0635109294879634
16 1.08 3.007 0.41177001321678647 0.6210087551936287 1.0106639187132047 0.44890972916707134
16 1.1 2.008 0.5481385613676965 0.622992004664836 1.0268933656475998 0.43287187337234784
16 1.1 2.5075 0.5205957409650597 0.6262392683302351 1.019376873494644 0.45338111892393634
16 1.1 7.003 0.49893156999298455 0.6236644624912371 0.9077426460719393 0.49351582393072846
16 1.12 0.01 2.2814003087392267 0.6804703196011674 1.0936864411881986 0.06603680483091408
16 1.14 1.5085 0.7670024740580837 0.6229679479009953 1.0362774379023652 0.4354932315138594
16 1.14 10.0 0.6072086850677854 0.5421506116673133 0.6250873484851641 0.32415499279885024
16 1.16 4.5055 0.8323586378228388 0.6502801857991192 0.90425414763102 0.4907169331876335
16 1.22 7.003 0.8891696989553686 0.5052100562244254 0.5543173956170834 0.2833692917987128
16 1.24 1.009 1.3198744319817055 0.6375856536441943 1.0379462114156448 0.44089938457226874
16 1.26 1.5085 1.339328658746888 0.6346138159068413 0.9833726758839745 0.4830964114183113
16 1.26 3.5065 1.2801393738626181 0.6154516220490657 0.838305309468235 0.46073291058302607
16 1.26 9.5005 0.6918963686971424 0.33264248494916016 0.08349125878492425 0.09537200974927972
16 1.3 8.002 0.902354245047332 0.37598093543640526 0.11438665463920666 0.10861656055495049
16 1.3 9.001 0.8322781153154991 0.3467825480473252 0.0791225214304881 0.08454722064683413
16 1.32 1.5085 1.677509863617487 0.6504717524705563 0.979599645843781 0.49558841307113893
16 1.32 3.5065 1.536556816448634 0.6002175064252263 0.73380422227003 0.40446261054970617
16 1.32 10.0 0.5062786564979975 0.19776510019537452 0.0 0.04445334002525379
16 1.36 4.006 1.5704801596394227 0.5453056109858866 0.6065720379124088 0.3107230391059527
16 1.38 4.5055 1.432244181756374 0.47113295452515064 0.45474234269020575 0.2387621570469768
16 1.38 8.002 0.8521273278258082 0.2803050420529347 0.005477170803617488 0.0447881685336742
16 1.38 9.001 0.6898965470330005 0.22693965362965757 0.0 0.038312580463280586
16 1.4 1.009 2.068966280796637 0.6355341679054298 0.999749221162412 0.48442884702901023
16 1.42 0.01 4.042962156269602 0.6755689654254922 1.0979836790041615 0.08206156140574135
16 1.44 5.5045 1.311797319631968 0.3726696930772289 0.1099559288958769 0.11451423740093204
16 1.46 0.01 4.348107759365504 0.6821608924383575 1.1084268926022909 0.08947042221894609
16 1.46 3.007 1.9921708633099016 0.5413507780734377 0.6233846787443077 0.32754181898656115
16 1.48 9.5005 0.619698070601742 0.161379705883714 0.0 0.014489927551992327
16 1.54 6.004 1.1169791029259437 0.25855997753084436 0.0 0.043775939019681985
16 1.54 6.5035 1.1621476252483915 0.2690156539879526 0.0 0.025092018731697946
16 1.54 8.5015 0.4862317989846812 0.11255365717859316 0.0 0.015490151729404721
16 1.56 3.5065 1.8939209375786958 0.42275020928133444 0.35367758092181306 0.19437993690697072
16 1.56 9.5005 7.988122339957798E-11 0.0 0.0 0.0
16 1.6 0.5095 3.2779380648153693 0.6550947733406757 1.0155579199274565 0.45993150052204185
16 1.6 1.009 3.184752771790963 0.6611737165067476 0.9440297014170004 0.4997815537151619
16 1.62 0.01 5.305829699518194 0.6770266224124851 1.0914173771840625 0.09365771075617037
16 1.62 3.007 2.264146510587712 0.45648115132809547 0.3928410747233097 0.2111470025322406
16 1.64 3.5065 1.9280921945873764 0.3765805067556383 0.17091838951641178 0.12750265539972191
16 1.64 9.5005 8.986896225704239E-11 0.0 0.0 0.0
16 1.66 7.5025 0.2368273765281891 0.04485366979841706 0.0 0.0
16 1.66 8.002 7.876373516299767E-11 0.0 0.0 0.0
16 1.66 9.001 7.876373516299767E-11 0.0 0.0 0.0
16 1.68 4.006 1.5613950859985586 0.28702115551445306 0.05630203816416386 0.08277958369535168
16 1.7 4.5055 1.6332530876680267 0.291652337083842 0.0 0.057351051509338134
16 1.7 8.002 0.3345569192678756 0.059742307009198754 0.0 0.0
16 1.7 9.001 0.0 0.0 0.0 0.0
16 1.72 1.5085 3.459768417872781 0.6006542392140057 0.7545436896907064 0.4109572713494545
16 1.72 10.0 1.0701380172007947E-10 0.0 0.0 0.0
16 1.74 0.5095 4.003282585939344 0.6597320632411379 1.0136800994061534 0.4779015540325488
16 1.74 2.008 2.992472926301054 0.5054852916045655 0.586307901447013 0.30002849839141094
16 1.74 2.5075 2.923131251379948 0.49377217084097486 0.37951688460218647 0.20236184844237115
16 1.74 7.003 7.838018195238052E-11 0.0 0.0 0.0
16 1.76 10.0 7.837402098324938E-11 0.0 0.0 0.0
16 1.78 5.5045 0.784488331097715 0.12571928382845704 0.0 0.013415267434605636
16 1.8 4.5055 1.2196502218267915 0.19057034716330146 0.0 0.033298333478293266
16 1.82 7.003 1.1206172360260822E-10 0.0 0.0 0.0
16 1.84 0.01 6.6901815615744376 0.6795027180568557 1.0960352230691102 0.11464167032760308
16 1.88 7.5025 0.4288645027673089 0.0609182532407689 0.0 0.0
16 1.9 0.5095 4.768650222069395 0.655091166535403 0.9708044505850194 0.4924228647673852
16 1.9 2.008 3.3634907511636007 0.4671514932171706 0.42153109926891774 0.22140164299961368
16 1.9 2.5075 3.2761294333017354 0.4550179768474843 0.2076998791916584 0.13972614919884163
16 1.94 3.007 2.410558276973208 0.3205529623636265 0.03096914608625376 0.07567615431786967
16 1.98 6.004 0.5832980536790127 0.07440026195093209 0.0 0.00774577304353792
16 1.98 6.5035 1.1977261273592222E-10 0.0 0.0 0.0
16 1.98 8.5015 1.1977261273592222E-10 0.0 0.0 0.0
16 2.0 4.006 1.1568325493571572 0.14460406866964465 0.0 0.021903753156752085
18 0.04 3.5065 1.7348968539458267 0.23150924896663924 1.5809285013720868 0.1442837632102798
18 0.04 9.5005 1.0361578569013013E-11 3.0425910314702166E-13 0.0 0.0
18 0.06 4.5055 1.8101321179575507 0.19544181310856812 2.172259093374458 0.07528324730947966
18 0.1 0.01 5.518991315948351 0.6904322543443414 1.1487916689900572 0.08576226763446478
18 0.14 4.5055 0.9580522364966936 0.12377935872044635 0.0 0.012246591372295945
18 0.14 8.002 1.095556004727125E-11 0.0 0.0 0.0
18 0.14 9.001 1.4644998887370514E-11 3.0425910314702166E-13 0.0 0.0
18 0.16 0.5095 4.333845722948945 0.6330823336071961 1.1759630748816219 0.47506889988773376
18 0.16 1.009 3.2391707499835753 0.5280377877839799 1.144269594471873 0.4962072117908741
18 0.16 2.5075 1.7418493098470813 0.3458484305325217 1.3634556034796212 0.36447137299484916
18 0.18 0.5095 4.258889294073114 0.6390754933027778 1.1734712321689371 0.47167256703606425
18 0.18 1.009 3.088291277770409 0.5217683765797586 1.168004887840228 0.4986551424383604
18 0.2 1.5085 2.294694990591589 0.4449787176698335 1.171042836859953 0.47427438807406996
18 0.2 10.0 2.0221755541615212E-11 3.0425910314702166E-13 0.0 0.0
18 0.22 0.5095 3.889992103269438 0.6243143814476882 1.1662317610607296 0.46477075599121653
18 0.22 1.009 2.885831661873739 0.5235009575073789 1.1963154115368535 0.4995407338150316
18 0.24 3.007 7.126670766789297 0.8247876266319906 3.7078355374943515 0.20959455911352778
18 0.26 4.006 1.8058791647689687 0.2705721222815258 0.030969146086253715 0.037920190148249135
18 0.28 6.004 0.5684202397847656 0.0877191728018982 0.0 0.0077457730435379415
18 0.28 6.5035 0.44114557029219736 0.06807802010413999 0.0 0.0
18 0.28 8.5015 0.25743146746891254 0.03972707831204186 0.0 0.0054771708036174885
18 0.3 4.006 2.2217947575784347 0.349566070601183 0.0732863854486715 0.05441699080713094
18 0.32 1.5085 1.997360968947952 0.43379355930112806 1.1903776906482006 0.48727710151180903
18 0.34 4.5055 1.5115652059620823 0.2544722568968071 0.0 0.039843290846003694
18 0.34 9.001 0.295998075546425 0.04983132584524502 0.0 0.005477170803617485
18 0.36 1.5085 1.9326890605943485 0.43543419465528194 1.170232551218627 0.4905401189016477
18 0.4 0.5095 2.827758000518844 0.608233193281089 1.16839697759711 0.43045184080125076
18 0.4 1.009 2.224510624374395 0.5113685250462635 1.1537950579872849 0.4951860409552049
18 0.42 4.006 1.419738062755465 0.2719804717927803 0.0 0.088808094410369
18 0.46 0.01 3.027998812494219 0.6806384923275823 1.146053320042553 0.06868464184330625
18 0.5 4.006 1.8022239835718985 0.397833197817962 0.08366820481948388 0.13764786425674763
18 0.56 1.5085 1.5763822602904694 0.464021933247775 1.151605917665998 0.49949013768634265
18 0.6 0.01 2.161629500602179 0.6828495786298908 1.1481712595650708 0.056828997046374646
18 0.62 4.5055 3.6216762382311787 1.0082374502832023 3.598542411854415 0.20991913526017456
18 0.64 0.01 1.891858843741955 0.690994611253797 1.1554621934698777 0.05523284434047545
18 0.66 6.004 1.2247486021919674 0.4002446412398616 0.0 0.12047064609744923
18 0.66 6.5035 1.3025778396459182 0.4256790325647017 0.0 0.09735764847601093
18 0.66 8.5015 0.7773014026227897 0.25402006621454337 0.0 0.053309530869325564
18 0.68 0.5095 1.4897781972573796 0.6037880566293619 1.1454599252169484 0.368095212120788
18 0.68 1.009 1.4039020830553417 0.5524695816475077 1.1561545013686678 0.46590297218156623
18 0.68 2.5075 1.0979569079299678 0.401691437182046 1.1596222627351624 0.4646635541130766
18 0.72 0.01 1.4593366260792946 0.6852964263841553 1.1455383376306603 0.05786833428766221
18 0.74 4.5055 0.8378171551874694 0.35221853543200665 1.219582334812519 0.3338022363360609
18 0.76 5.005 0.7499847657912412 0.3443764385984969 1.4230379895258662 0.31682689899570926
18 0.8 4.5055 0.7026715550593983 0.3842401484344954 1.1728563337661322 0.39291103158359825
18 0.8 9.001 0.9699565658890481 0.5384141542673144 0.3256943066026817 0.167413850477289
18 0.84 6.5035 0.5268203687226011 0.3616554636693981 1.2604245104401435 0.33741348764409795
18 0.86 5.5045 0.508624327200018 0.3974504063636159 1.196240783816564 0.4172096872024678
18 0.88 6.5035 0.4449059667178149 0.4070806422943846 1.227036278282279 0.41265133917482927
18 0.9 7.5025 0.37196171424020497 0.4117703712248227 1.1777998455818688 0.41685250158140313
18 0.92 4.006 0.3878171304030344 0.5186357244532561 1.145501391106995 0.4982022838109904
18 0.96 5.005 0.2049487601161742 0.5411706383405593 1.1249644389060582 0.4761874972109469
18 0.98 4.006 0.1413257209693832 0.5828374827944808 1.1221505357275328 0.4100392898387106
18 0.98 5.005 0.11614269238984463 0.57181190246346 1.128826340127565 0.4247623239009876
18 1.0 1.009 0.43166534293082065 0.6153209820070834 1.12245022188379 0.28157278132579705
18 1.02 4.006 0.13302723704325745 0.6200791469416508 1.1111684308844116 0.36643228214866713
18 1.06 5.5045 0.3517728622421524 0.6501405793116419 1.0633099271830926 0.46360576650848473
18 1.08 1.009 0.6373555071792241 0.6286864135909042 1.117932118971325 0.34537396209343796
18 1.1 8.5015 0.5691558233298528 0.6323953592553853 0.892282274721768 0.47224977665012086
18 1.12 0.5095 1.0502028734060294 0.6331358996136697 1.1098884612979827 0.30851667360720963
18 1.12 1.009 0.8189811378866332 0.6315325480570063 1.0962242956910244 0.36924958642454664
18 1.12 2.5075 0.7120597746556475 0.6512868710344554 1.0700929949022369 0.45714041253014204
18 1.14 8.002 0.7078330403719348 0.561772254263175 0.7675669884296851 0.40643278737932925
18 1.14 9.001 0.7432587779389475 0.5898879189988656 0.7233525169763421 0.36461218877885404
18 1.18 2.008 1.0919398410308996 0.6685274887141102 1.0607627614356943 0.4739225485446955
18 1.18 2.5075 1.0513172212103081 0.6475543714171784 1.0272545028827624 0.48977874281741324
18 1.22 4.5055 1.1833361986984123 0.5976445447975122 0.8233968651334683 0.43515421823295675
18 1.24 9.5005 1.009375309511319 0.4673033840324995 0.17871586474844411 0.1256684549819597
18 1.26 7.5025 0.9717445271824078 0.41527543896328445 0.3684647282503354 0.1761072658027266
18 1.26 8.002 0.8980744057122537 0.38379248106999486 0.3406437987711372 0.16833966948768855
18 1.26 9.001 0.9582738592155002 0.4095187432571643 0.1633047008542023 0.10915437900331067
18 1.28 4.006 1.5303387516895854 0.6072772824157481 0.7902162537607131 0.4040695822632303
18 1.3 0.01 3.095901325219492 0.6848946062702763 1.1467349155987758 0.06997030114662067
18 1.3 3.007 1.697875751073942 0.6288212901446057 0.8800627165441371 0.4609349874243285
18 1.32 7.5025 1.4056145642021913 0.48806061257020633 0.16690641877424925 0.10794033162436674
18 1.32 8.002 1.082980126504422 0.3760347661443508 0.08930531589553183 0.08366820481948416
18 1.32 9.001 0.9129598682589418 0.31699995425441096 0.0 0.05043335270709332
18 1.34 0.5095 2.163057398531827 0.6502814352098572 1.088978229902382 0.38937557909672
18 1.34 2.008 1.9684924906416492 0.6431819487933076 0.9574379744446063 0.4958688347639569
18 1.34 2.5075 1.979453600131872 0.6468546661488696 0.8814086615430401 0.46809477257993565
18 1.36 1.5085 2.131376967285163 0.6571285100755743 1.0054559733698187 0.4991335555808329
18 1.38 0.01 3.611845525404185 0.6819777156760056 1.1522556654381646 0.08023761474856643
18 1.38 3.007 2.031145251005077 0.5939021201779697 0.7669406564643271 0.3957873559817401
18 1.4 9.5005 0.989980906130691 0.27499469616116307 0.0 0.027375993236772818
18 1.42 1.009 2.512717400862751 0.6593158664716886 1.0498418927821633 0.48708307828151626
18 1.44 4.006 2.010346055272513 0.5076631452737427 0.5083471042347933 0.22848832692565624
18 1.5 0.5095 3.0198290014464217 0.6469827697888342 1.0765225563933316 0.4301322429201731
18 1.5 2.008 2.797620223082692 0.6216933829070704 0.841725142567061 0.43584802271319817
18 1.5 2.5075 2.569742525225873 0.5710538944957445 0.7338340083998444 0.3629147014871878
18 1.54 5.5045 1.361586802939348 0.28016189360436017 0.0 0.05682899704637471
18 1.56 7.5025 0.6071515358771392 0.12046657457250912 0.0 0.010953848645841122
18 1.58 5.005 1.3274124177896096 0.254293566617464 0.0 0.0642098276886403
18 1.6 6.004 0.6992197933150858 0.12948514694723628 0.0 0.021903753156752064
18 1.6 6.5035 0.3891967483815543 0.07207347191545435 0.0 0.0077457730435379355
18 1.64 7.5025 0.4817797949404952 0.08364232551494713 0.0 0.01224659137229589
18 1.66 0.01 5.430187704932987 0.6778240394357785 1.1360430517898314 0.089799694107286
18 1.66 3.007 2.5418918205693135 0.4279279159159031 0.3786075633050646 0.17642580974891936
18 1.7 3.007 2.7622986144864856 0.4384600975362781 0.3046014822648219 0.1546270060813175
18 1.72 8.002 1.1337533867228742E-10 5.325788642968231E-12 0.0 0.0
18 1.72 9.001 0.07791217580926083 0.012023483916824907 0.0 0.0054771708036174815
18 1.74 6.004 0.4040798233231941 0.060672646128145255 0.0 0.0
18 1.74 6.5035 8.721953983317491E-11 0.0 0.0 0.0
18 1.74 8.5015 8.721953983317491E-11 0.0 0.0 0.0
18 1.76 4.5055 1.6798205933912538 0.24558780605869843 0.0 0.03589357626051636
18 1.82 4.5055 1.1804332205431052 0.15995030091090698 0.0 0.020489699895458433
18 1.84 1.009 4.706916776138653 0.6225846431834807 0.8958077163911042 0.47097135146866964
18 1.86 2.008 3.6743149662476866 0.4747176958982524 0.5017929096640551 0.2354200320388424
18 1.9 6.004 1.1249659563646839E-10 0.0 0.0 0.0
18 1.9 6.5035 1.1249659563646839E-10 0.0 0.0 0.0
18 1.9 8.5015 1.1249659563646839E-10 0.0 0.0 0.0
18 1.92 0.5095 5.467037319455536 0.6575547666547467 1.0262481867254274 0.4931995486521669
18 1.92 2.008 3.7621478842379843 0.45436568650291614 0.4180920052162113 0.19900732164616505
18 1.92 2.5075 3.1676051527540268 0.382561008791482 0.1738163375084475 0.11703507478808338
18 1.94 5.005 1.231620779731281 0.1455816524692127 0.0 0.012246591372295916
18 1.96 0.5095 5.7408322805945335 0.6617600189256106 1.0204751993615275 0.49561647409285486
18 1.96 1.009 5.273171966796612 0.6102956546626852 0.8319039934366617 0.4412677569986396
18 1.96 2.5075 3.247242824171457 0.37583828983541906 0.1532362972375292 0.1057459137756803
18 1.98 5.5045 0.46590402605524084 0.052823585711674025 0.0 0.005477170803617487
20 0.0 4.006 0.7736716131163548 0.07736716131158267 0.7587949541327552 0.033744804238721116
20 0.0 5.005 0.22351520668517372 0.022351520668579553 0.5454003101800606 0.012246591372295942
20 0.02 4.006 1.329098590680967 0.15533897827602114 1.6933804079418935 0.08864171381486931
20 0.04 7.5025 3.5301706221575037E-12 6.292187458989999E-13 0.0 0.0
20 0.06 3.007 2.303793476298982 0.32219376351746354 1.5842849644598351 0.22435368119182816
20 0.1 0.5095 5.379131708867128 0.6325003795293005 1.2357140369897808 0.48675396377756547
20 0.1 1.009 4.224996711560586 0.547385728777765 1.2161398516348447 0.48490053460657245
20 0.14 3.007 4.615843811637484 0.4727130262904039 3.4852642697303686 0.27860040189074464
20 0.16 6.004 0.4116658883203935 0.04900784384931025 0.0 0.0
20 0.16 6.5035 2.4991344532254757E-11 0.0 0.0 0.0
20 0.16 8.5015 0.30794342232498134 0.03665993122931725 0.0 0.0
20 0.18 6.004 0.6609280927682336 0.08060098692388809 0.0 0.007745773043537927
20 0.18 6.5035 1.9646623360070002E-11 0.0 0.0 0.0
20 0.18 8.5015 1.2997154682267312E-11 6.292187458989999E-13 0.0 0.0
20 0.2 4.5055 0.9098613132557127 0.11373266415783602 0.0 0.014489927551992311
20 0.2 9.001 2.0514594766007234E-11 6.292187458989999E-13 0.0 0.0
20 0.22 6.004 0.4636019426568515 0.05943614649449324 0.0 0.0
20 0.22 6.5035 2.510698453122818E-11 6.292187458989999E-13 0.0 0.0
20 0.24 5.005 0.6650168177191325 0.08750221285851789 0.0 0.007745773043537923
20 0.26 1.5085 2.405073652425527 0.436471198201021 1.2272196119771939 0.47757725337926876
20 0.28 5.5045 1.003145690237324 0.13932579031616849 0.0 0.013415267434605634
20 0.3 1.5085 2.2502143333949642 0.4230860392613219 1.2034926439094773 0.48236768523678925
20 0.32 4.5055 1.2073073709591604 0.1775452016117366 0.0 0.03547428668770554
20 0.32 8.002 4.045551466297961E-11 0.0 0.0 0.0
20 0.32 9.001 1.4081421987501335E-11 6.292187458989999E-13 0.0 0.0
20 0.34 3.007 1.7859961774500706 0.31827153066774144 1.8326622185672066 0.33289668895936614
20 0.36 4.5055 1.2454561319556798 0.19460252061884126 0.0 0.02257753313920553
20 0.36 9.001 0.31566050609430496 0.04932195407665049 0.0 0.0
20 0.4 6.004 0.7988172984427715 0.13313621640638137 0.0 0.021208536066167773
20 0.4 6.5035 1.0569609349729865 0.17616015583068312 0.0 0.0212085360661678
20 0.4 8.5015 0.0 0.0 0.0 0.0
20 0.44 4.5055 1.6788059162459277 0.29978677075865273 0.0 0.08206156140574132
20 0.44 9.001 0.4115066189308279 0.07348332480333919 0.0 0.0
20 0.46 1.009 2.3903515196916882 0.5281121202431016 1.1918787469095358 0.4932892769010502
20 0.48 0.5095 2.8528168879001203 0.6190262035675337 1.1979698305758233 0.4140398331615604
20 0.48 2.008 1.7687018283786002 0.40324179816338945 1.2612824863935375 0.46800458305545145
20 0.48 2.5075 1.640267175542182 0.36377776978370846 1.3249290808493843 0.41651423552336364
20 0.52 0.5095 2.681327530767334 0.6326587705752997 1.2238848332088785 0.4072686294766749
20 0.52 1.009 2.206152580919184 0.5394327421109725 1.2045202322917965 0.4859958709982748
20 0.52 2.5075 1.5441105779516728 0.366600883732976 1.309142257170038 0.43011446064101055
20 0.54 4.5055 1.9188540284098234 0.41578189490853457 0.09397181383131926 0.1255528668248123
20 0.56 4.5055 1.7876413921802532 0.40623354551425067 0.024487670441671095 0.13951982993848414
20 0.56 8.002 0.6816574910736581 0.15492215705982043 0.0 0.023867986997354845
20 0.56 9.001 0.24083709476324247 0.05473570335380303 0.0 0.013415267434605624
20 0.58 0.5095 2.3218808051897883 0.6250985084710204 1.1969284321168914 0.3910341148209342
20 0.58 2.008 1.5862950036744043 0.42504095186466995 1.2048497394120938 0.48056958609021283
20 0.58 2.5075 1.4647119755534048 0.3838589200445418 1.2528616151002718 0.44022311851471313
20 0.6 0.5095 2.219788321790086 0.6259844329895659 1.2036533646260164 0.3848136844161092
20 0.6 1.009 1.8894487079457212 0.5425476096341999 1.195165372232231 0.47566568666112263
20 0.6 2.5075 1.4418507986926095 0.3978046557284239 1.2520730626620764 0.4482005150634692
20 0.64 0.5095 2.0033352156722115 0.6304402815326806 1.199669539797444 0.3754332604163606
20 0.64 1.009 1.7907934784549688 0.5642690229282292 1.207718224445845 0.46882236486739776
20 0.64 2.5075 1.3546535266771453 0.40349958395321744 1.2317059752259587 0.4522289962289603
20 0.66 5.5045 1.5880382771955837 0.4665091566899751 0.11565579899009303 0.15444237754026868
20 0.68 6.004 1.5320070520451166 0.4780601428300769 0.04273955350341178 0.15041227132787835
20 0.68 6.5035 1.3928046286369407 0.43525144644869174 0.0 0.12543716498041288
20 0.68 8.5015 1.2949091551496879 0.40465911098458085 0.0 0.05964302916353429
20 0.7 4.5055 1.0167382593335976 0.33775275546704236 1.371609196148235 0.29561884008380007
20 0.72 0.5095 1.576158566627223 0.6327602154854368 1.204763820560552 0.34864173088393374
20 0.72 1.009 1.4447976788600183 0.5714400873622472 1.1883682542845755 0.44830430008281236
20 0.76 3.5065 0.9679576098324045 0.40596498248283686 1.2402576839981303 0.43630242222572785
20 0.76 9.5005 0.7967495456064885 0.33197897733684145 0.0 0.09475234995353565
20 0.78 4.006 0.8832099219257414 0.3988959007979746 1.2292827081442466 0.412671865110013
20 0.78 5.005 0.7814421840819223 0.3520384457912393 1.3624912344113018 0.3383624659020478
20 0.8 3.007 0.9204762158170282 0.4629892875262547 1.199482767320422 0.48483253502744716
20 0.82 4.006 0.7612436541278108 0.4188690777486983 1.190994320603158 0.4466289973403915
20 0.82 5.005 0.7184067977541271 0.39363959835572854 1.26723191198533 0.38600383125070353
20 0.94 4.006 0.34228362658006034 0.548143903892672 1.1839428504677174 0.4777350865673523
20 0.94 5.005 0.32302993688339837 0.5268034120752763 1.1799493397489689 0.49331409361655315
20 0.96 1.5085 0.35542314221003557 0.6090473911666827 1.1602293129156165 0.3459696851946834
20 0.96 3.5065 0.2573471246748466 0.5823552328129786 1.1899438185982896 0.43266354567955345
20 0.98 1.5085 0.30099831635098356 0.620605581953741 1.1822764254623779 0.30878431589303995
20 1.0 6.5035 0.019744665141752916 0.6148893891083277 1.1727162622052805 0.2865270078703875
20 1.0 9.5005 0.0 0.6131221011813832 1.1701157616940614 0.2762613605118712
20 1.02 1.5085 0.297013198442146 0.6318033839832411 1.1686184686551429 0.2872122405256898
20 1.04 4.006 0.2615337144636816 0.6395525204387371 1.1497047315527005 0.3886488302453455
20 1.04 5.005 0.26306646830202807 0.6516423599677019 1.1410531082900792 0.4075674380038927
20 1.08 9.5005 0.5137933941023547 0.6422417426280729 0.9459846004086606 0.485586484372063
20 1.1 5.5045 0.6538646852454493 0.6537723419078939 1.0254242586174727 0.4996972994484038
20 1.12 6.004 0.7767807840107999 0.6473173200090325 0.9760199486389222 0.4896426903858659
20 1.12 6.5035 0.7737609601067523 0.6448008000890199 0.9534788085025535 0.48433667456302903
20 1.12 8.5015 0.7194717037394219 0.5995597531163351 0.8627626256713912 0.4291858772509504
20 1.14 0.01 1.819564493881684 0.6911733229682123 1.2043158587858922 0.04577784446988196
20 1.14 3.007 0.9284005378846854 0.6623072837885349 1.08204334707816 0.4868945387704561
20 1.16 5.005 1.0259854008506182 0.6412408755316755 0.947911729652733 0.4788953634544572
20 1.18 8.5015 0.9296044427865588 0.5164469126591849 0.6553029814260802 0.29135687520408865
20 1.2 4.006 1.3146886926820827 0.6573443463410364 0.9799587639284956 0.4789943015219278
20 1.26 0.01 2.6409567742855686 0.689849679563146 1.196856414334543 0.06512983327091028
20 1.28 1.5085 1.8629182483437923 0.663719766977612 1.0770215260979308 0.4866126083745154
20 1.32 0.01 3.133980140011148 0.6890356751180133 1.1954451640683585 0.06648556984469725
20 1.32 3.007 1.902039453069317 0.5943873290840643 0.8581602907128946 0.4416028871145477
20 1.34 6.004 1.469047142748666 0.4320726890446128 0.389096837903865 0.1674138504772899
20 1.34 8.5015 0.8647661260395131 0.2543429782435326 0.0 0.05914148394780363
20 1.36 4.5055 1.9087980446346815 0.5302216790654112 0.5978142094774809 0.25878721279301964
20 1.36 8.002 0.9316586010296803 0.25879405584143567 0.03589357626051632 0.06160780912788274
20 1.36 9.001 0.7806601036451384 0.21685002879231344 0.0 0.0379201901482492
20 1.42 6.5035 1.1251504708736682 0.26789296925647266 0.0 0.058125226152304754
20 1.42 9.5005 0.4021441784039316 0.09574861388145627 0.0 0.013415267434605666
20 1.44 1.5085 2.886451228161131 0.6558864330941032 1.0043340003374848 0.49684023140967026
20 1.46 3.5065 2.3621732077151067 0.5135159147210612 0.5943085710671389 0.25624077333592593
20 1.46 9.5005 0.5469822728161053 0.11890918974170168 0.0 0.015490151729404787
20 1.5 6.004 1.4037759651470432 0.28075519302926794 0.0 0.051603273845308065
20 1.5 6.5035 0.822906279544019 0.16458125590851302 0.0 0.030969146086253743
20 1.5 8.5015 0.43226107963354965 0.08645221592606561 0.0 0.009486453504339618
20 1.52 2.008 3.0244628018768496 0.5816274618994663 0.8641547901934797 0.4235451081423244
20 1.52 2.5075 2.8878503750943816 0.5553558413644081 0.7338766492799366 0.3508485523378315
20 1.58 1.5085 3.60970821804272 0.6223634858692998 0.9286482972556791 0.4648658941460702
20 1.58 3.5065 2.5649066563785294 0.4422252855820543 0.36440920046824415 0.1705054479620422
20 1.62 3.5065 2.568457031222665 0.41426726310040723 0.29553567890204535 0.14338484721883224
20 1.62 9.5005 0.308322357661599 0.049729412497962706 0.0 0.0
20 1.66 1.009 4.364052616292773 0.6611094920955302 1.003940135487981 0.496325308503558
20 1.68 4.5055 2.15501526771786 0.3169140099583792 0.013415267434605568 0.04642581229090765
20 1.68 9.001 0.7442705689156278 0.10945155426527903 0.0 0.005477170803617479
20 1.7 5.005 1.2311133130797918 0.17587333044291972 0.0 0.027375993236772922
20 1.72 0.01 6.04004259872246 0.6958218189484995 1.1984141115338276 0.08947042221894605
20 1.72 3.007 3.087945068425426 0.4288812595036542 0.2853854810034328 0.1491702382744304
20 1.74 5.5045 0.7280721220328755 0.09838812460550428 0.0 0.009486453504339621
20 1.76 3.007 2.7807744796927656 0.3658913789059664 0.1827399512087635 0.11489608866940727
20 1.78 2.008 4.187469583690725 0.5368550748320452 0.6267906826947685 0.2721443879434847
20 1.8 4.006 1.6216211998469678 0.20270264998183382 0.0 0.034185418145835006
20 1.8 5.005 1.6753195338512605 0.20941494173896233 0.0 0.023867986997354842
20 1.84 6.5035 0.3580908203681792 0.0426298595871158 0.0 0.0
20 1.88 0.5095 5.764573617472466 0.6535864214389185 1.066495790425248 0.48931111676948014
20 1.88 1.009 5.635886388567458 0.6404416350645504 0.9281773028043993 0.4622094326894807
20 1.88 2.5075 4.045649730178422 0.4597329238836861 0.2721443879434844 0.13574793894809675
20 1.9 5.5045 0.1830986324325729 0.020344292497271137 0.0 0.0
20 1.92 6.004 0.21905068784644002 0.02380985737038822 0.0 0.005477170803617487
20 1.92 8.5015 1.687646328238929E-10 0.0 0.0 0.0
20 1.94 3.5065 2.314832610860911 0.24625878838692122 0.0 0.027917725662414086
20 1.94 9.5005 1.66945390274772E-10 0.0 0.0 0.0
20 1.96 6.004 1.6652189183599153E-10 0.0 0.0 0.0
20 1.96 6.5035 1.6652189183599153E-10 0.0 0.0 0.0
20 1.96 8.5015 1.6652189183599153E-10 0.0 0.0 0.0
20 1.98 4.006 1.6529639708582047 0.16866979294094628 0.0 0.0154901517294048
20 2.0 4.5055 1.1484858120443682 0.11484858120379411 0.0 0.013415267434605567
