10 0.0 4.006 0.3826799728097527 0.07653599456196003 0.6817665348467024 0.10236190171399888
10 0.0 5.005 0.2513751143573229 0.05027502287147309 0.620594854633271 0.08661941221386159
10 0.02 4.006 0.5476608611207578 0.1249487932759699 0.7431715414162892 0.11438665463920723
10 0.04 7.5025 0.22824121214500023 0.03411762535859498 0.6785978007202417 0.029483076631447
10 0.06 3.007 0.9489669987000748 0.2448511055465189 0.9677173839081007 0.2334419547969816
10 0.1 0.5095 2.2560442165894825 0.5856538489929756 0.9488292408598985 0.47122742226187975
10 0.1 1.009 1.7506883340767927 0.4905639342291619 0.9247592345981853 0.49612868604072585
10 0.14 3.007 1.1153575445548574 0.31519790465464465 1.1205491285738542 0.3082103369176328
10 0.16 6.004 0.17317194020632018 0.03793843611727737 0.06232839764092639 0.009486453504339621
10 0.16 6.5035 0.35820808871226406 0.060734637578461224 0.2456960847193397 0.013415267434605572
10 0.16 8.5015 0.2555016606020615 0.047796564304917 0.14820704723833034 0.005477170803617491
10 0.18 6.004 0.2012962841418244 0.04909665466871979 0.0 0.007745773043537925
10 0.18 6.5035 0.6256658157754293 0.12033793698895091 0.31571130195745944 0.019744665141752892
10 0.18 8.5015 4.101917544955907E-12 4.726469128334501E-13 0.0 0.007745773043537922
10 0.2 4.5055 1.0192776237316827 0.2075549463685985 0.4627566822914168 0.044453340025253696
10 0.2 9.001 0.1834432017302985 0.04586080043227328 0.0 0.005477170803617487
10 0.22 6.004 0.1784939148914218 0.04576767048495694 0.0 0.009486453504339581
10 0.22 6.5035 0.5397143062724512 0.1383882836612388 0.0 0.015490151729404784
10 0.24 5.005 0.6303150679226239 0.1513204235451952 0.12670166995773535 0.02568211448502377
10 0.26 1.5085 1.0491358281194891 0.4240375597767742 0.9248893230914073 0.49455356819721646
10 0.26 10.0 1.15142215994325E-11 4.726469128334501E-13 0.0 0.005477170803617487
10 0.28 5.5045 0.6640383413116647 0.1822210578213504 0.056302038164163945 0.025092018731697984
10 0.3 1.5085 1.0090017258556998 0.425218200582926 0.9430368002330566 0.496772008294627
10 0.3 10.0 0.24618960701117287 0.07033988771685834 0.0 0.005477170803617486
10 0.32 4.5055 0.9264766963520737 0.2538556724477436 0.16384224108138137 0.050433352707093
10 0.32 8.002 8.959364871093365E-12 4.726469128334501E-13 0.0 0.007745773043537936
10 0.32 9.001 0.13480657628622594 0.03964899302498122 0.0 0.007745773043537931
10 0.34 3.007 1.6599308524770786 0.4296518605030226 1.596551329474982 0.34578177449593417
10 0.36 4.5055 1.1756749318131365 0.32014961646506174 0.5880094555514859 0.08454722064683415
10 0.36 9.001 0.09954976924884429 0.031109302890184615 0.0 0.007745773043537918
10 0.4 6.004 0.4402725105103024 0.1467575035038245 0.0 0.025682114485023756
10 0.4 6.5035 0.5629377533527333 0.18764591778434941 0.0 0.027917725662414135
10 0.4 8.5015 0.22802293379390623 0.07600764459950642 0.0 0.009486453504339623
10 0.42 10.0 0.16104234531990277 0.055531843214315764 0.0 0.005477170803617485
10 0.44 4.5055 0.8619996832540541 0.30005183407366587 0.2755647371416442 0.0758718270230124
10 0.44 9.001 0.23273633315347592 0.08312011898357671 0.0 0.005477170803617485
10 0.46 1.009 0.9591681613745563 0.48628869297194854 0.9097244779488215 0.48351008048103467
10 0.48 0.5095 1.0229691286329043 0.5512276923604986 0.9067355785290142 0.3971245484133039
10 0.48 2.008 0.860939533731287 0.39520418197152407 0.9924359891726351 0.4815808559786979
10 0.48 2.5075 0.9338347385115096 0.38451295080331827 1.1280671968010183 0.4383969385382174
10 0.48 7.003 0.3617028461172312 0.13911647927512624 0.0 0.018162995378570298
10 0.5 10.0 0.14791167373045075 0.059164669492107205 0.0 0.007745773043537938
10 0.52 0.5095 0.9699046813968987 0.5465399238489901 0.9096158541689219 0.3967338701873607
10 0.52 1.009 0.8960766967904379 0.483443535509808 0.9033936338953515 0.4819889590155536
10 0.52 2.5075 0.8202391953801899 0.3711191680056124 1.0555198998598927 0.44555059037826045
10 0.54 4.5055 1.2059382083714107 0.48218312777283934 1.0243153494849573 0.15609534281109377
10 0.56 4.5055 1.4151424337160903 0.5956076887429822 1.5062231430210369 0.1831977262212698
10 0.56 8.002 0.4303269379009106 0.1956031535883631 0.0 0.03374480423872114
10 0.56 9.001 0.31536332390163435 0.14334696541130948 0.0 0.018970345313988352
10 0.58 0.5095 0.914867249264785 0.5456431823808636 0.8979519282147636 0.3996726163373542
10 0.58 2.008 0.7658449279656669 0.40102473976519815 0.9475019076397181 0.4843597444083288
10 0.58 2.5075 0.7656550359535975 0.37400575825634746 1.013593694181111 0.4456116857107417
10 0.58 7.003 0.43372514311376914 0.206535782435461 0.0 0.05330953086932559
10 0.6 0.5095 0.9122773023174968 0.5540153234122691 0.9012438266407697 0.39627291531111875
10 0.6 1.009 0.8299804945500645 0.4819260801398749 0.8995776677208318 0.48077584495489956
10 0.6 2.5075 0.7359216187842393 0.3802574958462851 1.0039430942459888 0.44918887512258987
10 0.64 0.5095 0.8823744712921082 0.5456082475842354 0.8967224167209688 0.40072867715873406
10 0.64 1.009 0.7952445243528938 0.4865616513340755 0.8907792633878134 0.48119333721076274
10 0.64 2.5075 0.7134123762278429 0.3873112535957736 1.009878683879607 0.45117523663181097
10 0.66 5.5045 1.0321348926615304 0.5842046266144884 1.441313274717158 0.17124793122057164
10 0.68 6.004 0.9135966974054148 0.5580847689627488 1.2356983926509808 0.1554548344143006
10 0.68 6.5035 0.9321901328426574 0.5714604992248156 1.242367930497223 0.13262508891373312
10 0.68 8.5015 0.4781243710980639 0.2988277319355141 0.0 0.0555020981205857
10 0.7 4.5055 0.6392685729790534 0.40165517879324775 1.1923599964611147 0.30158199250155376
10 0.72 0.5095 0.8732709454329743 0.548261540078234 0.8918959139809318 0.3991303523680947
10 0.72 1.009 0.7349885680373539 0.496011274538553 0.8980147142764459 0.47851531843473366
10 0.76 3.5065 0.504526293672553 0.39149560669636413 1.005338278218632 0.4198567570473188
10 0.76 9.5005 0.5140198528384471 0.4266406473578617 0.7103933822280194 0.10003944233701731
10 0.78 4.006 0.4622544424579744 0.3905226923736573 1.0483412295748273 0.4013095588677043
10 0.78 5.005 0.4389770221875491 0.377999274044361 1.102056548166447 0.33427004092162543
10 0.8 3.007 0.4642133982753193 0.41136519693405205 0.9469306892281152 0.46592634146382
10 0.82 4.006 0.3886032107153995 0.39047519590584284 0.9520303944005927 0.4245572084511311
10 0.82 5.005 0.37268310768793234 0.38893141904167333 1.0271135494133865 0.37758289955989094
10 0.92 10.0 0.15820544902934786 0.39359513742379937 0.9919174776129096 0.38765002425466305
10 0.94 4.006 0.1835610259782565 0.4524557663448863 0.8785800181690369 0.49890340448198073
10 0.94 5.005 0.15533906790607238 0.44168261631592676 0.8807331587638579 0.4933981200122681
10 0.96 1.5085 0.4344615518118625 0.49894209774844445 0.8566850099393102 0.47405353376746
10 0.96 3.5065 0.1723657063721019 0.4678389253227805 0.8558946270367583 0.4986771609574945
10 0.98 1.5085 0.4348381599531979 0.5006716655104114 0.8498950411248755 0.4692875922455262
10 0.98 10.0 0.04692975437387876 0.45446768537327065 0.8681710892677449 0.4998284480351156
10 1.0 6.5035 0.029483076631446795 0.4834692548627497 0.8337648791477686 0.4780305669237839
10 1.0 9.5005 0.014489927551992361 0.4928665848298902 0.8544941747274141 0.4775027724072639
10 1.02 1.5085 0.43890023721940713 0.5101681451097204 0.8504509233794249 0.46815106973026505
10 1.02 10.0 0.052025886115431984 0.5202588611540464 0.8169819686738018 0.48922896387895665
10 1.04 4.006 0.1314998449681173 0.5154456576389777 0.824239534921596 0.4879106036765735
10 1.04 5.005 0.11742440387758468 0.5221170611350175 0.8164392967037177 0.49056970703637803
10 1.08 9.5005 0.2323394601573876 0.5808486503934814 0.722532316491745 0.4824494553544245
10 1.1 5.5045 0.28788850363929225 0.5723162945348494 0.7584565572605725 0.49839613166901553
10 1.12 6.004 0.3559256142853249 0.5930147946323617 0.7319978431653621 0.486838402379169
10 1.12 6.5035 0.3441474061004987 0.5734083325367721 0.708628437587576 0.4801099588535672
10 1.12 8.5015 0.34578270708010184 0.5760736126488517 0.6334736623502596 0.43442163771634734
10 1.14 0.01 3.460270021362198 0.6523769502000094 0.9359738449897121 0.1014974732921442
10 1.14 3.007 0.4081052596436881 0.559140564195465 0.7833431426635012 0.4997119239420563
10 1.16 5.005 0.46775758781169446 0.5844764708941409 0.7006859785166156 0.47755864553268784
10 1.18 8.5015 0.457352330066899 0.5081692556301727 0.41218391814595884 0.29878463982481546
10 1.2 4.006 0.5848211253151812 0.5834421667898728 0.703707721467848 0.4764461225955383
10 1.26 0.01 4.117524090978654 0.6519267450505397 0.9255335810478323 0.1058844610273454
10 1.28 1.5085 0.8613470164128336 0.5634992914290072 0.7893802630625028 0.49878032462361155
10 1.28 10.0 0.3891607451428713 0.277971960815051 0.021208536066167828 0.07468992110902627
10 1.32 0.01 4.403233114749934 0.6539128470288729 0.9315901547200977 0.11075138529047705
10 1.32 3.007 0.9232572321724435 0.5763556873039882 0.6603904533923208 0.4501080609896414
10 1.34 6.004 0.7163568306076037 0.4213863709456872 0.19932101951188536 0.19143872523466676
10 1.34 8.5015 0.5227914805828533 0.3075244003430508 0.03238684935478698 0.0864486840139568
10 1.36 4.5055 0.8936195839587614 0.496455324421445 0.38115939041855845 0.28245122451321375
10 1.36 8.002 0.5345350923092517 0.29696394017089184 0.03671772076749124 0.08366820481948353
10 1.36 9.001 0.4092145914749643 0.2273414397090745 0.007745773043537922 0.05914148394780365
10 1.42 6.5035 0.6888483860479185 0.3280230409748708 0.06420982768863998 0.09126622982472112
10 1.42 9.5005 0.40534222483934307 0.19302010706633507 0.0 0.03589357626051631
10 1.44 1.5085 1.3069146880899138 0.5814905275817406 0.7414165891887984 0.493486499065028
10 1.44 10.0 0.29990582982329317 0.13632083173879483 0.0 0.021903753156752172
10 1.46 3.5065 1.1548623292051674 0.5021140561756587 0.3804799228333028 0.27209814339831606
10 1.46 9.5005 0.37553122884338297 0.1632744473210907 0.0 0.023231741281486258
10 1.5 6.004 0.6888317522647094 0.27553270090598997 0.020489699895458374 0.07308363078622612
10 1.5 6.5035 0.5765495274240595 0.23061981096946613 0.0 0.05043335270709325
10 1.5 8.5015 0.4159022648563673 0.16636090594240338 0.0 0.02257753313920558
10 1.52 2.008 1.4735388117336148 0.5655622886198725 0.6281204422131221 0.4295081783437238
10 1.52 2.5075 1.401316695091383 0.5388167608928357 0.5256389190238181 0.3657904728120449
10 1.52 7.003 0.6527542767091992 0.2510593371947359 0.03418541814583526 0.04273955350341158
10 1.58 1.5085 1.7131891049942907 0.5867534559972157 0.6752812123434563 0.4635451410617927
10 1.58 3.5065 1.212656845551237 0.4181575329486986 0.21277902189814998 0.19027644614082243
10 1.58 10.0 0.1560867049123816 0.05382300169464886 0.0 0.0
10 1.62 3.5065 1.29105787848229 0.41647028338133424 0.16833966948768891 0.16460118337947302
10 1.62 9.5005 0.2661913894829306 0.08586819015180402 0.0 0.009486453504339635
10 1.66 1.009 1.973381821396312 0.5815125833537808 0.7363452378914036 0.49379105080260977
10 1.68 4.5055 0.8957278091423532 0.26344935563079036 0.0 0.06535777677112747
10 1.68 9.001 0.25950212473907047 0.07632415433769213 0.0 0.0
10 1.7 5.005 0.6561654858843737 0.18747585310943782 0.0 0.04058687013541675
10 1.72 0.01 6.526777841216415 0.65192044495501 0.9311755038096884 0.13392682009088336
10 1.72 3.007 1.4325520719664933 0.39793113110162376 0.13972614919884152 0.16716035139876217
10 1.74 5.5045 0.5946890553529067 0.16072677171556043 0.0 0.02323174128148631
10 1.76 3.007 1.4509459485512237 0.3818278811976108 0.1088858183656477 0.14438326613182764
10 1.78 2.008 1.91638885513991 0.4913817577281187 0.4095529079346176 0.29418116627636515
10 1.78 7.003 0.3376681221483578 0.08658156978153565 0.0 0.007745773043537941
10 1.8 4.006 1.106396628920428 0.2765991572300353 0.0 0.05496225515851074
10 1.8 5.005 0.7279280687505943 0.18198201718897158 0.0 0.0268232884869817
10 1.84 6.5035 0.26808423902765716 0.06382958071805471 0.0 0.007745773043537927
10 1.88 0.5095 2.819067675186964 0.5836638972942237 0.7958216614955248 0.4982073925019411
10 1.88 1.009 2.5701987166053746 0.5798751798197673 0.6764712289952058 0.4630703226310764
10 1.88 2.5075 1.6952515599033742 0.3852844454330362 0.13912317151108516 0.1583594532317257
10 1.9 5.5045 0.056095557876826053 0.01246567952818504 0.0 0.0
10 1.92 6.004 0.49051032041754483 0.10663267835420714 0.0 0.014489927551992372
10 1.92 8.5015 4.210870338148628E-11 0.0 0.0 0.0
10 1.94 3.5065 1.110876006313509 0.23635659708774354 0.0 0.044115949929916035
10 1.94 9.5005 3.899750280895381E-11 0.0 0.0 0.0
10 1.96 6.004 0.43141129665334255 0.08987735346676028 0.0 0.010953848645841148
10 1.96 6.5035 0.3188326843623603 0.0664234759108563 0.0 0.00774577304353794
10 1.96 8.5015 3.9450532894549743E-11 0.0 0.0 0.0
10 1.98 4.006 0.8739965119723921 0.17836663509701384 0.0 0.03144884433329316
10 2.0 4.5055 0.7069221391432293 0.14138442782855615 0.0 0.014489927551992297
12 0.0 1.5085 2.3116099974175697 0.38526833290297263 0.9172011553027271 0.31106313123968227
12 0.0 10.0 0.0 6.516781781991952E-13 0.6033674850781997 0.04953759239971411
12 0.02 1.5085 2.1693151986611956 0.41262434931242287 0.956726267712742 0.3637372550049737
12 0.02 10.0 0.17331694855931556 6.496940023513818E-13 1.1279418037413613 0.005477170803617479
12 0.04 0.01 3.772360526200282 0.6671988768505588 1.0008113664254714 0.09318449854041709
12 0.06 5.005 0.7949640727927151 0.15038444957856 1.1334392192845197 0.0730836307862257
12 0.08 4.006 1.2628358329257328 0.23583028378873006 1.41958049803988 0.15079217427223957
12 0.1 6.004 7.773195927937761E-12 6.516781781991952E-13 0.0 0.0
12 0.1 6.5035 0.5270514545451251 0.07975550070134847 0.6097633436514621 0.01448992755199232
12 0.1 8.5015 0.21641889962982966 0.04007757400650969 0.0 0.005477170803617487
12 0.12 0.5095 2.752863265014601 0.6047549484813651 1.0287236679924265 0.4715563475244327
12 0.12 2.008 1.3360470123328954 0.36625686588909084 1.0092415758965432 0.4073113563452059
12 0.12 2.5075 1.3293854454890466 0.34451900399720353 1.1134002728786507 0.34600098461872986
12 0.12 7.003 0.23352322997708713 0.044227884467105856 0.0 0.0077457730435379415
12 0.14 5.005 0.045362402628611756 0.008791163300295834 0.0 0.0
12 0.16 5.5045 0.6111562963432637 0.10212630858275241 0.16741385047728932 0.009486453504339637
12 0.2 3.007 2.019562308403723 0.3930300867673967 1.7794427801329293 0.32729944832238284
12 0.24 1.5085 1.3431895339125879 0.43242229310246616 1.0068055844739277 0.48957431633800497
12 0.24 3.5065 3.1326929738253595 0.5180648286090435 2.009870779279704 0.18696219660231225
12 0.24 9.5005 0.19799152807792128 0.04341919475531027 0.0 0.0
12 0.26 4.5055 0.8146028316310785 0.18149541764509297 0.04021681024652777 0.021208536066167776
12 0.26 8.002 1.0506092974631346E-11 6.516781781991952E-13 0.0 0.0
12 0.26 9.001 1.0506092974631346E-11 6.516781781991952E-13 0.0 0.0
12 0.3 4.5055 0.8039228481435533 0.18806245540237396 0.053309530869325605 0.037523672794935785
12 0.3 8.002 0.2220861417463244 0.05287765279569979 0.0 0.0
12 0.3 9.001 1.5952210226949796E-11 6.516781781991952E-13 0.0 0.0
12 0.32 3.007 2.5068884537719365 0.5003396506897944 2.119964077625363 0.3073653705025747
12 0.34 5.005 0.859238587832443 0.21679590656769662 0.017317996446759475 0.04674639930709696
12 0.36 3.007 2.039985495846606 0.45925347848943787 1.904306348516063 0.3422377944592697
12 0.38 2.008 1.1013930150924016 0.3873462274038454 1.080631739439474 0.4665308234548251
12 0.38 2.5075 1.1639534985300104 0.3714957175552158 1.3169778893129778 0.4206303863680876
12 0.38 7.003 0.4831797077097465 0.12988701820260534 0.0 0.010953848645841152
12 0.42 4.5055 0.9299400277736438 0.2662877202346484 0.025092018731697856 0.06911590432652334
12 0.42 9.001 0.16282602539548746 0.046789087759134936 0.0 0.005477170803617486
12 0.44 3.007 1.4512511275067033 0.40686759212389234 1.6851142608639909 0.35440711051151486
12 0.46 6.5035 0.544681634455143 0.1681116155737371 0.0 0.026258918576930294
12 0.48 6.004 0.8572200690678871 0.27475002213726696 0.0 0.043775939019681964
12 0.48 8.5015 0.3494641884933091 0.11200775272376216 0.0 0.02190375315675212
12 0.5 4.5055 1.1365628212874472 0.37655502916740335 0.08115485099622127 0.10264835670996444
12 0.52 6.004 0.6505123191173546 0.22587233302704204 0.0 0.05888908660735346
12 0.52 6.5035 0.7389447187453762 0.2565780273434904 0.0 0.038312580463280725
12 0.52 8.5015 0.31040315791058626 0.10777887427335367 0.0 0.012246591372295945
12 0.56 3.007 1.0552439963586862 0.39063245950427894 1.3944950639654805 0.3816714336943526
12 0.58 6.004 0.5772473836233792 0.22906642207247166 0.0 0.06626157404496358
12 0.58 6.5035 0.5959034023022345 0.2364696040874478 0.0 0.05682899704637466
12 0.58 8.5015 0.4278774988993016 0.16979265829397414 0.0 0.022577533139205533
12 0.6 6.004 0.7529892037753233 0.3137455015727362 0.0 0.08005287263213907
12 0.6 6.5035 0.6591603679434708 0.2746501533094512 0.0 0.06420982768864021
12 0.6 8.5015 0.41474658313726614 0.17281107630650624 0.0 0.023867986997354946
12 0.62 5.005 1.5364583828594158 0.646360616132924 1.4004291684957468 0.1580896599452117
12 0.64 6.004 1.1153070446409752 0.5059053375623469 1.041235719229132 0.11678557836485925
12 0.64 6.5035 0.7149078186658454 0.33074356385869036 0.036717720767491205 0.09223052714258942
12 0.64 8.5015 0.5307281312545284 0.24570746817152717 0.0 0.04610297653710266
12 0.66 4.006 0.8084651850939417 0.3771870474350366 1.3690142108742898 0.3143568720695223
12 0.68 5.5045 1.4155896147317508 0.7166768348047766 2.0183676528410124 0.1763462353617807
12 0.72 6.004 1.1853107262949805 0.6895791092591373 1.896441907309637 0.19914555962509545
12 0.72 6.5035 1.1786028466362906 0.6910232649405339 1.8605907707801324 0.17091838951641164
12 0.72 8.5015 0.4948394207219262 0.29454727423847055 0.0 0.0774189883956198
12 0.74 5.005 0.6501018017183742 0.4015399814635451 1.3656276808059142 0.2932719542213519
12 0.76 7.5025 1.016147924337686 0.699017710551951 1.9411072570777033 0.16365155479567636
12 0.76 8.002 0.6669276816772496 0.46130501885336916 0.5662968607036399 0.13532181821021255
12 0.78 1.5085 0.6769247607274825 0.4792391476541772 0.9656263517240912 0.49571595284607073
12 0.78 10.0 0.593461174068079 0.4495917985383385 0.056302038164163744 0.09568027829534313
12 0.8 5.005 0.48379674884176127 0.3881618415480733 1.1688518259075222 0.3492882072184563
12 0.82 1.5085 0.6196534414594939 0.4896575864085423 0.9621605285275051 0.4923061243731095
12 0.82 10.0 0.6676931627928905 0.6175329063355596 1.5155131334167875 0.16041111678397568
12 0.86 7.003 0.32436888036230144 0.3798669375780726 1.1551230260343717 0.34690631096044044
12 0.9 0.5095 0.8848903107775521 0.5741061548286653 0.9616471286979181 0.3740286783837001
12 0.9 1.009 0.6132451983917051 0.5313721704160228 0.9469822410297382 0.4434802699014201
12 0.9 2.008 0.41614703903314115 0.49035791819775765 0.9510099761732982 0.4927107269077344
12 0.9 2.5075 0.3732224593869181 0.47932032805963454 0.9467292437210554 0.4994282954175351
12 0.92 4.5055 0.23792954234005032 0.44818889545294743 0.9662641586659899 0.493119280075713
12 0.94 1.5085 0.436266401965201 0.5222989160365824 0.9323692683960246 0.4629724983274145
12 0.94 10.0 0.14855046061268748 0.4100631494242909 1.0175125812433619 0.4415550819887486
12 0.96 7.5025 0.11175524076796689 0.4561284872814299 0.9562428132434233 0.49721191453198715
12 0.96 8.002 0.10966160759825953 0.4524741180859753 0.9619766890073682 0.49499531871053776
12 0.96 9.001 0.1098321507431699 0.4567941189781881 0.9781312668469381 0.49138450724554966
12 0.98 4.5055 0.1069632072936905 0.501758173962006 0.9346483037486348 0.4821623826480686
12 0.98 8.002 0.06095491891541583 0.48638136971302626 0.9374292703129027 0.4962332065423423
12 0.98 9.001 0.05818481261890183 0.47872658204286106 0.9444895937872942 0.4979403019480802
12 1.02 4.5055 0.09998941035894533 0.5353658133620294 0.9190247396584057 0.46239484691421157
12 1.02 9.001 0.06822123642675855 0.5565438710031202 0.9001948310531059 0.4729133050304134
12 1.04 1.5085 0.4386288866920013 0.5495522479334292 0.9224337609984462 0.44206379215574865
12 1.04 10.0 0.1413372375853533 0.5875890328795547 0.8680542300278492 0.4947307854413873
12 1.06 7.003 0.21193533596998468 0.5880576393103779 0.8676669285455009 0.49666481150770503
12 1.1 4.006 0.3631402850713618 0.5959316613090817 0.8642291015870621 0.4953976567977488
12 1.12 5.5045 0.4382955935037181 0.608431372146177 0.8091379827867337 0.4954263262853937
12 1.14 1.009 0.7889900438082503 0.5728674300348418 0.9187727991371244 0.4479181953582909
12 1.16 1.5085 0.6585370388766533 0.5724198952868357 0.9033695152585152 0.4732827080927229
12 1.16 3.5065 0.5825098081561312 0.6025225309800893 0.8259238431202263 0.4997705977180447
12 1.16 10.0 0.4797568009250995 0.49974666763085 0.4513533135389694 0.2800257816189416
12 1.18 5.5045 0.6386658965757974 0.5913573116443525 0.7121443892253296 0.4419527400263761
12 1.2 1.5085 0.7889534149527246 0.5842158506165893 0.9031920494581277 0.48254731501424397
12 1.2 10.0 0.5433012270746067 0.4527510225629877 0.25156486869955713 0.18777864468266384
12 1.22 4.006 0.7949570106101949 0.602066900042647 0.7415710005350076 0.4647588536384008
12 1.22 5.005 0.7601034192529639 0.5758359236763817 0.6618896378617003 0.4130817120971572
12 1.26 1.009 1.0745702856598336 0.5796953325026916 0.895456016924107 0.4720406312183212
12 1.28 4.5055 0.9448856220632031 0.5624319178946796 0.6013069961935218 0.3750898509746379
12 1.28 8.002 0.660841308216062 0.39335792155671967 0.17063015928994016 0.1420754667409348
12 1.28 9.001 0.65502566311064 0.38989622803892865 0.08541692771894704 0.1132315834414117
12 1.3 3.5065 1.070380778360707 0.5946559879782133 0.6767514106870242 0.42697697940644536
12 1.3 9.5005 0.5728971892272684 0.31827621623889557 0.021208536066167783 0.0750860048347648
12 1.32 1.009 1.2734495184966237 0.5923990645913372 0.8832290459561114 0.48276644520120293
12 1.34 5.5045 0.9146235388464 0.4483448719850655 0.29794540691727367 0.20750268223562776
12 1.36 3.007 1.2624451579861713 0.5844320836374666 0.6692350945919215 0.4184323253274141
12 1.38 3.5065 1.2786636383759817 0.5608173852528376 0.5677159217872823 0.3498711075904422
12 1.38 9.5005 0.38114852656073717 0.1671704063764946 0.0 0.02048969989545834
12 1.44 4.5055 1.1348479864809546 0.42986666154581604 0.23150096626957015 0.1900575925564128
12 1.44 9.001 0.48215355129873794 0.18263392093836905 0.0 0.024487670441671053
12 1.46 7.5025 0.5018710414355103 0.18183733385552123 0.0 0.04238841861380327
12 1.48 0.5095 2.079054223926424 0.5917674349633378 0.9078386416400465 0.45884866690567694
12 1.48 2.008 1.7376619989229833 0.6027424975165248 0.7127510946048262 0.44772450856272866
12 1.48 2.5075 1.608451791431374 0.5584088731232008 0.632183293612513 0.38511207072304626
12 1.5 5.5045 1.0853314211302643 0.3617771403776207 0.025682114485023725 0.08005287263213967
12 1.54 2.008 1.8730768346692404 0.5779271191026948 0.6596948114200959 0.4147891699813939
12 1.54 7.003 0.41736810085548437 0.12881731506193733 0.0 0.021208536066167696
12 1.56 0.5095 2.3761112527409685 0.6079607003020479 0.9032243704199592 0.47008707004731054
12 1.56 2.008 1.8967593586218685 0.5644250935525812 0.6463839896384679 0.40709758872864693
12 1.56 2.5075 1.7599143029518896 0.5237840187359699 0.5360407080260426 0.33269485367748086
12 1.58 7.5025 0.2649998758466436 0.07614938962283241 0.0 0.012246591372295976
12 1.58 8.002 0.39721807393011016 0.11414312468736496 0.0 0.013415267434605645
12 1.58 9.001 0.32799172422634576 0.09425049547416738 0.0 0.0077457730435379355
12 1.62 7.5025 0.3536854227587688 0.09507672654472225 0.0 0.013415267434605593
12 1.64 0.5095 2.578899777668749 0.602739885372595 0.8802268136466467 0.476129818693702
12 1.64 2.008 2.130706537619947 0.5548332188708279 0.5942373476906035 0.3638504014774908
12 1.64 2.5075 1.8898620619141793 0.4921515786238648 0.4395472626699881 0.2777041391832943
12 1.66 9.5005 0.1345387290428194 0.03397442653051683 0.0 0.0
12 1.68 3.007 1.947685681270876 0.4773739414904539 0.23040514674221355 0.17402050101844022
12 1.7 3.5065 1.4618540253540464 0.34806048222611813 0.10904640109238922 0.12179223813311722
12 1.7 9.5005 0.06181558713896286 0.014717996940332292 0.0 0.005477170803617486
12 1.72 1.009 2.696137532065624 0.6191488096969919 0.7893786737287255 0.4903974323461342
12 1.74 4.006 1.0712899734158392 0.24128152554621934 0.005477170803617485 0.06581125427808154
12 1.76 5.005 0.8247226589652086 0.18086023222340417 0.0 0.027375993236772863
12 1.8 1.5085 2.7989638321345782 0.5830175568524885 0.6293062443005889 0.38550903693369964
12 1.8 10.0 6.218556742350209E-11 0.0 0.0 0.0
12 1.82 5.005 0.456178784626335 0.09271926517455635 0.0 0.01095384864584111
12 1.88 6.004 0.6076528500930656 0.11508576706410045 0.0 0.013415267434605591
12 1.88 6.5035 0.3286290520054111 0.06224035076799089 0.0 0.007745773043537917
12 1.88 8.5015 4.141150840362351E-11 0.0 0.0 0.0
12 1.9 4.006 1.1326367511792446 0.20974754650668348 0.0 0.033298333478293314
12 1.92 5.5045 0.6476434602079514 0.11732671380156022 0.0 0.009486453504339595
12 1.94 7.5025 2.7066438611292304E-11 0.0 0.0 0.0
12 1.94 8.002 2.7066438611292304E-11 0.0 0.0 0.0
12 1.96 5.5045 0.6089351280848632 0.10571790418269887 0.0 0.010953848645841131
12 1.98 7.003 0.15404289982791416 0.026197772084291585 0.0 0.0054771708036174815
14 0.0 4.5055 0.33684771137546216 0.048121101626042 0.49813369076773745 0.044115949929916035
14 0.0 8.002 0.13817061045186899 0.019738658636387147 0.6374239850271516 0.030481870164767517
14 0.0 9.001 0.0 3.6876341600585214E-13 0.5437256776932652 0.03144884433329329
14 0.02 4.5055 0.6919367873797847 0.10391551101910135 1.2281911332390805 0.04478816853367405
14 0.02 8.002 0.2785821797024246 0.04767788983310207 0.8412994482310927 0.021903753156752165
14 0.02 9.001 0.019749919910624844 3.6876341600585214E-13 0.0 0.0
14 0.04 0.5095 4.0770470044353555 0.6363959194731857 1.1059749975644524 0.49128259338430197
14 0.04 1.009 3.2522432678907647 0.5398160848592667 1.059952238422669 0.46973803838510164
14 0.04 2.5075 1.4744458977989168 0.2850930581964646 1.003720782113936 0.2478635173821572
14 0.06 1.5085 2.3008175368808623 0.4400555981738783 1.014968799022614 0.41022757143694444
14 0.06 3.5065 1.5430896518071202 0.2689314227398975 1.4326712829677486 0.1681717660257729
14 0.06 9.5005 8.344512364567366E-12 3.6876341600585214E-13 0.0 0.0
14 0.08 1.5085 2.120471574192886 0.4307846611912611 1.0235140129964868 0.43046956941990716
14 0.08 10.0 6.787641942133129E-12 3.6876341600585214E-13 0.0 0.0
14 0.12 6.004 0.5128557160396358 0.08325579806172019 0.0 0.0
14 0.12 8.5015 1.398498016474216E-11 3.6876341600585214E-13 0.0 0.0
14 0.14 3.5065 4.507270669468308 0.5295216402909697 2.9088773562523405 0.1884435867766482
14 0.14 9.5005 5.8219042327429256E-12 3.6876341600585214E-13 0.0 0.0
14 0.2 5.005 0.43467313810872493 0.07762020323650137 0.0 0.007745773043537923
14 0.24 7.5025 0.3528808359770782 0.06633098421057719 0.0 0.005477170803617484
14 0.24 8.002 2.3902092331857435E-11 3.6876341600585214E-13 0.0 0.0
14 0.24 9.001 2.3902092331857435E-11 3.6876341600585214E-13 0.0 0.0
14 0.26 0.01 3.205832738316065 0.6821129099010446 1.0539663281964793 0.08005287263213899
14 0.26 3.007 3.3725545494746494 0.553920980063702 2.4859684241047764 0.32341364420362245
14 0.28 2.008 1.310731111090296 0.3797659325233586 1.1369802907336306 0.4544344412945481
14 0.28 7.003 0.34403590873084766 0.06826109300003516 0.0 0.0
14 0.3 3.007 3.163810100015651 0.5368154421730722 2.5657477894756866 0.3138366656163244
14 0.32 5.005 0.9097205218012798 0.1911177566814008 0.0 0.029986647164859215
14 0.34 3.5065 2.727553551224359 0.5117887290209386 1.3635038126258991 0.12612967698455266
14 0.34 9.5005 1.7253867101946138E-11 3.6876341600585214E-13 0.0 0.0
14 0.36 5.005 1.2403891581324131 0.27687257994051384 0.0 0.03329833347829344
14 0.42 3.007 1.3096891841790612 0.34786463372360754 1.554565141721482 0.360768982291223
14 0.44 5.005 1.0825208673813365 0.27615328249660437 0.0 0.054416990807130895
14 0.48 5.5045 1.1169414194116334 0.30685203830023683 0.0 0.04923534766090559
14 0.52 5.5045 1.1919536338992027 0.354748105326079 0.0 0.0703935341384035
14 0.54 5.005 1.1766056005813457 0.3654054660191089 0.0 0.09614075759736791
14 0.56 5.005 1.2039896250174522 0.3889322355546368 0.04862516690361408 0.10178646716151978
14 0.58 5.5045 1.2201106825651968 0.41462898181663366 0.030481870164767402 0.08133702382192691
14 0.6 5.5045 1.4942544533686177 0.5160870030127841 1.0013654013265476 0.10178646716151944
14 0.62 1.5085 1.0720293963241143 0.4598169360375851 1.0605869319290009 0.499996210573534
14 0.62 3.5065 1.0731989681286969 0.3929857861004587 1.4313768713068846 0.34885748251816134
14 0.62 10.0 0.37131977871470734 0.13959390176714512 0.0 0.012246591372295985
14 0.64 5.5045 2.109185701544305 0.8071676144144042 2.559452127205787 0.15889751263268512
14 0.66 7.003 0.8800559023004831 0.36977138752028 0.0 0.09061746568069226
14 0.7 5.005 1.0261302218564528 0.47260601845070604 1.7724772006358935 0.24802112685718797
14 0.72 5.5045 1.1979577334690432 0.5944984484838808 2.1478231602902884 0.22566341034921236
14 0.74 1.5085 0.8399741812041261 0.48316555747120776 1.026154418341461 0.4947702494824875
14 0.74 3.5065 0.711806757678241 0.3800275192499206 1.0613917575997482 0.41269238784352796
14 0.74 10.0 0.5874671809573022 0.32278416536269666 0.09045452272512197 0.06603680483091398
14 0.76 0.01 1.2270651547547629 0.673467541245739 1.0484674325320233 0.06737397278167417
14 0.78 8.002 1.260064981399593 0.8154996849804739 2.2351624095777045 0.16950974240502828
14 0.78 9.001 0.628083833232067 0.4077198360906305 0.39850487722283917 0.13174957656084704
14 0.8 1.5085 0.7164271246486974 0.4983190083903186 1.029140677316026 0.4879441877431416
14 0.8 3.5065 0.5894550398130914 0.4048519398422765 1.062895217819477 0.4482301804176457
14 0.8 9.5005 1.1448106828760038 0.8173051590735151 2.1807908817817623 0.13817061045186937
14 0.82 8.002 0.571208836424386 0.4500100472200011 1.7157882588755708 0.22813762237443846
14 0.82 9.001 0.8552380464002328 0.6776769978342546 2.3640609311261214 0.18004281449792067
14 0.84 2.008 0.5972973666441626 0.4945594498644413 1.0405768941860267 0.4977728337018962
14 0.84 2.5075 0.556805220890732 0.4644927164320806 1.0470653114116621 0.4991192891976576
14 0.84 7.003 0.3976258648483441 0.350827053240992 1.1242539399902394 0.30947082172195106
14 0.86 4.5055 0.42414721493772883 0.4145836295015789 1.0684209205625212 0.44762004021610713
14 0.88 2.008 0.495486719583528 0.5045557416529362 1.0179152096287272 0.4917860221818572
14 0.88 2.5075 0.46711067878104195 0.4836455793116715 1.0289919373676775 0.49931165631152696
14 0.88 7.003 0.3249106631110537 0.3824629393428874 1.1546969877484463 0.3813664757489837
14 0.9 6.004 0.30114835081042596 0.4201013760571787 1.0513080953431007 0.45083060017965737
14 0.9 6.5035 0.2961199893692709 0.41591392605016286 1.0785344637362113 0.4386598625515375
14 0.9 8.5015 0.26711370437499754 0.3786993290426632 1.12168855374365 0.37373565222568517
14 0.92 3.007 0.33063948913054714 0.49017736647823335 1.0228405722207508 0.49721828233608023
14 0.94 4.5055 0.2271186777562401 0.48408326777942684 1.0129631350459385 0.49987059469812845
14 0.94 8.002 0.19075423146753925 0.44996504413881094 1.0526679514564223 0.4777721370941396
14 0.94 9.001 0.180680656517002 0.42816043502519047 1.045933622247308 0.46418490170067256
14 0.96 0.01 1.8124181006106772 0.6739805100931368 1.0530568150556856 0.05964302916353421
14 0.98 0.01 1.9510081230025877 0.6864319092326279 1.0658226162212516 0.058635587482061054
14 0.98 3.007 0.19119480564870175 0.5378589523576365 1.003403072161986 0.44700568273698527
14 1.02 3.007 0.18807984435649458 0.5661486557205111 0.9892896537190436 0.4262802060713119
14 1.04 4.5055 0.17317081874839016 0.5789227138215445 0.966345315326812 0.45022408101223216
14 1.04 8.002 0.1681979736209239 0.6007070486475278 0.9509954457606499 0.47783689608973506
14 1.04 9.001 0.1712487563591936 0.6116027012829364 0.9447653283028862 0.4852828480924013
14 1.06 4.5055 0.25620950922723335 0.5989323431032005 0.9630695987076833 0.46847651268923285
14 1.1 10.0 0.4219827482139961 0.6028324974503549 0.741963564004866 0.4388729857755478
14 1.14 3.5065 0.6265592845317882 0.6347283002012818 0.9188145195128521 0.4978796590623378
14 1.14 9.5005 0.5416878753267661 0.5527427299233346 0.6105040568436154 0.34524829581039457
14 1.16 7.5025 0.6285645928428211 0.5612183864667225 0.6635568381919419 0.38225430873393357
14 1.16 8.002 0.5948083895640179 0.5310789192522671 0.6301105085513794 0.35847966490304684
14 1.16 9.001 0.6205108216382326 0.5540275193179148 0.5745431492653231 0.3186494662563927
14 1.18 4.006 0.7943448229250513 0.630253334145932 0.8554520179208263 0.4908221990536592
14 1.2 4.5055 0.8671664218997507 0.6194045870730809 0.7838181236194806 0.4593534477788328
14 1.2 8.002 0.6953364449076096 0.4966688892193198 0.4934047714260618 0.27292884184961214
14 1.2 9.001 0.6916056842911021 0.49400406020886434 0.3844505627609469 0.2243536811918273
14 1.22 1.5085 1.00255798363316 0.61714955223523 0.9461070712626134 0.47733470653342286
14 1.22 10.0 0.6434396790694044 0.41781797342230415 0.19117273481635447 0.14507770203864281
14 1.24 0.5095 1.4881987530855179 0.6054710333869103 0.9939160638133167 0.3981309017767304
14 1.24 2.008 1.0616925540282862 0.624218380540329 0.908849708030584 0.49723099597954795
14 1.24 2.5075 1.0569467878818257 0.6274175324298621 0.8898106242503989 0.49942829541753403
14 1.24 7.003 0.8351574648027401 0.4971175385741461 0.4534060030161482 0.25299589254291227
14 1.26 6.5035 0.8700258493606876 0.47803618096608697 0.4392866194311567 0.24859789460739184
14 1.28 3.007 1.2020141517406693 0.6131230832085712 0.803154915287724 0.47455399917191643
14 1.3 7.5025 0.8220382592098876 0.39144679010381184 0.17000841943019807 0.135747938948097
14 1.32 9.5005 0.7502955724304925 0.33495338053595286 0.025092018731697783 0.054416990807130826
14 1.34 4.006 1.2858863869097503 0.5402883978595049 0.5983032237955209 0.3376757650077679
14 1.36 5.005 1.1882359235537756 0.47152219188621103 0.39363211882230903 0.22042702699300518
14 1.38 7.5025 0.7025239262661382 0.26410673920353667 0.07722732910433439 0.07722732910433482
14 1.4 0.5095 2.067135447745271 0.6285633768012167 0.9878506533915106 0.4307351604052348
14 1.4 2.008 1.7345110973476325 0.6187824942997283 0.8176839047358346 0.4796534534136686
14 1.4 2.5075 1.6807866930213957 0.6001718147841449 0.7558267805344242 0.436838412871599
14 1.44 3.007 1.6765562295913516 0.5443364381772989 0.6107351456240413 0.34609485030480147
14 1.48 6.004 1.0131802174367213 0.3015417313800648 0.0 0.06670880002106197
14 1.48 6.5035 0.698158991972185 0.2077854142705572 0.0 0.04642581229090795
14 1.48 8.5015 0.6247676337402289 0.18594274813481612 0.0 0.010953848645841131
14 1.5 4.006 1.6407687558633355 0.46879107310206214 0.29157065350021644 0.1791854877829989
14 1.52 5.5045 1.1499253894957806 0.31591356853678065 0.04445334002525372 0.06490107533274488
14 1.56 6.004 0.9058040266580855 0.2310724557765762 0.0 0.045450366808802864
14 1.56 6.5035 0.9848942520388919 0.25124853367838157 0.0 0.02386798699735485
14 1.56 8.5015 0.3647663809873373 0.09305264822575696 0.0 0.005477170803617485
14 1.58 0.01 5.276259706279664 0.6722178199520977 1.0481733936926194 0.10378592383832387
14 1.58 3.007 2.02019270351832 0.49758440973382545 0.40858470690758986 0.23457490265831019
14 1.6 2.008 2.412885109354169 0.5744964546079306 0.6561468525407897 0.38202648152564267
14 1.6 2.5075 2.1747397552626366 0.5177951798223798 0.551358790349481 0.30402604197690763
14 1.6 7.003 0.3954456188375031 0.09415371876191558 0.0 0.01549015172940482
14 1.64 6.004 0.7438701495738804 0.1660424441000263 0.0 0.03374480423872093
14 1.64 6.5035 0.5823394595284349 0.1299864865024349 0.0 0.01897034531398843
14 1.64 8.5015 0.3383273132567996 0.0755194895814214 0.0 0.009486453504339572
14 1.68 5.005 1.1385941967618691 0.23920046148929097 0.0 0.03908547586458799
14 1.7 7.5025 8.117607689917759E-11 0.0 0.0 0.0
14 1.72 3.5065 2.0227807272193647 0.4013453823855722 0.027375993236772905 0.09629374266797247
14 1.72 9.5005 9.731127642065306E-11 0.0 0.0 0.0
14 1.76 1.5085 3.064417967612822 0.575995754842539 0.6887824654286996 0.39869961489567773
14 1.76 3.5065 1.8174851117352961 0.34163253980454433 0.09318449854041691 0.09381489854713058
14 1.76 9.5005 6.32328883301047E-11 0.0 0.0 0.0
14 1.8 8.002 0.09866778000900377 0.017619246432510706 0.0 0.0
14 1.8 9.001 8.33775535317024E-11 0.0 0.0 0.0
14 1.82 1.5085 3.328164660165654 0.5798196272057168 0.6575605011923588 0.3745070539692375
14 1.82 3.5065 1.5180538919186073 0.2644693191537741 0.03792019014824922 0.06803252322737637
14 1.82 10.0 7.549006960691889E-11 0.0 0.0 0.0
14 1.86 4.006 1.2249048400905311 0.20347256478556688 0.0 0.03418541814583516
14 1.88 5.5045 0.5766390744101836 0.09361023935261167 0.0 0.010953848645841152
14 1.9 7.003 7.764043323487664E-11 0.0 0.0 0.0
14 1.92 4.006 1.097240579712931 0.17037897199180743 0.0 0.0262589185769303
14 1.94 0.01 7.409322212981234 0.6726159767203137 1.0425295920681892 0.12647441498351658
14 1.98 4.5055 1.0001448685375842 0.1457937126021621 0.0 0.018162995378570402
14 2.0 5.005 0.0 0.0 0.0 0.0
16 0.0 0.01 5.4556384037112435 0.6819548004639054 1.1023366191789203 0.09334251214477171
16 0.0 3.007 1.193036140036151 0.1491295175045189 0.7645320419213755 0.08242137628386194
16 0.02 3.007 1.3841689737548033 0.21647147847144177 0.9998192429708174 0.14830367515539908
16 0.04 6.004 0.2360313269272684 0.061379841567928285 0.8956955138639042 0.007745773043537919
16 0.04 6.5035 6.25145132166418E-12 0.0 0.0 0.0
16 0.04 8.5015 6.25145132166418E-12 0.0 0.0 0.0
16 0.06 7.5025 0.0 0.0 0.0 0.0
16 0.06 8.002 0.0 0.0 0.0 0.0
16 0.06 9.001 1.280822750555659E-11 0.0 0.0 0.0
16 0.08 4.5055 1.401289077273253 0.15562828524170935 1.737721494901874 0.033744804238721074
16 0.08 8.002 0.0 0.0 0.0 0.0
16 0.08 9.001 0.0 0.0 0.0 0.0
16 0.12 5.5045 0.6703136756614015 0.09147349618458286 0.18681330550811598 0.009486453504339623
16 0.14 7.5025 0.0 0.0 0.0 0.0
16 0.16 2.008 1.796782698845214 0.3979266616421931 1.1610052202459598 0.41898060848636665
16 0.16 7.003 0.42000629925678545 0.06250093738984648 0.0 0.0
16 0.18 2.008 1.6665469428646964 0.384274444454803 1.1825608037556146 0.43085888599787897
16 0.18 2.5075 1.5042636220062242 0.3419353542459908 1.3686621067725397 0.3778171152433726
16 0.18 7.003 0.0 0.0 0.0 0.0
16 0.2 3.5065 2.0635575723642683 0.292042569829288 0.34928135328093485 0.06558491432525043
16 0.2 9.5005 0.0 0.0 0.0 0.0
16 0.22 2.008 1.6657723827746063 0.3959875149250188 1.221345958620585 0.44117179353786146
16 0.22 2.5075 2.2695586460021353 0.4083724630214789 1.7822584738983904 0.38351408957018407
16 0.22 7.003 0.4720375036848508 0.07564703584843346 0.0 0.005477170803617486
16 0.24 0.01 3.884719769524087 0.6760654029048784 1.1057028616026696 0.07855888483329217
16 0.26 5.005 1.1155434469407017 0.18843639306304236 0.0 0.02386798699735489
16 0.3 5.005 0.8767761848869976 0.15656717587399802 0.0 0.021903753156752147
16 0.32 3.5065 1.7287235072882843 0.3165285526510286 0.058635587482061116 0.08078923958234192
16 0.32 9.5005 0.3139814460326696 0.05771717758120517 0.0 0.0054771708036174815
16 0.34 7.5025 0.2611584935634887 0.04946183590160389 0.0 0.005477170803617488
16 0.34 8.002 0.41974858398269543 0.07949783787752797 0.0 0.009486453504339605
16 0.36 3.5065 1.8491257441008644 0.33709633660667 0.3800219356328889 0.1068490258970107
16 0.36 9.5005 0.31456526992063444 0.061438529282435296 0.0 0.005477170803617488
16 0.38 5.5045 0.9169529200166218 0.18486954032334785 0.0 0.015490151729404732
16 0.4 2.008 1.4351755360650882 0.3865246105278396 1.1948220178290103 0.46173742064964085
16 0.4 2.5075 1.5665139378324957 0.37047889408519646 1.568379007403776 0.40253060470420055
16 0.4 7.003 0.7182760159357404 0.14964083665477498 0.0 0.014489927551992307
16 0.42 5.005 1.7446631002436654 0.37600497850081727 0.0 0.05469031075334353
16 0.44 1.5085 1.5747153078419203 0.4462279589538976 1.1326229764614937 0.4967410683972699
16 0.44 3.5065 3.3360110496551942 0.6698365168262281 2.1290119474741838 0.16217168898637283
16 0.44 9.5005 0.18672150080202635 0.04167890643401082 0.0 0.0
16 0.48 4.006 1.6255152360916694 0.3890846063592302 0.05013656214534573 0.11193342848131531
16 0.5 5.005 1.4233205684914256 0.3558301421228564 0.0 0.0760669845550345
16 0.54 1.5085 1.4013359951290032 0.45559089277513987 1.1090140096163095 0.49951842094498744
16 0.54 3.5065 2.495503900815079 0.6234985651194029 2.6772074570223023 0.29737053472954733
16 0.54 10.0 0.8156047876474906 0.22163173576297968 0.0 0.017317996446759427
16 0.56 3.5065 1.1611157572124424 0.34281721790900155 1.5239675899743894 0.3255940096294943
16 0.56 9.5005 0.3055628587680951 0.0868076303291381 0.0 0.010953848645841152
16 0.58 4.006 1.889351887740455 0.5289445511314371 2.2858181868637746 0.2643104006922408
16 0.62 7.5025 0.68191716971606 0.2243148584601695 0.0 0.04800715627477217
16 0.62 8.002 0.8140418832605405 0.2677769352828395 0.0 0.05102170193535246
16 0.62 9.001 0.5117937875731325 0.16835321959010235 0.0 0.016429540491321636
16 0.66 4.5055 1.1133202603185717 0.39878608838878227 1.8264432874076164 0.2577926892729608
16 0.68 2.008 1.0597045741954174 0.43993669003567604 1.0864601529644036 0.492962392510217
16 0.68 7.003 0.9520060425916088 0.3718773603873949 0.0 0.0990055048018074
16 0.7 1.5085 1.071298946416069 0.4891953883882519 1.1005568570902098 0.49778420249987354
16 0.7 3.5065 0.8727281710365056 0.3624249348595323 1.1458826197271785 0.3841152362044012
16 0.7 10.0 0.4310205372182225 0.1795918905086733 0.0 0.034185418145835096
16 0.74 7.5025 1.8577762156054352 0.8868970315939272 3.0807205679038714 0.1406505239174656
16 0.74 8.002 1.138734056214937 0.5465485553855305 0.17198678528123237 0.11180273969797866
16 0.74 9.001 0.6913912886063918 0.33239965798233234 0.0 0.09659895800824882
16 0.76 0.5095 1.0522952597556845 0.6064439140558746 1.0900467572624197 0.3504215793465427
16 0.76 1.009 0.9780724027906906 0.5547799605914245 1.0924267573967898 0.44927684020387326
16 0.78 0.01 1.1375283793716169 0.6769386557471144 1.0997117635918263 0.05682899704637477
16 0.78 3.007 0.7583778584076009 0.42753677738576995 1.116921527195406 0.4709071400063973
16 0.8 7.5025 0.519681577464998 0.3210708850362863 1.3288663884658924 0.21172560291957213
16 0.8 8.002 0.9630385703499335 0.5990494970485193 2.313822023546153 0.19136632487619487
16 0.82 0.01 1.1394284100960164 0.6855378124597715 1.1049041361641538 0.05496225515851104
16 0.82 3.007 0.6615503892911159 0.446980333238878 1.0914030219092654 0.4861982581826219
16 0.84 6.004 0.4917193753290262 0.37863379142286746 1.1596516135677628 0.361458522106616
16 0.84 8.5015 0.43171759548149774 0.3354898448384302 1.3922249261829835 0.2451102674748315
16 0.88 6.004 0.3979513822727244 0.4064247356740126 1.0914992621765152 0.42781485923360296
16 0.88 8.5015 0.34732892241397334 0.3600089592099239 1.2036370938398393 0.32970911883160114
16 0.9 5.5045 0.36780163525416115 0.44888322839752426 1.1125444438745629 0.4696942532299139
16 0.92 5.005 0.31523427647108704 0.4758665487110117 1.0794685780090783 0.49628860577839157
16 0.94 0.01 1.4102127156980668 0.6910400042936714 1.106335596354143 0.05523284434047575
16 0.94 3.007 0.3045416868464958 0.5286465619003115 1.0637050911042416 0.4787238864734448
16 0.96 1.009 0.5043275189753114 0.5901957222810256 1.0637604929505757 0.3643022406811652
16 1.0 0.5095 0.7685932162482486 0.62078855965158 1.0764048525799497 0.28166080644592223
16 1.0 2.008 0.26304112265483653 0.5843872821949139 1.071355893340333 0.36045202173019386
16 1.0 2.5075 0.19132693576012122 0.56630641762973 1.0576329820634731 0.3672657910633161
16 1.0 7.003 0.023231741281486255 0.5731682652946258 1.0390245068316029 0.3728266322713856
16 1.02 5.005 0.10274481158553792 0.5910894401688948 1.0351464776214072 0.40450621228847405
16 1.04 0.01 1.8672508233183103 0.6740880943781392 1.0929937147057711 0.05386614043134598
16 1.04 3.007 0.2370861072664821 0.601980621961658 1.0523856103001297 0.41095727134945303
16 1.08 0.5095 0.9720815683426863 0.6272906613470918 1.0758068552614664 0.3162766935936571
16 1.08 2.008 0.45351346508810936 0.6094254416207551 1.0428162868211335 0.4210538188548754
16 1.08 2.5075 0.4232579592800794 0.6141672691795007 1.0333070648547036 0.4336151046919554
16 1.08 7.003 0.40816286376737765 0.6377544746365634 0.9549155419959664 0.4998719954446901
16 1.1 4.5055 0.5195746086138661 0.6484773596705148 0.9755740777319475 0.493189541342283
16 1.1 9.001 0.4953414490778539 0.6191768113473362 0.8389818108493068 0.46128720704533366
16 1.12 2.008 0.62586004458911 0.6200270108932805 1.0290849976811824 0.44542827758930653
16 1.12 7.003 0.605175967198522 0.630391632498898 0.8671165882616949 0.4715457692423364
16 1.14 7.5025 0.6816487990543303 0.6086149991556418 0.7709147863562995 0.4254866923265088
16 1.16 0.01 2.532731512961023 0.6883711939179883 1.1008362169907902 0.06954444073162795
16 1.16 3.007 0.8285710411835652 0.6456864688790768 0.9798527917381704 0.4958493914314944
16 1.18 10.0 0.6397229702104849 0.44425206264633155 0.4307481397493327 0.2174706177274607
16 1.2 3.007 1.043568947926455 0.6507855184118683 0.9445599484646144 0.4997751942598867
16 1.22 8.002 0.8907680440586153 0.5061182068522512 0.453928122981825 0.2287217525161573
16 1.22 9.001 0.7385752425534197 0.4196450241779577 0.32639001320031114 0.18740804488941046
16 1.24 6.004 1.0063560212469176 0.5241437610662585 0.6109860786750998 0.32084948274336184
16 1.24 6.5035 1.0593929549977756 0.5517671640612276 0.5607200988840914 0.27797345740739876
16 1.24 8.5015 0.8315130200754719 0.43307969795669754 0.2812387424653943 0.16260850774181693
16 1.28 5.005 1.2310357131957654 0.549569514819452 0.6319589569415431 0.32559400962949464
16 1.34 10.0 0.5890690559362297 0.21656950585694587 0.0 0.03418541814583514
16 1.36 3.5065 1.600258239769136 0.5556452221421215 0.6736043675350567 0.36629296460821603
16 1.36 9.5005 0.6007715293486049 0.2086012254613823 0.0 0.03238684935478705
16 1.4 6.004 1.1744354559005878 0.3670110799685388 0.10491060785185147 0.1104869020693683
16 1.4 6.5035 0.9513606886977463 0.2973002152177132 0.029483076631447044 0.08558977710781585
16 1.4 8.5015 0.5701095479882914 0.17815923374760834 0.0 0.029986647164859284
16 1.42 0.5095 2.3702980743692867 0.6430081958748975 1.0423550804194133 0.4213416861020776
16 1.42 2.008 2.0304545520778468 0.6041835364074928 0.8428085956958292 0.4713868374158715
16 1.42 2.5075 2.030512094654806 0.6043190757901297 0.7773624421704413 0.4238458871837348
16 1.42 7.003 0.8656802586861932 0.2576429341321247 0.0 0.055770035840521724
16 1.44 5.005 1.5513016978618015 0.4407107096194745 0.21153295026321242 0.13510821389299893
16 1.46 0.5095 2.569045202552118 0.6475235292812911 1.0344561611390424 0.4311059237751168
16 1.46 1.009 2.41105701752919 0.6490517374766234 0.9710670929321052 0.4943551915154957
16 1.46 2.5075 2.168989765624702 0.5893993928328946 0.7391627020448683 0.3998529194696525
16 1.48 5.5045 1.374141765566304 0.3578494181165627 0.09885688026195631 0.08712952763542596
16 1.5 10.0 0.3808989612926644 0.0952247403231661 0.0 0.009486453504339626
16 1.52 4.006 1.800557155286046 0.43282623925167335 0.29531077043164344 0.16399758733985212
16 1.56 5.5045 1.2055144232729176 0.2690880409035414 0.0 0.05189158961881791
16 1.58 1.009 2.969035959008092 0.6378186031599454 0.9226021926172633 0.499987786522961
16 1.6 8.5015 0.0 0.0 0.0 0.0
16 1.62 0.5095 3.3193565237282647 0.6459862390668615 1.017861371793569 0.46166259098950985
16 1.62 1.009 3.2333818952803464 0.6498423658201331 0.927993423335692 0.49912465266267514
16 1.62 2.5075 2.5822426649650803 0.5206134405172687 0.557893836502 0.2816167989230183
16 1.64 5.5045 0.8928251348642162 0.17437990915327503 0.0 0.027917725662414187
16 1.68 1.5085 3.350962629583864 0.6159857774970185 0.7857285936818434 0.4295796757877741
16 1.68 3.5065 1.864711988137737 0.34277793899636305 0.16537360648293456 0.1258992914867043
16 1.68 9.5005 0.2890155490001895 0.05312785827483774 0.0 0.005477170803617487
16 1.7 0.01 5.718442889534288 0.6711589124722855 1.106285534782016 0.10293397956009283
16 1.72 7.5025 1.0701380172007947E-10 0.0 0.0 0.0
16 1.74 4.5055 1.4788016967043285 0.2497975839068772 0.0 0.037920190148249024
16 1.76 7.5025 0.39290598409922933 0.06462269475508148 0.0 0.007745773043537917
16 1.76 8.002 0.3102039576466196 0.05102038778489363 0.0 0.0
16 1.76 9.001 0.27265335454992207 0.04484430173501114 0.0 0.005477170803617481
16 1.78 4.006 1.5939781931137993 0.2554452232557491 0.0 0.040586870135416814
16 1.8 0.01 6.4224337778120475 0.6741317775013789 1.103671259452344 0.104770712669014
16 1.8 3.007 1.8884398596863015 0.29506872807607426 0.1078045517782555 0.11387481516058864
16 1.82 7.5025 0.309297265588015 0.0471489734266575 0.0 0.0054771708036174885
16 1.82 8.002 1.1206172360260822E-10 0.0 0.0 0.0
16 1.82 9.001 1.1206172360260822E-10 0.0 0.0 0.0
16 1.84 0.5095 4.496362071238421 0.6583336104138737 0.9864849285566895 0.48742847863281374
16 1.84 2.008 3.4433152472909834 0.5123981022755708 0.4780468897058292 0.24106608094684137
16 1.84 2.5075 3.1242372133494807 0.4649162519863953 0.29693175181004544 0.16425657582930703
16 1.84 7.003 0.24638323534525725 0.03666417192527772 0.0 0.007745773043537922
16 1.86 1.5085 3.9995282000043164 0.5813267732564253 0.6740237935786223 0.3517903639387378
16 1.86 10.0 7.884898799457339E-11 0.0 0.0 0.0
16 1.9 4.5055 0.896151689606135 0.12446551244430332 0.0 0.018970345313988356
16 1.92 10.0 1.1693573800670029E-10 0.0 0.0 0.0
16 1.94 0.5095 5.051778157601814 0.6646777368946701 0.9864118293145261 0.49394761686469946
16 1.94 1.009 4.602151798856584 0.6119198916509941 0.8097901672223478 0.4491301820865969
16 1.96 2.008 3.5395967263734356 0.46088499041306447 0.3479214467819973 0.19273648262306795
16 1.96 7.003 8.027413397202701E-11 0.0 0.0 0.0
16 2.0 1.5085 4.283243457010605 0.5354054321263256 0.5897760263964233 0.2927326657430008
16 2.0 3.5065 1.9467098229748017 0.2433387278718502 0.0 0.03284576702973538
16 2.0 10.0 0.0 0.0 0.0 0.0
18 0.02 5.005 1.1748162505493929 0.09854425792405759 1.6475754064368962 0.024487670441670967
18 0.04 5.5045 0.7602619667613536 0.10467018215511965 1.1068851627415597 0.01642954049132161
18 0.06 0.01 5.749231593561675 0.6849416922370005 1.1478879441374998 0.09174968949063747
18 0.08 3.007 1.9984139287368092 0.3117920978416108 1.670147442213737 0.24112058771546233
18 0.1 2.008 2.234336799061884 0.38537247329922625 1.20967365487108 0.37913797260723714
18 0.1 2.5075 1.8792157544169 0.3380607402109943 1.3081376895801489 0.32088533597938845
18 0.1 7.003 1.032478809615642E-11 3.0425910314702166E-13 0.0 0.0
18 0.12 4.006 1.794253195718001 0.17905093041072082 0.5234244537879426 0.031448844333293265
18 0.14 0.01 5.165952797186029 0.6810321419809953 1.141535369636273 0.09191025800602588
18 0.2 7.5025 2.0221755541615212E-11 3.0425910314702166E-13 0.0 0.0
18 0.2 8.002 0.3972446798521976 0.055172872199678216 0.0 0.0
18 0.22 8.5015 1.9558948381754223E-11 3.0425910314702166E-13 0.0 0.0
18 0.24 1.009 2.778313121250283 0.514350059658584 1.1611544131483753 0.5000073911214606
18 0.26 3.5065 2.623149068863704 0.38113500840781184 0.22334974559844095 0.07144042737606034
18 0.26 9.5005 2.0961609947812807E-11 3.0425910314702166E-13 0.0 0.0
18 0.3 3.5065 2.138861269223218 0.3389516171085616 0.03329833347829331 0.0710235598766231
18 0.3 9.5005 0.34996233225735174 0.055549576542883755 0.0 0.0
18 0.32 7.5025 1.3950769852785934E-11 3.0425910314702166E-13 0.0 0.0
18 0.34 0.01 3.892205229515786 0.6949262621985146 1.1530563951842976 0.07837008219040328
18 0.36 7.5025 0.31990606316813636 0.05553924707451388 0.0 0.0077457730435379225
18 0.36 8.002 0.3163902336681789 0.05492886001086528 0.0 0.0
18 0.38 4.006 1.692149636914378 0.30325262310234613 0.0 0.0732863854486718
18 0.42 1.5085 1.8100019793633815 0.4363316748713013 1.1484824925715884 0.4941809647290993
18 0.42 3.5065 2.048065247167476 0.38900098734753724 0.10535441617079858 0.12508937416748983
18 0.42 9.5005 5.729697553719558E-11 3.0425910314702166E-13 0.0 0.0
18 0.44 7.5025 0.8213146572677026 0.16295925739327732 0.0 0.010953848645841147
18 0.44 8.002 0.10618663968112793 0.0210687777167863 0.0 0.0
18 0.46 0.5095 2.5384019986459885 0.6129542631308647 1.1663732791888823 0.41191026915244067
18 0.46 2.008 1.5849644003021057 0.39632749886209095 1.1787865871733205 0.46559836117088915
18 0.46 2.5075 1.4585935109009582 0.3523016679301914 1.2850064774598493 0.4120753111669528
18 0.5 1.5085 1.710623471656938 0.4610427282136033 1.1759094501900214 0.4989566620181431
18 0.5 3.5065 3.5045237800573017 0.711250113876622 2.4682541809204817 0.1937387990576087
18 0.52 2.008 1.536549296205067 0.4141275881311011 1.1980168722696614 0.47433444384036855
18 0.54 7.5025 0.5973998826932042 0.14429948857701427 0.0 0.026823288486981726
18 0.54 8.002 0.6365314336857826 0.15375155402684426 0.0 0.030481870164767593
18 0.54 9.001 0.41370681407076904 0.09992918214386884 0.0 0.014489927551992292
18 0.56 7.5025 0.6286919912379391 0.1587606038477587 0.0 0.028970723276090155
18 0.6 2.008 1.3386604404719862 0.4181963019765436 1.1616720156099045 0.48520828865163845
18 0.62 0.01 2.036565888722583 0.6832509557473125 1.1497947862483537 0.06112262380653972
18 0.62 3.007 1.1848840166927148 0.36796452198200663 1.289943971332985 0.39794844339692537
18 0.64 2.008 1.2857867030273025 0.43657577468612807 1.1659173095636506 0.4885535029067795
18 0.7 7.5025 0.988983879861283 0.36629032587551186 0.0 0.09765940982979725
18 0.7 8.002 1.00592424353401 0.37256453464196787 0.0 0.08151877850051849
18 0.7 9.001 0.830373731839778 0.3075458266064832 0.0 0.0557700358405216
18 0.72 2.008 1.112195608173628 0.4706009861776128 1.167024484280826 0.4984865638722404
18 0.72 2.5075 1.0517931010109765 0.43767115655211075 1.1682650349304557 0.4802666982886865
18 0.74 0.01 1.3691512489776938 0.686867335277272 1.1455859685725776 0.051603273845307905
18 0.74 3.007 0.9753097204411518 0.4258528747981036 1.1904000738239475 0.4556096618157655
18 0.76 6.004 0.9886563113247996 0.4489455162532507 2.003946833020792 0.23870694962928443
18 0.76 6.5035 1.151584352881184 0.5264103466232932 2.351448543856165 0.21459010979087043
18 0.76 8.5015 0.8930054513627518 0.41342844970513215 0.0 0.13251598997342204
18 0.78 1.009 1.0256161487616415 0.5559633168141342 1.1281436601662764 0.4374879154691229
18 0.8 0.01 1.1367816949670824 0.6877129113738409 1.1369855858788718 0.04478816853367402
18 0.82 1.009 0.9051805804050972 0.5832059826874595 1.1425767342043873 0.4228277165737583
18 0.84 5.5045 0.5816171084812128 0.39660311405726667 1.1961320478389472 0.38796741943482577
18 0.86 4.006 0.5917424232903606 0.4560182036132452 1.177302700353963 0.4777906499782119
18 0.86 5.005 0.5647945987326161 0.438249312254306 1.1881590933296866 0.43959099187340966
18 0.88 5.5045 0.46412799890175377 0.4228720755933306 1.199133971649855 0.4489391552055331
18 0.92 1.5085 0.4972973815001945 0.5841717964121783 1.1377316829222317 0.4176251351718986
18 0.92 3.5065 0.39611113990648206 0.5184010088316574 1.1274232885307576 0.4943460887559648
18 0.92 9.5005 0.2989983812065857 0.41489314469552835 1.1723701967621392 0.4167928728658338
18 0.96 6.5035 0.18976093836128743 0.5155316785412343 1.1276942630921016 0.49276245382557576
18 0.96 9.5005 0.1778414817765188 0.4930807252890192 1.1450137178645798 0.49955871743048164
18 0.98 3.5065 0.148830656527516 0.5757374234523824 1.1105092648142938 0.39654966147395826
18 0.98 9.5005 0.09947748446080422 0.5526526914496843 1.1231527750180452 0.47206158424846945
18 1.0 6.004 0.025092018731697953 0.601115604008848 1.1123679622420952 0.33154695367045767
18 1.0 8.5015 0.005477170803617487 0.5961957911332562 1.1287924233141706 0.3330311238081035
18 1.02 3.5065 0.14839855551549555 0.61345003289969 1.1028822024367515 0.36142984618150964
18 1.02 9.5005 0.11361892096472445 0.6312162275802001 1.0827600377929913 0.41699152655113325
18 1.06 4.006 0.343559601366709 0.6266099098314896 1.0670222935637124 0.4366544783542218
18 1.06 5.005 0.35256131721355605 0.6515812614558664 1.0586454561004477 0.4575381417219302
18 1.08 6.004 0.46857056556852855 0.6506362009014776 1.0149347631154826 0.49459370145567894
18 1.08 6.5035 0.4678591353398684 0.6496966580524889 1.004074674634365 0.49808541361781056
18 1.08 8.5015 0.4550591897684326 0.6320266524565111 0.9463177964116452 0.4949867550047452
18 1.1 3.007 0.5903176864138421 0.6498198854489047 1.078862090352002 0.45843184241988394
18 1.16 1.009 1.0527525544769678 0.6524614449584089 1.1137860865775038 0.39439120449990694
18 1.18 4.5055 1.0514062300794418 0.6490161914070691 0.9174262546706439 0.4781683470244001
18 1.18 9.001 0.8805167027184104 0.5435288288391721 0.5758666067266239 0.2692089390788615
18 1.2 5.005 1.1083385932435805 0.6157436629133645 0.8356227629652206 0.4372219483373549
18 1.22 0.01 2.578589645226103 0.6810074488274773 1.1403386811544147 0.06581125427808172
18 1.22 3.007 1.2768393953055173 0.6446912691568654 0.9625869660704107 0.4973347663604177
18 1.24 5.5045 1.1237761924587943 0.5202667557676882 0.6871961569369147 0.34709305278011804
18 1.28 3.5065 1.546396944006308 0.6136495809546321 0.8330342554049499 0.4432926178675338
18 1.28 9.5005 0.6399746132074359 0.25395817983830515 0.05939279354994375 0.08489620443686613
18 1.3 0.5095 1.9421719917306395 0.6513429255572253 1.1092685638647808 0.3758549319337924
18 1.3 1.009 1.7671493295669476 0.641426369371991 1.047044818138533 0.45386792801456777
18 1.3 2.5075 1.7208684743890823 0.6372815418751677 0.926657033232453 0.4863633565084491
18 1.34 4.5055 1.5854014435526673 0.5181050469126737 0.6147925643472127 0.2892534199302139
18 1.36 7.5025 1.0663253915493294 0.3291127751681082 0.04800715627477217 0.08295809111188411
18 1.38 0.5095 2.4197213682680676 0.6620016851194435 1.0905333478660917 0.4018214536675292
18 1.38 1.009 2.282422063576536 0.6605610623140954 1.0370893791623328 0.47903919146603063
18 1.38 2.5075 2.0842140294721414 0.6094193068633657 0.8443212574362438 0.44735084264172353
18 1.4 5.5045 1.491208389862838 0.41422455273835407 0.2507321508033189 0.14527544684036037
18 1.42 6.004 1.3723423604875253 0.3630535345237754 0.16817176602577405 0.11219432528809616
18 1.42 8.5015 0.3685340700989742 0.09749578573795824 0.0 0.01224659137229594
18 1.44 3.5065 2.0506950708076586 0.5178522906075448 0.5777065436865348 0.2765327087559518
18 1.44 9.5005 0.3800445484105752 0.09597084556759247 0.0 0.012246591372295973
18 1.46 6.004 1.266549522764739 0.3059298364106056 0.029986647164859145 0.0710235598766233
18 1.46 6.5035 1.195101942708636 0.2886719668322709 0.0 0.04862516690361437
18 1.46 8.5015 0.6625820344848354 0.1600439697072035 0.0 0.017317996446759434
18 1.48 4.006 1.9871345994115808 0.4599848609733879 0.4094611730665176 0.19565479217151605
18 1.5 4.5055 1.912907187683915 0.4250904861551237 0.2138077418421467 0.13392682009088366
18 1.52 1.5085 2.9927683415288935 0.639372257654457 0.9092444237448624 0.48322426831624077
18 1.54 4.006 1.885477426639179 0.3879583182398767 0.29017801499086243 0.14348502996682042
18 1.54 5.005 1.6606315052249516 0.341693725341832 0.07369018454755732 0.08242137628386187
18 1.58 9.5005 1.3730989831442267E-10 0.0 0.0 0.0
18 1.6 5.5045 1.0942267200033728 0.20263457779899552 0.0 0.031921306528801235
18 1.62 6.004 0.7776227159616572 0.1393589096855678 0.0 0.02120853606616775
18 1.62 6.5035 0.8377936213204553 0.15014222606148525 0.0 0.01448992755199236
18 1.62 8.5015 7.144290645507976E-11 0.0 0.0 0.0
18 1.66 0.5095 3.973148448334366 0.6581827231661618 1.0678722958835756 0.46229602309192913
18 1.66 2.008 3.231600801747417 0.5440405390149746 0.6897653540391244 0.3461261280097126
18 1.66 2.5075 2.903212389508894 0.4887562945328303 0.5324258376374796 0.250058062701763
18 1.68 7.5025 0.3103650249947441 0.05071323937728839 0.0 0.0
18 1.68 8.002 1.2730872350973117E-10 0.0 0.0 0.0
18 1.7 0.5095 4.1294802493549385 0.6467443367889505 1.0530039320671882 0.47060646036777654
18 1.7 1.009 3.9846198276805724 0.6322739659614485 0.9513063787985092 0.4927107269077352
18 1.7 2.5075 3.026976296009424 0.48047242793910916 0.501871356128038 0.23144220888971784
18 1.76 0.01 6.087477846188087 0.6774010774785469 1.1320956076019748 0.09989241921708351
18 1.78 1.5085 4.016626108431458 0.5721689613155042 0.7524935309676146 0.38637389971626207
18 1.82 0.01 6.467632454551124 0.682881873349636 1.139805461118231 0.09826004249730161
18 1.82 3.007 2.711578727947868 0.36742259186173837 0.09930205935922139 0.09614075759736818
18 1.84 6.004 0.6681529459760666 0.08838001930591764 0.0 0.009486453504339593
18 1.84 8.5015 1.9341006899949089E-10 0.0 0.0 0.0
18 1.86 4.5055 1.2067740747152758 0.1559139631584847 0.0 0.018970345313988408
18 1.86 8.002 5.579532191814682E-11 0.0 0.0 0.0
18 1.86 9.001 5.579532191814682E-11 0.0 0.0 0.0
18 1.88 2.008 3.886789350591119 0.49075623113477657 0.507187280658804 0.22477145123002437
18 1.92 4.5055 0.8829149545755722 0.10663224092575749 0.0 0.021903753156752137
18 1.94 6.004 1.4470950262284657E-10 5.325788642968231E-12 0.0 0.0
18 1.94 6.5035 1.1489472105743109E-10 0.0 0.0 0.0
18 1.94 8.5015 1.1489472105743109E-10 0.0 0.0 0.0
18 1.98 5.005 0.3131631272737763 0.035506023493203816 0.0 0.0
18 2.0 7.5025 0.0 0.0 0.0 0.0
18 2.0 8.002 0.0 0.0 0.0 0.0
18 2.0 9.001 0.0 0.0 0.0 0.0
20 0.0 3.5065 1.1942380265008337 0.11942380265008334 0.7698077984653433 0.04738100939035044
20 0.0 9.5005 0.0 6.292187458989999E-13 0.6084743529218524 0.019744665141752923
20 0.02 3.5065 1.417199653231364 0.17960825694602073 1.270199103552299 0.10780455177825553
20 0.02 9.5005 1.174345534810003E-11 6.292187458989999E-13 0.0 0.0
20 0.06 0.5095 5.904487914518898 0.6516609351880682 1.2377712609078757 0.4913562594885191
20 0.06 1.009 4.710812689181615 0.5573706524770445 1.2259088622630938 0.47031491639436046
20 0.08 5.005 1.648703250515251E-11 0.0 0.0 0.0
20 0.14 0.5095 5.0825499943267305 0.6320380667710724 1.2327244147452798 0.4802666982886864
20 0.14 1.009 3.953904135539345 0.5487720875747837 1.2269931522136335 0.4925386931042844
20 0.14 2.5075 1.8250459732823785 0.3270641204167842 1.3328429139823468 0.3509703569002968
20 0.18 5.5045 1.1174188265818163 0.13627058860589486 0.0 0.0077457730435379225
20 0.2 0.01 5.461346785199288 0.6954818065336493 1.1972224301988268 0.0809722572011363
20 0.22 5.5045 0.8206973857406775 0.10521761355749648 0.0 0.013415267434605612
20 0.24 6.5035 0.7100917892696773 0.09343313016935334 0.0 0.005477170803617486
20 0.26 7.5025 0.07402918733557655 0.010003944233698738 0.0 0.005477170803617481
20 0.28 4.006 2.0738661308341113 0.2880369626153325 0.0 0.05577003584052168
20 0.3 7.5025 3.644298578181639E-11 6.292187458989999E-13 0.0 0.0
20 0.32 0.01 4.532144687556995 0.6881263605471172 1.2055909051981037 0.07606698455503441
20 0.34 0.5095 3.7529223735944766 0.6328934723092325 1.2353570684358224 0.4444593594450327
20 0.34 1.009 2.7691870272537513 0.5151096766294304 1.1994560441465612 0.499204853436927
20 0.36 0.01 4.213813982684074 0.6855266728507352 1.1905352708093817 0.074689921109026
20 0.38 1.5085 2.1333159307516545 0.4344324338805185 1.2403167474686998 0.48926692094058344
20 0.4 5.5045 1.0981500338418577 0.18302500564189475 0.0 0.027375993236772787
20 0.42 7.5025 0.5437508796316316 0.09375015165801817 0.0 0.010953848645841145
20 0.42 8.002 0.21188242723076656 0.036531452965812575 0.0 0.0
20 0.44 0.01 3.672172762968351 0.6916171201367545 1.1975338925945211 0.07060418012762765
20 0.46 6.004 0.9197850049093749 0.1703305564624829 0.0 0.03192130652880128
20 0.46 8.5015 4.356709340137856E-11 6.292187458989999E-13 0.0 0.0
20 0.48 4.5055 2.1135871752996573 0.4064590721736426 0.0 0.09191025800602591
20 0.5 7.5025 0.5631723382168292 0.11263446764313849 0.0 0.01549015172940479
20 0.5 8.002 0.18931063770161508 0.03786212754029287 0.0 0.007745773043537935
20 0.5 9.001 0.0 0.0 0.0 0.0
20 0.54 0.01 2.92550860312945 0.6862299042007459 1.2010301110526842 0.06160780912788298
20 0.54 3.007 1.445063478043899 0.3421486863969784 1.3285223638073533 0.3738955492502461
20 0.56 0.01 2.7696576414410305 0.6827079374058443 1.1885433262738634 0.06825060160530048
20 0.58 4.5055 2.123123048479875 0.5016336516733346 0.22236116289725785 0.14964928351114318
20 0.62 1.009 1.8670115388386674 0.5602108859040462 1.2070709659701977 0.4723123535913715
20 0.66 5.005 1.1494911899533455 0.3302393052527468 1.9804630252914375 0.21883177291273007
20 0.7 0.01 1.8576534439445764 0.7000941461695654 1.2028068059531494 0.04893121762063866
20 0.7 3.007 1.1780951464975076 0.40915837710561986 1.2353560918449729 0.43697197826987816
20 0.74 1.009 1.3757771152411884 0.5836078881196267 1.1971243277204209 0.4425067253919909
20 0.78 3.5065 0.913670480503878 0.41593038493328344 1.2678594731456085 0.4495840149322038
20 0.78 9.5005 0.8779895307818396 0.39904263932389544 0.1850157490555121 0.12589929148670426
20 0.8 0.5095 1.1412286305191217 0.6243427737068522 1.1798637468766482 0.3241902222893496
20 0.8 1.009 1.1161996412420216 0.6023090843572128 1.1980267182775561 0.4206689406312474
20 0.82 3.5065 0.8054335583500387 0.44436715791536796 1.2095511153124576 0.4756073317579347
20 0.82 9.5005 1.6676040396935268 0.9256283725451108 3.9928127853618394 0.1805859529245241
20 0.84 4.006 0.729714624150423 0.44839586466056736 1.2319620294063967 0.46804969537287333
20 0.86 1.5085 0.7967722117107631 0.5688210441992344 1.1785275144037775 0.4488066596721884
20 0.88 4.006 0.6076946472666451 0.4993180367750046 1.2270981197537532 0.4952070006061211
20 0.92 7.5025 0.3640943386701105 0.453262767726101 1.2006014948553048 0.4690886799978369
20 0.92 8.002 0.35216951337514785 0.43862701568176427 1.211871673100834 0.4572732241820018
20 0.92 9.001 0.34685642083457746 0.4334156146271391 1.2104392110148294 0.4358648876154103
20 0.94 3.5065 0.3569564768441737 0.5640487193240061 1.185725753336564 0.46911081621982925
20 0.94 9.5005 0.27433136827508153 0.4564809502061353 1.1893265319948543 0.47419419560304926
20 0.98 7.5025 0.11387575502315607 0.5643988619619584 1.1609206183898733 0.4402877249094787
20 1.0 5.5045 0.03504995599500154 0.6089199466367821 1.1540947349848794 0.28345649867343514
20 1.02 7.5025 0.13173832135834843 0.6556391180523325 1.138597433300342 0.3813410362382018
20 1.02 8.002 0.1285378163205225 0.6419810256744761 1.1340254121142275 0.3873074839957655
20 1.04 3.5065 0.2674253808075017 0.6441759006188327 1.1448713128814612 0.3756178754270554
20 1.04 9.5005 0.26564648252218803 0.6641162063056864 1.094027476655944 0.4759370148295706
20 1.06 1.5085 0.4749783383154026 0.6463357388267174 1.1579074253462973 0.33593116724275346
20 1.08 5.5045 0.5344363187228376 0.667961477779128 1.0751506396511188 0.48969227129162834
20 1.1 5.005 0.6575983782090222 0.6575275460433012 1.050369035705804 0.49692447837676035
20 1.14 0.5095 1.133767415160248 0.643740884335163 1.1653465717739402 0.2940574355794126
20 1.14 2.008 0.9361200361425458 0.6607879696150035 1.1382397670356807 0.4464778814396999
20 1.14 2.5075 0.9398510526524974 0.6694277836384226 1.1006247907861122 0.46865527935383394
20 1.16 9.5005 0.8335921055499322 0.5209950659686715 0.647249402986122 0.29235842468211937
20 1.18 3.007 1.2114059916704516 0.6728755217333102 1.0408870494718412 0.49918257603545596
20 1.2 3.5065 1.2654974886664037 0.6326909485449357 0.9698250247247276 0.49350116992228193
20 1.2 9.5005 0.8992291626697001 0.44961458133464705 0.446701219855185 0.19208888964738313
20 1.22 1.009 1.525133300702453 0.6722245475642464 1.1386872942874944 0.4143441400860792
20 1.24 4.006 1.438350320933502 0.59931263372259 0.9003792588870788 0.4463416609852375
20 1.26 0.5095 1.8705814727968304 0.6611226255462409 1.170749258481879 0.35087901128995674
20 1.26 2.008 1.7691232826443297 0.6802277217961702 1.0542216296347933 0.49804830210381984
20 1.26 2.5075 1.6428532454022224 0.631629327437953 0.9976781365663101 0.4979973654908618
20 1.28 7.5025 1.2052959614249625 0.4304628433668203 0.3494217600103863 0.15554651445036433
20 1.3 6.004 1.5386357353719504 0.5128785784571726 0.4892868778450868 0.2101783582089562
20 1.3 6.5035 1.3833917754508387 0.461130591816775 0.41694534617927037 0.17682306818477844
20 1.3 8.5015 1.1199624644468644 0.3733208214826133 0.06868464184330654 0.08133702382192688
20 1.32 0.5095 2.221113482439605 0.6556099920450796 1.1317716156920927 0.3729070412732867
20 1.32 2.008 2.1256554192802293 0.6640581186103706 1.0140130630227229 0.49843452817787137
20 1.32 2.5075 2.0479049403396594 0.6399392380403155 0.9499623491464425 0.47887734808687726
20 1.34 3.007 2.080457372024984 0.6118992270662251 0.8733068275837419 0.4268672405795895
20 1.36 0.01 3.3291149056219504 0.689951595811733 1.189320676456176 0.06954444073162783
20 1.38 6.004 1.267785783454226 0.33362783775184074 0.19288004557320254 0.11691039698129636
20 1.38 6.5035 1.3650580407131896 0.3592258001895072 0.07206111345932577 0.09045452272512149
20 1.38 8.5015 0.8017314995369358 0.21098197357271584 0.0 0.029986647164859236
20 1.4 4.006 2.0784982049056846 0.5196245512264378 0.592014346160828 0.2563915167220808
20 1.42 5.5045 1.5905307622638567 0.37869780054346225 0.18403356575157762 0.12010753075763252
20 1.44 7.5025 0.9924984518650103 0.22556782996485586 0.0 0.033298333478293286
20 1.44 8.002 0.8869989531725785 0.20159067118280907 0.0 0.021903753156752123
20 1.46 5.5045 1.2367554139617554 0.26885987259939087 0.08224167109457396 0.0848962044368662
20 1.52 4.5055 2.274581404829131 0.43741950093270615 0.1423210242772004 0.10928839948890343
20 1.52 9.001 0.22139733781978732 0.04257641113429115 0.0 0.0
20 1.54 1.5085 3.3715249442605897 0.6243433641095235 0.9477521029463134 0.47876004838959324
20 1.6 4.006 2.2013230479584505 0.366887174659824 0.16056833368774387 0.10848166858796715
20 1.62 5.5045 1.2562779998422973 0.2026254838518486 0.0 0.03192130652880125
20 1.66 6.004 0.9277657653860594 0.14057057051639893 0.0 0.015490151729404794
20 1.66 6.5035 0.8282168940116128 0.12548740817975237 0.0 0.010953848645841133
20 1.66 8.5015 1.6591217965430369E-10 0.0 0.0 0.0
20 1.68 0.01 5.522348749138421 0.6779480722953924 1.190047188249334 0.08746790037033098
20 1.7 6.004 0.4022096140703414 0.05745851629435969 0.0 0.00547717080361748
20 1.7 6.5035 0.594315150952952 0.08490216441766053 0.0 0.0054771708036174815
20 1.7 8.5015 0.24951865020392502 0.03564552145181146 0.0 0.0
20 1.72 0.5095 4.801701981943457 0.6633393602477806 1.0933276059290458 0.4727379067024469
20 1.72 2.008 3.6798256181513764 0.5110868914100104 0.6772005101787876 0.3053532120558207
20 1.72 2.5075 3.5535451412149412 0.49354793627984034 0.49682715000007643 0.2093995203604312
20 1.74 5.005 1.0246766971222252 0.1384698239358129 0.0 0.023231741281486203
20 1.76 0.5095 5.059630738922819 0.6624885904749269 1.0934946100162222 0.47885030966855263
20 1.76 1.009 4.691234214696506 0.6171186613073262 0.9666044240255373 0.48585766173904776
20 1.78 4.5055 1.7439529313532953 0.22358370915050327 0.0 0.026823288486981615
20 1.78 8.002 0.39000442836462823 0.05000056776061688 0.0 0.0
20 1.78 9.001 1.5547109968014313E-10 0.0 0.0 0.0
20 1.8 3.5065 2.8856062400797735 0.36070078001093725 0.05863558748206098 0.058889086607353404
20 1.8 9.5005 0.0 0.0 0.0 0.0
20 1.82 1.009 5.033988917042124 0.6138648874226041 0.9396832209479135 0.47387207450690805
20 1.84 5.5045 0.31049140273113834 0.03696326222689226 0.0 0.007745773043537919
20 1.86 3.007 2.590686080875443 0.3012425675436827 0.13785722018693589 0.09855893142335258
20 1.9 5.005 1.2663923750272124 0.14071026388583924 0.0 0.007745773043537924
20 1.92 3.007 3.3017765243223973 0.35888875264517234 0.03870096927273689 0.07185482635057963
20 1.98 1.5085 5.443681661321943 0.5554777205430754 0.6691669202417946 0.3059358168823647
20 1.98 3.5065 2.6699344046501996 0.27244228618923083 0.0 0.034185418145835055
20 2.0 0.01 8.069767140110523 0.693977762036346 1.1846317066320062 0.10684902589701044
20 2.0 3.007 2.5203552439814607 0.2520355243980675 0.0 0.056566139194388285
