10 0.04 5.005 0.5734738669382334 0.12249097226583676 0.8228218396333464 0.09286763568513659
10 0.06 10.0 0.19665377271118062 0.008755187803938486 0.5528762336543672 0.014489927551992307
10 0.08 2.008 1.1909821517093349 0.34340649306527504 0.9056795066746041 0.3853106796943135
10 0.08 7.003 0.5407730528429213 0.06465096861893675 0.9773141585290688 0.024487670441671106
10 0.1 7.5025 5.156648959870669E-12 4.726469128334501E-13 0.0 0.005477170803617488
10 0.1 8.002 0.35663151249093517 0.049938817223163054 0.4545445100693744 0.016429540491321608
10 0.12 6.5035 8.210395165183635E-12 4.726469128334501E-13 0.0 0.005477170803617489
10 0.14 1.5085 1.2796899524635277 0.4189022105414054 0.9087810388291608 0.476503388855332
10 0.14 10.0 5.55324215982684E-12 4.726469128334501E-13 0.0 0.0
10 0.16 0.01 2.4390426489859185 0.656205265788543 0.9356302858687082 0.08295809111188367
10 0.18 0.01 2.332397006763639 0.6561953702263366 0.9408063240708123 0.08206156140574092
10 0.2 4.006 1.599425528023929 0.32075210378962754 1.4338113572786007 0.16741385047728913
10 0.22 0.01 2.147516170144934 0.6556438138180454 0.940887238880989 0.07567615431786964
10 0.24 4.5055 1.1114391306367273 0.22977182670563379 0.6864989559249843 0.06603680483091404
10 0.28 0.5095 1.477793184990232 0.5660249726481861 0.9253726913655296 0.4277240805211928
10 0.28 1.009 1.1977795436889234 0.4851702105465099 0.9158251148070446 0.4937144075369788
10 0.28 2.5075 1.0282251069208848 0.365065887663627 1.154294080214502 0.41829487867883114
10 0.32 4.006 1.5961114764714066 0.3870094309690341 0.9343322606047898 0.10928839948890318
10 0.34 1.5085 0.9697439186568432 0.42548606301065706 0.9404221047165651 0.49837918689642025
10 0.34 10.0 8.439186525745403E-12 4.726469128334501E-13 0.0 0.0
10 0.36 4.006 1.456272722781067 0.3880860357837943 0.8530787820661503 0.10928839948890348
10 0.38 6.004 0.5625749604425729 0.1814757936914875 0.0 0.022577533139205474
10 0.38 6.5035 0.4239717363710332 0.1367650762472187 0.0 0.02257753313920543
10 0.38 8.5015 0.2531027402624709 0.08164604524732345 0.0 0.012246591372295921
10 0.4 0.01 1.4118060599413484 0.663957524304249 0.9432767558715595 0.06803252322737646
10 0.42 5.5045 0.7233011885012227 0.24889655789795562 0.0212085360661678 0.044788168533674066
10 0.44 4.006 1.686695075321683 0.5222317939249652 1.3298789160951394 0.17108325023528434
10 0.46 7.5025 0.3568727100364868 0.13217507779057058 0.0 0.016429540491321653
10 0.46 8.002 0.3824858543180453 0.1416614275248947 0.0 0.013415267434605634
10 0.46 9.001 0.3254179361985698 0.12052516155477828 0.0 0.01095384864584116
10 0.5 5.5045 0.6488393282311589 0.2595357312924237 0.0 0.057868334287662
10 0.52 7.5025 0.38021971831696616 0.158424882630838 0.0 0.021208536066167707
10 0.54 4.006 1.4410503262407712 0.5580756872947846 1.603386936867538 0.23440540747183822
10 0.56 4.006 1.4106086453926887 0.5775209683414112 1.6114529842077772 0.25462531172778785
10 0.6 7.5025 0.5137518094046353 0.2568759047027818 0.0 0.04343324574457837
10 0.64 7.5025 0.5162166112728191 0.2867870062617138 0.0 0.050136562145345676
10 0.66 0.5095 0.878574350846152 0.545905020589378 0.8933026959897371 0.40277355855002456
10 0.66 2.008 0.7099228138622351 0.4207679852251549 0.9437867598370259 0.4879576078117339
10 0.66 2.5075 0.6857951894556813 0.3920034643974119 1.0053984865917531 0.4541309606181375
10 0.68 0.01 1.3969314097621401 0.657876403538642 0.9362556465671905 0.06954444073162795
10 0.7 4.006 0.6935785637236594 0.4331871322495785 1.192787417466464 0.3419179757549464
10 0.72 7.5025 0.7075326026997093 0.5019165165687602 0.9556547802538672 0.1213134289081922
10 0.74 7.003 0.7623291421641443 0.5807311931145708 1.3509874564532234 0.16147003121169148
10 0.76 3.007 0.5285164204529972 0.40263861280545127 0.9621362998674101 0.45396493576000513
10 0.78 4.5055 0.4460144503694926 0.3800997579933891 1.02655577366415 0.36696064724404154
10 0.8 10.0 0.6133584014897734 0.612609327572755 1.2534247310782798 0.1209529999902601
10 0.82 4.5055 0.3757938783443018 0.38465885452079746 0.9775605591699448 0.40363158802055366
10 0.84 0.5095 0.9242487859100305 0.5495937284574349 0.880257979522972 0.4071617540071968
10 0.84 1.009 0.651591792663469 0.5050236616654914 0.8763700902633862 0.47122742226187886
10 0.86 6.004 0.2855941751524141 0.39273740905104176 1.0145472739819243 0.3798072110869831
10 0.86 6.5035 0.2757255543115546 0.38331089183714884 1.0420084836988432 0.36243067608346957
10 0.86 8.5015 0.2799430023663085 0.3985972501286205 1.2028413117768926 0.2886178738641959
10 0.88 0.5095 0.941034959325818 0.5459619640551473 0.87557857018945 0.4056999465226146
10 0.88 1.009 0.6395813977843758 0.5053511303137928 0.8665476136961617 0.4676878128889426
10 0.9 3.5065 0.275646154936296 0.4401960959853293 0.8929346642035597 0.490699328907064
10 0.9 9.5005 0.19371171358026354 0.38621740533926496 1.0415598255732919 0.3488882829703577
10 0.92 5.5045 0.18450636306217177 0.4240338523383276 0.9111553909869489 0.47473287734475095
10 0.96 3.007 0.20968106770719977 0.4769867851477343 0.8685202110355814 0.49593459703668974
10 1.0 0.01 2.86512558813666 0.6576970313819782 0.9316052723067532 0.08366820481948355
10 1.0 3.007 0.1786771623658193 0.4935227912115669 0.8411403225212084 0.47610095129518293
10 1.02 5.5045 0.07153652180919415 0.5058608395945354 0.8284099588408247 0.48447482637219824
10 1.06 6.004 0.1669664343538353 0.5497214908944931 0.8007643880644219 0.49839129939316346
10 1.06 6.5035 0.16589900995788795 0.5489861556417303 0.7916036113248575 0.498989517068664
10 1.06 8.5015 0.17125192809673773 0.5689311503848231 0.7683431360442547 0.49966365878680136
10 1.08 0.01 3.234893897100719 0.6544712833876343 0.9244350621158198 0.09142767694451562
10 1.08 3.007 0.26147180133316067 0.5336077682497173 0.8228189285167917 0.49189034112016694
10 1.1 2.008 0.38663501932380806 0.5313279151323843 0.8262354779878912 0.48678214118726704
10 1.1 2.5075 0.3375241210305794 0.5372816909458036 0.8222283166743698 0.49241757817708093
10 1.1 7.003 0.2911754909763174 0.582100866360446 0.7246138010370846 0.48797102013383803
10 1.12 0.01 3.3624281128226237 0.6529710692098852 0.9390903049602685 0.09796020487882748
10 1.14 1.5085 0.5586915206269247 0.5404354409675197 0.8205419836566535 0.48528284809240435
10 1.14 10.0 0.376146280952781 0.5373518299325472 0.4815344657363157 0.33569950786520725
10 1.16 4.5055 0.4675513666661378 0.5835969090995906 0.7309080888459906 0.4860103781673439
10 1.22 7.003 0.5613399371168748 0.510309033742291 0.41999408148805345 0.2999484921232548
10 1.24 1.009 0.9160822672114269 0.5500658298825202 0.8235624987113934 0.48185623197396904
10 1.26 1.5085 0.822674881269409 0.5609854211514906 0.7961409758467612 0.49756617844111517
10 1.26 3.5065 0.7492971215020752 0.5754888967821471 0.6601483625887078 0.4560424541579358
10 1.26 9.5005 0.4179431907741299 0.3214947621344031 0.0748882308420386 0.11438665463920719
10 1.3 8.002 0.5233932673838478 0.34892884492250825 0.09659895800824876 0.1306463157491074
10 1.3 9.001 0.46460404129716876 0.30973602753163326 0.030969146086253726 0.09974517036428238
10 1.32 1.5085 0.9577623374278911 0.5649414894013078 0.7678751861434958 0.4999153338282105
10 1.32 3.5065 0.911175357383108 0.5693692140288364 0.5935873461514255 0.4078230410814655
10 1.32 10.0 0.3855648527808452 0.24097803298938245 0.0 0.05761028129786103
10 1.36 4.006 0.9474575209415911 0.5262939282933103 0.46378847920737015 0.32552406909781334
10 1.38 4.5055 0.8955607254499843 0.47134775023693454 0.32612644179322825 0.2547773500490212
10 1.38 8.002 0.5488316479846 0.2888587620946398 0.015490151729404761 0.0623283976409263
10 1.38 9.001 0.45264552412569214 0.23823448638403213 0.019744665141752986 0.047381009390350504
10 1.4 1.009 1.2749126162444593 0.5693338233820359 0.7964440410322359 0.49758696186864826
10 1.42 0.01 4.96815679178139 0.6514626977014223 0.9263100744718616 0.11527660480644583
10 1.44 5.5045 0.7326341959082758 0.3330155435961928 0.09568027829534372 0.12852210247266938
10 1.46 0.01 5.199828479809172 0.6525183389172523 0.9355379279659893 0.11678557836485896
10 1.46 3.007 1.2796772182226044 0.5563296679190378 0.5003637102265199 0.34220583787402886
10 1.48 9.5005 0.35203487729698124 0.14668119887230086 0.0 0.021903753156752154
10 1.54 6.004 0.7312470052628651 0.27083222417157427 0.005477170803617488 0.05888908660735358
10 1.54 6.5035 0.5515347900910398 0.2042721444769249 0.0 0.046425812290907996
10 1.54 8.5015 0.35910335458173487 0.1330012424384337 0.0 0.01642954049132165
10 1.56 3.5065 1.184443858722901 0.4230156638296899 0.23153024607634506 0.2058504978478317
10 1.56 9.5005 0.3080869922937493 0.11003106867642018 0.0 0.01224659137229595
10 1.6 0.5095 2.1464342724473644 0.5762492487617201 0.8260615021052755 0.4840972420345658
10 1.6 1.009 1.818862313377386 0.5861788969655319 0.7502191998503429 0.49742125182833413
10 1.62 0.01 5.995895243719869 0.6505506831529209 0.9318816398233069 0.12874747315655077
10 1.62 3.007 1.331595780070581 0.4295470258288771 0.2869207925213041 0.22477145123002581
10 1.64 3.5065 1.3051050545581715 0.4078453295492672 0.15288182585300206 0.15952269816605177
10 1.64 9.5005 0.2144868428972275 0.0670271384030117 0.0 0.005477170803617483
10 1.66 7.5025 0.3597268535315153 0.10900813743256613 0.0 0.014489927551992313
10 1.66 8.002 0.10290234092993568 0.031182527554599795 0.0 0.00547717080361748
10 1.66 9.001 0.21558239867513615 0.06532799959726446 0.0 0.007745773043537945
10 1.68 4.006 1.028186611657143 0.30240782695780516 0.060878558941156534 0.09365771075617056
10 1.7 4.5055 0.9151278123015394 0.2614650892292896 0.0 0.06112262380653966
10 1.7 8.002 0.33728772343193925 0.09636792098047653 0.0 0.0054771708036174885
10 1.7 9.001 0.215263495166219 0.061503855761318955 0.0 0.007745773043537932
10 1.72 1.5085 2.036888399800329 0.5644591755672962 0.608321256267198 0.4227330034475914
10 1.72 10.0 4.0476857583750794E-11 0.0 0.0 0.0
10 1.74 0.5095 2.4875706773735238 0.5813681083537556 0.8097119867558523 0.49282427790327765
10 1.74 2.008 1.8521787110216794 0.5005888408167314 0.43124049247904556 0.31286677734040846
10 1.74 2.5075 1.6946325636505817 0.45800880098676744 0.2644471667289076 0.21944703265168644
10 1.74 7.003 0.36405834338015314 0.0983941468574917 0.0 0.010953848645841136
10 1.76 10.0 3.4857385030271165E-11 0.0 0.0 0.0
10 1.78 5.5045 0.5890122451471717 0.15102878080574658 0.0 0.015490151729404808
10 1.8 4.5055 0.8483586477887507 0.21208966194683013 0.0 0.029483076631446888
10 1.82 7.003 0.40131024636950996 0.09788054789299759 0.0 0.01448992755199233
10 1.84 0.01 7.062725416227306 0.6481759578596729 0.9271109597694289 0.1397261491988419
10 1.88 7.5025 4.198956943064143E-11 0.0 0.0 0.0
10 1.9 0.5095 2.88162240238863 0.585586457846818 0.7898553122000436 0.49863962150535623
10 1.9 2.008 2.0494820677488637 0.4554404594997722 0.28658928309037435 0.23451842171159662
10 1.9 2.5075 1.6732241357627973 0.3718275857250397 0.14013779939009854 0.14888199873032898
10 1.94 3.007 1.4940228325664962 0.31787719841651035 0.04706478353827336 0.09207053671972432
10 1.98 6.004 4.2128804380612575E-11 0.0 0.0 0.0
10 1.98 6.5035 4.2128804380612575E-11 0.0 0.0 0.0
10 1.98 8.5015 4.2128804380612575E-11 0.0 0.0 0.0
10 2.0 4.006 0.9019679827467805 0.1803935965494908 0.0 0.02791772566241414
12 0.04 3.5065 0.9916045414967678 0.21236268488151336 0.9259873560938372 0.14926618237405317
12 0.04 9.5005 0.17165579092610514 6.516781781991952E-13 0.49909948381747593 0.005477170803617489
12 0.06 4.5055 0.8716493362841965 0.1768486786831086 1.0803359744890693 0.09629374266797282
12 0.1 0.01 3.479242087323899 0.6769137822270765 1.0049371055524394 0.08729888310038285
12 0.14 4.5055 0.8601284372371572 0.1773313152487494 0.6260397918025471 0.03792019014824917
12 0.14 8.002 9.869942228442054E-12 6.516781781991952E-13 0.0 0.0
12 0.14 9.001 9.869942228442054E-12 6.516781781991952E-13 0.0 0.00948645350433962
12 0.16 0.5095 2.5018359618512207 0.5975645664171392 1.0177908019460682 0.46207313644797293
12 0.16 1.009 1.9215820633253122 0.5101053391236314 1.0008110948484978 0.4998276440666589
12 0.16 2.5075 1.1860474424842011 0.3456320134681309 1.1217794872253155 0.376170473437312
12 0.18 0.5095 2.4175330792799805 0.6010132636038729 1.018969162451015 0.4586926375610612
12 0.18 1.009 1.8657206110008637 0.5133326631420114 0.9995754894395124 0.5000057576592731
12 0.2 1.5085 1.423370631465205 0.433430241959229 1.0027964111397194 0.48455893684187523
12 0.2 10.0 1.0805568152558845E-11 6.516781781991952E-13 0.0 0.0
12 0.22 0.5095 2.2284506270210365 0.5985446602506286 1.0097281297433265 0.44917420558808074
12 0.22 1.009 1.7218250676830704 0.5082136163473705 0.9945691837771905 0.4991157045064374
12 0.24 3.007 2.211254128156246 0.4236354980293495 1.9825283043127782 0.3243662707284277
12 0.26 4.006 1.6331058812284849 0.31044617097964794 0.7294973909082884 0.07587182702301272
12 0.28 6.004 1.0341685019596692E-11 6.516781781991952E-13 0.0 0.0
12 0.28 6.5035 0.6399043599541668 0.14812600925179978 0.0 0.013415267434605652
12 0.28 8.5015 1.0341685019596692E-11 6.516781781991952E-13 0.0 0.005477170803617486
12 0.3 4.006 1.0880089507871324 0.24691661134646745 0.17952880047653622 0.06256672082535056
12 0.32 1.5085 1.226520362511639 0.4319712415725997 1.022958425435699 0.49450431181513776
12 0.32 10.0 1.7218632061226308E-11 6.516781781991952E-13 0.0 0.0
12 0.34 4.5055 0.9475943919252698 0.2389220213772394 0.014489927551992339 0.04512049248200599
12 0.34 9.001 1.419068596650473E-11 6.516781781991952E-13 0.0 0.005477170803617486
12 0.36 1.5085 1.1972305109494346 0.4320128274848932 1.014862005967845 0.4968368376851056
12 0.36 10.0 0.11831362376471685 0.030810839523705662 0.0 0.0054771708036174815
12 0.4 0.5095 1.5291495910809179 0.5760198526115637 0.988599249499361 0.4138772445913446
12 0.4 1.009 1.274678681494101 0.48597414197008765 0.9842798312603493 0.49081053330015745
12 0.42 4.006 1.4222205305825795 0.39103078009259007 0.4059346117342872 0.0970549118042198
12 0.44 10.0 7.1736783044064945E-12 6.516781781991952E-13 0.0 0.0
12 0.46 0.01 1.609347175914655 0.6722739006301048 0.9981758445530073 0.06208914518779854
12 0.5 4.006 1.9021193331239787 0.5823084260396236 1.3144468185290596 0.15853903197250913
12 0.56 1.5085 0.9870578474262767 0.4433786228420188 0.9890922320801149 0.49983560266718613
12 0.56 10.0 0.22468273351420598 0.08510709602957497 0.0 0.009486453504339631
12 0.6 0.01 1.2442966277044532 0.675200328448058 1.000178870713804 0.059643029163534284
12 0.62 4.5055 1.7141290989946918 0.707027666586538 1.891545484034792 0.2159109859034168
12 0.64 0.01 1.1945288024737655 0.6684146333176421 0.9990703929068886 0.0660368048309139
12 0.66 6.004 0.8847442725263533 0.4322877213278453 0.6756611007095725 0.1211934124633237
12 0.66 6.5035 0.8645471627768033 0.4225639594873887 0.4969657584781318 0.11245458479845445
12 0.66 8.5015 0.5210520243721063 0.25541765900429103 0.0 0.05189158961881792
12 0.68 0.5095 0.956917871663835 0.5685173346917997 0.9646854334995715 0.3876255822235316
12 0.68 1.009 0.8848961076127053 0.5053799725819353 0.9765320310377166 0.4752163736016978
12 0.68 2.5075 0.7516311266937391 0.39618685088753247 1.0378569928675392 0.46065697996872745
12 0.7 7.003 0.6840193702059882 0.3797692800990232 0.07968206955738381 0.11336053765069697
12 0.72 0.01 1.3201589047796756 0.6736349196342979 1.0053726698891832 0.06444108141784097
12 0.74 4.5055 0.6363120752190266 0.38987789906926357 1.2624314444306426 0.3360634134154005
12 0.76 5.005 0.6087897245710933 0.40505484460572183 1.3525315169159005 0.315245355593914
12 0.8 4.5055 0.5004640110135878 0.39733574502507907 1.1262638928999413 0.3819251200971181
12 0.8 9.001 0.8033284856992571 0.668337499968507 1.99495835420383 0.16468720893456276
12 0.84 6.5035 0.3729412445847613 0.3795649739281783 1.1421708623573434 0.3339025798237698
12 0.86 5.5045 0.34174246619413967 0.3923244548469925 1.054745764929258 0.40509350664424143
12 0.88 6.5035 0.28936701913439866 0.39326794788557284 1.0899702540831389 0.39992047505488376
12 0.9 7.5025 0.24209759830953873 0.3975925993499322 1.0520453191416341 0.4058079610258089
12 0.92 4.006 0.25492612922714436 0.4547878228600174 0.9691862139799006 0.49659823796628944
12 0.96 5.005 0.14034173564049574 0.4760714533870601 0.9401602736041275 0.4991582431056457
12 0.98 4.006 0.12963780966406946 0.5022286896811837 0.9330538956986318 0.479917493782061
12 0.98 5.005 0.08638133457082901 0.5014564834451928 0.9359362132694963 0.4839729184045181
12 1.0 1.009 0.6006057542177078 0.5473286882650674 0.9354266771609209 0.4080144298619164
12 1.02 4.006 0.10869227050949985 0.5367395331903191 0.9190174576350777 0.4577757640542028
12 1.06 5.5045 0.21123090610631176 0.579424379419805 0.8767315468669302 0.4897231970816453
12 1.08 1.009 0.6796143246517434 0.5556493118192312 0.9263707505334753 0.43215843440598134
12 1.1 8.5015 0.36374776004000037 0.6062462667333656 0.7496719488096746 0.4714716611729528
12 1.12 0.5095 1.1729157856961043 0.5790234609973702 0.9353587048912876 0.39687187536867186
12 1.12 1.009 0.7455803299225194 0.5740052359045014 0.9221310052883755 0.4429319114180603
12 1.12 2.5075 0.44597887203792447 0.5673978285880483 0.8857634827014731 0.4853126167366196
12 1.14 8.002 0.477675661513019 0.5686615018010381 0.6459146894331941 0.4086293037146457
12 1.14 9.001 0.484150828887039 0.5763700343897787 0.5996731302912386 0.37333523037068655
12 1.18 2.008 0.6750677315711469 0.5899356545029344 0.8764779280837914 0.49090364623243404
12 1.18 2.5075 0.6570468288598135 0.5933659389989261 0.8511711628229731 0.4972246428185068
12 1.18 7.003 0.5860601039891362 0.5426482444344761 0.601991244652187 0.3753804750159132
12 1.22 4.5055 0.7956789695095224 0.6027124223458704 0.7102207505175651 0.4441651527445954
12 1.24 9.5005 0.5766594558156035 0.40045795542968804 0.12964476050239124 0.13163969733088363
12 1.26 7.5025 0.7401859091070002 0.4744781468654765 0.2720033923618264 0.19537233889198874
12 1.26 8.002 0.6582165177619675 0.4219336652316556 0.18117205240720502 0.16571560876653235
12 1.26 9.001 0.593638520209207 0.3805375129553806 0.12250672277075364 0.12589929148670453
12 1.28 4.006 0.9539520040064778 0.5676608846623684 0.6491110582424311 0.4082267693848338
12 1.3 0.01 3.989823738755153 0.6658484822177587 0.9868742668580446 0.09537200974927987
12 1.3 3.007 1.0903616070379705 0.6051873407310188 0.731288725179704 0.46039057000292904
12 1.32 7.5025 0.7605060653033137 0.39609690901241673 0.10279127171923615 0.12321680152980198
12 1.32 8.002 0.6575466287049219 0.3424722024532559 0.07226679926592708 0.10532912731038964
12 1.32 9.001 0.6191298071254214 0.3224634412098608 0.023867986997354814 0.06648556984469724
12 1.34 0.5095 1.652779259170956 0.5852921776336671 0.9163634701622776 0.43887298577554834
12 1.34 2.008 1.2518775541508071 0.6096726893722941 0.7960717168854589 0.49303346836559475
12 1.34 2.5075 1.236451065688618 0.6052306488702481 0.7555855677675939 0.4698691854906417
12 1.34 7.003 0.7221974516424502 0.3540183586493382 0.10684902589701013 0.12167272356795618
12 1.36 1.5085 1.3273829625793743 0.6017667534353986 0.8402631639072132 0.5000061311510989
12 1.36 10.0 0.445757981818804 0.2063694360174195 0.0 0.03630799936040926
12 1.38 0.01 4.467798956734906 0.6632521932706074 0.9934264376069868 0.10629896851593969
12 1.38 3.007 1.2936496654782843 0.567390204156659 0.6477143805295008 0.4010640890283449
12 1.4 9.5005 0.43218816651540753 0.1800784027064079 0.0 0.03284576702973534
12 1.42 1.009 1.6129877638189607 0.6044232923191473 0.8674701930931955 0.49454462923482695
12 1.44 4.006 1.2905813923452638 0.48885658801044635 0.34867850515527266 0.23665254798314755
12 1.5 0.5095 2.1434309708690367 0.5946188878218387 0.9104284753157106 0.4617124865740948
12 1.5 2.008 1.7661940414659922 0.5884321757390975 0.692237471875558 0.4385613460827624
12 1.5 2.5075 1.6779462538328822 0.5592852364965198 0.6006205859119943 0.3749575786622553
12 1.5 7.003 0.6543879783044474 0.2181293260956464 0.0 0.03238684935478708
12 1.54 5.5045 0.950698257869362 0.29342538822799047 0.0 0.0552328443404754
12 1.56 7.5025 0.35044370808413583 0.10429872264469424 0.0 0.013415267434605641
12 1.58 5.005 1.2698598083455914 0.36490224377827574 0.029986647164859187 0.0655849143252502
12 1.6 6.004 0.6863324585720576 0.19064790515409152 0.0 0.03831258046328069
12 1.6 6.5035 0.5509672319389284 0.1530464533094476 0.0 0.022577533139205398
12 1.64 7.5025 0.5459126775351515 0.14216475977327975 0.0 0.013415267434605627
12 1.66 0.01 6.053899639046746 0.6682692502662336 1.0068108419767903 0.12119341246332396
12 1.66 3.007 1.7399816184447248 0.43938929758738043 0.24899290860929008 0.18851730058374433
12 1.68 10.0 6.536545572277146E-11 0.0 0.0 0.0
12 1.7 3.007 1.600697644203623 0.3811184867161603 0.1955842239950951 0.164773184115037
12 1.72 8.002 0.34016232473494673 0.07874127889510867 0.0 0.007745773043537921
12 1.72 9.001 4.136674007838677E-11 0.0 0.0 0.0
12 1.74 6.004 0.23740208077729003 0.053468937126570325 0.0 0.007745773043537919
12 1.74 6.5035 0.823372609499195 0.18544428141133545 0.0 0.022577533139205498
12 1.74 8.5015 4.5518873563380524E-11 0.0 0.0 0.0
12 1.76 4.5055 1.2412520456454086 0.27220439597133117 0.0 0.04167720996478884
12 1.82 4.5055 0.9656066193543892 0.1962615079941823 0.0 0.03630799936040941
12 1.84 1.009 3.1263770015318504 0.6178439530050136 0.7539448758264282 0.47168311957801273
12 1.86 2.008 2.524162385667795 0.4891787569127737 0.3640419894199068 0.23804316702194828
12 1.86 7.003 8.543555921929122E-11 0.0 0.0 0.0
12 1.9 6.004 0.5625880833032433 0.10418297839346541 0.0 0.0
12 1.9 6.5035 4.344362434392121E-11 0.0 0.0 0.0
12 1.9 8.5015 4.344362434392121E-11 0.0 0.0 0.0
12 1.92 0.5095 3.553419383497124 0.6165486368315257 0.8671263637838932 0.4961249264548216
12 1.92 2.008 2.4973068793778688 0.45241066655531914 0.334610028068027 0.22417433833673223
12 1.92 2.5075 2.2482355623670407 0.4072890511549845 0.12131342890819234 0.12485693937689148
12 1.92 7.003 0.15111604976784881 0.027376095977058753 0.0 0.0
12 1.94 5.005 0.540176298306367 0.0957759394069255 0.0 0.013415267434605624
12 1.96 0.5095 3.713678465027149 0.6215737739501942 0.8603773005240529 0.49776998694171515
12 1.96 1.009 3.452893719639432 0.5985084837933118 0.7126404703194817 0.446493004401908
12 1.96 2.5075 1.9017079466927689 0.33015762963318085 0.07449107135699284 0.11088337815571585
12 1.98 5.5045 0.42700524230782816 0.07261993917931407 0.0 0.005477170803617485
14 0.0 4.006 0.6247176947678653 0.08924538496835135 0.7663937996375703 0.06160780912788268
14 0.0 5.005 0.28126437566697227 0.04018062509611895 0.8382380462078207 0.041677209964788756
14 0.02 4.006 0.868489326680127 0.15077653577570763 0.8944467755599899 0.08402094683004246
14 0.04 7.5025 0.15723537312225963 0.03439124323846864 0.31048088191626155 0.005477170803617473
14 0.06 3.007 1.483269740110464 0.286753835980079 1.192640109873951 0.22381511293469525
14 0.1 0.5095 3.4586022022881338 0.6095755933428217 1.0699986088115923 0.48083578404246063
14 0.1 1.009 2.695476027697328 0.5243368970870139 1.090208661123393 0.4925544172474569
14 0.14 3.007 3.215321072922297 0.4724168204259466 2.3714849898985664 0.27761428244691444
14 0.16 6.004 9.690157656076406E-12 3.6876341600585214E-13 0.0 0.0
14 0.16 6.5035 0.025604770938534197 0.004354552880769863 0.0 0.005477170803617488
14 0.16 8.5015 9.690157656076406E-12 3.6876341600585214E-13 0.0 0.0
14 0.18 6.004 0.44727602711538555 0.07792265280864998 0.0 0.005477170803617488
14 0.18 6.5035 8.302360507610915E-12 3.6876341600585214E-13 0.0 0.0
14 0.18 8.5015 8.302360507610915E-12 3.6876341600585214E-13 0.0 0.0
14 0.2 4.5055 0.7879148616104716 0.14069908242963203 0.0 0.017317996446759465
14 0.2 9.001 0.1752625067589652 0.03129687620823689 0.0 0.005477170803617483
14 0.22 6.004 0.4385727358878856 0.0803246769034099 0.0 0.0054771708036174815
14 0.22 6.5035 0.24168389697629478 0.044264449997489366 0.0 0.005477170803617484
14 0.24 5.005 0.8915722057951937 0.16758876048745142 0.0 0.01642954049132164
14 0.26 1.5085 1.588913176786401 0.4430418133342991 1.0852471393291105 0.4885077167761383
14 0.26 10.0 2.5087808828993462E-11 3.6876341600585214E-13 0.0 0.0
14 0.28 5.5045 0.827102527859789 0.16410764441578257 0.0 0.010953848645841159
14 0.3 1.5085 1.4838837987487852 0.4332647988977621 1.0760767170237389 0.49260148800655335
14 0.3 10.0 2.08443883829256E-11 3.6876341600585214E-13 0.0 0.0
14 0.32 4.5055 0.8537607834411919 0.17936150912738374 0.0 0.014489927551992346
14 0.32 8.002 1.4629187375739353E-11 3.6876341600585214E-13 0.0 0.0
14 0.32 9.001 1.4629187375739353E-11 3.6876341600585214E-13 0.0 0.0054771708036174815
14 0.34 3.007 3.1968775884548455 0.5835149797239221 2.5257309298713086 0.31890323144745514
14 0.36 4.5055 0.9965230764590964 0.22243818670840756 0.0 0.03589357626051634
14 0.36 9.001 0.1555317054184405 0.034716898530533065 0.0 0.0
14 0.4 6.004 0.2855216017770431 0.06798133375837315 0.0 0.010953848645841157
14 0.4 6.5035 0.2562629259252047 0.06101498236187161 0.0 0.0
14 0.4 8.5015 0.2815593154539478 0.06703793224902278 0.0 0.007745773043537917
14 0.42 10.0 1.2997154682267312E-11 3.6876341600585214E-13 0.0 0.0
14 0.44 4.5055 1.347154924310949 0.343661970487865 0.0 0.06420982768864006
14 0.44 9.001 0.3413655905176371 0.08708305880275702 0.0 0.005477170803617485
14 0.46 1.009 1.453578460818683 0.5026763769887321 1.0535599417387187 0.4880312797376177
14 0.48 0.5095 1.6450343008268595 0.5851287674795193 1.041273102946628 0.40374121471917757
14 0.48 2.008 1.1617189704024444 0.394107532607802 1.100782372099064 0.4755196582222142
14 0.48 2.5075 1.3134178074635232 0.3913665043648403 1.3627664847458327 0.42470641857718044
14 0.48 7.003 0.5866922839303289 0.16117919888190274 0.0 0.021903753156752182
14 0.5 10.0 0.0 3.6876341600585214E-13 0.0 0.0
14 0.52 0.5095 1.5032238446439206 0.582539459725673 1.0330693445702186 0.3954627609817684
14 0.52 1.009 1.357021791193006 0.5074895178021764 1.0553832689048668 0.4832162922200048
14 0.52 2.5075 1.1036939648247321 0.3641791877863084 1.2078877949803721 0.43561162859023894
14 0.54 4.5055 1.183486609317486 0.36635692641767487 0.051603273845308474 0.11802748153681036
14 0.56 4.5055 2.4183071518068333 0.7409159306195329 2.042192904555174 0.15444237754026738
14 0.56 8.002 0.5200920761817304 0.16886106369511175 0.0 0.030481870164767475
14 0.56 9.001 0.488052813418245 0.15845870565336942 0.0 0.015490151729404787
14 0.58 0.5095 1.3515221669438136 0.5865905170044583 1.0459389192665922 0.3920586188711263
14 0.58 2.008 1.073517858006346 0.4079070764986651 1.1121139304825818 0.4814969757464641
14 0.58 2.5075 1.0184060877301786 0.37722048374006045 1.1185139605813619 0.4400614178705251
14 0.58 7.003 0.8352583482887153 0.2841014790096416 0.0 0.0504333527070931
14 0.6 0.5095 1.29918089049975 0.5898154594204159 1.0361373440373376 0.386792249725194
14 0.6 1.009 1.1836546485647539 0.505966476141857 1.0284605599148258 0.4778553800973955
14 0.6 2.5075 1.0036590538756163 0.3803481756529182 1.1295832283955403 0.4452751574476116
14 0.64 0.5095 1.1971441100340148 0.5848445269265805 1.0396572796088046 0.3849629485611847
14 0.64 1.009 1.1106567538421848 0.5221013636620643 1.0420850274354514 0.47451415585648343
14 0.64 2.5075 0.9477695547403922 0.394523615639792 1.128026107288964 0.4488802931797338
14 0.66 5.5045 1.5876364786977362 0.6483634873621048 2.2299569651259823 0.16164576459559227
14 0.68 6.004 1.3848995049544783 0.6085892687306064 1.593650241708324 0.14428376321028008
14 0.68 6.5035 0.9255433477406899 0.41186192275210165 0.3093311053900162 0.1216727235679561
14 0.68 8.5015 0.5411132336857304 0.24156840789696205 0.0 0.04674639930709729
14 0.7 4.5055 0.8242876172665616 0.3762006446627186 1.3444068920392294 0.290896083699332
14 0.72 0.5095 1.0117241607160843 0.583280619944788 1.023750556511497 0.37150773538060944
14 0.72 1.009 0.9414396691129252 0.5275754150128933 1.029070800064158 0.46586790157123886
14 0.76 3.5065 0.676765330118228 0.3912320366712433 1.0895870426625915 0.42070748280430725
14 0.76 9.5005 0.6006649684737851 0.357538671710091 0.0 0.09459677698678512
14 0.78 4.006 0.6018746147342221 0.3782363442824176 1.1296045491192177 0.40061669847212766
14 0.78 5.005 0.5906969982079864 0.37213679419583645 1.2941344432845423 0.33086838921689876
14 0.8 3.007 0.6138008982364902 0.42159613692469444 1.0422672150210799 0.47385187009123425
14 0.82 4.006 0.5265849754955741 0.4006207162505179 1.062874357018241 0.4359154660195828
14 0.82 5.005 0.5063319401154802 0.3877940288459981 1.135539671457781 0.3780250232450218
14 0.92 10.0 0.2175272291944319 0.3874208516683749 1.0563903853768866 0.3944145815033863
14 0.94 4.006 0.23667253338039101 0.4973359952811057 1.0141863270951001 0.4979375645915925
14 0.94 5.005 0.2220648998658394 0.4852375035547251 1.0159903213333894 0.49987408305390746
14 0.96 1.5085 0.4037747074354938 0.5475447026702243 0.9973309771124912 0.42918587725095114
14 0.96 3.5065 0.20005265722576615 0.5241784617524644 1.0126088546611416 0.48122720397967744
14 0.98 1.5085 0.3849357073398268 0.5603500350513351 0.999105451182515 0.4113931836945423
14 0.98 10.0 0.07192008688042632 0.5122071427765356 1.02426220875277 0.49524461125468583
14 1.0 6.5035 0.02120853606616781 0.5446902383372466 0.9849873923520097 0.41474877584983016
14 1.0 9.5005 0.0 0.5465141862644564 1.0014288318215727 0.4163148352560151
14 1.02 1.5085 0.38971351194205456 0.5596962096812275 0.9954344362643925 0.4018658794553827
14 1.02 10.0 0.08315635984498253 0.5939739988907169 0.9675447090236116 0.45483271134937225
14 1.04 4.006 0.17829070603481545 0.578251587579571 0.9733740223159942 0.4463113619453568
14 1.04 5.005 0.16931913829010245 0.590384625429824 0.9829931787338929 0.45668708993218904
14 1.08 9.5005 0.34742419282707304 0.6204003443348406 0.8281096343368353 0.4871941355006399
14 1.1 5.5045 0.43391319146123725 0.6194269687756542 0.9036939145177549 0.499998136565161
14 1.12 6.004 0.529539621379834 0.6304043111664793 0.8541461562223129 0.49123140592323444
14 1.12 6.5035 0.5306452645396543 0.6316472321837888 0.842620968965896 0.48347845105301596
14 1.12 8.5015 0.4974256353618777 0.5921733754324973 0.7285730417188037 0.4324722272182737
14 1.14 0.01 2.7953431916884894 0.6829746037418161 1.0517991688085415 0.07185482635057952
14 1.14 3.007 0.6199822870609669 0.6240061926855779 0.9296823704791639 0.4919994132254508
14 1.16 5.005 0.6941465906114782 0.6196684466833184 0.8186211707058523 0.4781958474652942
14 1.18 8.5015 0.6781216433761128 0.5381917804560561 0.5167937411537649 0.2901396730999358
14 1.2 4.006 0.8762088193019737 0.6256123969746177 0.8263574064355815 0.4816310874116742
14 1.26 0.01 3.49151292803657 0.6759886914180361 1.0495030797730664 0.08524371728485287
14 1.28 1.5085 1.2441374796843792 0.6189089461994279 0.939983245484565 0.4917308432019889
14 1.28 10.0 0.7496827952191678 0.3824912220407375 0.014489927551992346 0.058125226152304504
14 1.32 0.01 3.6975228794782193 0.6673747334960487 1.0438468760095585 0.0896352143796751
14 1.32 3.007 1.3600603005540992 0.6071697770350957 0.7642374826763705 0.44870346821954044
14 1.34 6.004 0.9821549524303571 0.41267014807788927 0.26095854904558435 0.1759477468741651
14 1.34 8.5015 0.799819296334389 0.3360585278636069 0.04343324574457841 0.06954444073162792
14 1.36 4.5055 1.2358016659435147 0.4903974864848088 0.46375236568716954 0.2602692794253108
14 1.36 8.002 0.7542503529473473 0.29930569561576365 0.030969146086253715 0.07226679926592657
14 1.36 9.001 0.5423364484040515 0.21521287634528094 0.0 0.04058687013541682
14 1.42 6.5035 0.8512699661712434 0.2895476075468092 0.03908547586458805 0.07703518129397309
14 1.42 9.5005 0.49430023466992107 0.16812933150629353 0.0 0.0212085360661677
14 1.44 1.5085 1.9457807711284407 0.6295312791016126 0.8645362687128166 0.49720872788422615
14 1.44 10.0 0.3326215316697485 0.10799400376746783 0.0 0.014489927551992339
14 1.46 3.5065 1.6374317595023344 0.508519179969913 0.4927039757059768 0.2647434802273981
14 1.46 9.5005 0.46517703908464836 0.1444649189737288 0.0 0.012246591372295971
14 1.5 6.004 0.9734700646398223 0.2781343041809685 0.0 0.05863558748206106
14 1.5 6.5035 0.8167031481009953 0.23334375659293372 0.0 0.04893121762063848
14 1.5 8.5015 0.5095002939856109 0.14557151255479728 0.0 0.02257753313920546
14 1.52 2.008 2.1394314152990495 0.5876596042056081 0.7382742173615505 0.4310882964845768
14 1.52 2.5075 1.9574271882485015 0.5377547220444091 0.6300055385546998 0.3529681738621764
14 1.52 7.003 0.7820834204842733 0.21485808254246805 0.0 0.033298333478293383
14 1.58 1.5085 2.538656059331337 0.6249438627355517 0.7816166792461909 0.46504389189090517
14 1.58 3.5065 1.6407821425680582 0.4041335326517155 0.23021766050607012 0.17785119537368635
14 1.58 10.0 0.24627564688729364 0.060659026345334335 0.0 0.007745773043537916
14 1.62 3.5065 1.755246184576726 0.404434604741507 0.20100669857283807 0.15088698564067404
14 1.62 9.5005 0.23944481250561367 0.05517161579921519 0.0 0.0
14 1.66 1.009 2.9426278590983306 0.6336163692727459 0.8805906414199018 0.4961399537435915
14 1.68 4.5055 1.158038867229792 0.24328547630547753 0.0 0.05603667637839562
14 1.68 9.001 0.24228916858830762 0.05090108586085508 0.0 0.0
14 1.7 5.005 0.9711856042870481 0.198201143717106 0.0 0.03284576702973537
14 1.72 0.01 6.217504647338563 0.683881390036047 1.054134329879446 0.10928839948890333
14 1.72 3.007 1.992069410808855 0.3952518672224669 0.19252090240915115 0.15444237754026793
14 1.74 5.5045 0.8023542558398211 0.15489464399310626 0.0 0.010953848645841148
14 1.76 3.007 1.9244014145138475 0.361729589194695 0.1505073459334079 0.13273409140131812
14 1.78 2.008 2.8852932058119483 0.5284419790848136 0.5212101521019207 0.28916880162072306
14 1.78 7.003 0.30250515584587506 0.05540387469864352 0.0 0.0077457730435379225
14 1.8 4.006 1.6997987404808153 0.3035354893579873 0.0 0.044115949929915965
14 1.8 5.005 0.5729761897024928 0.10231717671629131 0.0 0.018162995378570277
14 1.84 6.5035 0.4527313000704606 0.07699511903868653 0.0 0.013415267434605652
14 1.88 0.5095 3.977038019202029 0.6284775846339103 0.9310710993471232 0.4921023317373978
14 1.88 1.009 3.8298122125006744 0.6212980996964971 0.7878028750204121 0.46235780505508456
14 1.88 2.5075 2.335037287334076 0.3790644946971077 0.18097276174923463 0.142479748382965
14 1.9 5.5045 0.35501519207491544 0.056351617803857175 0.0 0.0054771708036174885
14 1.92 6.004 4.840663809049887E-11 0.0 0.0 0.0
14 1.92 8.5015 4.840663809049887E-11 0.0 0.0 0.0
14 1.94 3.5065 1.7843538126407765 0.2711783909679553 0.0 0.0430878061031305
14 1.94 9.5005 2.8201769857862438E-11 0.0 0.0 0.0
14 1.96 6.004 7.112156169050698E-11 0.0 0.0 0.0
14 1.96 6.5035 0.47865316312341377 0.07122814930398591 0.0 0.005477170803617485
14 1.96 8.5015 7.112156169050698E-11 0.0 0.0 0.0
14 1.98 4.006 1.423086731011327 0.2074470453386322 0.0 0.022577533139205422
14 2.0 4.5055 0.9433717610121651 0.13476739444110097 0.0 0.010953848645841145
16 0.0 1.5085 3.621005273060286 0.4526256591325358 1.0731841238989284 0.2921918613791917
16 0.0 10.0 0.0 0.0 0.771795963405514 0.03144884433329331
16 0.02 1.5085 3.028601457757999 0.43038523814138163 1.0691984710403057 0.34805480646407705
16 0.02 10.0 4.845078828038203E-12 0.0 0.0 0.0
16 0.04 0.01 5.211717505460201 0.684046845635564 1.1068255543295598 0.09334251214477166
16 0.06 5.005 1.4886929437141194 0.19352954828172914 1.4625979329264416 0.044115949929916284
16 0.08 4.006 2.0759863526164084 0.2530903858519504 2.0866799940903467 0.10684902589701062
16 0.1 6.004 0.4193806626734063 0.03884037988824417 0.26261677467003197 0.0
16 0.1 6.5035 0.1901961584072509 0.059436299506021834 0.47549039604817467 0.0054771708036174755
16 0.1 8.5015 0.0 0.0 0.0 0.0
16 0.12 0.5095 3.9993586234376926 0.6255220424236176 1.13464008155729 0.47947640720866547
16 0.12 2.008 1.8610337242867845 0.38521931963712097 1.1124414628138526 0.3957410288581452
16 0.12 2.5075 1.8624369061766666 0.35312992646164015 1.4658910156505738 0.3452168655743702
16 0.12 7.003 0.0 0.0 0.0 0.0
16 0.14 5.005 0.24604384578553093 0.03576218688664996 0.0 0.0
16 0.16 5.5045 0.3217929858286078 0.047885860986326446 0.0 0.0
16 0.2 3.007 4.932468684051263 0.5824425623997409 3.346307515052925 0.24307222542024232
16 0.24 1.5085 1.8722152885027545 0.4335201611927618 1.12647269605013 0.4838871511820486
16 0.24 3.5065 1.8264457159611744 0.2928978367442827 0.13827490301691037 0.061365703314292044
16 0.24 9.5005 0.0 0.0 0.0 0.0
16 0.26 4.5055 1.1542542504442803 0.19497538014176902 0.0 0.03238684935478712
16 0.26 8.002 8.678841581783195E-12 0.0 0.0 0.0
16 0.26 9.001 0.32225246699908194 0.054434538343917954 0.0 0.0
16 0.3 4.5055 1.3413225546737657 0.23952188476359282 0.0 0.040216810246527734
16 0.3 8.002 0.0 0.0 0.0 0.0
16 0.3 9.001 0.0 0.0 0.0 0.0
16 0.32 3.007 4.780997619335037 0.7187388366902917 3.287623974658245 0.2713567078037657
16 0.34 5.005 1.3584763059507439 0.2572871791574804 0.0 0.03831258046328064
16 0.36 3.007 2.8633468716393886 0.496550257757751 2.580924122720177 0.3261874530676098
16 0.38 2.008 1.45365039617196 0.37828262231424986 1.1882254773756205 0.4573527982050767
16 0.38 2.5075 1.3326718977624075 0.34138233358740483 1.2526198183605888 0.40681919216594287
16 0.38 7.003 0.48357999516513733 0.09749596676954482 0.0 0.007745773043537926
16 0.42 4.5055 1.4812761734723965 0.3192405546274086 0.0 0.0620891451877987
16 0.42 9.001 0.0 0.0 0.0 0.0
16 0.44 3.007 2.46650517214841 0.5083815911459435 2.2981494550501083 0.3380030858764278
16 0.46 6.5035 0.6106869497303902 0.14136271985060622 0.0 0.022577533139205467
16 0.48 6.004 1.0871458565485592 0.2613331385944538 0.0 0.04203432920251093
16 0.48 8.5015 0.2596329418544138 0.06241176486695105 0.0 0.005477170803617484
16 0.5 4.5055 1.4787918540176297 0.3657663410246965 0.10766859234271048 0.10293397956009252
16 0.52 6.004 0.9908574391356378 0.2580357914421613 0.0 0.043087806103130545
16 0.52 6.5035 0.9845723318547012 0.2563990447476532 0.0 0.0451204924820061
16 0.52 8.5015 0.5632043458067582 0.14666779838676758 0.0 0.01448992755199235
16 0.56 3.007 1.2197361277325611 0.369511631271737 1.3586181039709637 0.38506237910148594
16 0.58 6.004 1.1442190952074405 0.3405413973843866 0.0 0.058889086607353286
16 0.58 6.5035 1.1008718897351506 0.3276404433738009 0.0 0.044788168533674066
16 0.58 8.5015 0.48631440208998555 0.14473642919666244 0.0 0.01731799644675942
16 0.6 6.004 1.2525310677081918 0.3914159586586586 0.0 0.09078010625335955
16 0.6 6.5035 0.8787741912034598 0.27461693475043547 0.0 0.06467149431406942
16 0.6 8.5015 0.5874762333214488 0.18358632291407548 0.0 0.03192130652880125
16 0.62 5.005 1.3614826768209811 0.44600930008340556 0.17300770702289361 0.1457685271916218
16 0.64 6.004 1.0514341252409398 0.3650812934860665 0.0 0.11140970505866418
16 0.64 6.5035 1.1364298722316937 0.3945937056349436 0.0 0.0840209468300428
16 0.64 8.5015 0.7335340357304337 0.2546993179624708 0.0 0.03589357626051642
16 0.66 4.006 0.9324214709141023 0.33997434649183983 1.3079076839429555 0.30969910959477687
16 0.68 5.5045 2.22215651013327 0.8474043442685425 2.944030166251239 0.17124793122057186
16 0.72 6.004 1.6327701307121654 0.7147141330959211 2.742196360218415 0.1955136257447718
16 0.72 6.5035 1.8247871810199061 0.8041893547313506 2.4154241838085 0.164687208934564
16 0.72 8.5015 0.7755735108289021 0.3462381744771104 0.0 0.08188104454809025
16 0.74 5.005 0.7268263187915308 0.33939767205750393 1.370838397622678 0.2828452186299472
16 0.76 7.5025 1.590446252996373 0.8236755086835231 2.6238601992014585 0.16365155479567703
16 0.76 8.002 0.807881554423187 0.42077164292876 0.0 0.1431842525796691
16 0.78 1.5085 0.8650326183005761 0.5089259772028365 1.089552379738368 0.4884946176549041
16 0.78 10.0 0.7464723212459219 0.4241320007087268 0.0 0.10033281534610171
16 0.8 5.005 0.6154226399518027 0.37601993339939815 1.2517255720581395 0.35952664356313946
16 0.82 1.5085 0.7579251968376806 0.5187483321486996 1.073189512841532 0.4801622784934021
16 0.82 10.0 1.0260123154480483 0.7118448033658137 2.5128395574999383 0.1567329523512193
16 0.86 7.003 0.4107254758667654 0.36229746161932447 1.155803746119635 0.34696857977650386
16 0.9 0.5095 0.7378747761165414 0.6065504191767842 1.084258877280696 0.3181045352007477
16 0.9 1.009 0.6033189008052405 0.5805273606415874 1.0900002415285746 0.4025084973034728
16 0.9 2.008 0.4907150115575609 0.5346103382795138 1.0877676010771373 0.47669373582654634
16 0.9 2.5075 0.4534673738732762 0.5121210616557234 1.0746099205135546 0.4917031827517043
16 0.92 4.5055 0.3200503595247675 0.4764954053796807 1.0647962524427688 0.4993242733961214
16 0.94 1.5085 0.4239460548984769 0.5681569923323949 1.0660709100502865 0.4205146510047521
16 0.94 10.0 0.20818973527360957 0.433444655423497 1.131902118485599 0.4514042100857572
16 0.96 7.5025 0.16295965997455367 0.5036664629340423 1.0809225422750055 0.49973419125303736
16 0.96 8.002 0.16067025385025174 0.49594004979601536 1.0877715157917764 0.5000038136973192
16 0.96 9.001 0.15626805307099034 0.48625940206004525 1.091780077854974 0.4990702850684657
16 0.98 4.5055 0.11620514402057659 0.5517083257789945 1.0855707772856493 0.4470507791023061
16 0.98 8.002 0.08608197813653473 0.529222162837865 1.0605667864900694 0.47489130811961605
16 0.98 9.001 0.08434818436356868 0.5261164599996501 1.0882565256933718 0.48190606492541116
16 1.02 4.5055 0.11102585873505205 0.5861550630476934 1.038812445296483 0.4006391012060718
16 1.02 9.001 0.09743128918241327 0.608945557389775 1.0390397308478139 0.4324025734400035
16 1.04 1.5085 0.40144573142534506 0.5914883890545866 1.0607212092393525 0.3767473863777376
16 1.04 10.0 0.202015881567199 0.6312996298955289 0.9827166039982766 0.4861044836982779
16 1.06 7.003 0.3067784092779606 0.6388782661313952 0.991300767993452 0.4891274068089501
16 1.1 4.006 0.517299390674209 0.6442180749957458 0.9941880247716679 0.4865771475050447
16 1.12 5.5045 0.6153548074738306 0.6408662641597075 0.9223134432768832 0.4968300447320325
16 1.14 1.009 0.8714812624292481 0.620450887362787 1.0483588615339579 0.40072867715873484
16 1.16 1.5085 0.8601391833090514 0.6283218720453057 1.0172174299499326 0.44539767393734314
16 1.16 3.5065 0.8391978700099892 0.6550795392737043 0.9471593620773948 0.49995565862722835
16 1.16 10.0 0.6127805786603513 0.47873482707894227 0.5197418117089628 0.2641176043599935
16 1.18 5.5045 0.8504365899865645 0.5905809652685685 0.7906719814203687 0.4376869393067881
16 1.2 1.5085 1.064467947653916 0.6420837728196395 1.0194464317449878 0.4614376079124074
16 1.2 10.0 0.6750963937540163 0.4219352460962905 0.3322821197536994 0.17650534316237895
16 1.22 4.006 1.0817033359855417 0.6146041681736804 0.8217932900632313 0.46518592762873495
16 1.22 5.005 1.0858524159190848 0.6169615999539882 0.7467027583057513 0.4085446586922919
16 1.26 1.009 1.3946006266528277 0.6336240696467282 1.0277749595595316 0.4483931612724944
16 1.28 4.5055 1.265645196827493 0.5650201771548482 0.6800024945237767 0.3616304776427616
16 1.28 8.002 0.8211785297137401 0.3665975579081019 0.21082472231276395 0.13920972922317143
16 1.28 9.001 0.7817893192151638 0.34901308893507127 0.11127836884912914 0.10279127171923585
16 1.3 3.5065 1.4341690559855491 0.5975704399939904 0.7662392865097557 0.42330016702751583
16 1.3 9.5005 0.6849107597194555 0.2853794832163944 0.043775939019681895 0.06304062150387801
16 1.32 1.009 1.6793792311131377 0.6330965109492043 1.0201729072468735 0.4660896773664641
16 1.34 5.5045 1.294128909099648 0.4757826871691204 0.38489297928589816 0.20079559387436383
16 1.36 3.007 1.7236693399964327 0.5984962986098542 0.7512804120901245 0.41575485410705976
16 1.38 3.5065 1.7150113102929703 0.5641484573333916 0.6641200463273582 0.34194998292948814
16 1.38 9.5005 0.9080041424609809 0.29868557317792593 0.0 0.018970345313988248
16 1.44 4.5055 1.5698354056568322 0.4459759675161387 0.32818796725066274 0.17618696344436924
16 1.44 9.001 0.5772649022548375 0.16399571087686907 0.0 0.015490151729404728
16 1.46 7.5025 0.7403108537712147 0.20117142765306714 0.0 0.024487670441670967
16 1.48 0.5095 2.6905973848895735 0.6503968902271925 1.0499723841608508 0.43700534264640367
16 1.48 2.008 2.421551838964136 0.6306124580636361 0.8195380400007907 0.4467195456395293
16 1.48 2.5075 2.210336461081604 0.5755504951644904 0.7107782760069826 0.37913797260723736
16 1.5 5.5045 1.0759310344327953 0.2689827586081988 0.033298333478293404 0.07818081208857237
16 1.54 2.008 2.6560163861070336 0.6148186078952144 0.7660371022926636 0.41410075155687825
16 1.54 7.003 0.6206275632794475 0.14366378780107092 0.0 0.018970345313988318
16 1.56 0.5095 3.0340063170136613 0.6445936132365859 1.0246449910756465 0.45329736923574276
16 1.56 2.008 2.5856368419183937 0.5771510807853238 0.7360885366890477 0.40228723343176687
16 1.56 2.5075 2.3101940210720415 0.5156683082746988 0.6099143511340278 0.3222783228633272
16 1.58 7.5025 0.5507451677276236 0.11869507924235662 0.0 0.013415267434605629
16 1.58 8.002 0.7775833679297885 0.16758262239493513 0.0 0.013415267434605641
16 1.58 9.001 9.961388559630452E-11 0.0 0.0 0.0
16 1.62 7.5025 0.7434035634162071 0.1498797507048434 0.0 0.010953848645841166
16 1.64 0.5095 3.4241414478519143 0.6456951743372136 1.0071129058545538 0.46566878966616854
16 1.64 2.008 2.8857095471533314 0.5636151459282911 0.6766250313705771 0.36174501949796134
16 1.64 2.5075 2.5794486730045976 0.503798568946302 0.5365504699406279 0.266084579042319
16 1.66 9.5005 7.876373516299767E-11 0.0 0.0 0.0
16 1.68 3.007 2.2374258527393702 0.41129151704777844 0.25969554654579563 0.16129408404336387
16 1.7 3.5065 2.2753562044847255 0.40631360794408483 0.10505030816963212 0.10091689580956362
16 1.7 9.5005 7.847843072890106E-11 0.0 0.0 0.0
16 1.72 1.009 3.721804077020102 0.6456369530549791 0.8922603199035787 0.48978490498936883
16 1.74 4.006 1.920832439055038 0.32446493903063195 0.0 0.057351051509337864
16 1.76 5.005 0.9611926456520051 0.15809089565874992 0.0 0.021903753156752196
16 1.8 1.5085 3.6549650614346056 0.5710735305133235 0.7112409005850153 0.3860532245155926
16 1.8 10.0 0.0 0.0 0.0 0.0
16 1.82 5.005 0.8329401096647838 0.12697257768680664 0.0 0.00948645350433963
16 1.88 6.004 0.1178556016963697 0.01674085251136049 0.0 0.0
16 1.88 6.5035 1.1501495263240522E-10 0.0 0.0 0.0
16 1.88 8.5015 1.1501495263240522E-10 0.0 0.0 0.0
16 1.9 4.006 0.6516936648912297 0.09051300901301694 0.0 0.017317996446759448
16 1.92 5.5045 0.2273715512221069 0.030892873802980208 0.0 0.0
16 1.94 7.5025 7.990262226912647E-11 0.0 0.0 0.0
16 1.94 8.002 7.990262226912647E-11 0.0 0.0 0.0
16 1.96 5.5045 8.027413397202701E-11 0.0 0.0 0.0
16 1.98 7.003 1.1977261273592222E-10 0.0 0.0 0.0
18 0.0 4.5055 0.6312099104261375 0.07013443449101904 1.024404292537045 0.03144884433329325
18 0.0 8.002 0.0 3.0425910314702166E-13 0.485162478991075 0.022577533139205377
18 0.0 9.001 0.12274390144671037 0.013638211271771292 0.6218094376957943 0.02048969989545827
18 0.02 4.5055 1.0142170651339049 0.14995749808374287 1.204223387104883 0.051021701935352624
18 0.02 8.002 1.031589636398348E-11 3.0425910314702166E-13 0.0 0.0
18 0.02 9.001 2.6438139918941103E-12 2.761775335529826E-13 0.0 0.0054771708036174755
18 0.04 0.5095 5.44029176891236 0.6495432229638043 1.2050802005707144 0.4929979764446911
18 0.04 1.009 4.4588300157709515 0.5649303801949068 1.1608523953486378 0.4644725243713453
18 0.04 2.5075 1.9418181790942655 0.29460653518812757 1.134594337071343 0.24177342010201133
18 0.06 1.5085 3.0906680850256447 0.4511245312505768 1.1286633327727005 0.4050935066442432
18 0.06 3.5065 2.1453218321876397 0.2819258334396331 1.8736849534938045 0.1606765752545932
18 0.06 9.5005 6.0011710362948695E-12 3.0425910314702166E-13 0.0 0.0
18 0.08 1.5085 2.914629499775147 0.44946344634458324 1.1143322717144235 0.42114984989135695
18 0.08 10.0 6.31233942587664E-12 3.0425910314702166E-13 0.0 0.0
18 0.12 6.004 0.20457658360357425 0.025830376717531394 0.0 0.005477170803617487
18 0.12 8.5015 1.0315362785798456E-11 3.0425910314702166E-13 0.0 0.0
18 0.14 3.5065 1.796924541705455 0.21787950728665012 0.3746187446405066 0.03908547586458802
18 0.14 9.5005 1.4644998887370514E-11 3.0425910314702166E-13 0.0 0.0
18 0.2 5.005 1.0055035510676402 0.13965327097979172 0.0 0.012246591372295957
18 0.24 7.5025 2.157582106644837E-11 3.0425910314702166E-13 0.0 0.0
18 0.24 8.002 2.157582106644837E-11 3.0425910314702166E-13 0.0 0.0
18 0.24 9.001 2.157582106644837E-11 3.0425910314702166E-13 0.0 0.0
18 0.26 0.01 4.384210013575808 0.6851722071741312 1.1429015105960016 0.08078923958234208
18 0.26 3.007 6.767876209135457 0.8135047001501583 3.792667863929245 0.2288383524249326
18 0.28 2.008 1.7516108295052601 0.38162930521384875 1.2432625737915828 0.4416347441342638
18 0.3 3.007 6.574614063682485 0.8565345845250452 3.840399290748645 0.2435031479756017
18 0.32 5.005 0.9300513167139027 0.15196916939888255 0.0 0.0273759932367728
18 0.34 3.5065 2.0831993005510476 0.34644961156106985 0.1004791672009116 0.0935002490840675
18 0.34 9.5005 4.224547603310422E-11 3.0425910314702166E-13 0.0 0.0
18 0.36 5.005 1.3920907295774874 0.2416824183311741 0.0 0.026258918576930263
18 0.42 3.007 2.556837168270966 0.4564515521029939 2.46173082623292 0.33366836031682756
18 0.44 5.005 1.2917454168757883 0.25629869382592213 0.0 0.0427395535034118
18 0.48 5.5045 1.3286169453386112 0.28389250968462004 0.0 0.053588566721172244
18 0.52 5.5045 1.3566280775751356 0.3140342772160453 0.0 0.05709062889172623
18 0.54 5.005 1.6448160457135876 0.39729856176567424 0.0 0.09318449854041683
18 0.56 5.005 1.2789923200921813 0.3229778586099918 0.0 0.11232453442820514
18 0.58 5.5045 1.6857075595611264 0.445954380835781 0.0 0.09174968949063735
18 0.6 5.5045 1.8138898970535797 0.5026787108996532 0.08277958369535171 0.11167188991140084
18 0.62 1.5085 1.4211086342762005 0.46982036507941544 1.1443369559667347 0.49994759032728425
18 0.62 3.5065 1.1716998413894153 0.3527725327966837 1.4816301589329854 0.340019534718643
18 0.64 5.5045 1.5506760898265086 0.47578110156051323 0.19610077703197307 0.13414245324140053
18 0.7 5.005 0.8518957713712652 0.3131402960438207 1.4212890081118552 0.2501100017240043
18 0.72 5.5045 0.8672299178708672 0.33944866900759035 1.5402734173361825 0.22924586141054115
18 0.74 1.5085 1.1439881413938342 0.5232752460931802 1.1288980356733511 0.4912200100538214
18 0.74 3.5065 0.8912317297084308 0.3796581966904094 1.1906045581096103 0.4154940290565501
18 0.76 0.01 1.2762719952504042 0.6863482873380129 1.1423046569377515 0.05246341655334438
18 0.78 8.002 1.4671815420501653 0.7378427122594312 3.102643968042311 0.1608532762097501
18 0.78 9.001 0.7387198466055063 0.373090831619058 0.0 0.12750265539972128
18 0.8 1.5085 0.9252279644602984 0.5362333258595895 1.1541267794658274 0.47889536345445666
18 0.8 3.5065 0.7737010948847647 0.42412472711603594 1.198981993863668 0.45381244207697036
18 0.8 9.5005 0.999654650375451 0.5552138481937389 0.29916107491518945 0.1491702382744301
18 0.82 8.002 0.5799835765562634 0.35504602868019575 1.6026150187629864 0.21313190694259554
18 0.82 9.001 1.3810313749184606 0.8515698793984373 3.4918055241207826 0.19056779383311986
18 0.84 2.008 0.7505852691210158 0.5191831151686152 1.1333913156973536 0.4927830919347892
18 0.84 2.5075 0.7164701623613121 0.4902792351414265 1.1487386906769215 0.4998997467016866
18 0.86 4.5055 0.5665520497011021 0.4398836530089949 1.1485303219091856 0.4604540931110131
18 0.88 2.008 0.6122486875122324 0.5444358668888836 1.1159181554288655 0.4775027724072649
18 0.88 2.5075 0.5846998849720185 0.5252065695643431 1.1453954470640626 0.4934571067980858
18 0.9 6.004 0.40262787219018265 0.4415288351419832 1.1978501847628138 0.4632045942755204
18 0.9 6.5035 0.38521075279957306 0.4241597889665731 1.166487005436749 0.4505856271193437
18 0.9 8.5015 0.36963359703684195 0.4098120082795364 1.1865982551088703 0.3881624157869013
18 0.92 3.007 0.4142312717863787 0.5346190411703434 1.116380307959319 0.4841669509275891
18 0.94 4.5055 0.2970958986252323 0.523175697653756 1.138819051812472 0.4937240141159158
18 0.94 8.002 0.2564215530432435 0.4732749763410488 1.1447125535232738 0.4877960555372202
18 0.94 9.001 0.24974094274918993 0.4615059806022438 1.1706886021295673 0.4768832519276855
18 0.96 0.01 1.1777879073742332 0.6776884407534297 1.1473681104717406 0.04308780610313049
18 0.98 0.01 1.2233425018583868 0.6758882499245679 1.1433241461459684 0.04411594992991611
18 0.98 3.007 0.17362457654407848 0.578348314742475 1.1190568047106175 0.3907230137652471
18 1.02 3.007 0.16079346634834843 0.6006597413444856 1.102443265901483 0.3560415830619567
18 1.04 4.5055 0.23298718229332546 0.6354264581365843 1.0987245801766723 0.41456684609080097
18 1.04 8.002 0.23241923642904622 0.6446809412091491 1.0537774151374122 0.46499647506838676
18 1.04 9.001 0.2372252413036221 0.6589590036192398 1.0541864087211597 0.47414400673168483
18 1.06 4.5055 0.34644694244233604 0.639002634669193 1.082469267987406 0.44718593223335457
18 1.14 3.5065 0.8176190129038704 0.6482290630712899 1.008988867390646 0.49598069647989956
18 1.14 9.5005 0.6583421958195703 0.5224938062066751 0.6794084443352002 0.3444924576434178
18 1.16 7.5025 0.8049947608732749 0.5590241394950412 0.7528426560661295 0.38473899904822506
18 1.16 8.002 0.8331958909940049 0.5786082576347128 0.7180916582490238 0.35627806329439043
18 1.16 9.001 0.7547318662579706 0.5241193515683407 0.6547871097724488 0.3071342755282025
18 1.18 4.006 1.0374737358438466 0.6403394946455039 0.9488551789491141 0.49163660460022085
18 1.2 4.5055 1.1158730477730767 0.6199294709850801 0.8688174844653859 0.4614125640108186
18 1.2 8.002 0.9217587416183419 0.5120881897861533 0.5687773876373193 0.2680787133518964
18 1.2 9.001 0.955494117449065 0.5308300652511592 0.49474732490413675 0.22225007572308608
18 1.22 1.5085 1.2985114052968936 0.646220872897917 1.0468466675878205 0.46570397383044065
18 1.24 0.5095 1.6336221378893236 0.6476177829509647 1.118495899688251 0.3532388681161464
18 1.24 2.008 1.396644107778635 0.6449033273411159 1.016007247562331 0.4950508019345584
18 1.24 2.5075 1.4206990858278983 0.6573829457851661 0.9780505608925995 0.4997459692579944
18 1.26 6.5035 1.0452342260960157 0.44668129320513095 0.5403223880939579 0.25181597467164574
18 1.28 3.007 1.6100769112807134 0.6389194092387457 0.9035917510595001 0.4717463898091283
18 1.3 7.5025 0.950350128689846 0.3519815291506257 0.13680697366093136 0.11715961223475434
18 1.32 9.5005 0.8446705297792023 0.2932883783967935 0.0 0.05964302916353428
18 1.34 4.006 1.5947904761121465 0.5211733582068322 0.6731392208351259 0.3362285877583553
18 1.36 5.005 1.4303558639472342 0.441467859244953 0.4634279378591874 0.216848422353086
18 1.38 7.5025 0.9429052490253329 0.27570328917233927 0.04577784446988193 0.06535777677112703
18 1.4 0.5095 2.513642863144879 0.6585306711851102 1.0847090238394141 0.41016484025533634
18 1.4 2.008 2.325306755786593 0.6458753752254541 0.8987995114350856 0.4797680960336736
18 1.4 2.5075 2.207642889869595 0.6132341360742211 0.8271806373210042 0.4362520310321967
18 1.44 3.007 2.18300528364203 0.5512639605159013 0.7221291039003122 0.35413820125259954
18 1.48 6.004 1.045883631531997 0.24210269247011787 0.014489927551992335 0.055770035840521745
18 1.48 6.5035 1.0054889024736924 0.2327520607538092 0.0 0.045450366808802954
18 1.48 8.5015 0.42493270949913836 0.09836405312624533 0.0 0.012246591372295931
18 1.5 4.006 1.769790684787537 0.39328681883757977 0.34454926335981834 0.17753557394928968
18 1.52 5.5045 1.3600651790803049 0.2906122177436208 0.0 0.06351092948796351
18 1.56 6.004 0.8973321789696936 0.17804209898764287 0.0 0.04343324574457826
18 1.56 6.5035 0.9203047159486577 0.1826001420738107 0.0 0.02844911258091908
18 1.56 8.5015 9.985950798757976E-11 0.0 0.0 0.0
18 1.58 0.01 5.002421844268091 0.684403754760647 1.1390800607620355 0.08979969410728622
18 1.58 3.007 2.3902384450715712 0.4579000852636376 0.5088353047088141 0.23190123313371236
18 1.6 2.008 3.20902972534401 0.5942647639522541 0.7420553594904928 0.37672120731344955
18 1.6 2.5075 2.8806509358908143 0.5334538770179643 0.6300774480994326 0.29380973516148196
18 1.64 6.004 1.5003519049730314 0.2604777612887396 0.0 0.018970345313988318
18 1.64 6.5035 0.31133197774777743 0.05405069057640292 0.0 0.005477170803617486
18 1.64 8.5015 0.12032038171657786 0.020888955156626546 0.0 0.0
18 1.68 5.005 1.3898851524768736 0.2271054170726829 0.0 0.03589357626051636
18 1.7 7.5025 0.21085722577580385 0.03346940091752619 0.0 0.005477170803617481
18 1.72 3.5065 2.5159236206381075 0.3882598179914738 0.09765940982979718 0.08880809441036921
18 1.72 9.5005 8.660321479500348E-11 0.0 0.0 0.0
18 1.76 1.5085 4.125100251030524 0.6030848320219595 0.7901324204413095 0.39555557509553985
18 1.76 3.5065 2.4509425985964035 0.35832494130934583 0.06420982768864004 0.08780492813326499
18 1.76 9.5005 8.885065893876511E-11 0.0 0.0 0.0
18 1.8 8.002 1.4445496961947724E-10 0.0 0.0 0.0
18 1.8 9.001 1.4445496961947724E-10 0.0 0.0 0.0
18 1.82 1.5085 4.171733587391871 0.5652755538479445 0.7303744413233824 0.3704504763013432
18 1.82 3.5065 1.7737375992621944 0.24034384812216136 0.0 0.06014033199216692
18 1.86 4.006 0.8934498684592027 0.1154327995542024 0.0 0.021903753156752165
18 1.88 5.5045 0.9074556039121283 0.11457772775547834 0.0 0.007745773043537933
18 1.92 4.006 1.4817328503631093 0.17895324282374192 0.0 0.023231741281486282
18 1.94 0.01 7.303419244850231 0.6830151951909093 1.1515375956853804 0.10671179001505075
18 1.98 4.5055 8.609923555128434E-11 0.0 0.0 0.0
18 2.0 5.005 0.6570969151676138 0.07301076834498473 0.0 0.0054771708036174885
20 0.0 0.01 7.040830984181159 0.704083098418114 1.2018770592719767 0.09974517036428202
20 0.0 3.007 1.5517147472054897 0.15517147472049342 0.8573453710939143 0.06737397278167438
20 0.02 3.007 2.066100700267643 0.25855484583215216 1.1723898412198501 0.14217665441988792
20 0.04 6.004 1.3907964417977967E-11 6.292187458989999E-13 0.0 0.0
20 0.04 6.5035 1.3907964417977967E-11 6.292187458989999E-13 0.0 0.0
20 0.04 8.5015 1.3907964417977967E-11 6.292187458989999E-13 0.0 0.0
20 0.06 7.5025 5.977446788343448E-12 6.292187458989999E-13 0.0 0.0
20 0.06 8.002 5.977446788343448E-12 6.292187458989999E-13 0.0 0.0
20 0.06 9.001 5.977446788343448E-12 6.292187458989999E-13 0.0 0.0
20 0.08 4.5055 0.7829407413560328 0.11380252525109079 0.4983425767445839 0.007745773043537923
20 0.08 8.002 1.2986976286184261E-11 6.292187458989999E-13 0.0 0.0
20 0.08 9.001 1.2986976286184261E-11 6.292187458989999E-13 0.0 0.0
20 0.12 5.5045 0.6950438789522826 0.07898225897171464 0.0 0.009486453504339574
20 0.14 7.5025 1.7088559328415626E-11 6.292187458989999E-13 0.0 0.0
20 0.16 2.008 2.1771371973258744 0.3812299916821877 1.272171392786036 0.4111650266827421
20 0.18 2.008 2.1133599290331335 0.38369250960896567 1.2707593682634195 0.4176053828584143
20 0.18 2.5075 1.9599488111903969 0.35335106841807545 1.6715899056080505 0.3699875164377237
20 0.2 3.5065 2.577916970128166 0.315461905590535 0.12392255014761099 0.04343324574457836
20 0.2 9.5005 2.0514594766007234E-11 6.292187458989999E-13 0.0 0.0
20 0.22 2.008 2.089047496222081 0.3850076043276222 1.2256820766148664 0.4283760855556664
20 0.22 2.5075 1.8288384666491413 0.34208934915337047 1.4001849465028755 0.37685206056707243
20 0.24 0.01 5.042098096793418 0.679095751791923 1.1787691367316704 0.08558977710781632
20 0.26 5.005 0.820911503794136 0.11093398700160027 0.0 0.010953848645841155
20 0.3 5.005 0.9723926848372425 0.13891324068944252 0.0 0.013415267434605598
20 0.32 3.5065 2.2429432467654116 0.3292480187261461 0.024487670441671123 0.08661941221386156
20 0.32 9.5005 1.4081421987501335E-11 6.292187458989999E-13 0.0 0.0
20 0.34 7.5025 4.141088239581412E-11 0.0 0.0 0.0
20 0.34 8.002 6.08084060829993E-11 6.292187458989999E-13 0.0 0.0
20 0.36 3.5065 2.4391834309309504 0.3727329120141587 0.12976436072926376 0.10420916757495861
20 0.36 9.5005 2.5013271278431315E-11 6.292187458989999E-13 0.0 0.0
20 0.38 5.5045 0.8664735510203935 0.13975379855191059 0.0 0.02625891857693037
20 0.4 2.008 1.8178499374890331 0.37839093192578177 1.2392718558733677 0.4508162096554418
20 0.4 2.5075 1.5978728942319478 0.33256746153518474 1.25360105713828 0.3965957352893304
20 0.42 5.005 1.1865104029281248 0.20457075912355663 0.0 0.03671772076749113
20 0.44 1.5085 2.039795185105877 0.4459704974591176 1.1963110748815935 0.4953152442406302
20 0.44 3.5065 4.555609541008825 0.7333307677981117 2.369466842180261 0.17514766466924683
20 0.44 9.5005 4.458763587516178E-11 6.292187458989999E-13 0.0 0.0
20 0.48 4.006 2.1547599241957047 0.41349588446045976 0.08576226763446465 0.12427382372509536
20 0.5 5.005 1.811452453386879 0.36229049067730207 0.0 0.06715299401855328
20 0.54 1.5085 1.8566101914835516 0.47088855539398117 1.2070392761021702 0.4992368628971577
20 0.54 3.5065 2.968955503526038 0.5977794995415706 3.3271099212994995 0.2957006691379485
20 0.56 3.5065 1.2730801868660726 0.31315674741114485 1.4396192626796462 0.32263384679048673
20 0.56 9.5005 5.6119286807806935E-11 0.0 0.0 0.0
20 0.58 4.006 1.2555055713512238 0.30177074855320857 1.4861739421117102 0.2672266339898452
20 0.62 7.5025 0.8861284476336619 0.23319169674791712 0.0 0.04545036680880285
20 0.62 8.002 0.8114448825657475 0.21353812699342092 0.0 0.03504995599500162
20 0.62 9.001 0.5564659843521941 0.14643841692369672 0.0 0.015490151729404832
20 0.66 4.5055 1.0938199486847957 0.3159614108856205 1.4978001581304319 0.259825874421028
20 0.68 2.008 1.3771058401681895 0.46429229861125926 1.2342357684516136 0.4949352169125809
20 0.7 1.5085 1.4138587948960435 0.5131151474329233 1.1986298666192872 0.49556026147118454
20 0.7 3.5065 1.1375053579563401 0.3779625120299207 1.269824892601307 0.3842152046917052
20 0.74 7.5025 1.1472457823414113 0.44118541683310736 0.16052584470945933 0.14187285584266382
20 0.74 8.002 1.2866354740915613 0.494712416357412 0.16321785841210815 0.12474054874445242
20 0.74 9.001 0.7856631725536819 0.30217814328462167 0.0 0.08151877850051842
20 0.76 0.5095 1.3577893890472084 0.6368926459833711 1.1810786858251068 0.3343701309754138
20 0.76 1.009 1.3015479010485653 0.5936667828672892 1.2096050145604162 0.43660425765828914
20 0.78 0.01 1.3323070746539196 0.6756867918147462 1.1892780390473643 0.05131332058986157
20 0.78 3.007 0.958040361421837 0.4389036171264463 1.2005286257721783 0.476646227016621
20 0.8 7.5025 0.603437049318301 0.2992947267720969 1.21209890687857 0.20907396535559492
20 0.8 8.002 0.8222980655855026 0.41026531061908894 2.3706871720974334 0.18599192798867842
20 0.82 0.01 1.1276755489111212 0.6892918126134888 1.198936875690784 0.047064783538273376
20 0.82 3.007 0.840602508100228 0.4668680115302295 1.1803614230174484 0.49153063152229215
20 0.84 6.004 0.6274189574422974 0.38792439808899987 1.342256823795847 0.3607401916770117
20 0.84 8.5015 0.537899302762399 0.3348939128904947 1.4882068187075368 0.2430722254202411
20 0.88 6.004 0.5346905408106734 0.44138735631526865 1.2416390575899399 0.43447291235546454
20 0.88 8.5015 0.4440514092900195 0.36836994211118107 1.2906852714928085 0.34069751756540545
20 0.9 5.5045 0.4758568365926926 0.46917398961866813 1.2239540094976733 0.4822117696247142
20 0.92 5.005 0.4125049729505756 0.5083486076164815 1.2063081384943801 0.49967579418152985
20 0.94 0.01 0.8815424789536475 0.6876520736861275 1.193348087185062 0.04095356429410194
20 0.94 3.007 0.3693250315769607 0.5715785856280349 1.1805365346797376 0.4518318481699148
20 0.96 1.009 0.4251243676492802 0.6240257840699301 1.1844027103070813 0.30379087812092354
20 1.0 0.5095 0.5618252383856926 0.6464177667184575 1.1792364469825953 0.2064471213274359
20 1.0 2.008 0.2000562485476992 0.6099805482609446 1.1684610133254996 0.2714959458523383
20 1.0 2.5075 0.15880082470826232 0.621652544557192 1.165187573633843 0.27553588389709094
20 1.02 5.005 0.13335596960313614 0.645564886263284 1.1546390455693905 0.35212335923110394
20 1.04 0.01 1.2223009534292701 0.6825536521558534 1.1777258037407226 0.041316982336699455
20 1.04 3.007 0.27965481262829156 0.6531224713701766 1.1504003313870648 0.3652584487583259
20 1.08 0.5095 0.8537397389724475 0.6508932752158196 1.177556813354178 0.259480285789265
20 1.08 2.008 0.5432339171795706 0.6480569602139629 1.1357337829992176 0.38622597779638757
20 1.08 2.5075 0.5392939415252025 0.6532960021649402 1.146458576918587 0.40989266584512907
20 1.1 4.5055 0.6562543053710556 0.6558525282696104 1.077378922375368 0.49098472062606524
20 1.1 9.001 0.6152646555155353 0.6152646555156138 0.8979317783364539 0.46202350577161705
20 1.12 2.008 0.804613375458378 0.6580019434606674 1.116733584571729 0.42756049765708154
20 1.14 7.5025 0.8602564895153915 0.6144689210822368 0.8555359349139138 0.42185814249895554
20 1.16 0.01 1.984741878519245 0.6906709450612951 1.2067461870367173 0.055502098120586076
20 1.16 3.007 1.082344243765411 0.6763679937865686 1.0710146885569722 0.49364695205744386
20 1.2 3.007 1.3106046534550384 0.6553023267275132 1.017255854253109 0.49986131420288726
20 1.22 8.002 1.111725689164802 0.5053298587105242 0.5294356912171196 0.2210976489428896
20 1.22 9.001 0.7877656831036538 0.3580753105023511 0.39981147212134416 0.17149461683051725
20 1.24 6.004 1.3666899617525634 0.5694541507308019 0.6920224813867164 0.3094327471889464
20 1.24 6.5035 1.2694573075504665 0.5289405448128921 0.644513072180909 0.2796259610781098
20 1.24 8.5015 1.1651581246779463 0.48548255194914325 0.36644888494714317 0.16076495280834283
20 1.28 5.005 1.532649189681904 0.5473747106006913 0.6921372013963377 0.31755803137243444
20 1.36 3.5065 2.163819624752068 0.6010610068752793 0.7795631836701706 0.3576902798542703
20 1.36 9.5005 0.9626238565108957 0.2673955156906747 0.0 0.028970723276090102
20 1.4 6.004 1.3653518200994317 0.3413379550246035 0.1514544826671845 0.10739613197417847
20 1.4 6.5035 1.2612518440220741 0.31531296100400263 0.022577533139205436 0.08188104454809009
20 1.4 8.5015 0.785630565523051 0.19640764138003697 0.0 0.03712289615832022
20 1.42 0.5095 2.9144930512104588 0.6725027735434661 1.141156613912517 0.40865045672486433
20 1.42 2.008 2.6758777903422297 0.6371137596055778 0.9309316487991874 0.46969425322991437
20 1.42 2.5075 2.576539050956715 0.6134616787990546 0.8578638627096491 0.42145664341483907
20 1.44 5.005 1.7326952220828493 0.39379436865445616 0.292025153762739 0.14187285584266351
20 1.46 0.5095 3.1337239231538456 0.6653101358860797 1.1351081050074423 0.41977912703002246
20 1.46 1.009 3.105952560302505 0.6731718424498576 1.076588853832413 0.49181903876193067
20 1.46 2.5075 2.638633708887001 0.573616023671222 0.802142199056763 0.3965957352893316
20 1.48 5.5045 1.6541992896815132 0.34462485201872106 0.0 0.07684254129985166
20 1.52 4.006 1.9910028436165315 0.38288516223384256 0.33783858730718813 0.15041227132787857
20 1.56 5.5045 1.340813638481091 0.23943100687125976 0.0 0.04769511979448675
20 1.58 1.009 3.7620731033905797 0.6483249514492256 1.0118528919472507 0.4999826996236965
20 1.6 8.5015 0.3894988829798214 0.06491648050182204 0.0 0.005477170803617488
20 1.62 0.5095 4.176612524949893 0.6670858469895197 1.1087412668309449 0.4575116922794185
20 1.62 1.009 4.005132851974924 0.6458139519821534 1.0218823220772777 0.49896443970955623
20 1.62 2.5075 3.1063668775361544 0.5010269157315901 0.6275282551898724 0.2779734574074
20 1.64 5.5045 1.081068459426926 0.1689169467887031 0.0 0.0332983334782933
20 1.68 1.5085 4.017480018254427 0.5908058850374345 0.8514409240390757 0.4285565390116697
20 1.68 3.5065 2.6851254736408636 0.3948713931827436 0.1137464756376237 0.10491060785185106
20 1.68 9.5005 1.4577194312726556E-10 0.0 0.0 0.0
20 1.7 0.01 5.755146726822418 0.6884274180831903 1.2098791135555909 0.08880809441036945
20 1.72 7.5025 0.24878226381716484 0.03455309220778252 0.0 0.0
20 1.74 4.5055 1.2946864015429678 0.17495762183058877 0.0 0.024487670441670974
20 1.76 7.5025 1.6839726793488536E-10 0.0 0.0 0.0
20 1.76 8.002 1.6839726793488536E-10 0.0 0.0 0.0
20 1.76 9.001 1.6839726793488536E-10 0.0 0.0 0.0
20 1.78 4.006 2.13033595527287 0.2731199942633034 0.0 0.04478816853367413
20 1.8 0.01 6.723891629257887 0.6988543974362549 1.196287872060697 0.09900550480180664
20 1.8 3.007 2.6158143260234072 0.32697679075308206 0.16563018255110587 0.11022175154698167
20 1.82 7.5025 1.5929917965736165E-10 0.0 0.0 0.0
20 1.82 8.002 1.5929917965736165E-10 0.0 0.0 0.0
20 1.82 9.001 1.5929917965736165E-10 0.0 0.0 0.0
20 1.84 0.5095 5.705193233655805 0.6771503275928074 1.0791460176786278 0.4837854801075578
20 1.84 2.008 3.6909577058677603 0.43939972688935386 0.554024374040814 0.24516359978617205
20 1.84 2.5075 3.473388017246401 0.41349857348180596 0.3202606626665111 0.14713954840172275
20 1.86 1.5085 4.760186410684667 0.5535100477539202 0.7230350477727558 0.3467817086417859
20 1.9 4.5055 1.1928013101073929 0.1325334788992553 0.0 0.021208536066167807
20 1.94 0.5095 6.333887725034306 0.6722918620531675 1.0641204371702617 0.49501242386025945
20 1.94 1.009 5.750435062667625 0.6117484109220604 0.8833718360339927 0.4467647857118813
20 1.96 2.008 4.565820141013919 0.4756062646897173 0.41858702020500843 0.1808954761037761
20 1.96 7.003 0.45147112830533037 0.0470282425315807 0.0 0.005477170803617477
20 2.0 1.5085 5.38199830936752 0.5381998309367445 0.6632820783473902 0.2914405370587987
20 2.0 3.5065 1.3967378207898515 0.13967378207949727 0.0 0.025092018731697897
