10 0.0 3.5065 0.517519731978247 0.1035039463956393 0.6534207821137975 0.11527660480644573
10 0.0 9.5005 0.0 4.726469128334501E-13 0.535782731642273 0.0798676919210368
10 0.02 3.5065 0.6283823011848841 0.14799993338031636 0.7731998547202458 0.1427821422191025
10 0.02 9.5005 0.26781693476609986 0.005583545132480241 1.7006777398233655 0.031921306528801305
10 0.06 0.5095 2.5114906021408543 0.5891928661848289 0.960094856336094 0.4827178756594051
10 0.06 1.009 1.9513212332077305 0.4902931857592954 0.928963912180175 0.48718720902103235
10 0.08 5.005 0.8325614636277601 0.16273430776805548 1.2030866104381512 0.09780992758454539
10 0.12 10.0 8.210395165183635E-12 4.726469128334501E-13 0.0 0.0
10 0.14 0.5095 2.041442205591032 0.582089859944075 0.9476805778292815 0.46073291058302746
10 0.14 1.009 1.55377480056887 0.482702912041753 0.9198414335017735 0.49984106647918675
10 0.14 2.5075 1.0600451401256796 0.33267466108772875 1.019317109360039 0.3703144446271947
10 0.18 5.5045 0.4895573247365552 0.11868446568426728 0.04131698233669941 0.010953848645841136
10 0.2 0.01 2.2512005072263843 0.6574988310615708 0.9334234500380258 0.07949600244741736
10 0.22 5.5045 0.5774268034218086 0.13343253479243034 0.14024050709383223 0.018162995378570412
10 0.24 6.5035 0.3660509903726106 0.09632920799389702 0.0 0.010953848645841131
10 0.26 7.5025 0.2250662016638595 0.06082870315403569 0.0 0.0
10 0.28 4.006 1.5660012926568667 0.3506935814250811 0.8987183888816952 0.11022175154698162
10 0.3 7.5025 0.2731702059981716 0.07804863028479857 0.0 0.01224659137229596
10 0.32 0.01 1.7090549543975402 0.6615294271819612 0.9389489168350124 0.06670880002106207
10 0.34 0.5095 1.319213000915236 0.5668204436910355 0.9203813783701863 0.4156345391252388
10 0.34 1.009 1.0874119959634854 0.4815171295674848 0.910797485638442 0.4885926729083679
10 0.36 0.01 1.536534367600014 0.6562324293206748 0.934241224207063 0.06890061703641825
10 0.38 1.5085 0.9618973045324928 0.43092600110570634 0.9533247431495291 0.4986351706201601
10 0.38 10.0 0.17088856553674053 0.05512534372289682 0.0 0.007745773043537918
10 0.4 5.5045 0.6061980468355018 0.20206601561221565 0.0 0.0423884186138034
10 0.42 7.5025 0.3960651412375725 0.13657418663370963 0.0 0.020489699895458312
10 0.42 8.002 0.3447425196645642 0.11887673091931852 0.0 0.013415267434605652
10 0.44 0.01 1.2752280902447115 0.6490373935150952 0.927569326801783 0.0655849143252503
10 0.46 6.004 0.3993711437902999 0.1479152384414609 0.0 0.023231741281486237
10 0.46 8.5015 0.15367676676953967 0.056917321026490775 0.0 0.00774577304353792
10 0.48 4.5055 1.2170328898544385 0.43063268703614743 0.8469898725634386 0.1155295470081446
10 0.5 7.5025 0.4430149372672505 0.177205974906948 0.0 0.02323174128148626
10 0.5 8.002 0.3534362506565381 0.14137450026266982 0.0 0.01549015172940479
10 0.5 9.001 0.3046218701500627 0.12184874806003711 0.0 0.024487670441670977
10 0.54 0.01 1.149226693541952 0.6535551313074747 0.9346468405914317 0.06933051012191521
10 0.54 3.007 1.0610909942850377 0.42772299188027696 1.321126267471409 0.3857071428295761
10 0.56 0.01 1.1631521881026776 0.6615945396949656 0.9383690425474981 0.0703935341384036
10 0.58 4.5055 1.3015094391310653 0.5761624396529282 1.3535276341825613 0.18197403815137228
10 0.62 1.009 0.8122470138900216 0.48798769649214274 0.8928047038725906 0.4808101080079704
10 0.66 5.005 1.030407886817537 0.5754208140266647 1.5313971996824352 0.21628656040215194
10 0.7 0.01 1.5205450153218047 0.6610675230267336 0.9358263153311235 0.07144042737606032
10 0.7 3.007 0.5954785442691992 0.3786724993712381 1.0027706333512545 0.4290782387344663
10 0.74 1.009 0.7137594453711259 0.49351493184586953 0.8792461720794119 0.47542204438162505
10 0.78 3.5065 0.47866427440690773 0.3978177002427439 0.9899093854944864 0.4292754977427962
10 0.78 9.5005 0.499222606822099 0.45321480730494673 0.6761411210858843 0.1180274815368103
10 0.8 0.5095 0.8837250655041284 0.5486874400249577 0.8789395537846285 0.40345600734783554
10 0.8 1.009 0.6792586839052428 0.4972279690613897 0.8767182383212029 0.474424385186978
10 0.82 3.5065 0.40060873361365806 0.39846209744381267 0.9466992997692648 0.452581980790742
10 0.82 9.5005 0.5217864030782587 0.5781927170958634 1.5381810638748998 0.18939925788235118
10 0.84 4.006 0.35922198546589873 0.40637159128847233 0.949501072962763 0.441714340975513
10 0.86 1.5085 0.5072496385758113 0.4801725026131664 0.8741226653899802 0.4944096516451217
10 0.86 10.0 0.33479234877112507 0.47717220337360133 1.4106592276320384 0.24500355700392562
10 0.88 4.006 0.2889321253616811 0.4180909692475711 0.9234462294260332 0.4702282303289935
10 0.9 7.003 0.20153338080845928 0.3933265854184192 0.9602437785808706 0.41549402905654875
10 0.92 7.5025 0.16406801382009392 0.3996432982251596 0.9153907559426349 0.4381992969553537
10 0.92 8.002 0.1626302281255254 0.4017394015363796 0.951722489449624 0.42904233644659173
10 0.92 9.001 0.16147830343310532 0.40185536749797657 0.9884505767361259 0.4081418732933788
10 0.94 3.5065 0.2103153063384603 0.45839832109620504 0.8724996430921783 0.4999817951006226
10 0.94 9.5005 0.1219186827446401 0.40387892871841047 0.920157378970208 0.44882139135058596
10 0.98 7.5025 0.05052217716540893 0.465831865176839 0.8629490555868351 0.4996513051475616
10 1.0 5.5045 0.055770035840521745 0.49058754887859046 0.8532819345005602 0.47821417080405126
10 1.02 7.5025 0.05388838056367538 0.517062295194012 0.8289866129494479 0.4877825424607761
10 1.02 8.002 0.05194586204440389 0.5194586204438063 0.8235647870362517 0.48910831006890165
10 1.04 3.5065 0.16126413192276604 0.5142776303030175 0.8286814597948519 0.4853349225506424
10 1.04 9.5005 0.11151878520075896 0.5567592331929119 0.7997134494379207 0.4989527623044113
10 1.06 1.5085 0.4521150173512275 0.5166655343649751 0.8386949019454529 0.4738114358815465
10 1.06 10.0 0.17207796412754664 0.5735932137587179 0.7462305415293325 0.49653100116604726
10 1.08 5.5045 0.22503872661123214 0.5564920837779666 0.7795404475641043 0.4998517292482441
10 1.1 5.005 0.28301140404314457 0.5628043178089094 0.7665163893510437 0.4998145355071863
10 1.14 0.5095 1.2415951683157451 0.5570024926840821 0.8552235488883013 0.42871870269385265
10 1.14 2.008 0.46194834717119077 0.5395371065824177 0.8085185835265251 0.49320954845994647
10 1.14 2.5075 0.42722280578443145 0.5511347700239978 0.8052209750878884 0.4967582755843211
10 1.16 9.5005 0.4086773580019647 0.5108466975020112 0.4273314910166236 0.3101169295509919
10 1.18 3.007 0.5248413327976421 0.5706104363209796 0.769454168629447 0.49896249800365655
10 1.2 3.5065 0.5837275235638016 0.5805502089621152 0.7275672212691119 0.48840270758428433
10 1.2 9.5005 0.44480551874282753 0.4448055187428298 0.2447700704500217 0.21108259438024532
10 1.22 1.009 0.8987148614308992 0.5527806977238953 0.8269860542823216 0.48142972644046444
10 1.24 4.006 0.6960316443383417 0.579369574365186 0.6543699455853575 0.4477841496007362
10 1.26 0.5095 1.440594696043657 0.5591433113201857 0.848327203886261 0.4454588710572816
10 1.26 2.008 0.7706387189754415 0.5689436649895994 0.768600681659902 0.49955871743048513
10 1.26 2.5075 0.7516966438090831 0.5703798179754425 0.7377731902936399 0.4937096014430367
10 1.26 7.003 0.6193443035826459 0.4764186950631447 0.2856148587833625 0.23275879670650637
10 1.28 7.5025 0.5900374467464954 0.42145531910470946 0.17239570877240565 0.16850738428417067
10 1.3 6.004 0.7169290875607561 0.4779527250404709 0.28547373655689534 0.23586917850459638
10 1.3 6.5035 0.6219992503330042 0.4146661668886051 0.22704977360551068 0.20256507641275348
10 1.3 8.5015 0.5036930884209475 0.33579539228091765 0.08170011782269605 0.1094222476012626
10 1.32 0.5095 1.5350874095371552 0.5564390975706421 0.8391764624734742 0.4555960978360877
10 1.32 2.008 0.9392339174152654 0.5745441749421285 0.747183130554589 0.49458034044206484
10 1.32 2.5075 0.9300694406219533 0.5775715904693507 0.697599924412829 0.4784242979277798
10 1.34 3.007 0.9796479991008339 0.5756100325716785 0.6292909331210939 0.43208858007581064
10 1.36 0.01 4.568576989437511 0.6496887038653992 0.9255088603059389 0.11348933740347095
10 1.38 6.004 0.7271454408503593 0.38270812676266447 0.12670368370720766 0.1393131792841671
10 1.38 6.5035 0.7049289893811406 0.3710152575681552 0.09444093821471532 0.11232453442820517
10 1.38 8.5015 0.41811379108354496 0.2200598900439366 0.0 0.05964302916353396
10 1.4 4.006 0.9713174649868557 0.4856587324934306 0.373644003336745 0.28802279796097774
10 1.42 5.5045 0.8011664806271326 0.381507847917585 0.1092883994889029 0.1465536858099014
10 1.44 7.5025 0.5390274365804827 0.24501247117784553 0.0 0.04706478353827349
10 1.44 8.002 0.4519883707564207 0.20544925943502795 0.0 0.029483076631446864
10 1.46 5.5045 0.8348804951228083 0.36299151961702897 0.0675942158112193 0.10861656055495046
10 1.48 7.003 0.5155782517370722 0.21482427155817244 0.0 0.04738100939035056
10 1.52 4.5055 0.9146238975383756 0.3517784221298458 0.10324963872698609 0.1355350593247034
10 1.52 9.001 0.36844480068453994 0.14170953871923597 0.0 0.01731799644675938
10 1.54 1.5085 1.5768705232892897 0.5795375488831287 0.6897578410836378 0.473882173542927
10 1.54 10.0 0.27237220007637825 0.10087859262036544 0.0 0.01095384864584115
10 1.56 7.003 0.5516852834672843 0.19703045838093747 0.0 0.03192130652880123
10 1.6 4.006 1.11086445746993 0.37028815248975067 0.09659895800824847 0.13185935740240812
10 1.62 5.5045 0.7329140048065623 0.23642387251894628 0.0 0.04831715901197386
10 1.64 7.003 0.503743787684487 0.15741993365046653 0.0 0.027917725662414072
10 1.66 6.004 0.5933732277459843 0.17981006901147265 0.0 0.022577533139205436
10 1.66 6.5035 0.46597175191137363 0.1412035611857298 0.0 0.020489699895458357
10 1.66 8.5015 0.3748646192385935 0.11359533916294533 0.0 0.014489927551992333
10 1.68 0.01 6.252387562053189 0.6502071321628258 0.9292179463466929 0.13251598997342237
10 1.7 6.004 0.5350568143518518 0.1528733755298584 0.0 0.023867986997354852
10 1.7 6.5035 0.43405248894830384 0.12401499684240151 0.0 0.014489927551992276
10 1.7 8.5015 0.17437839395877974 0.049822398274061756 0.0 0.007745773043537942
10 1.72 0.5095 2.3935786717361363 0.5717889557828896 0.8001712150460804 0.49170318275170233
10 1.72 2.008 1.877640834306445 0.5215198286595428 0.4634801794081338 0.32771474875555107
10 1.72 2.5075 1.6102475882760452 0.44729099674334993 0.30993357857931425 0.2437182349068281
10 1.74 5.005 0.6274109253416376 0.16957052036284054 0.0 0.02323174128148626
10 1.76 0.5095 2.486311959785356 0.5777517446654509 0.8006042271040744 0.4938577212055023
10 1.76 1.009 2.22157882687972 0.5770427521312598 0.7055230936483926 0.4824739473126579
10 1.78 4.5055 0.8714925225139714 0.22345962115744297 0.0 0.03238684935478705
10 1.78 8.002 0.146120381591585 0.03746676450793489 0.0 0.005477170803617488
10 1.78 9.001 4.117667017327585E-11 0.0 0.0 0.0
10 1.8 3.5065 1.1821543451365268 0.29553858628430363 0.05274697980091056 0.08830798162433262
10 1.8 9.5005 0.21995552608011112 0.05498888152014346 0.0 0.005477170803617484
10 1.82 1.009 2.4513636789373456 0.5923962398404758 0.7035109572155337 0.47371020226645366
10 1.84 5.5045 0.6059793853496777 0.14428080603680576 0.0 0.019744665141752892
10 1.86 3.007 1.4440057551532448 0.3358152918963789 0.0689006170364186 0.10671179001505043
10 1.9 5.005 0.6351603166016058 0.14114673702220032 0.0 0.013415267434605561
10 1.92 3.007 1.3927222458528403 0.302765705620072 0.029986647164859125 0.08996386311543092
10 1.98 1.5085 2.566104789419382 0.5236691490063845 0.4497327493578749 0.3233782688831566
10 1.98 3.5065 0.8752190675682137 0.1786161362397792 0.0 0.04769511979448684
10 1.98 10.0 4.2128804380612575E-11 0.0 0.0 0.0
10 2.0 0.01 8.032823794701569 0.6514421255126565 0.9280727807027855 0.14945786773510888
10 2.0 3.007 1.371958388318777 0.2743916776639025 0.009486453504339585 0.060387425299626644
12 0.0 7.5025 0.06304062150387793 0.010506770250845001 0.6225849666970118 0.05072838916050869
12 0.02 7.5025 0.29938804746057995 0.044939368375685955 0.7157729721727335 0.02948307663144706
12 0.04 2.008 1.5526964916351724 0.337371314805644 0.9122988919064663 0.31959031140001115
12 0.04 7.003 0.1779630409224387 0.014003491138570745 0.27524999543969525 0.009486453504339635
12 0.06 6.5035 0.5210744990791504 0.08950644495147506 1.0929184632127042 0.021903753156752175
12 0.08 3.5065 1.6220535133783518 0.2703865716444838 1.7496421103005881 0.17949778692755097
12 0.08 9.5005 4.5834744644038214E-12 6.516781781991952E-13 0.0 0.005477170803617491
12 0.1 5.5045 0.9082338071346151 0.1420745416242111 1.0714450276076346 0.03374480423872103
12 0.12 4.5055 1.420764200392143 0.19585569263754565 1.0118920909606608 0.05441699080713063
12 0.14 6.004 0.28007097471289966 0.05427732068186197 0.0 0.005477170803617486
12 0.14 6.5035 9.869942228442054E-12 6.516781781991952E-13 0.0 0.0
12 0.14 8.5015 9.869942228442054E-12 6.516781781991952E-13 0.0 0.0
12 0.16 4.006 1.5789308718151351 0.2275116770525285 0.8314372520276044 0.04377593901968181
12 0.18 4.006 2.043358438033677 0.31071074878117294 1.0514730791916422 0.06911590432652308
12 0.2 0.5095 2.29043933102929 0.5954970074895938 1.0096255812754191 0.45167530277292356
12 0.2 1.009 1.7368880667279059 0.4993694281557799 0.9948957467104279 0.4998539681847837
12 0.22 4.006 1.869211025123733 0.3080604398595735 0.8157758966958776 0.07226679926592676
12 0.28 1.5085 1.2726879584271793 0.4354522951494186 1.016693477283328 0.49356941116836295
12 0.28 10.0 1.0341685019596692E-11 6.516781781991952E-13 0.0 0.0
12 0.3 0.01 2.365569402760606 0.6697732339776462 0.9909760010525285 0.07567615431786986
12 0.32 0.5095 1.7682892017440528 0.5756180135561209 1.0037067404024353 0.4285565390116695
12 0.32 1.009 1.4290534355775089 0.4938663395182551 1.002536916177323 0.4943824550980392
12 0.32 2.5075 1.1722012368011017 0.35949269252087124 1.2670177782022485 0.42118824121779097
12 0.34 6.004 0.651859508778424 0.16461098706671506 0.0 0.018970345313988234
12 0.34 6.5035 0.14087696351168422 0.03557499078702853 0.0 0.009486453504339585
12 0.34 8.5015 0.33616041944799935 0.08488899481256186 0.0 0.0077457730435379285
12 0.36 0.5095 1.6240758671660054 0.5711371402858644 0.9927878224074473 0.4202635172377996
12 0.36 1.009 1.348186266940017 0.4936047845107495 0.9881210662984896 0.4924650896559648
12 0.38 4.5055 1.0591840833479909 0.27964525943725277 0.0853592475332687 0.0639777240086496
12 0.38 9.001 0.2754612242170498 0.07404871618889579 0.0 0.007745773043537913
12 0.4 4.006 1.442342841640194 0.38824492284367607 0.4781693775077948 0.08384476669391437
12 0.42 0.01 1.7884802331002925 0.6725189615712701 0.9986137725891716 0.0682506016053005
12 0.44 0.5095 1.413164577090138 0.5739628903133935 0.9846239581944491 0.406733418116034
12 0.44 1.009 1.2118397761890372 0.4911456779128837 0.9940839153056136 0.48644908399565706
12 0.46 5.5045 0.8594164129641546 0.26525197930984756 0.0 0.05043335270709314
12 0.48 3.007 1.3972448605821346 0.4201093556940297 1.6057183009802916 0.36025001696767417
12 0.5 0.01 1.4731766585051373 0.6715251636050065 0.9979521921983088 0.06490107533274493
12 0.5 3.007 1.2091583477271772 0.39989471764349466 1.4693386674863627 0.37875060489520374
12 0.54 1.009 1.0748478166285507 0.4970799739120381 0.9766109092684084 0.48239223731713593
12 0.56 0.5095 1.1466008660764662 0.5693306243442805 0.9766614491802716 0.39797126318418247
12 0.56 1.009 1.0453459958771472 0.4991436795209436 0.9771318451081847 0.48144655086369204
12 0.56 2.5075 0.8967853062512728 0.3650656505648886 1.1013092818192507 0.44041681117904297
12 0.62 9.5005 0.476235097125246 0.2088750425993543 0.0 0.0337448042387211
12 0.66 1.5085 0.8508298640025606 0.45557703633651014 0.9738614723501487 0.49998388045134795
12 0.66 3.5065 0.802874312717584 0.3801078098834672 1.1555785698725805 0.36168775808122106
12 0.66 10.0 0.40130774029465455 0.19671948053616142 0.0 0.026823288486981706
12 0.68 4.006 0.8004139559572895 0.3974485262311425 1.3006674671797398 0.32045464703875215
12 0.7 1.009 0.8475250094116675 0.5063982102899003 0.9607606828309104 0.4719147333039995
12 0.74 9.5005 0.5720454697646302 0.3666958139501665 0.0 0.07081418681671331
12 0.78 7.5025 0.9116705987095384 0.6843077649877713 1.9228107259760592 0.1871109499786858
12 0.8 6.004 0.461270484121857 0.3741976019291839 1.2719463913024558 0.29035008556075553
12 0.8 6.5035 0.4925437678610858 0.4009142305219563 1.3603526101999694 0.268456198526144
12 0.82 7.5025 0.5409383176211237 0.4962531788080439 1.6060464392613971 0.2452702186104742
12 0.84 10.0 0.6358406105008664 0.6615798830890888 1.9111496980348854 0.19523093135171343
12 0.86 8.002 0.3770974351943732 0.44648095041946373 1.3453081066889292 0.30912787729136676
12 0.86 9.001 0.30969070949582705 0.36670199443598417 1.2273199506480106 0.26774780078553223
12 0.88 10.0 0.2712321095203989 0.3765457049106706 1.2812520150076083 0.28236356054587275
12 0.9 4.5055 0.2853799325885321 0.4381738000789203 0.9771773754210382 0.47864240217549625
12 0.92 0.01 2.0533232988648873 0.6682207080188143 0.9949836694001469 0.07684254129985169
12 0.94 7.5025 0.1599298844819105 0.4369949303968045 0.9696896902138893 0.4771471804917393
12 1.0 4.006 0.09675119065904689 0.5201872558332294 0.9244407652000368 0.4473058972496992
12 1.02 0.01 2.550068085348886 0.6756572913752372 0.998944064003157 0.07528324730947951
12 1.04 7.5025 0.1378891954162646 0.5695056648513946 0.880989881453536 0.4863705112201696
12 1.06 8.002 0.21406208354967982 0.5946168987492103 0.8464517114627983 0.49920655442211836
12 1.06 9.001 0.2179819514618645 0.605505420727312 0.846732337806271 0.5000067944358919
12 1.08 4.006 0.28840619222937636 0.57785113175666 0.883649315166967 0.48859919448973577
12 1.1 1.5085 0.5273888233532417 0.5600415097988808 0.9136314592561446 0.45995708292962567
12 1.1 3.5065 0.36341134741959374 0.5867758858665392 0.8824044285246824 0.49096737891486797
12 1.1 9.5005 0.36221577157348894 0.6036929526224692 0.7123569063172429 0.45035441493291944
12 1.12 4.006 0.44339961522714083 0.6081937745507793 0.8590034704108939 0.49913887561845743
12 1.14 6.004 0.5096403190144716 0.60659849715954 0.7531394653866607 0.47303674540898877
12 1.14 6.5035 0.5176054211133936 0.6161969298968963 0.7403673430612671 0.4612997530542778
12 1.14 8.5015 0.49051635001842375 0.5839480357363095 0.6337496232696913 0.39053125020147755
12 1.18 5.005 0.6441912988727766 0.5964734248821854 0.7338055744551735 0.4598162651889411
12 1.2 7.5025 0.6602617043993303 0.5502180869988014 0.4880193370337899 0.29970827310482306
12 1.22 3.5065 0.8065732605421787 0.6104133178677578 0.7779480168300936 0.4835337816508599
12 1.22 9.5005 0.6009486651152904 0.45526414023868955 0.20246760080789544 0.16673688852098845
12 1.26 6.004 0.8203942944196995 0.5258937784740245 0.46562979805020166 0.29269111933268527
12 1.26 8.5015 0.6979700108303897 0.4474166736090574 0.18112721920204625 0.15258250781278782
12 1.28 0.01 3.8755675563102954 0.6669790297893211 0.9956114343341846 0.10091689580956335
12 1.3 5.5045 0.8710335337576163 0.48390751875497323 0.4065395091369725 0.2638280433569497
12 1.32 6.004 0.8480165534785946 0.44167528826989805 0.27748783346378036 0.20671162137529123
12 1.32 6.5035 0.8278730375093836 0.43118387370516414 0.2045395603399254 0.17017427805911994
12 1.32 8.5015 0.6219856087783512 0.3239508379059053 0.08419674762420848 0.09796020487882812
12 1.34 5.005 1.0192354321846497 0.4996252118560176 0.38097145803394294 0.2490162483081845
12 1.36 0.5095 1.7531574306480522 0.5920534293646854 0.9214739516271659 0.4410597169343039
12 1.36 1.009 1.4179335118323553 0.6046448777123828 0.8816412130471085 0.48778254246077773
12 1.38 5.5045 1.0162244432521943 0.44571247510967865 0.20002253477510365 0.16758260997581192
12 1.4 7.003 0.6652703478266304 0.2771959782629657 0.02190375315675231 0.07912252143048824
12 1.42 4.006 1.205610215897608 0.47841675234133046 0.41164855931793015 0.26315068312856305
12 1.44 0.01 4.821287668475052 0.6663399158087094 0.9944675504714534 0.1001862407178713
12 1.48 4.5055 1.1864969721074639 0.4119781153154088 0.18569219905792592 0.16094154554797077
12 1.5 5.005 1.106408774929523 0.36880292497715933 0.08437217144764356 0.10955592397216905
12 1.52 3.007 1.5668040817298847 0.5021807954263756 0.4476680832636526 0.2850194999558676
12 1.54 4.5055 1.2045370157765811 0.37177068388257606 0.08115485099622086 0.10902018550877904
12 1.54 8.002 0.5900301444818814 0.18210806927719736 0.0 0.01974466514175301
12 1.54 9.001 0.2980325075704451 0.09198534184722498 0.0 0.007745773043537926
12 1.56 4.5055 1.2095779502586166 0.3599934375762351 0.10378592383832455 0.11348933740347107
12 1.6 10.0 3.9424493997286693E-11 0.0 0.0 0.0
12 1.64 4.5055 1.2648709716785667 0.32939348220008047 0.023867986997354807 0.05888908660735374
12 1.66 5.5045 0.7800445251048116 0.19698094067614974 0.0 0.03238684935478709
12 1.68 0.5095 2.6931315030891945 0.6009037053635039 0.8866077899068354 0.4824412873610547
12 1.68 1.009 2.480380256421198 0.6018352797405495 0.8046030066868348 0.4949910377852604
12 1.7 5.5045 0.8083637055584133 0.19246754893341567 0.0 0.0268232884869817
12 1.72 6.004 0.8225317142782246 0.1904008597820205 0.0 0.024487670441671047
12 1.72 6.5035 0.357951077841184 0.082859045812522 0.0 0.007745773043537938
12 1.72 8.5015 4.136674007838677E-11 0.0 0.0 0.0
12 1.74 1.5085 2.558116953518878 0.5759454280875885 0.657627989474878 0.4103529458140593
12 1.74 3.5065 1.3675455093541637 0.30800574534853253 0.055232844340475304 0.10753245263653699
12 1.74 10.0 4.5518873563380524E-11 0.0 0.0 0.0
12 1.76 6.5035 4.592860800953847E-11 0.0 0.0 0.0
12 1.78 3.007 1.8411957692580934 0.3934178994149116 0.13972614919884105 0.13425012987938173
12 1.8 7.5025 6.218556742350209E-11 0.0 0.0 0.0
12 1.82 9.5005 6.692468543175129E-11 0.0 0.0 0.0
12 1.84 4.006 1.2513638967564185 0.2482864874491803 0.0 0.036717720767491094
12 1.86 5.005 0.750108211114849 0.14536980834445118 0.0 0.017317996446759458
12 1.9 1.5085 2.9056006520762656 0.5380399451603428 0.5562185324774033 0.3460009846187289
12 1.9 3.5065 1.1682472518654952 0.2163420836789283 0.0 0.04411594992991614
12 1.9 10.0 4.344362434392121E-11 0.0 0.0 0.0
12 1.92 5.005 0.6374045575572413 0.115471840141393 0.0 0.015490151729404796
12 1.96 4.006 0.8875376609799613 0.15408639946940883 0.0 0.022577533139205415
12 1.96 5.005 0.5087330801572787 0.08832171530919572 0.0 0.007745773043537919
12 1.98 7.5025 3.500955107664113E-11 0.0 0.0 0.0
12 1.98 8.002 3.500955107664113E-11 0.0 0.0 0.0
12 1.98 9.001 3.500955107664113E-11 0.0 0.0 0.0
12 2.0 1.009 3.4666497232631572 0.5772170063086126 0.6827597080855303 0.4374048746962267
14 0.02 0.01 4.626782030169685 0.6785393766464366 1.0518829674652581 0.09720640262370987
14 0.08 7.5025 0.43520618710689696 0.059496340057654216 0.4884618360712178 0.00547717080361749
14 0.1 4.006 2.1505015702334127 0.26505342216499983 1.814841883842257 0.07722732910433479
14 0.12 3.007 1.5892918916274106 0.3231888220346606 1.5361980435893288 0.2832384073110318
14 0.14 5.5045 0.5736140611416344 0.06081448194989298 0.2829763708505545 0.007745773043537928
14 0.16 1.5085 1.8053412279661472 0.4380059204281115 1.0556923248087235 0.47201966963133624
14 0.16 10.0 9.690157656076406E-12 3.6876341600585214E-13 0.0 0.0
14 0.18 1.5085 1.7748989968992244 0.4441199196761964 1.06633496914654 0.47637921729836297
14 0.18 10.0 8.302360507610915E-12 3.6876341600585214E-13 0.0 0.0
14 0.2 6.004 0.8093861849965595 0.14453866488555378 0.048625166903613945 0.019744665141752864
14 0.2 6.5035 0.17267864962344526 0.030835473147167784 0.0 0.009486453504339618
14 0.2 8.5015 0.28640984999782193 0.05114461607162234 0.0 0.005477170803617488
14 0.22 10.0 1.0292929495267367E-11 3.6876341600585214E-13 0.0 0.0
14 0.26 0.5095 2.559407927343862 0.6079561580004788 1.070074036010867 0.446915421982731
14 0.26 1.009 1.9375446039259059 0.5076279213632864 1.0439752184201585 0.4987292651739487
14 0.26 2.5075 1.55289971373962 0.37355453295307317 1.4745580243995797 0.40195468943226725
14 0.28 4.5055 0.9062126317726855 0.17760733552421437 0.03870096927273692 0.03671772076749119
14 0.28 8.002 1.1295369438021659E-11 3.6876341600585214E-13 0.0 0.0
14 0.28 9.001 0.24281954926201263 0.04817848199860513 0.0 0.005477170803617485
14 0.3 0.5095 2.2864537698350986 0.5865256123406631 1.0538273833985214 0.4390693156210279
14 0.3 1.009 1.8095089013360064 0.5016659015478016 1.0435195454745316 0.49726896121239633
14 0.3 2.5075 1.744838984396606 0.39753857233882434 1.6478333623868557 0.40086293620289154
14 0.32 6.004 0.5816212411718363 0.12218933638225994 0.0 0.013415267434605607
14 0.32 6.5035 0.1515404730825428 0.0318362338412257 0.0 0.007745773043537917
14 0.32 8.5015 1.4629187375739353E-11 3.6876341600585214E-13 0.0 0.0
14 0.36 6.004 0.5324546307237357 0.11885148007126527 0.0 0.013415267434605622
14 0.36 6.5035 0.5174635041249183 0.11550524645942441 0.0 0.009486453504339623
14 0.36 8.5015 0.27482259770440826 0.06134432984657618 0.0 0.0
14 0.38 3.007 3.0342957693492543 0.6040752980377623 2.4352683627613056 0.32520901357761645
14 0.4 1.5085 1.3519986167947704 0.43088314893034524 1.0845860388952566 0.49536478062778916
14 0.4 10.0 2.6325008101976598E-11 3.6876341600585214E-13 0.0 0.0
14 0.42 0.5095 1.8612587816604935 0.5875586924503929 1.0492555992450412 0.41416164143442075
14 0.42 1.009 1.535410881267819 0.501198337902059 1.0450570550816562 0.4902416151038742
14 0.44 6.5035 0.5488783023692989 0.14001997509400066 0.0 0.014489927551992294
14 0.46 4.006 1.38157810600965 0.3654805538214383 0.0054771708036174885 0.09583402663057701
14 0.48 5.005 1.069469710918723 0.293810360143123 0.0 0.06304062150387804
14 0.5 1.009 1.368512279819208 0.49766894590278377 1.0505173237763572 0.4843366745630268
14 0.52 4.006 3.054700707015748 0.8332814039594504 2.4010134950463984 0.19466408905214944
14 0.52 5.005 1.0188190077736425 0.30321994278935493 0.0 0.07308363078622578
14 0.54 9.5005 0.3122840648959218 0.09698262884986776 0.0 0.01224659137229596
14 0.56 6.004 0.9266555408912064 0.3008621886002417 0.0 0.06803252322737664
14 0.56 6.5035 0.9396652778131727 0.3050861291619202 0.0 0.04131698233669956
14 0.56 8.5015 0.4756230288643686 0.1544230613168996 0.0 0.016429540491321604
14 0.58 5.005 1.0969727640467393 0.36981782096246807 0.0901277231020507 0.12095299999026078
14 0.6 4.006 1.101848998995092 0.37982379028103835 1.5408255074285306 0.2873831681321387
14 0.64 4.006 0.9549829446219141 0.3661695767221157 1.3928617496900009 0.2980990885378656
14 0.66 7.5025 0.9392376126352265 0.3946376523682541 0.0 0.06420982768864007
14 0.66 8.002 0.6520137954175147 0.27395537622588323 0.0 0.05812522615230468
14 0.66 9.001 0.5026902823548014 0.2112144043534289 0.0 0.04377593901968184
14 0.68 1.5085 0.9711686887335089 0.4720239694306102 1.0254206123030565 0.49928446090393047
14 0.68 10.0 0.43635168037584204 0.1947998573078974 0.0 0.03547428668770553
14 0.7 9.5005 0.5368826838041864 0.25565842085945145 0.0 0.046746399307096946
14 0.72 4.006 0.7338971470363296 0.3643579404651204 1.2625000523385967 0.35302836392373493
14 0.76 2.008 0.7751876277059151 0.46155633833272375 1.0316578676253625 0.49940346535808816
14 0.76 2.5075 0.726338051265188 0.42922109906005224 1.060782326650294 0.48559384884211726
14 0.76 7.003 1.2374257450898702 0.727514804870337 2.2752800832514675 0.19266465402542002
14 0.84 4.5055 0.4776373132377098 0.41005509336691065 1.086353089149973 0.42511577776165815
14 0.86 0.01 1.4629063279480414 0.6789970734566914 1.052700052649198 0.06256672082535047
14 0.86 3.007 0.4883007161782252 0.46183426528227095 1.0374079967696996 0.494642548651475
14 0.88 4.5055 0.38198983642587037 0.4320654383652343 1.0393402365129376 0.4700544426259584
14 0.92 1.009 0.5717832656566195 0.5569053559350707 1.013455096683169 0.41855001695600325
14 0.96 0.5095 0.8389155120247792 0.5945993576891309 1.0233153639841883 0.33309830467504026
14 0.96 2.008 0.3231573760540453 0.5388434813281175 1.0038776310878608 0.4493061420460265
14 0.96 2.5075 0.2689035982339864 0.5308220703939355 0.9953276468715659 0.46288678302703284
14 0.96 7.003 0.1413286347391743 0.4907090863087178 1.0278412648530084 0.4999802515574757
14 0.98 0.5095 0.8857863066576105 0.5953483992932623 1.0073625475021024 0.3318853088695656
14 0.98 1.009 0.5440908247207527 0.5731683266377205 1.0026841483468594 0.3829106453517593
14 0.98 2.5075 0.23583375087213754 0.5386928590322708 0.9954922421345935 0.43926526268176624
14 1.0 10.0 0.007745773043537921 0.5430387422091201 0.9880840443476826 0.41829487867883075
14 1.02 0.5095 0.9174720518176812 0.5983441127083645 1.0160097242885322 0.3276110100892913
14 1.02 1.009 0.5607803357208849 0.5758316327364391 1.0070979802578426 0.3803201200238976
14 1.06 0.01 2.357593742995613 0.6732878019696462 1.038171430504793 0.07308363078622569
14 1.06 3.007 0.27853026320505847 0.5855550327672847 0.9729904773864202 0.4482005150634706
14 1.1 7.5025 0.449649291858179 0.6423561312267241 0.8469864786893182 0.487214903265342
14 1.1 8.002 0.43926814017702775 0.6275259145396398 0.8314663608199524 0.480844338672572
14 1.12 1.5085 0.6153702135048879 0.5963298304260864 0.9691232636712634 0.4436363628098327
14 1.12 10.0 0.45919923311725974 0.5466657537109523 0.66698490222821 0.38543468244407975
14 1.14 5.5045 0.6022722490779217 0.6144768990781606 0.8248055537482976 0.48468085220245355
14 1.18 1.5085 0.8422208042365444 0.6174851191709035 0.967570644427433 0.4649015339928052
14 1.18 3.5065 0.7933344148166213 0.628666988577345 0.8750003732551175 0.49814560778869205
14 1.18 9.5005 0.6564273226654661 0.5209740656052586 0.42110267971220194 0.23344195479698285
14 1.2 0.01 3.1455884265443057 0.6813621348792531 1.0478245437843305 0.08224167109457393
14 1.22 7.5025 0.7600919145873638 0.4935661783023232 0.46669040234854375 0.2600723384701177
14 1.24 4.5055 0.9802720402127144 0.5834952620331234 0.7212295809816388 0.4193318091243543
14 1.26 5.5045 0.9867252046080096 0.5421567058264423 0.576730458954878 0.319554211475114
14 1.28 0.5095 1.5927359698100376 0.6061524595769423 0.9946874429019332 0.4048545370386987
14 1.28 1.009 1.2894476521252611 0.6046558067054726 0.9679483532953813 0.46463970680798145
14 1.28 2.5075 1.235637731830686 0.6290484254884348 0.860181666814039 0.4921508446847387
14 1.32 5.5045 1.1294187465000094 0.5042047975440126 0.4280549788590212 0.23530757321967682
14 1.34 1.5085 1.475869154907573 0.6135340610542207 0.9034946448305738 0.4986150517985047
14 1.34 3.5065 1.416289214157351 0.5950795017468431 0.6796284758923272 0.3876500242546645
14 1.34 9.5005 0.6165185516752173 0.2590414082542625 0.009486453504339605 0.039466213708579535
14 1.36 6.004 1.063545033633279 0.4220416800134929 0.19740931665808176 0.1461616829812004
14 1.36 6.5035 1.0020421434010276 0.39763577119230087 0.13096164703416113 0.12462404218924722
14 1.36 8.5015 0.6623690809375776 0.26284487338613854 0.0 0.05550209812058584
14 1.4 4.5055 1.330640037198968 0.47522858471393836 0.3573593314419304 0.22042702699300665
14 1.42 10.0 0.46980137473533296 0.15979638594648202 0.0 0.01731799644675948
14 1.44 0.5095 2.2073489634221404 0.6263330827272107 0.9774615101788142 0.43781940715322737
14 1.44 1.009 2.0138272891191256 0.6392914522673668 0.9302555077611567 0.4940321594502387
14 1.46 2.008 1.9937821913693319 0.6189726754910582 0.7853501804763835 0.4575777982676407
14 1.46 7.003 0.7104976945655546 0.22065145793810007 0.0 0.05330953086932571
14 1.5 1.5085 2.2475207829102724 0.6413090178489806 0.8466868445046546 0.4863203871647914
14 1.5 3.5065 1.632644396479473 0.4664698275649615 0.42472031110208475 0.2395333303515644
14 1.52 5.005 1.1750572431201285 0.32281792393865893 0.07468992110902622 0.10178646716151972
14 1.54 0.01 5.0342146623502275 0.6766078512559253 1.0432412067664507 0.09885688026195594
14 1.54 3.007 1.8792829918042298 0.4971648126456715 0.45380655596551894 0.26247090277596563
14 1.58 0.5095 2.756335305694398 0.6302140889362032 0.9751468516466406 0.46202350577161505
14 1.58 2.008 2.324257205259155 0.5724771441533117 0.6858299454434257 0.3961805509374503
14 1.58 2.5075 2.1413937527717852 0.5274368849175617 0.5562204199328882 0.3084784083687994
14 1.58 7.003 0.522184051095403 0.12861676133918537 0.0 0.021208536066167783
14 1.6 4.5055 1.2575225755506108 0.2994101370402721 0.053029009794673794 0.07949600244741786
14 1.6 9.001 0.2717853135425622 0.06471078897816632 0.0 0.0
14 1.62 2.008 2.5195932666721412 0.5805486882734023 0.6609562813494637 0.3743211842315817
14 1.62 7.003 0.24250042034958103 0.05587567290343684 0.0 0.0
14 1.66 4.006 1.4723587069472097 0.3186923608118052 0.024487670441671022 0.08005287263213964
14 1.68 6.004 0.7464723976150115 0.15682193225582364 0.0 0.018970345313988318
14 1.68 6.5035 0.8195385296954373 0.17217196001137833 0.0 0.00774577304353794
14 1.72 5.5045 0.6966606644783178 0.1382263223060341 0.0 0.02323174128148626
14 1.74 7.5025 0.3983097947515295 0.07689378278271018 0.0 0.0
14 1.74 8.002 6.286253146480942E-11 0.0 0.0 0.0
14 1.74 9.001 0.35452218237671596 0.06844057576913687 0.0 0.0
14 1.78 5.005 0.8917554508552605 0.1633251741371738 0.0 0.027917725662414315
14 1.84 10.0 8.709614890318548E-11 0.0 0.0 0.0
14 1.86 3.5065 1.6253927323978181 0.269998792753065 0.0 0.0533095308693256
14 1.86 9.5005 1.1025932359377967E-10 0.0 0.0 0.0
14 1.88 4.006 1.5391927464835111 0.2498689523363781 0.0 0.031448844333293084
14 1.88 5.005 0.7318503622621698 0.1188068769733814 0.0 0.014489927551992259
14 1.9 7.5025 7.764043323487664E-11 0.0 0.0 0.0
14 1.9 8.002 0.42772123054285865 0.06789225883794212 0.0 0.0
14 1.9 9.001 7.764043323487664E-11 0.0 0.0 0.0
14 1.92 1.5085 3.3458408423278976 0.5195405034649162 0.5930001652431215 0.3357326198906245
14 1.92 3.5065 1.4171485414527725 0.220054121335577 0.0 0.045450366808802885
14 1.94 2.008 3.070920066632913 0.4667051772985055 0.3277782197399248 0.20364486194352166
14 1.94 2.5075 2.244830927837292 0.341159715480688 0.07226679926592645 0.11361798322501908
14 1.94 7.003 2.8201769857862438E-11 0.0 0.0 0.0
14 1.96 1.5085 3.319932198711302 0.4940375295687467 0.5505721987742984 0.31623995643008523
14 1.96 10.0 7.112156169050698E-11 0.0 0.0 0.0
14 1.98 0.01 7.765374265009267 0.6869698351251606 1.0468522363844504 0.12380522293398316
14 1.98 3.007 2.1972653421662938 0.32030107028153293 0.0 0.06063349681921644
14 2.0 9.5005 0.0 0.0 0.0 0.0
16 0.0 0.5095 5.183288517280783 0.6479110646600978 1.1534779666954653 0.49660527693663514
16 0.0 1.009 4.484549414276514 0.5605686767845642 1.1337004316354293 0.43657076367732434
16 0.0 2.5075 1.8770445763863086 0.23463057204828858 0.8691438233924363 0.12601454045677377
16 0.02 0.5095 4.964567687468432 0.64613439099829 1.1546007439967465 0.49474834359472253
16 0.02 1.009 4.194259384439357 0.5663911990614423 1.1332024338039839 0.45294747557181136
16 0.02 2.5075 1.7747692259340273 0.27574855330604015 0.9875006770221251 0.19684988115056837
16 0.08 0.01 4.980476038963574 0.687786819179841 1.1008379538789372 0.09521748703948657
16 0.1 1.5085 2.4074274240342395 0.44585086445449573 1.0808713319841947 0.4399804685558101
16 0.1 10.0 0.0 0.0 0.0 0.0
16 0.12 5.005 0.0 0.0 0.0 0.0
16 0.16 4.5055 0.0 0.0 0.0 0.0
16 0.16 8.002 1.0597110156455044E-11 0.0 0.0 0.0
16 0.16 9.001 0.0 0.0 0.0 0.0
16 0.18 4.5055 0.23045590176278047 0.035130472829804305 0.0 0.005477170803617479
16 0.18 9.001 0.0 0.0 0.0 0.0
16 0.22 4.5055 0.9810886783946082 0.1572257497426631 0.0 0.03329833347829335
16 0.22 9.001 0.0 0.0 0.0 0.0
16 0.24 0.5095 3.1799555961600086 0.6157521538380387 1.123156007488777 0.4557316305989157
16 0.24 2.008 1.5242955359932857 0.3724537522533249 1.1805447528660675 0.4443974981344232
16 0.24 2.5075 1.8569016604604125 0.3786201059253017 1.5601810992754015 0.3926037720827567
16 0.24 7.003 0.21684468037606716 0.03566524348239437 0.0 0.005477170803617479
16 0.26 6.004 0.8399193155104532 0.14187826275516607 0.0 0.013415267434605607
16 0.26 6.5035 0.5152453269671741 0.0870346836103488 0.0 0.010953848645841141
16 0.26 8.5015 0.0 0.0 0.0 0.0
16 0.28 3.007 3.430420643111863 0.49216371181758717 1.7057803568501093 0.15230136456244472
16 0.3 6.004 0.0 0.0 0.0 0.0054771708036174885
16 0.3 6.5035 0.41569897272972234 0.07423195941659236 0.0 0.009486453504339624
16 0.3 8.5015 0.29237906149415327 0.0522105466974425 0.0 0.0
16 0.32 5.5045 0.8063756609435386 0.14823082002618213 0.0 0.01642954049132161
16 0.38 5.005 1.2135764390248003 0.24467266915937344 0.0 0.03192130652880121
16 0.4 4.5055 1.2569840358539275 0.26187167413587886 0.0 0.06014033199216681
16 0.4 9.001 3.563822677913512E-11 0.0 0.0 0.0
16 0.42 6.004 1.0308869640019367 0.22217391465966732 0.0 0.020489699895458402
16 0.42 6.5035 0.48576823456458784 0.10469142986289331 0.0 0.018970345313988352
16 0.46 10.0 0.32813103218001893 0.07595625744547604 0.0 0.0
16 0.48 1.5085 1.4839236424935223 0.44097032943514275 1.1232991335538929 0.4983302824623058
16 0.48 3.5065 3.326928682168476 0.7155068039668375 2.930870629043798 0.2829763708505543
16 0.5 6.5035 0.8447539075234175 0.21118847688085438 0.0 0.028449112580918975
16 0.5 9.5005 0.22693103122616345 0.056732757806540864 0.0 0.007745773043537924
16 0.52 1.5085 1.4386497747740463 0.4520951696854929 1.1215691671839105 0.49930211758394466
16 0.52 10.0 0.20091341830706066 0.05232120268557479 0.0 0.007745773043537925
16 0.56 5.5045 1.0930682541990933 0.31053075403378877 0.0 0.08384476669391445
16 0.58 1.5085 1.3547952650900001 0.4686140769291303 1.1112630193127075 0.4999275720284042
16 0.58 3.5065 1.1959793089324549 0.3589091230547462 1.5816612090073325 0.33218930224307963
16 0.58 10.0 0.260848832992896 0.07763358125016506 0.0 0.007745773043537929
16 0.6 1.5085 1.2919952002859287 0.4657379744771581 1.0932585170018994 0.4999985001627495
16 0.6 10.0 0.45098694714613585 0.1409334209846306 0.0 0.025092018731697963
16 0.64 1.5085 1.2314910795761247 0.47974159805314376 1.1113934721747025 0.4998252213498709
16 0.64 10.0 0.5509854553597231 0.1913143942327872 0.0 0.015490151729404784
16 0.66 0.01 1.4908722971835213 0.6763835689536116 1.0975140225849533 0.05709062889172636
16 0.66 3.007 0.9997771154839478 0.37868261066952147 1.168666007964112 0.4111027340935842
16 0.68 4.5055 0.8350135835305539 0.3206527158924965 1.2980931661396002 0.2729288418496131
16 0.68 8.002 0.7296131948308838 0.2850051542313373 0.0 0.07488823084203872
16 0.68 9.001 0.9204742720781651 0.35956026252263273 0.0 0.04411594992991614
16 0.72 1.5085 1.0085308875718237 0.48472690826567466 1.0873000287054735 0.49633993806254345
16 0.72 10.0 0.6333683074853768 0.28275370869697186 0.0 0.05189158961881817
16 0.78 0.5095 0.9768940064044985 0.6016293062764904 1.09222882744436 0.3495031812440256
16 0.78 2.008 0.8336946981340236 0.4807518246500018 1.1025291224446034 0.5000050664736667
16 0.78 2.5075 0.8032507864459525 0.457079518042527 1.1162695239827674 0.4921293022529118
16 0.82 0.5095 0.8899518372972386 0.6092686101124953 1.0904418308208546 0.342812054663274
16 0.82 2.008 0.7220329685649148 0.4967160235486826 1.0962656154223598 0.4979702925933157
16 0.82 2.5075 0.6740130486509244 0.4616938686044163 1.0894188389702517 0.49850060282931435
16 0.84 3.007 0.6227642170685165 0.4679554905868562 1.1256361652797244 0.49282941768955646
16 0.88 3.007 0.5025220501123171 0.49315248474758827 1.0845755605276162 0.5000055956627306
16 0.9 4.006 0.40290351318528694 0.4775622569961624 1.0940411871032052 0.49645591482481044
16 0.9 5.005 0.372545998362029 0.45213991262896613 1.0940094754946306 0.48206339188465736
16 0.92 6.5035 0.28742912956523875 0.44240521334000615 1.1001054425472998 0.4747130356546044
16 0.94 0.5095 0.7429582561671825 0.6171738428451244 1.0805785830899945 0.3130536786136589
16 0.94 1.009 0.5249689981020252 0.5860420937297495 1.0619131183532948 0.3824060122247884
16 0.94 2.5075 0.32597837657701667 0.5409200535222753 1.0736290763278549 0.4657625695519948
16 0.96 6.004 0.1697137778800975 0.5095392176391155 1.0826989278487178 0.494874751365218
16 0.96 8.5015 0.15909316881597727 0.4946516231697471 1.0845199199648994 0.49939159997959043
16 0.98 6.004 0.097601261434907 0.5485619343526524 1.0558196211343267 0.4591726512401771
16 0.98 6.5035 0.0921722708008242 0.5444453597213424 1.078332429784189 0.466159545109018
16 0.98 8.5015 0.08573254339327387 0.5325904097310951 1.0585742689718536 0.47969758749473246
16 1.0 4.5055 0.06648556984469685 0.5702203777466647 1.0607987655464386 0.3746927138093043
16 1.02 6.004 0.10021777104495729 0.5974483092363537 1.0381905021335807 0.41240477804822684
16 1.02 6.5035 0.10142040225177806 0.6052956098329343 1.046932726796652 0.4132044170325937
16 1.02 8.5015 0.09722794901752137 0.6055494366729679 1.0380690285055414 0.42768774891090616
16 1.04 0.5095 0.8580390073771256 0.6179350297477509 1.0708044628256561 0.30519755088004635
16 1.04 1.009 0.549380138734205 0.6032155099719831 1.0620242133168498 0.3446817135690915
16 1.04 2.5075 0.26082546968836307 0.5907478115564845 1.0361340168519322 0.3995372409824357
16 1.06 1.009 0.6041024653413496 0.6076559448745459 1.060152520673849 0.36263014576848673
16 1.08 4.5055 0.4103370144340323 0.638602856042379 0.9983220525612565 0.4785970613097615
16 1.1 0.01 2.2302749669086723 0.6838342374316292 1.0982757268307084 0.0623283976409264
16 1.12 4.5055 0.6256451549901132 0.6510438127379053 0.9571885305332528 0.49952239641847757
16 1.12 8.002 0.5901039434623107 0.6146916077740457 0.8065328375075136 0.446734628187287
16 1.12 9.001 0.5641042606667137 0.5876086048611734 0.7621390326949005 0.4135310691529104
16 1.16 0.5095 1.2658456861337368 0.6315441211774145 1.060644656166298 0.346657019996911
16 1.16 2.008 0.825583824557673 0.6319227966183605 1.0037200365452381 0.46731226255702757
16 1.16 2.5075 0.8082801488325354 0.6265197620815314 0.981352964308054 0.486449083995657
16 1.16 7.003 0.7468948967961497 0.5835116381220194 0.7348498726710446 0.4057215561602694
16 1.18 7.5025 0.8039304340366832 0.5582850236368724 0.6481309601049774 0.3362616048613709
16 1.18 8.002 0.8133905923791136 0.5648545780406071 0.6268096179667374 0.3122674573340179
16 1.2 0.5095 1.3707948610796292 0.6254464204550638 1.053900577311672 0.36094162538766134
16 1.2 1.009 1.1394182849802632 0.6399815769960021 1.0332319883405183 0.4224294208143342
16 1.2 2.5075 1.0271816058743266 0.6394521563689709 0.9623917243030092 0.4971284666786881
16 1.26 4.006 1.2679963479024534 0.6096136287992657 0.7702454518775749 0.4248368232307948
16 1.28 6.004 1.091523558905736 0.4872873030829263 0.4940860914235165 0.24979815155704113
16 1.28 6.5035 1.1005250958021415 0.4913058463401304 0.4355255271658479 0.2161614580622218
16 1.28 8.5015 0.8855135018788226 0.3953185276237662 0.12589929148670465 0.10307648109299919
16 1.3 2.008 1.5204172218434169 0.6325015761584213 0.9228473835891804 0.4997851480366492
16 1.3 7.003 1.059533271171096 0.4414721963209903 0.2916599380474076 0.15943355297585882
16 1.32 4.006 1.4159847786314166 0.5531190541527278 0.6676155653395978 0.3552708155080007
16 1.34 7.5025 0.8376578291716966 0.30796243719460664 0.11603368418064697 0.09705491180421967
16 1.34 8.002 0.804914957067461 0.29592461656852276 0.023867986997354824 0.07308363078622579
16 1.34 9.001 0.7770868279991656 0.28569368676521 0.0 0.04800715627477246
16 1.36 5.5045 1.361111759019751 0.4726082496599022 0.33245101230910556 0.18524155058340017
16 1.38 2.008 1.9369006848988812 0.6368627706260934 0.8856556348253254 0.48467324731762906
16 1.38 7.003 0.9555280022167323 0.3143184217820464 0.06014033199216671 0.07855888483329192
16 1.42 4.5055 1.381161499635639 0.4110599701300343 0.37994169048946186 0.1982449651244594
16 1.44 6.004 1.3669574227168984 0.3883401769078167 0.058635587482061095 0.0829580911118836
16 1.44 6.5035 1.155407232915616 0.3282406911696581 0.0 0.06911590432652305
16 1.44 8.5015 0.487545230432469 0.13850716773165295 0.0 0.0225775331392054
16 1.48 5.005 1.4351364564448728 0.3737334521985601 0.10350275635912735 0.11336053765069753
16 1.5 7.5025 0.715818302674676 0.178954575668669 0.0 0.03504995599500157
16 1.5 8.002 0.6154248530269584 0.1538562132567396 0.0 0.015490151729404805
16 1.5 9.001 0.19123211193496684 0.04780802798374171 0.0 0.005477170803617485
16 1.52 3.5065 2.019114785619309 0.48536413115853694 0.4150756566656859 0.21101816230423692
16 1.52 9.5005 0.4537797525374224 0.10908167128157703 0.0 0.005477170803617476
16 1.56 4.006 1.865111546496785 0.4163195416283256 0.15444237754026793 0.12942106360725408
16 1.56 5.005 1.47147065584207 0.3284532713931679 0.0 0.06327621956154755
16 1.58 6.004 0.8254224965649131 0.1778927794332364 0.0 0.03712289615832026
16 1.58 6.5035 0.79124458303984 0.17052684979443403 0.0 0.016429540491321684
16 1.58 8.5015 0.5747264740741765 0.12386346424689015 0.0 0.014489927551992328
16 1.6 3.007 2.2386770853714504 0.4663910594525823 0.43511549234996 0.22435368119182894
16 1.64 4.006 1.6092947393775336 0.3143153787848843 0.07144042737606023 0.0909424460654603
16 1.64 5.005 1.1788864286523972 0.23025125559743684 0.0 0.04203432920251109
16 1.7 2.008 3.171134938967389 0.5662740962441916 0.634449416833116 0.3186494662563929
16 1.7 7.003 0.718755466603456 0.1283491904654945 0.0 0.010953848645841134
16 1.74 0.01 6.043659200525032 0.6802534985363118 1.0884448389859986 0.10293397956009266
16 1.74 3.007 2.3916502282867795 0.4039949709957264 0.22170511874612606 0.13941654612761714
16 1.78 3.5065 2.129548139619956 0.3412737403239494 0.03792019014824926 0.07102355987662307
16 1.78 9.5005 1.1009363734782751E-10 0.0 0.0 0.0
16 1.8 0.5095 4.1740101408489725 0.6418663066678332 0.9874734003292723 0.48489298699293987
16 1.8 1.009 4.056160268279995 0.6334338317881893 0.8743110581221192 0.47884129276412846
16 1.8 2.5075 2.83745655282667 0.4433525863792314 0.36125594661889143 0.18486503713795038
16 1.84 4.5055 1.026852460932941 0.15280542573707467 0.0 0.02120853606616776
16 1.86 7.5025 7.884898799457339E-11 0.0 0.0 0.0
16 1.88 1.5085 3.896000944737866 0.5534092251047588 0.6639173026260932 0.3452482958103946
16 1.88 10.0 1.1501495263240522E-10 0.0 0.0 0.0
16 1.9 0.01 7.076344085267486 0.6845882245433111 1.0932116649677615 0.11258447694904739
16 1.9 3.007 2.2713766026950135 0.31546897259634027 0.07799107112448704 0.0826006796136803
16 1.92 7.5025 0.43465185947448737 0.059055959158533955 0.0 0.005477170803617488
16 1.92 8.002 1.1693573800670029E-10 0.0 0.0 0.0
16 1.92 9.001 1.1693573800670029E-10 0.0 0.0 0.0
16 1.96 4.5055 0.5568009597187288 0.07250012496278907 0.0 0.007745773043537922
16 1.96 8.002 8.027413397202701E-11 0.0 0.0 0.0
16 1.96 9.001 8.027413397202701E-11 0.0 0.0 0.0
16 1.98 1.009 4.534963422281574 0.5783716681860271 0.7842581174683935 0.44032001228838613
18 0.0 6.004 0.04095356429410223 0.004550396032629104 0.5595538383012303 0.01816299537857032
18 0.0 6.5035 0.04545036680880233 0.005050040756498579 0.6325589965143049 0.023231741281486293
18 0.0 8.5015 0.0 3.0425910314702166E-13 0.601603884296012 0.023867986997354852
18 0.02 6.004 0.5824023382462262 0.08345948845432312 0.8507104628261188 0.02682328848698171
18 0.02 6.5035 0.11070347146361638 3.0425910314702166E-13 0.0 0.0
18 0.02 8.5015 1.031589636398348E-11 3.0425910314702166E-13 0.0 0.0
18 0.04 4.006 1.870994886281913 0.2208061855283997 1.615965889820909 0.09302620686118025
18 0.06 2.008 2.420545008384164 0.37949598645416865 1.1037983244398708 0.3310382626806214
18 0.06 2.5075 1.9446363311730122 0.319343994469342 1.274439847444985 0.2739392735402375
18 0.06 7.003 0.01700611687261056 0.04723921354212174 0.4251529218835027 0.0077457730435379285
18 0.08 0.5095 4.994855178507168 0.6400512576463692 1.1942599047602849 0.48800451705239617
18 0.08 1.009 3.924477805073385 0.550883177264931 1.1934972348222606 0.47931636755294116
18 0.08 2.5075 1.8722143792404382 0.3247331029819365 1.1863341224102872 0.3032017030058689
18 0.1 4.5055 0.32585365591501403 0.0402288464084802 0.0 0.007745773043537933
18 0.1 9.001 1.032478809615642E-11 3.0425910314702166E-13 0.0 0.0
18 0.12 1.5085 2.6846322265862894 0.45492799283935836 1.1474123542616204 0.44571850465274565
18 0.12 3.5065 4.849564256645382 0.43148388933341486 2.895002390705015 0.10018624071787079
18 0.12 9.5005 1.0315362785798456E-11 3.0425910314702166E-13 0.0 0.0
18 0.14 2.008 2.0385127533812026 0.38684842291679444 1.218132358626241 0.4045062122884724
18 0.14 7.003 1.4644998887370514E-11 3.0425910314702166E-13 0.0 0.0
18 0.16 3.007 6.350252887936733 0.6331729247212178 4.06225502456967 0.24775837053503394
18 0.18 3.007 3.853939810724484 0.46013387812643564 2.9064544443213176 0.3017802520129657
18 0.22 3.007 6.5371134816677525 0.709167154123299 3.891955257704306 0.21877012914444743
18 0.24 6.004 0.5050569162043634 0.07383873043838551 0.0 0.005477170803617482
18 0.24 8.5015 2.157582106644837E-11 3.0425910314702166E-13 0.0 0.0
18 0.26 5.5045 0.6101164007577283 0.0916090691857372 0.0 0.007745773043537925
18 0.28 5.005 0.9613695629790884 0.14835950046240792 0.0 0.025682114485023808
18 0.3 5.5045 1.2322561705415023 0.1955962175444882 0.0 0.012246591372295976
18 0.34 2.008 1.7235778559240735 0.3847552546420637 1.246710065873765 0.45144707286255087
18 0.34 2.5075 1.5282000905131146 0.3347643184494825 1.371121500792067 0.4033461580966218
18 0.38 3.5065 1.9190727034336452 0.3397658830945759 0.10787450501967087 0.11088337815571601
18 0.38 9.5005 0.22652976708049408 0.040596732454920334 0.0 0.005477170803617485
18 0.4 3.007 1.503199370017349 0.32220451994781113 1.6279638597545005 0.34008421302732084
18 0.46 4.5055 1.7571151641632141 0.36154633007432047 0.0 0.08042192129288696
18 0.48 7.5025 0.7286204662207282 0.15568813379901728 0.0 0.007745773043537915
18 0.48 8.002 4.5272553528250945E-11 3.0425910314702166E-13 0.0 0.0
18 0.48 9.001 0.6005533507357343 0.12832336554648802 0.0 0.005477170803617488
18 0.52 4.5055 1.5582807212821703 0.3604653508486268 0.01731799644675948 0.09885688026195616
18 0.52 8.002 0.6705138827064202 0.1552115469232723 0.0 0.015490151729404787
18 0.52 9.001 0.4647552337282335 0.10758223003041177 0.0 0.005477170803617479
18 0.58 7.5025 0.6961215654508718 0.1841591442941193 0.0 0.018162995378570298
18 0.58 8.002 0.8210869366459833 0.2172187663089185 0.0 0.031921306528801284
18 0.58 9.001 0.6864988342351166 0.1816134482141526 0.0 0.02190375315675213
18 0.6 4.5055 2.5877357323553847 0.6870174585749778 2.037080636586262 0.181512701037649
18 0.6 8.002 0.9122970596643895 0.25341584990759775 0.0 0.03374480423872112
18 0.6 9.001 0.7686750447285003 0.21352084576326025 0.0 0.017317996446759385
18 0.62 0.5095 1.784190545005952 0.6111326271762305 1.151447377153873 0.37990992407854046
18 0.62 2.008 1.3113439175224204 0.42546678178815894 1.1905818877469916 0.48621985145594687
18 0.62 2.5075 1.250904550728663 0.393213993863239 1.2522766952812043 0.4494086203660465
18 0.64 4.5055 1.449109118679246 0.4308868123889508 1.7090895961334835 0.24355694305853665
18 0.64 8.002 0.7223008300746891 0.22293235495971775 0.0 0.04800715627477222
18 0.64 9.001 1.0309620762161702 0.3181981716690159 0.0 0.038700969272736904
18 0.66 1.009 1.4797484114006352 0.5492755479434112 1.1488461078361032 0.46769915578152016
18 0.68 3.007 1.0701630277215013 0.3836999639703143 1.2405918276479888 0.4237143895326992
18 0.72 4.5055 0.8796262290047133 0.3441264632926333 1.4333186039358672 0.3150236239094017
18 0.72 8.002 0.8585371083073015 0.34039871813876826 0.04706478353827332 0.10491060785185029
18 0.72 9.001 0.8540914187163403 0.33892516615519847 0.0 0.07267638737914463
18 0.74 0.5095 1.2634298458276676 0.6130245077629212 1.1539555279700806 0.34746595559600285
18 0.74 2.008 1.0528646013315897 0.4726283015137671 1.130456591751551 0.49966477102263274
18 0.74 2.5075 0.999273639051123 0.43742364334217276 1.180411182712648 0.48474920724953946
18 0.76 5.5045 0.9060235251159758 0.41318717953399065 1.7045713821794435 0.2799813981675293
18 0.78 6.004 0.6633809741780503 0.3307878611310858 1.3620356019800743 0.26575018773747344
18 0.78 6.5035 0.611733745750689 0.3050089306392969 1.3717311424302725 0.24095701921454987
18 0.78 8.5015 2.084312594918359 1.0497909756065744 3.4099269086463226 0.1543499717059485
18 0.8 2.008 0.8872222967077321 0.5040441143299365 1.1430281285813961 0.4986639716203342
18 0.8 2.5075 0.8411297076275847 0.4713123559947736 1.1469020943912092 0.49744264921455694
18 0.82 6.004 0.6161084869994929 0.37541300927747795 1.3249212148233023 0.32242061297360347
18 0.82 6.5035 0.583414747217585 0.3563806088985227 1.3742372496397866 0.30158199250155465
18 0.82 8.5015 0.534673792244863 0.32757232106727024 1.2408273529716862 0.20471782681167794
18 0.84 5.005 0.5782854589737892 0.39436797934978013 1.189543778361689 0.41330658343516086
18 0.86 3.5065 0.6081139058319774 0.47097943160490496 1.1588321385555918 0.4905045502347365
18 0.86 9.5005 0.4536203661028933 0.35956307940330395 1.5907796715782143 0.24527021861047432
18 0.88 5.005 0.49968364104677876 0.4537641917701897 1.1716986051021656 0.4660547134977634
18 0.9 1.5085 0.5601207384478168 0.560507240176404 1.1276033931574392 0.4313875787326148
18 0.94 6.004 0.27113635401263686 0.4947691186759097 1.1531182256601111 0.49990528002521767
18 0.94 6.5035 0.2711069763834979 0.49618193765073976 1.1370423538749261 0.49911031389740607
18 0.94 8.5015 0.250048219238189 0.4623352989302824 1.1843069815509166 0.4842364992408413
18 0.96 5.5045 0.1987529163828917 0.5338122316796483 1.1288613661008298 0.48206339188465597
18 0.98 5.5045 0.11059703255826922 0.5668058768196474 1.1377378735825732 0.4369052171541204
18 1.04 6.004 0.23221618853533826 0.6434705209376572 1.0811415224954846 0.4378359535660784
18 1.04 6.5035 0.23511082882678963 0.6529010271836122 1.0773280031057677 0.4444438979620719
18 1.04 8.5015 0.2365149203965272 0.6569858899918231 1.0694748550873425 0.46780114286379665
18 1.06 3.5065 0.35279950383218417 0.6417651404522398 1.0900758377215503 0.423130298777233
18 1.06 9.5005 0.3504291537537254 0.6489428773231325 0.9885358370157502 0.49998587759177787
18 1.1 0.5095 0.9782718272226886 0.640398967767122 1.1252448696141937 0.29672060458693633
18 1.1 1.009 0.7430228330065684 0.6294114368652204 1.1064907221606874 0.3570738369136696
18 1.12 3.007 0.7067690226469346 0.6512003333671368 1.0418231755253835 0.4733848316252137
18 1.16 6.004 0.8527269018533038 0.5921714596202906 0.8459385115500193 0.44445935944503023
18 1.16 6.5035 0.8614285342679169 0.598214259907478 0.808519636552329 0.42367679216079107
18 1.16 8.5015 0.8715841319290307 0.6052667582838734 0.6955888553292169 0.33366836031682984
18 1.18 0.01 2.393890857351533 0.6825311239503613 1.1546953334336896 0.06112262380653998
18 1.2 6.004 1.0440379440010361 0.5800210800007904 0.7677653287182837 0.3834889920080387
18 1.2 6.5035 0.985754179341425 0.5476412107453855 0.6978687191656571 0.3499935814689012
18 1.2 8.5015 0.905555932695685 0.5030866292764928 0.5452859990787023 0.24527021861047546
18 1.22 0.5095 1.5336952069488592 0.6461275301937138 1.1040576414803012 0.3515781323587827
18 1.22 2.008 1.3035345653876842 0.6551637982574321 1.0334271814192824 0.4888520323008806
18 1.22 2.5075 1.2907432889104609 0.6515561793029097 1.0024507656367017 0.4994666585273396
18 1.24 5.005 1.2331228343909384 0.5708902011061788 0.7581780274946995 0.382304892669349
18 1.28 5.5045 1.2476717016093402 0.4951078180967185 0.603146118880284 0.2834129001780691
18 1.3 4.5055 1.4996057442184427 0.5554095348943661 0.6686249068025765 0.3346367730909121
18 1.34 0.01 3.372511934542032 0.6914917844514695 1.1471735072745726 0.0716479327459208
18 1.4 5.005 1.4461961695668033 0.4017211582086024 0.32098536867673183 0.1680036733327658
18 1.42 3.007 2.147521846938828 0.5681274727355394 0.7254729772326862 0.3632555470746002
18 1.48 1.5085 2.751385052755935 0.6367268678724207 0.9289147780856579 0.490277687464937
18 1.48 3.5065 2.1992730915287835 0.5090909934111499 0.5414447238035884 0.240136999551814
18 1.5 0.01 4.405945267768364 0.6877470187026495 1.1460545023049582 0.08979969410728612
18 1.5 3.007 2.402466973962138 0.5338815497698053 0.6171744375242044 0.2982606149390956
18 1.52 7.5025 0.5045333632324298 0.10780627422828515 0.0 0.02190375315675217
18 1.52 8.002 0.24381653445332496 0.052097550089691955 0.0 0.0
18 1.54 3.5065 2.3187857249169515 0.4771164043029787 0.41478249250570826 0.19537233889198868
18 1.54 9.5005 8.384378698380856E-11 5.325788642968231E-12 0.0 0.0
18 1.56 1.5085 3.15245042162825 0.6254799438419315 0.8922247617663149 0.4713974479024093
18 1.58 5.5045 1.803430497663263 0.34548476966689723 0.0 0.051313320589861794
18 1.6 5.005 1.7140605406002474 0.3174186186395532 0.0 0.04953759239971406
18 1.64 1.5085 3.4906414302202293 0.6060141371914121 0.8453229761656615 0.4465685813006854
18 1.66 4.5055 1.6258011916960269 0.2737039043160253 0.05603667637839549 0.06063349681921634
18 1.74 1.009 4.161993592958913 0.6245681280360108 0.9247747397544182 0.4888777986703634
18 1.76 2.008 3.560025607595283 0.5204715800574052 0.6090913165132807 0.287980222047458
18 1.76 2.5075 2.9424265022043077 0.4301793131872036 0.425035847407505 0.19129389241109093
18 1.78 7.5025 8.750629516324844E-11 0.0 0.0 0.0
18 1.8 6.004 0.6800921610799567 0.09445724459638441 0.0 0.0077457730435379285
18 1.8 6.5035 1.4445496961947724E-10 0.0 0.0 0.0
18 1.8 8.5015 1.4445496961947724E-10 0.0 0.0 0.0
18 1.82 0.5095 4.983185039290395 0.6703464485064817 1.0341313005312371 0.485096080137733
18 1.82 2.008 3.709153931391709 0.50259538365876 0.5561030465263308 0.262762534757739
18 1.82 2.5075 3.0754680005979926 0.4167300813812399 0.3422971001197433 0.16580098553938102
18 1.84 3.007 1.9858635124294295 0.2626803587943105 0.07247188889013204 0.09840960500598145
18 1.86 0.01 6.801968195821188 0.6923130008330105 1.1372541617371155 0.10434985008741351
18 1.88 4.5055 0.8077308313018381 0.10198621605948394 0.0 0.007745773043537917
18 1.88 8.002 8.207015970933576E-11 0.0 0.0 0.0
18 1.88 9.001 8.207015970933576E-11 0.0 0.0 0.0
18 1.9 1.009 5.072774084875677 0.6262459792771182 0.879397743032561 0.45939213068021884
18 1.92 0.01 7.160432926724565 0.6788806197642512 1.1438900560443241 0.10602281874137888
18 1.94 5.5045 0.9606937580233819 0.11355718179058992 0.0 0.009486453504339633
18 1.96 0.01 7.430907635864516 0.679218718594209 1.1411354163551537 0.10968942922951876
18 1.96 3.007 2.728752418237868 0.3158278261784277 0.010953848645841152 0.058380972219572586
18 1.98 9.5005 8.609923555128434E-11 0.0 0.0 0.0
20 0.0 5.5045 0.1978276640158805 0.019782766401712663 0.751072698419295 0.01816299537857038
20 0.02 5.5045 0.8952707147063915 0.06877058931700257 1.0551709169921415 0.010953848645841157
20 0.04 1.5085 3.70701556310586 0.4535000006335459 1.1288793823381995 0.3722626737033041
20 0.06 6.004 5.977446788343448E-12 6.292187458989999E-13 0.0 0.0
20 0.06 8.5015 5.977446788343448E-12 6.292187458989999E-13 0.0 0.0
20 0.08 6.004 1.2986976286184261E-11 6.292187458989999E-13 0.0 0.0
20 0.08 6.5035 1.648703250515251E-11 0.0 0.0 0.0
20 0.08 8.5015 1.2986976286184261E-11 6.292187458989999E-13 0.0 0.0
20 0.1 3.007 2.48026127204208 0.34771842867917657 1.9194969677628557 0.26651365109304137
20 0.12 7.5025 0.43979893815757065 0.049977152063408165 0.0 0.0
20 0.12 8.002 1.168559745748477E-11 6.292187458989999E-13 0.0 0.0
20 0.12 9.001 1.168559745748477E-11 6.292187458989999E-13 0.0 0.0
20 0.16 5.005 0.8526599402193913 0.10150713573975859 0.0 0.015490151729404803
20 0.18 5.005 1.2997154682267312E-11 6.292187458989999E-13 0.0 0.0
20 0.2 2.008 2.1897684870366363 0.39409220123396305 1.374377250120769 0.4255422286616621
20 0.2 2.5075 1.8065283842654738 0.3422104587654202 1.4117880070835231 0.38060152213802956
20 0.22 5.005 1.03384889175055 0.1325447297120381 0.0 0.015490151729404818
20 0.24 5.5045 2.0668369437394555E-11 6.261566654126025E-13 0.0 0.0
20 0.28 3.5065 2.476852015411413 0.3440072243630451 0.0 0.06781373027565742
20 0.28 9.5005 3.0456988435812795E-11 6.292187458989999E-13 0.0 0.0
20 0.32 2.008 1.9472963995590749 0.38404885134875266 1.3183563664322822 0.4451831630454483
20 0.36 2.008 1.91394660706287 0.3839826253307856 1.252952248340138 0.44814115436458724
20 0.36 2.5075 1.7493124736911776 0.34190371998391966 1.5242906865305317 0.38830850144599205
20 0.38 7.5025 3.455899227804424E-11 6.292187458989999E-13 0.0 0.0
20 0.38 8.002 0.2991034661699522 0.04824249453668453 0.0 0.005477170803617486
20 0.4 5.005 1.5983299013404737 0.26638831689071024 0.0 0.031921306528801284
20 0.44 2.008 1.7523367209185714 0.3846788393198962 1.2089461022252106 0.45957237479483554
20 0.44 2.5075 1.6555495373299698 0.35090905436734265 1.303581006460837 0.4081843279559711
20 0.46 3.007 1.5960945984248573 0.330709892619714 1.4624774950827586 0.35142638307286
20 0.48 0.01 3.3753625911012692 0.6896980131496987 1.1988100453917527 0.06280412531997617
20 0.52 0.01 3.076064485806564 0.6877712046773309 1.2039658734996055 0.06208914518779856
20 0.52 3.007 1.5322938106143187 0.34088078401422106 1.568101377166821 0.36809521212078816
20 0.54 0.5095 2.54257793779249 0.6241237492535932 1.2210999308196742 0.40034759253691776
20 0.54 2.008 1.6371861565994827 0.4079513311504193 1.2488419372963422 0.4751672681338959
20 0.54 2.5075 1.5203419510844258 0.3702595430534192 1.3054182246212986 0.4291500091337871
20 0.56 2.008 1.6489365312902224 0.42564026546472183 1.244355843838499 0.47718475194903864
20 0.58 0.01 2.6572796605008624 0.692443101911917 1.195374426815956 0.057610281297861075
20 0.58 3.007 1.343047839041398 0.3444095192885269 1.2862032383504391 0.3879430275596833
20 0.6 3.007 1.3504445236100013 0.3598591182408071 1.3313361925125922 0.3920823621956998
20 0.62 6.004 1.4155281906709933 0.3725074185985584 0.0 0.09029127574957467
20 0.62 6.5035 1.1101264069490997 0.2921385281417946 0.0 0.0712323048946345
20 0.62 8.5015 0.6403832901370439 0.1685219184623655 0.0 0.025682114485023742
20 0.64 3.007 1.2626594276166276 0.3690530711896925 1.27278127304039 0.4057215561602688
20 0.66 9.5005 0.8282344761395333 0.24359837533563705 0.0 0.03374480423872107
20 0.68 5.005 1.2740409596814246 0.3915134431854184 2.176930582329213 0.22749288995527087
20 0.7 0.5095 1.673358277369762 0.6314199400655084 1.1984719314767311 0.3573089287001216
20 0.7 2.008 1.3302002878987202 0.4748901090651894 1.2184986498586494 0.497102541373562
20 0.7 2.5075 1.2391070487642974 0.42998200340566295 1.2161399304490004 0.47370006726550234
20 0.72 3.007 1.1395295489725679 0.41748680972995644 1.2691635440167448 0.4453976739373431
20 0.74 6.004 0.9361300268443173 0.35605220723176234 1.6850864506619374 0.2152203394461566
20 0.74 6.5035 0.8557058736187506 0.32379762497729303 1.9310821608524886 0.19042218516014886
20 0.74 8.5015 1.1216161533496416 0.4313908282112058 0.0 0.1039272052617609
20 0.76 4.006 0.9236748500042853 0.3859964050215396 1.2567446391152821 0.39840416159094694
20 0.78 5.5045 0.7881170429939078 0.3528674376527498 1.2799887175348508 0.29757318800538335
20 0.8 8.5015 1.99613328915702 0.9941306372707579 4.230237074174672 0.1857671838954231
20 0.82 5.5045 0.6709387762169293 0.36812449408817427 1.3170923470753484 0.35941062347386377
20 0.84 1.5085 0.8689310900804169 0.5548843341159821 1.1620762982510426 0.45815700208945376
20 0.84 3.5065 0.7437353313501323 0.46017109070543005 1.188281101702225 0.4863561998409998
20 0.84 9.5005 0.47799410567127126 0.29814407512456176 1.4252821672264537 0.20664553463544902
20 0.86 7.5025 0.5254785096508202 0.37269242493958393 1.264605949708352 0.33914413135949395
20 0.88 1.5085 0.7050959025665169 0.5840585066042906 1.1836494192203748 0.43368398266439084
20 0.88 3.5065 0.6166732831552583 0.5047470366542454 1.1591248856631897 0.49948053299590045
20 0.88 9.5005 0.4107095865395032 0.3419800565994974 1.3776916129663412 0.300507837116538
20 0.9 8.002 0.4132770637562434 0.4120474008901755 1.1901909530988097 0.4110196319671463
20 0.9 9.001 0.383152067135595 0.38214718859814956 1.215675318837546 0.3773483453133749
20 0.94 5.5045 0.3187282159997106 0.5214791359790836 1.1969925926144631 0.4974639570316722
20 0.96 4.006 0.247246229631544 0.5752171120254604 1.1928999016610113 0.44594698323080423
20 1.0 5.005 0.04923534766090558 0.6130987588784489 1.1583200812013215 0.28341290017806997
20 1.04 5.5045 0.26280162306815735 0.6547540757053317 1.1334238248163195 0.42242942081433404
20 1.06 7.5025 0.3906279823301709 0.6507170757138305 1.0569051759443178 0.4905992475248204
20 1.08 5.005 0.531857177899311 0.6640672514098653 1.0660345588818811 0.4815389410513523
20 1.1 6.004 0.6604806109387058 0.6604806109386442 1.0205164430180347 0.4999259545076506
20 1.1 6.5035 0.6421049067312403 0.6421049067312526 1.0186148982046246 0.49777567863777145
20 1.12 5.005 0.7990026323963754 0.6657680391058399 1.0365174505673413 0.49994237250530266
20 1.14 4.5055 0.893451418442536 0.6381795846018835 1.0099120208617574 0.4989837571523724
20 1.16 5.5045 1.0257914494705775 0.6411196559192928 0.926358870667331 0.46287452891097247
20 1.18 0.5095 1.3646931403047402 0.6492345841564865 1.1688684438545103 0.3160561638459078
20 1.18 1.009 1.235251552752348 0.6533454586139603 1.1387107508219998 0.39536988865842476
20 1.2 5.5045 1.1512580743852365 0.5756290371926862 0.8159053138804353 0.40877730556449066
20 1.22 6.004 1.2115056199878957 0.5506843727216806 0.7527402779405844 0.3444924576434166
20 1.22 6.5035 1.207515541097153 0.5488707004985696 0.6716054728418285 0.3058194376808324
20 1.22 8.5015 1.0743008832110414 0.4883185832776852 0.4552793139918826 0.19223302050388935
20 1.24 1.5085 1.6041809782566823 0.665491789054804 1.1088107270556202 0.4696394729276563
20 1.24 3.5065 1.507224115637256 0.6280100481820932 0.926020420419181 0.4701088108313448
20 1.26 4.5055 1.4967430634835721 0.5756704090319987 0.8032937799585429 0.38891570433192774
20 1.32 4.5055 1.8418170183729181 0.5755678182413678 0.6965999201712307 0.3103823394578054
20 1.34 1.009 2.24942184718149 0.6569147625325936 1.0980270931111629 0.46601972962478005
20 1.36 2.008 2.3192414614996815 0.6442011387609666 0.9735284993836363 0.4916032132839882
20 1.36 2.5075 2.2687929100613546 0.6302202527948194 0.9185428622872475 0.4568340515638404
20 1.4 1.5085 2.6253877202096665 0.6561968645603747 1.0190003459717845 0.4997517609090798
20 1.4 3.5065 2.3579392474958576 0.5894848118739409 0.6941046565782493 0.3265704468238993
20 1.42 5.005 1.6555383435007835 0.3941757960726318 0.3453665965941041 0.1571866324741622
20 1.46 4.006 2.2908672719079988 0.49801462432741145 0.4750762644782077 0.201886698238796
20 1.46 5.005 2.0158102634257307 0.43821962248062385 0.17753557394928962 0.11827420604222888
20 1.48 7.5025 0.8849751198040758 0.1843698166227299 0.0 0.023231741281486095
20 1.48 8.002 0.6993013223472863 0.14568777548937448 0.0 0.02048969989545843
20 1.48 9.001 0.584851232704728 0.12184400681013849 0.0 0.015490151729404746
20 1.5 1.009 3.300149800977406 0.6593990551470525 1.0439412191236008 0.4971446104724391
20 1.52 0.01 4.463677837358273 0.678458609773071 1.175853622547935 0.0815187785005184
20 1.54 7.5025 0.5245316795221892 0.09713549621519363 0.0 0.01448992755199235
20 1.56 8.002 0.26262760607945235 0.04689778681036835 0.0 0.0
20 1.56 9.001 1.886936299197296E-10 6.020026937418675E-12 0.0 0.0
20 1.58 4.006 1.9654122370840141 0.338864178811606 0.20063397510923012 0.10902018550877911
20 1.6 1.5085 3.648964735348693 0.6081607892247911 0.9103306895552302 0.45909502759201215
20 1.6 3.5065 2.5905507639133716 0.431758460652024 0.32362796459878496 0.15481139118012224
20 1.6 9.5005 0.09371196392443251 0.015618660653994514 0.0 0.005477170803617479
20 1.62 4.006 1.9055824825460013 0.3073520133123232 0.06397772400864982 0.09302620686118022
20 1.62 5.005 1.712944192818177 0.2762813214219611 0.0 0.045777844469881854
20 1.64 8.002 0.31807427243179826 0.049699105074434556 0.0 0.005477170803617488
20 1.64 9.001 1.5033435254485885E-10 6.020026937418675E-12 0.0 0.0
20 1.68 2.008 3.8961351667375745 0.572961053932087 0.7158805238678125 0.3361955647358074
20 1.68 2.5075 3.508662629704705 0.5159797984860697 0.5712157487245442 0.24084789314944244
20 1.72 4.5055 2.186249049267043 0.3036457012911333 0.0 0.031921306528801194
20 1.74 9.5005 9.539955339308312E-11 6.020026937418675E-12 0.0 0.0
20 1.76 6.004 9.567291927271454E-11 6.020026937418675E-12 0.0 0.0
20 1.76 8.5015 1.6839726793488536E-10 0.0 0.0 0.0
20 1.78 0.01 6.497570087109616 0.6982414863117014 1.1932157677243795 0.09397181383131999
20 1.8 5.5045 0.7195481513091205 0.08994351889777193 0.0 0.009486453504339624
20 1.82 6.004 1.5929917965736165E-10 0.0 0.0 0.0
20 1.82 6.5035 1.803338064070587E-10 6.020026937418675E-12 0.0 0.0
20 1.82 8.5015 1.803338064070587E-10 6.020026937418675E-12 0.0 0.0
20 1.84 5.005 2.080401009605954 0.24766678685795784 0.0 0.020489699895458343
20 1.86 0.5095 5.588661177311471 0.6477832689042637 1.0671135702042367 0.48658424358490326
20 1.86 1.009 5.23672079682918 0.6089210228872365 0.9075182825543442 0.4646754744014577
20 1.86 2.5075 4.05264304707906 0.47123756361307917 0.31838137940722283 0.14388500086946562
20 1.88 0.01 7.30853174125561 0.7016031689269825 1.20394678350471 0.09614075759736823
20 1.88 3.007 2.7229476457011907 0.3094258688287899 0.07039353413840334 0.0728802997090534
20 1.9 9.5005 0.0 0.0 0.0 0.0
20 1.92 1.009 5.901423623544655 0.641459089515183 0.9059722904737482 0.451718026260915
20 1.94 4.006 1.4578271423885654 0.15508799387109898 0.0 0.02448767044167103
20 2.0 0.5095 6.716204083107394 0.6706472126253205 1.079392480727815 0.4965911916468128
20 2.0 2.008 4.681650402953909 0.46816504029548844 0.4260852208774143 0.17458511880013966
20 2.0 2.5075 4.2186454994892575 0.42186454994897776 0.10875127693026462 0.09302620686118056
20 2.0 7.003 0.0 0.0 0.0 0.0
