10 0.02 5.005 0.39883500908673436 0.08307934698586483 0.7416354541002858 0.08151877850051843
10 0.04 5.5045 0.4976680761916309 0.10378928611376055 1.0023845087360055 0.07837008219040337
10 0.06 0.01 2.9987295025332994 0.6651821270778943 0.9409438487092678 0.09334251214477143
10 0.08 3.007 0.9177967103839613 0.251370988132886 0.9775510244130827 0.2519188706340178
10 0.1 2.008 1.1693255081952307 0.357168619309268 0.9130542272978756 0.4002353160941138
10 0.1 2.5075 1.057704192279747 0.3137350099417012 0.9476325685120525 0.3376757650077706
10 0.1 7.003 0.3622579779869511 0.04841979508116847 0.4762834613819936 0.007745773043537911
10 0.12 4.006 1.198622445641989 0.2421448013621005 1.4158275312780593 0.15934435226531257
10 0.14 0.01 2.5574622960073228 0.6592516151971115 0.9380071810499413 0.08277958369535152
10 0.2 7.5025 0.2494169092732913 0.05457730757177861 0.09045452272512204 0.014489927551992337
10 0.2 8.002 0.40463509037983864 0.09990182137630704 0.052463416553344196 0.013415267434605563
10 0.22 8.5015 7.559310269640195E-12 4.726469128334501E-13 0.0 0.007745773043537928
10 0.24 1.009 1.2915800370301325 0.4875319878132581 0.916759219257394 0.49584939143149437
10 0.26 3.5065 1.9020961427802636 0.4120336247260442 1.6559711658550849 0.25684302682726184
10 0.26 9.5005 1.15142215994325E-11 4.726469128334501E-13 0.0 0.005477170803617487
10 0.3 3.5065 2.170029557673404 0.480718591005795 1.6389769628894748 0.24008220199942057
10 0.3 9.5005 0.33602772386462926 0.0960079211036489 0.0 0.007745773043537919
10 0.32 7.5025 0.33190002926551326 0.09761765566636901 0.0 0.01448992755199229
10 0.34 0.01 1.628606194560584 0.6594575639995257 0.9383498550495946 0.07267638737914514
10 0.36 7.5025 0.34066701048392556 0.10645844077525245 0.0 0.010953848645841101
10 0.36 8.002 0.26820715904408415 0.08381473720220811 0.0 0.010953848645841166
10 0.38 4.006 1.6128775960991344 0.4449379953492472 0.9787528286143518 0.13119919157968915
10 0.42 1.5085 0.9250201641126666 0.4305942687807629 0.9293896126610404 0.4991860232247883
10 0.42 3.5065 1.8109721191484767 0.5227958508860616 1.5268212468507998 0.23991771173972923
10 0.42 9.5005 0.19711748847690408 0.06797154775044151 0.0 0.007745773043537918
10 0.44 7.5025 0.425075173019311 0.15181256179299504 0.0 0.020489699895458475
10 0.44 8.002 0.20378823845770278 0.0727815137351587 0.0 0.010953848645841136
10 0.46 0.5095 1.0521193362615424 0.5508232731738 0.9086395357384943 0.4029499905019537
10 0.46 2.008 0.8685263962079899 0.39264388187599925 1.0031046683230453 0.4777721370941428
10 0.46 2.5075 1.018923749243226 0.3938828412892603 1.1508060649904774 0.43418202933488126
10 0.46 7.003 0.43626420973904445 0.16157933694138185 0.0 0.025682114485023777
10 0.48 10.0 0.15694633726199206 0.06036397586821289 0.0 0.009486453504339602
10 0.5 1.5085 0.8486430263185927 0.42941577727626823 0.9368230082048807 0.49998615569677435
10 0.5 3.5065 1.4650861972777025 0.5172326522188541 1.576609099946658 0.3159825969415935
10 0.52 2.008 0.8334196888611631 0.39527274896429143 0.9921295873955582 0.48173967349107266
10 0.52 7.003 0.5782984646812809 0.240957693617608 0.0 0.03752367279493574
10 0.54 7.5025 0.47486915701611715 0.20646485087583158 0.0 0.03418541814583505
10 0.54 8.002 0.3504561629080986 0.15237224474164932 0.0 0.02323174128148619
10 0.54 9.001 0.3092129107018614 0.13444039595831758 0.0 0.021208536066167665
10 0.56 7.5025 0.516982121275769 0.23499187330480556 0.0 0.04238841861380363
10 0.6 2.008 0.7542063721828657 0.4035702676448867 0.9529525825534984 0.48602487749644
10 0.6 7.003 0.5840066873677308 0.2919641747445332 0.048317159011973934 0.061607809127882704
10 0.62 0.01 1.2140389697077303 0.6536932256595073 0.9339585493418506 0.07081418681671345
10 0.62 3.007 0.7377990834724176 0.37647244488452025 1.0689209828644213 0.4054403678889859
10 0.64 2.008 0.7050435165563195 0.4047986720792494 0.9421039124638517 0.4863991105114882
10 0.64 7.003 0.6438400562572331 0.35768892014150794 0.0 0.0653577767711274
10 0.7 7.5025 0.6211030984369068 0.41225728544839974 0.34767933058352346 0.09870802282089844
10 0.7 8.002 0.7607921097084703 0.5027070551312864 0.8526001056626652 0.08331392614254414
10 0.7 9.001 0.401172112152946 0.26744807476890503 0.0 0.06933051012191545
10 0.72 2.008 0.6251859798938694 0.4250997800210121 0.9178408081748118 0.4939193015929077
10 0.72 2.5075 0.5842638825652555 0.40010109599343563 0.9436444077778487 0.46955171148234476
10 0.72 7.003 0.8029473887714241 0.5669667756218536 1.1358877086883132 0.1436851671184485
10 0.74 0.01 1.602794613732933 0.6497472368742445 0.9333582395833863 0.07429167724968062
10 0.74 3.007 0.5537205094081732 0.393005692269401 0.9804404548759681 0.44476805129569347
10 0.76 6.004 0.6363048292186252 0.515565841882297 1.4467150910504294 0.2506286024491201
10 0.76 6.5035 0.5918016838615235 0.48189690525273815 1.4317081672349266 0.22696366247763394
10 0.76 8.5015 0.6455692699213362 0.53724529057841 1.1802821542830249 0.12380522293398326
10 0.78 1.009 0.688981824860274 0.4943574853844561 0.8840980945358488 0.47379120608536474
10 0.8 0.01 1.8499938156808327 0.6545528350954921 0.9344806872980861 0.07547996243303337
10 0.82 1.009 0.6570968483244638 0.49767974370900786 0.8814560972089746 0.47170421822981884
10 0.84 5.5045 0.33284239609359634 0.3957632491349248 1.0251592414817723 0.37988425198790976
10 0.86 4.006 0.3224811499574358 0.4092892141565608 0.9135885254462126 0.45931474398483335
10 0.86 5.005 0.30229752815009664 0.40170357677600566 0.9670625415594647 0.42180086649493165
10 0.88 5.5045 0.25390575386960923 0.3979160988191466 0.9606003163932822 0.42786929197513857
10 0.92 1.5085 0.453565534834547 0.49049502195889205 0.8667380168784227 0.4850285421706457
10 0.92 3.5065 0.2393187167503669 0.4453642362860312 0.8745566852177206 0.49692113050592635
10 0.92 9.5005 0.1541076382807752 0.3829125006545161 0.9794238230621136 0.3970556807292847
10 0.96 6.5035 0.10143129457809823 0.44725559780097746 0.872818156111012 0.4968402314096716
10 0.96 9.5005 0.0868281118702029 0.43142992159498256 0.8937574465905304 0.4824576213440825
10 0.98 3.5065 0.15018270195350802 0.4777587349233533 0.8506125458912975 0.4916087832376233
10 0.98 9.5005 0.0480796928066236 0.46198583587980213 0.8653937586360373 0.49994759032728303
10 1.0 6.004 0.0423884186138033 0.48978169508352176 0.8429684244884083 0.4779292336551081
10 1.0 8.5015 0.0 0.49071848341983376 0.8479794244866831 0.47887734808687643
10 1.02 3.5065 0.1378370516923683 0.5043903621506922 0.8360063755577344 0.4820055137167134
10 1.02 9.5005 0.05204045113045919 0.5204045113040526 0.8244083850520185 0.48880040710846817
10 1.06 4.006 0.17671060858073745 0.523795429359931 0.8155472686849948 0.4927003589526934
10 1.06 5.005 0.16589805596550977 0.5369048672542361 0.8015784927552048 0.49544266814104565
10 1.08 6.004 0.22490064983502842 0.5607167778066149 0.770505083784589 0.49992432077937576
10 1.08 6.5035 0.22738608763125112 0.5662284777307072 0.7713849921867449 0.4993915999795927
10 1.08 8.5015 0.2315594436735289 0.5788986091838784 0.7297210338743324 0.49018737765410164
10 1.1 3.007 0.30204936189483506 0.5438533897679191 0.8024637755361159 0.4948834115759712
10 1.16 1.009 0.7898899245758169 0.537649318751465 0.8337384526582385 0.4721034646428294
10 1.18 4.5055 0.5102982473750484 0.5661028037346707 0.6879373450516718 0.4766462270166203
10 1.18 9.001 0.47329073012694906 0.5258785890302051 0.38605156931641205 0.2793144134307925
10 1.2 5.005 0.5763077038221134 0.5761822144451817 0.6388125400045017 0.44313595706567216
10 1.22 0.01 3.9238472144271888 0.6546973119938887 0.9278507259265778 0.10091689580956344
10 1.22 3.007 0.6431383260648069 0.5782736939842849 0.7351853512775474 0.4932395028752106
10 1.24 5.5045 0.6441748937932529 0.5368124114939796 0.5262906656371059 0.36331228890337114
10 1.28 3.5065 0.8059626214548652 0.5751925231692253 0.6524640865912102 0.4440565272321106
10 1.28 9.5005 0.41548439787683783 0.29677456991152856 0.02948307663144701 0.09334251214477143
10 1.3 0.5095 1.5036067389992314 0.5584475288242811 0.8374402717675896 0.4528070945759993
10 1.3 1.009 1.0360812954716345 0.5574043223499028 0.8096816129121204 0.49010270070819667
10 1.3 2.5075 0.8587782279215384 0.5689559224934094 0.7150556531881916 0.4836126561978748
10 1.34 4.5055 0.8668791187283065 0.5099288933696939 0.421118417939953 0.30496382160721264
10 1.36 7.5025 0.551886502449161 0.3066036124722718 0.04674639930709705 0.09350024908406733
10 1.38 0.5095 1.6455205729149143 0.5591302039602896 0.8388927270698345 0.4637510372956237
10 1.38 1.009 1.2214954445556796 0.5654423998117483 0.8039888875774105 0.4962517189809673
10 1.38 2.5075 1.0831189314143246 0.5693712067264423 0.6558283484859379 0.44978819131485825
10 1.4 5.5045 0.7428278587466464 0.3714139293733049 0.14034313321993605 0.15844927088284982
10 1.42 6.004 0.7037455797452167 0.33511694273611514 0.06975770236757269 0.11193342848131507
10 1.42 8.5015 0.4334580992330868 0.2064086186850288 0.0 0.033298333478293356
10 1.44 3.5065 1.1264399022283684 0.5120181373766988 0.41466365234361247 0.30162166079698643
10 1.44 9.5005 0.3180507805316988 0.14456853660282384 0.0 0.018970345313988342
10 1.46 6.004 0.7500384081368467 0.3261036557129098 0.07081418681671356 0.08963521437967527
10 1.46 6.5035 0.6383501726930477 0.2775435533446765 0.02998664716485917 0.06160780912788281
10 1.46 8.5015 0.41940198246366545 0.1823486880245147 0.0 0.029483076631447076
10 1.48 4.006 1.052476256466494 0.438531773527634 0.24392619029541848 0.2123662407606672
10 1.5 4.5055 0.9374396692958015 0.3749758677183124 0.12532134913387918 0.1576388641955245
10 1.52 1.5085 1.5311635489060866 0.582230501860068 0.7062007613310755 0.4805092073573553
10 1.52 10.0 0.25863916265112236 0.09947660101756335 0.0 0.018162995378570326
10 1.54 4.006 1.117327885730598 0.4138251428632158 0.1727776478159557 0.17369692426700964
10 1.54 5.005 0.9008470698797538 0.333647062919285 0.06160780912788295 0.10033281534610183
10 1.58 9.5005 0.25261331045426894 0.08710803808721622 0.0 0.010953848645841133
10 1.6 5.5045 0.7853038115307658 0.26176793717570956 0.0 0.05358856672117226
10 1.62 6.004 0.6457409091466052 0.20830351908009 0.0 0.04343324574457841
10 1.62 6.5035 0.4676686849879978 0.1508608661192787 0.0 0.021208536066167856
10 1.62 8.5015 0.3251375751224232 0.10488308874935444 0.0 0.013415267434605619
10 1.66 0.5095 2.2548154560276235 0.5732434807556386 0.8154103577907624 0.4881845642848383
10 1.66 2.008 1.7686289633900174 0.5358123217293335 0.5086730122283051 0.36534256318530794
10 1.66 2.5075 1.716973552453528 0.5202950158949315 0.36838605164190474 0.27186675302336655
10 1.66 7.003 0.2429176416179948 0.07361140655281959 0.0 0.00948645350433957
10 1.68 7.5025 0.465350257910821 0.13686772291468124 0.0 0.01642954049132165
10 1.68 8.002 0.2537952351807966 0.07464565740466159 0.0 0.005477170803617486
10 1.7 0.5095 2.3776356781114365 0.579786200255622 0.81890753155571 0.49085715064646374
10 1.7 1.009 2.107729407685912 0.5895225520241892 0.7301951985300589 0.49025364686220035
10 1.7 2.5075 1.7142437809781839 0.4897839374223347 0.32086653123578135 0.24580239934526366
10 1.76 0.01 6.745715145008196 0.6550070903699599 0.9365030375797041 0.13273409140131803
10 1.78 1.5085 2.156006418270383 0.5521953012480977 0.5814071896910143 0.39677988632074673
10 1.78 10.0 4.117667017327585E-11 0.0 0.0 0.0
10 1.82 0.01 7.084755760938581 0.6490787538996869 0.9270988816456036 0.1342501298793819
10 1.82 3.007 1.5129434433921072 0.3690105959495134 0.0682506016053004 0.11678557836485867
10 1.84 6.004 0.4267030485338067 0.10159596393914938 0.0 0.013415267434605584
10 1.84 8.5015 0.23145014249109255 0.05510717677927724 0.0 0.0
10 1.86 4.5055 0.9382397211386583 0.21819528398616078 0.0 0.03418541814583499
10 1.86 8.002 0.11461879218562604 0.02665553306478218 0.0 0.007745773043537928
10 1.86 9.001 3.716669061339539E-11 0.0 0.0 0.0
10 1.88 2.008 2.1310640890725217 0.4843327475164228 0.31817980079884295 0.24355694305853673
10 1.88 7.003 0.35589225252477874 0.0808846028491747 0.0 0.007745773043537912
10 1.92 4.5055 0.8568121755412152 0.18626351642253156 0.0 0.032845767029735344
10 1.94 6.004 0.2919373906476397 0.062114338431919686 0.0 0.0054771708036174815
10 1.94 6.5035 0.15028600204029338 0.031975745115962344 0.0 0.005477170803617488
10 1.94 8.5015 3.899750280895381E-11 0.0 0.0 0.0
10 1.98 5.005 0.48703329824671704 0.09939455066184984 0.0 0.014489927551992327
10 2.0 7.5025 0.04983798613756522 0.009967597227512415 0.0 0.005477170803617487
10 2.0 8.002 0.43673812546678836 0.08734762509383391 0.0 0.0
10 2.0 9.001 0.0 0.0 0.0 0.0
12 0.0 3.5065 0.700543180818049 0.1167571968048301 0.6745478815047596 0.09365771075617073
12 0.0 9.5005 0.06890061703641852 0.011483436172945545 0.5731828252662423 0.049235347660905926
12 0.02 3.5065 0.7974430640542172 0.1605159317699551 0.8078647704137459 0.11986480520635846
12 0.02 9.5005 0.2277938035677494 0.022518035649371118 0.5649205504418701 0.01974466514175302
12 0.06 0.5095 3.198289433841658 0.615170542555241 1.0380381390795428 0.48548317541188035
12 0.06 1.009 2.4918275779057484 0.5178944955360691 1.0023890298498295 0.4828310926069146
12 0.08 5.005 1.157457190951163 0.18126473171298965 1.3800048134510359 0.06933051012191548
12 0.12 10.0 6.526740296243968E-12 6.516781781991952E-13 0.0 0.0054771708036174815
12 0.14 0.5095 2.613807842197809 0.5988360343414063 1.0173249643580773 0.46715221312945
12 0.14 1.009 1.9852238366387303 0.5051145500219898 1.0023848068221834 0.498950809730464
12 0.14 2.5075 1.238287220136081 0.34250780287831123 1.145482730797616 0.3704504763013436
12 0.18 5.5045 0.6675986970632622 0.09698609366375374 0.20743689958137426 0.012246591372295949
12 0.2 0.01 2.923914347771274 0.6765653882547563 0.9972974257849887 0.07893510115116206
12 0.22 5.5045 0.6217688180962649 0.13285658506471004 0.0 0.01974466514175293
12 0.24 6.5035 0.6600390881198168 0.1447454140623679 0.0 0.010953848645841164
12 0.26 7.5025 0.28698754767655255 0.06463683506210537 0.0 0.005477170803617487
12 0.28 4.006 1.2231380307410677 0.2671460734205539 0.364117897126861 0.05656613919438823
12 0.3 7.5025 1.611518337005553E-11 6.520774050535121E-13 0.0 0.0054771708036174815
12 0.32 0.01 2.270267094409756 0.6720096902724396 0.9985283872329374 0.07528324730947944
12 0.34 0.5095 1.6928045416773245 0.5750875248251553 1.0035770990469504 0.4232813046488189
12 0.34 1.009 1.397861448750686 0.4968319156715287 0.9993583642659585 0.49299289865942963
12 0.36 0.01 2.0762537197646584 0.6781388160947918 1.0055013350428006 0.07226679926592658
12 0.38 1.5085 1.1587216262429887 0.4311389757711731 1.0143816503192842 0.49699436014451925
12 0.38 10.0 1.1284212753580244E-11 6.516781781991952E-13 0.0 0.0
12 0.4 5.5045 0.9647705293751772 0.26799181371560793 0.0 0.03238684935478704
12 0.42 7.5025 0.4672020572174318 0.13425346472015884 0.0 0.009486453504339623
12 0.42 8.002 0.415146487536824 0.11929496768620154 0.0 0.01224659137229593
12 0.44 0.01 1.7046168435067617 0.6767708872493345 1.0031419362003666 0.06304062150387783
12 0.46 6.004 0.7617850669511987 0.23511884782437056 0.0 0.03946621370857958
12 0.46 8.5015 0.33258713717929816 0.10265035098130333 0.0 0.009486453504339612
12 0.48 4.5055 1.36935058360697 0.42869029392806823 0.45651720708214133 0.09223052714258966
12 0.5 7.5025 0.5882010904350387 0.19606703014554586 0.0 0.029483076631447027
12 0.5 8.002 0.47836346968563076 0.159454489895821 0.0 0.01816299537857036
12 0.5 9.001 0.20391152054073386 0.06797050684828071 0.0 0.00774577304353793
12 0.54 0.01 1.3407427678015331 0.6658100502271006 0.9997132122938163 0.060387425299626624
12 0.54 3.007 1.0437684094063566 0.37405617164779337 1.3847818547972388 0.3806270796452071
12 0.56 0.01 1.3027076000077467 0.6697339266301052 0.9922040491290798 0.05914148394780357
12 0.58 4.5055 1.740327924539324 0.6434728968916106 1.839072570399873 0.18373013263788543
12 0.62 1.009 0.9630794721976438 0.5013280240295448 0.9700735915694646 0.47859706130976243
12 0.66 5.005 1.2919056905735555 0.6041025388950003 1.9286894843941809 0.21191804221541813
12 0.7 0.01 1.242684945708334 0.6671832268420859 0.9973069080219192 0.06648556984469707
12 0.7 3.007 0.6993771228251788 0.3770517040785249 1.055832664202434 0.42637212597033064
12 0.74 1.009 0.7884668472022189 0.5128197195037637 0.9590201823667917 0.46827473050723584
12 0.78 3.5065 0.5501962453092433 0.39669261636833353 1.0728197615665853 0.42974037903017775
12 0.78 9.5005 0.6699995181174038 0.507193036134839 1.1826162999327328 0.11413103760006553
12 0.8 0.5095 0.8665227134253557 0.5700081395885258 0.960799521506659 0.3830868878906116
12 0.8 1.009 0.7198590337818586 0.5205005488430885 0.9515435732689089 0.4617000161074103
12 0.82 3.5065 0.47886925634033084 0.4133540843431715 1.0440827639271941 0.45680735251543214
12 0.82 9.5005 0.7529103679218679 0.6958571194939971 2.0251068562035055 0.17329148682671003
12 0.84 4.006 0.4238764365374983 0.41218235044218426 1.0055583630630343 0.44529048092625173
12 0.86 1.5085 0.5443126512455052 0.4926680022398026 0.9420572807734662 0.48760616654203415
12 0.86 10.0 0.33171978477806174 0.39422915377974055 1.3326382163246808 0.23820933708498088
12 0.88 4.006 0.3402036640569751 0.4272440590127297 0.975949336963461 0.4765796274118449
12 0.9 7.003 0.2371516176106212 0.3892370531892791 1.0073486995022762 0.4194875807898131
12 0.92 7.5025 0.19737126505639957 0.40621667791104754 1.0115080420438793 0.4422063859491773
12 0.92 8.002 0.19711292584588924 0.4088348083266633 1.015680601633937 0.4333909462142033
12 0.92 9.001 0.19096732813548148 0.39572932961094326 1.004468509129044 0.41029027328536927
12 0.94 3.5065 0.23204387284955483 0.4822172527105472 0.9502888184611191 0.4990199613648609
12 0.94 9.5005 0.14960444415475038 0.41461374131697 0.9997227386852547 0.44883612054029143
12 0.98 7.5025 0.06296861023489644 0.49250733234521493 0.9409937223941693 0.49399465962859124
12 1.0 5.5045 0.039085475864588104 0.5187002989962527 0.921930345695579 0.45010806098963996
12 1.02 7.5025 0.06771883507590591 0.5492682183865697 0.9020365495163538 0.46831963231438734
12 1.02 8.002 0.06640945089518209 0.5510196455066154 0.9072887391211639 0.47003268017977484
12 1.04 3.5065 0.17425958659946286 0.5457714653769253 0.9153255237670453 0.46611297550099723
12 1.04 9.5005 0.1410206711900205 0.5863498967611115 0.8714521407188967 0.4940134244695933
12 1.06 1.5085 0.45156796852074027 0.5522707172723378 0.9247654475918204 0.44913018208659694
12 1.06 10.0 0.2189173662602307 0.6081037951671779 0.8291020222118917 0.49854232739576526
12 1.08 5.5045 0.2803112508884865 0.5827187555600596 0.8615431928706342 0.497442649214558
12 1.1 5.005 0.3632750432548591 0.6041638178166968 0.8501611183800891 0.4995484843966857
12 1.14 0.5095 1.2125243908686902 0.5829902984536507 0.9277673310965132 0.3994243311741844
12 1.14 2.008 0.5442823868500845 0.576503229680223 0.889673524484404 0.48133704791216664
12 1.14 2.5075 0.520538057334386 0.5875566990855708 0.887214862057278 0.491002045228053
12 1.16 9.5005 0.5057497304983568 0.526822635936531 0.4886325654619358 0.2987443809275713
12 1.18 3.007 0.6539832288777141 0.6006895173824703 0.837243614291266 0.5000074856191096
12 1.2 3.5065 0.7360274851578122 0.6123164807395165 0.7979258998615874 0.49150823425947904
12 1.2 9.5005 0.5355073591353349 0.4462561326134454 0.2718002651965836 0.20638093244683686
12 1.22 1.009 0.9825122993306643 0.582338858811914 0.9070449920805327 0.4636663355024709
12 1.24 4.006 0.8619888028254542 0.5985217798780799 0.7187480340953665 0.4483931612724935
12 1.26 0.5095 1.4843076475547734 0.5896354166731318 0.9366795613172486 0.42423951188492764
12 1.26 2.008 0.9539226672498936 0.6002250868386702 0.8447197423573584 0.4998235971957317
12 1.26 2.5075 0.9794631185808362 0.6232077880797163 0.8077795354258042 0.4963435908518106
12 1.26 7.003 0.8112769362132827 0.5200493180862048 0.3085839635794764 0.2183380200391682
12 1.28 7.5025 0.703781506495471 0.418917563389901 0.15916578390973088 0.15889751263268567
12 1.3 6.004 0.8838958765837414 0.49105326476953454 0.3444487893345604 0.23144220888971997
12 1.3 6.5035 0.8079804985278687 0.4488780547382534 0.2644329933383979 0.19366740726527773
12 1.3 8.5015 0.6168554301489442 0.342697461190267 0.07741898839561943 0.10834660037347614
12 1.32 0.5095 1.6401184342314812 0.5888916350533 0.9218995025397567 0.43653725887984457
12 1.32 2.008 1.205080802360232 0.6229519728566484 0.818325256405834 0.4969110758910608
12 1.32 2.5075 1.1666808036216476 0.6069420730283028 0.7613956611922695 0.47805816000740403
12 1.34 3.007 1.1803581263463774 0.5785076339869047 0.6873465447223553 0.4311059237751171
12 1.36 0.01 4.43008374371593 0.6720057032486023 0.9918224476079739 0.10106236622019087
12 1.38 6.004 0.8858696156861995 0.3885393051272322 0.13756818110937025 0.1355350593247032
12 1.38 6.5035 0.7433908985815314 0.3260486397268153 0.08489620443686623 0.1106192267931482
12 1.38 8.5015 0.5886359151394266 0.2581736469921158 0.0 0.05709062889172614
12 1.4 4.006 1.2600696518471304 0.5250290216037766 0.4466336521397631 0.2821442256405059
12 1.42 5.5045 0.8783493649723988 0.34855133530575994 0.10216344418819379 0.12532134913387902
12 1.44 7.5025 0.601176874262859 0.2277185129728351 0.0 0.043775939019681805
12 1.44 8.002 0.6096094222932344 0.23091265995749194 0.0 0.03192130652880119
12 1.46 5.5045 0.9041936970268879 0.3276064119672979 0.0838447666939144 0.103927205261761
12 1.48 7.003 0.7235396296854941 0.251229038083166 0.01341526743460557 0.052178295054551085
12 1.52 4.5055 1.0438094357384802 0.33455430632475414 0.1211934124633236 0.12462404218924712
12 1.52 9.001 0.18633355096098866 0.05972229198249436 0.0 0.0
12 1.54 1.5085 1.973588854003649 0.6073264889819493 0.7654908409347025 0.4783330719493324
12 1.54 10.0 0.27720382705405017 0.08555673673388013 0.0 0.010953848645841141
12 1.56 7.003 0.6113590834340726 0.1819521081572972 0.0 0.03870096927273671
12 1.6 4.006 1.3616146823354545 0.37822630064420587 0.10149747329214427 0.12238795003958784
12 1.62 5.5045 0.8579416534298674 0.2306294767285544 0.0 0.04203432920251094
12 1.64 7.003 0.4729441528885618 0.12316253979458472 0.0 0.01897034531398831
12 1.66 6.004 0.6402210608199363 0.1616719850452297 0.0 0.022577533139205505
12 1.66 6.5035 0.589308319969004 0.14881523230503554 0.0 0.023231741281486265
12 1.66 8.5015 0.29131712229306067 0.07356492988778855 0.0 0.005477170803617486
12 1.68 0.01 6.102428393375214 0.6652945818543157 0.9932717112202488 0.12059142664379867
12 1.7 6.004 0.7171993677995904 0.1707617542283933 0.0 0.02448767044167106
12 1.7 6.5035 0.35483117115085283 0.08448361218716159 0.0 0.0054771708036174885
12 1.7 8.5015 0.41584598680628443 0.09901094925348924 0.0 0.005477170803617484
12 1.72 0.5095 2.9061627191583557 0.6167628749459838 0.8920092764952859 0.4841978811095831
12 1.72 2.008 2.2790522313613315 0.5275583868894661 0.49919750857582756 0.3166070083243124
12 1.72 2.5075 2.070320478960225 0.4792408516121257 0.35912193923529806 0.240957019214549
12 1.74 5.005 0.9048418390462535 0.20379320698603304 0.0 0.0268232884869816
12 1.76 0.5095 3.0068159899718028 0.6139574978264396 0.8774179541879158 0.4894368720921962
12 1.76 1.009 2.8158178279775097 0.6138886266114449 0.7786081382922476 0.4862701672532835
12 1.78 4.5055 0.913772797265337 0.19525059769984868 0.0 0.03984329084600374
12 1.78 8.002 4.4858148068016106E-11 0.0 0.0 0.0
12 1.78 9.001 0.2722529205300779 0.05817370097606325 0.0 0.0
12 1.8 3.5065 1.4654704232003488 0.3053063381656879 0.03238684935478685 0.06693127223461341
12 1.8 9.5005 6.218556742350209E-11 0.0 0.0 0.0
12 1.82 1.009 3.0224056164022777 0.6126135000324849 0.7541486914470245 0.47478244476958703
12 1.84 5.5045 0.5826280997327735 0.11560081343802031 0.0 0.009486453504339609
12 1.86 3.007 1.7737378840864384 0.3437476519532351 0.069115904326523 0.08996386311543095
12 1.9 5.005 0.11688123992163503 0.021644674064574924 0.0 0.0
12 1.92 3.007 1.7059438457643672 0.30904779814621075 0.04512049248200611 0.07587182702301232
12 1.98 1.5085 3.1690662015031683 0.538956836990881 0.509700848834298 0.3073653705025751
12 1.98 3.5065 1.2425264855816176 0.21131402815487285 0.0 0.03192130652880124
12 1.98 10.0 3.500955107664113E-11 0.0 0.0 0.0
12 2.0 0.01 7.886104336269091 0.6623073358363809 0.9950882002580405 0.13574793894809728
12 2.0 3.007 1.993555558457604 0.3322592597410272 0.01816299537857039 0.05786833428766239
14 0.0 7.5025 0.05682899704637473 0.008118428149628267 0.6379328598669709 0.03589357626051631
14 0.02 7.5025 0.3357527032817124 0.039381731408298114 0.8124257806566184 0.010953848645841152
14 0.04 2.008 1.7855970165950126 0.33755811168416316 0.9816861276478391 0.3141712473859014
14 0.04 7.003 1.0394134462335993 0.08188370084697896 1.8603007306089103 0.019744665141753014
14 0.06 6.5035 0.4615433299554288 0.06428131232962762 0.8730620734968385 0.0173179964467594
14 0.08 3.5065 1.265749658955492 0.2487174340099438 1.3781725287077342 0.19733948991280462
14 0.08 9.5005 0.018425772672856278 0.06580633097424546 0.46064431681132423 0.0
14 0.1 5.5045 0.8196529522107235 0.09557832539163005 0.4147689744922878 0.00948645350433957
14 0.12 4.5055 0.7167176283024387 0.11650372978971366 0.582651081218489 0.02625891857693026
14 0.14 6.004 0.5313944591341321 0.08827150483991734 0.0 0.013415267434605659
14 0.14 6.5035 5.8219042327429256E-12 3.6876341600585214E-13 0.0 0.0
14 0.14 8.5015 5.8219042327429256E-12 3.6876341600585214E-13 0.0 0.0
14 0.16 4.006 0.993073086311977 0.19136116223584845 0.4046676108536456 0.03504995599500162
14 0.18 4.006 1.3712307781217126 0.21345216369636533 0.3679211007372499 0.04131698233669935
14 0.2 0.5095 2.882827919011811 0.6127272954212285 1.070673533487736 0.4596109394042883
14 0.2 1.009 2.1523794015832003 0.5161334259802636 1.0681206133259153 0.5000063975450973
14 0.22 4.006 1.0571538159466858 0.18265453642821616 0.1593443522653124 0.03418541814583512
14 0.28 1.5085 1.52158664846734 0.43188506070206817 1.0935566511515036 0.48907644370809983
14 0.28 10.0 0.07983603227427606 0.015840482593989194 0.0 0.007745773043537935
14 0.3 0.01 2.9596030023252324 0.6786843512118719 1.0504311508445696 0.0796820695573838
14 0.32 0.5095 2.2369105741371267 0.5916103534258319 1.0591028010712218 0.4339933876628366
14 0.32 1.009 1.7485425269829336 0.5005473456985455 1.0631750401577376 0.4956961494730605
14 0.32 2.5075 1.3244137490145096 0.3548670625980761 1.3864394911931113 0.4095359121455796
14 0.34 6.004 0.7007131884266958 0.1516695213035015 0.0 0.030481870164767496
14 0.34 6.5035 0.6341747985946734 0.13726727242250636 0.0 0.017317996446759465
14 0.34 8.5015 1.7253867101946138E-11 3.6876341600585214E-13 0.0 0.0
14 0.36 0.5095 2.083470957242667 0.5945255296327241 1.0588706446747045 0.4279962011854257
14 0.36 1.009 1.6697051320358482 0.5049063134557984 1.053392465306768 0.4942040430555853
14 0.38 4.5055 1.3238496558238775 0.3039427335200989 0.03547428668770555 0.051313320589861634
14 0.38 9.001 0.3044462897186192 0.07014891468355157 0.0 0.0077457730435379225
14 0.4 4.006 1.6764681287710652 0.38527942067367577 0.2922819738361634 0.09012772310205054
14 0.42 0.01 2.291127780044787 0.6794771232928102 1.0487517652034402 0.06825060160530036
14 0.44 0.5095 1.7631262129270464 0.582931679415647 1.04604332082976 0.41126878293120245
14 0.44 1.009 1.5151479901640676 0.5065605707390429 1.053427224079942 0.48953068478392114
14 0.46 5.5045 0.8712854148362813 0.23049878699352752 0.0 0.037122896158320186
14 0.48 3.007 1.8531040081012 0.4784609249278575 1.8460653554813928 0.3620881890474401
14 0.5 0.01 1.8868092506783862 0.6790787412750215 1.0493256585907142 0.06693127223461397
14 0.5 3.007 1.2924161106393053 0.37786336727351694 1.558840152119456 0.3763280158326894
14 0.54 1.009 1.3025761327598304 0.5053768088834076 1.0419042237523533 0.48289561207875575
14 0.56 0.5095 1.397769132204883 0.5832228483104414 1.0406903256267288 0.39389943915084547
14 0.56 1.009 1.2685493656154343 0.509355831490502 1.0318212471945232 0.48093830605361026
14 0.56 2.5075 1.0475640387568768 0.3705601227565419 1.159773444740216 0.43728850468069774
14 0.62 9.5005 0.33725265781210956 0.12678671345755155 0.0 0.017317996446759406
14 0.66 1.5085 0.9980447673140656 0.46512270104729386 1.0370408104692255 0.4998395143989397
14 0.66 3.5065 0.8569593075728803 0.35497410615803726 1.2277283764871603 0.3553302254657774
14 0.66 10.0 0.46507985170067573 0.19541170239201244 0.0 0.02190375315675215
14 0.68 4.006 0.8175056052028238 0.35900644227355577 1.186028567170165 0.32034682111684265
14 0.7 1.009 0.9754807787403273 0.5172357280707076 1.0292718892040407 0.466542389312612
14 0.74 9.5005 0.5142231002479987 0.2825401649724066 0.0 0.07664940541101092
14 0.78 7.5025 1.0289201772174414 0.6633639980899366 2.256949937523772 0.18614158245819956
14 0.8 6.004 0.4907158148297238 0.34480525147357294 1.2236166286966284 0.2959459475604927
14 0.8 6.5035 0.6631295350081379 0.46657501465970586 1.6896943092472108 0.26310220787011024
14 0.82 7.5025 0.4499400258479848 0.35270080994816433 1.4996960651968543 0.24291037124280296
14 0.84 10.0 0.7208325082914413 0.6430055093449754 2.36584859175812 0.18807451259235355
14 0.86 8.002 0.349991236142379 0.3537560727419315 1.25566020399225 0.30026831735534243
14 0.86 9.001 0.3384101796684251 0.344190526849574 1.3906708817084528 0.2626167746700307
14 0.88 10.0 0.30984086376062536 0.367322506821792 1.3363923692582007 0.2868270974273801
14 0.9 4.5055 0.330541041453324 0.44482490276171244 1.0471160434733102 0.4843827964327284
14 0.92 0.01 1.6788397384431517 0.6806253210585101 1.0536752178481736 0.05989220425027027
14 0.94 7.5025 0.1896139310155261 0.4459148203923335 1.051344109498262 0.4803361489810894
14 1.0 4.006 0.09382617954622795 0.5435074668866492 0.9812961066223044 0.41135172970511236
14 1.02 0.01 2.0963632253399416 0.6692261261066413 1.0418973319462002 0.06603680483091448
14 1.04 7.5025 0.16840651755803707 0.6014518484200359 0.9665880833434841 0.4750294938368896
14 1.06 8.002 0.26263720334844803 0.6253266746391051 0.9185273474665063 0.4975453055111669
14 1.06 9.001 0.2622585857337935 0.6244252041282351 0.893427835768877 0.4997251873753375
14 1.08 4.006 0.3402145570933443 0.6002356833475613 0.9458159603752755 0.4781224717943528
14 1.1 1.5085 0.5666938876435883 0.5967139767634978 0.9769910924235458 0.4366712131806396
14 1.1 3.5065 0.4322449485342976 0.6072303876959603 0.9386359992035367 0.4842133343076796
14 1.1 9.5005 0.42149760532788044 0.6021394361844674 0.763206478795356 0.44837835731522063
14 1.12 4.006 0.5233655863193691 0.6199339586550527 0.9130548541982922 0.4974700285295597
14 1.14 6.004 0.6084323124856237 0.6208492984560544 0.8128684667156862 0.4716408965443265
14 1.14 6.5035 0.5977062922957106 0.6097482710653459 0.7844471292892072 0.458549315741833
14 1.14 8.5015 0.5593117902484622 0.5707263165804396 0.675551103913193 0.38696418466977717
14 1.18 5.005 0.7727504433153906 0.61329400263276 0.7907620167151374 0.46332642168260113
14 1.2 7.5025 0.7617229236605939 0.544087802613182 0.5507010657734493 0.3025712473529376
14 1.22 3.5065 0.9811116819196769 0.6366322176468339 0.8416941554098945 0.4836126561978744
14 1.22 9.5005 0.6107151478787071 0.39656827784238124 0.21809062537006046 0.1506972972809657
14 1.26 6.004 0.9236814857096092 0.5075172998398944 0.5016717550399238 0.2825388485393762
14 1.26 8.5015 0.7057992545411534 0.3878017882082553 0.16096094594938407 0.14378512183992484
14 1.28 0.01 3.593888962069037 0.6753654039373701 1.0591896016758569 0.08610618072321703
14 1.3 5.5045 1.0025211151446762 0.4773910072112448 0.47080258367345557 0.2649836552519185
14 1.32 6.004 1.0276312643899845 0.45876395731632413 0.29693679378453464 0.19252090240915165
14 1.32 6.5035 0.9038745371508943 0.40351541836866645 0.22744859085457506 0.17009137160667245
14 1.32 8.5015 0.667130362563525 0.2978260547143944 0.034620398820920203 0.07348856846736909
14 1.34 5.005 1.2470721368739188 0.5239798894418353 0.4309472511593617 0.24765316450909225
14 1.36 0.5095 1.868995044399585 0.6110774461437565 0.9866605785191416 0.42101538534346244
14 1.36 1.009 1.630626417035957 0.6173118971847394 0.9410256296641154 0.48158085597869726
14 1.38 5.5045 1.0795226358560073 0.4058355773871585 0.23979619302515745 0.16571560876653252
14 1.4 7.003 0.8421497316154894 0.3007677612908164 0.029986647164859208 0.06997030114662034
14 1.42 4.006 1.53053775921808 0.520591074563402 0.44446263574024303 0.2508873662978739
14 1.44 0.01 4.387938179378017 0.6723261612236494 1.0417325628728868 0.094128457971572
14 1.48 4.5055 1.415201719049436 0.42119098780915565 0.18410186167397585 0.14752870892525827
14 1.5 5.005 1.2701984563864372 0.3629138446832947 0.10560717624041378 0.09350024908406769
14 1.52 3.007 1.7934369120159133 0.49270244835500376 0.4903483412158451 0.2771193173782692
14 1.54 4.5055 1.52708706189321 0.4039912862170059 0.11140970505866454 0.10207460756637153
14 1.54 8.002 0.5340325570542908 0.1412784542365705 0.0 0.015490151729404782
14 1.54 9.001 0.3404530349361482 0.09006694047283233 0.0 0.005477170803617491
14 1.56 4.5055 1.4654673887313039 0.3738437216187773 0.06759421581121904 0.09397181383131965
14 1.6 10.0 6.365766539983958E-11 0.0 0.0 0.0
14 1.64 4.5055 1.8553055416948816 0.41413070126638873 0.04203432920251095 0.05838097221957231
14 1.66 5.5045 0.8110206907029532 0.17554560404865682 0.0 0.036307999360409356
14 1.68 0.5095 3.153794747821597 0.6267064829002632 0.965356586476206 0.4741941956030461
14 1.68 1.009 3.046315790334843 0.6369183453153718 0.8739904694900049 0.4946292490017053
14 1.7 5.5045 0.6108935076203297 0.12467214440500932 0.0 0.02190375315675212
14 1.72 6.004 0.7765673850786355 0.15408083036965184 0.0 0.018162995378570353
14 1.72 6.5035 0.22374781715383707 0.04439440816834355 0.0 0.0
14 1.72 8.5015 9.731127642065306E-11 0.0 0.0 0.0
14 1.74 1.5085 3.0799888135083333 0.5945210434482885 0.7112481106916376 0.4134494825603751
14 1.74 3.5065 1.595259802032978 0.30796521275226835 0.04706478353827325 0.09126622982472164
14 1.74 10.0 6.286253146480942E-11 0.0 0.0 0.0
14 1.76 6.5035 0.8106482933673418 0.15237749875178128 0.0 0.007745773043537917
14 1.78 3.007 2.1788017980740104 0.3990479483672745 0.11565579899009298 0.12238795003958801
14 1.8 7.5025 0.27516412440912064 0.04913645079573401 0.0 0.005477170803617481
14 1.82 9.5005 7.549006960691889E-11 0.0 0.0 0.0
14 1.84 4.006 1.504214763202018 0.25581883727011306 0.0 0.049837986137565536
14 1.86 5.005 0.7673324875444699 0.12746386837315035 0.0 0.01341526743460566
14 1.9 1.5085 3.324965249892534 0.5277722618861102 0.5939234258893908 0.33526850966463423
14 1.9 3.5065 1.6912268874359184 0.26844871228281325 0.010953848645841152 0.05812522615230444
14 1.9 10.0 7.764043323487664E-11 0.0 0.0 0.0
14 1.92 5.005 0.6267149617812414 0.0973159878645115 0.0 0.009486453504339633
14 1.96 4.006 1.205425407125208 0.17937878081228406 0.0 0.021208536066167703
14 1.96 5.005 7.112156169050698E-11 0.0 0.0 0.0
14 1.98 7.5025 5.960546754886211E-11 0.0 0.0 0.0
14 1.98 8.002 5.960546754886211E-11 0.0 0.0 0.0
14 1.98 9.001 5.960546754886211E-11 0.0 0.0 0.0
14 2.0 1.009 4.08158899622983 0.5829689880374294 0.7498286714190671 0.4408351781361428
16 0.02 0.01 5.332312939553734 0.6828360248904554 1.1122639606839013 0.09475234995353592
16 0.08 7.5025 0.0 0.0 0.0 0.0
16 0.1 4.006 1.3003382145924847 0.1470773449615363 0.7035417335803785 0.030481870164767527
16 0.12 3.007 2.599953647017093 0.3706244194996224 2.2370847829078064 0.2644067257178153
16 0.14 5.5045 0.0 0.0 0.0 0.0
16 0.16 1.5085 2.113591373941064 0.4417348549752635 1.1279724249451055 0.46692282057573475
16 0.16 10.0 0.0 0.0 0.0 0.0
16 0.18 1.5085 1.976048312739038 0.4296975307480831 1.1040652172058276 0.4706817888243014
16 0.18 10.0 0.0 0.0 0.0 0.0
16 0.2 6.004 0.5576478963025658 0.08713248379556031 0.0 0.009486453504339595
16 0.2 6.5035 0.3965410399278079 0.06195953748959811 0.0 0.0
16 0.2 8.5015 0.20603459193511806 0.03219290498989584 0.0 0.0
16 0.22 10.0 0.0 0.0 0.0 0.0
16 0.26 0.5095 3.0912398482521266 0.6148510635621905 1.1317127069268238 0.4531016150162382
16 0.26 1.009 2.2559200530077423 0.49808592696092574 1.1123098253256485 0.4996456177056871
16 0.26 2.5075 1.8056810925892173 0.369633239039066 1.7058940342932996 0.39038726888601755
16 0.28 4.5055 0.7739790114139726 0.13437135614872536 0.0 0.021208536066167738
16 0.28 8.002 0.0 0.0 0.0 0.0
16 0.28 9.001 0.2760035924298785 0.0479172903531917 0.0 0.0
16 0.3 0.5095 2.8283743226800375 0.602055249415293 1.121131365628487 0.44502963499732495
16 0.3 1.009 2.196112537940123 0.5105396276150658 1.1106741558062483 0.49862624707127373
16 0.3 2.5075 1.4723682374376565 0.34612861745177237 1.4599322440800824 0.39664179467667215
16 0.32 6.004 0.9251880665283164 0.17007133575651473 0.0 0.007745773043537927
16 0.32 6.5035 0.6891705754665443 0.12668576754882638 0.0 0.009486453504339574
16 0.32 8.5015 0.0 0.0 0.0 0.0
16 0.36 6.004 0.8641611017441345 0.16878146518536172 0.0 0.020489699895458294
16 0.36 6.5035 0.4434812716354807 0.08661743586606027 0.0 0.009486453504339628
16 0.36 8.5015 0.09620296358457152 0.01878964132512637 0.0 0.0
16 0.38 3.007 1.6259375299847392 0.3453575340489059 1.636400415721153 0.34146928355359313
16 0.4 1.5085 1.604373133548212 0.4353986192070451 1.0959116663383046 0.4943187357755562
16 0.4 10.0 0.0 0.0 0.0 0.0
16 0.42 0.5095 2.2729136201870452 0.5977192422406857 1.1034087264632826 0.4219344685477225
16 0.42 1.009 1.8511850959077953 0.5089886850557797 1.1169563463424734 0.4924387132320482
16 0.44 6.5035 0.6549226075676118 0.14618808204577005 0.0 0.021903753156752137
16 0.46 4.006 1.5509184007310837 0.35868495098882114 0.017317996446759354 0.1108833781557167
16 0.48 5.005 1.3309829324664488 0.3199478203033997 0.0 0.07949600244741775
16 0.5 1.009 1.6570140379365892 0.5145952574808046 1.10670468395701 0.4849683743336229
16 0.52 4.006 1.4692122250609843 0.37926298958628685 0.09024699361436007 0.1369123904317008
16 0.52 5.005 1.3619086688147202 0.35466371583571143 0.0 0.07912252143048816
16 0.54 9.5005 0.598382800839653 0.16260402197011734 0.0 0.014489927551992337
16 0.56 6.004 1.2282444215571704 0.3489330743050119 0.0 0.06444108141784073
16 0.56 6.5035 1.026888082698743 0.29172956894932184 0.0 0.04983798613756523
16 0.56 8.5015 0.47598242071122765 0.13522227859925004 0.0 0.02257753313920547
16 0.58 5.005 2.4553751041299594 0.7041026237093695 1.6169597891825649 0.13130946683955266
16 0.6 4.006 1.279435167795586 0.38902187609006084 1.7905267715619329 0.28410929311664573
16 0.64 4.006 1.2546566928778673 0.42260750214703935 1.9185303554671462 0.29728941354801475
16 0.66 7.5025 0.9692013609691441 0.3563240297679406 0.0 0.07626163086900078
16 0.66 8.002 0.6670536317457326 0.24524030578995992 0.0 0.048007156274772214
16 0.66 9.001 0.5109924151866626 0.18786485852537205 0.0 0.024487670441671022
16 0.68 1.5085 1.1168427510083125 0.48413081649142264 1.09338471204687 0.4987292651739466
16 0.68 10.0 0.4421340762969676 0.172708623553781 0.0 0.04203432920251094
16 0.7 9.5005 0.6348724404643398 0.26453018352756574 0.0 0.04411594992991614
16 0.72 4.006 0.8243242878704683 0.36019463564960946 1.199580573388995 0.3518812427803926
16 0.76 2.008 0.884119438711576 0.47286134701139815 1.1008694978088314 0.4997191036553615
16 0.76 2.5075 0.8543945451694965 0.4497252567330787 1.1192035967524467 0.48848151081270136
16 0.76 7.003 1.614199915491764 0.8343094856706926 2.768645402423254 0.18703659048468246
16 0.84 4.5055 0.5290385958473564 0.4033830351121797 1.1479911035926365 0.4302743993969903
16 0.86 0.01 1.1740921105515862 0.683246350046363 1.0998316247253035 0.05469031075334371
16 0.86 3.007 0.5543852347921058 0.4677788285210241 1.0840425205466602 0.4977126685855375
16 0.88 4.5055 0.4531231567819757 0.45536854329638243 1.1063110966642071 0.4739023652720028
16 0.92 1.009 0.5621081747857009 0.57887287970825 1.0669397539801813 0.39338251490491927
16 0.96 0.5095 0.7336438384330066 0.6168241405120206 1.076077071223508 0.3024133090328481
16 0.96 2.008 0.31626652965405905 0.5693842315123148 1.0679289483414638 0.42275195202815274
16 0.96 2.5075 0.27146239639805386 0.5523240814672695 1.0651091437744815 0.44110776549309033
16 0.96 7.003 0.16390341874061726 0.5046293321908301 1.0699653527429762 0.4991335555808329
16 0.98 0.5095 0.7624256240377146 0.6200480760640479 1.0761174638689035 0.29248325260188673
16 0.98 1.009 0.4991194204146312 0.5845224358641449 1.0614889862531212 0.3482712653887989
16 0.98 2.5075 0.22382342312044684 0.5707040337626409 1.074204497978738 0.4133882591894105
16 1.0 10.0 0.0 0.5702816912855199 1.0530363734295827 0.3745335896471197
16 1.02 0.5095 0.785805982639555 0.61227279832746 1.0774207714616293 0.2955369761915171
16 1.02 1.009 0.5026202638011101 0.5974965295509036 1.057013729070356 0.3411481112404672
16 1.06 0.01 2.0073415336080553 0.6901506597228836 1.1051712297240672 0.058380972219572634
16 1.06 3.007 0.31525374205066464 0.6086400549355313 1.040126258340805 0.43000770757126605
16 1.1 7.5025 0.5138784474165394 0.6423480592706644 0.8790113093389156 0.4863275536121807
16 1.1 8.002 0.4876424412375083 0.6090338580414442 0.8650834258939064 0.48031012020154473
16 1.12 1.5085 0.6743829767811752 0.6120759818387881 1.0283716911351464 0.42288450872867
16 1.12 10.0 0.5572853911569582 0.580505615788682 0.7092215023877968 0.3829358348741887
16 1.14 5.5045 0.7001189144907266 0.6251061736524212 0.8822952009999114 0.4834388694709363
16 1.18 1.5085 0.9606377848894894 0.6338334528244715 1.016934117608822 0.45303158793272924
16 1.18 3.5065 0.9252057090808258 0.6420868231468568 0.9239778948217584 0.49854462817510026
16 1.18 9.5005 0.6877861093338608 0.47762924259297795 0.4691384648853947 0.23732135786101324
16 1.2 0.01 2.8716003973249467 0.6987227019641354 1.1120145920278115 0.06975770236757237
16 1.22 7.5025 0.8560067930704772 0.4863674960628003 0.5245680859890995 0.26416582174487013
16 1.24 4.5055 1.1543061365361804 0.6012011127792498 0.756979223716973 0.4178224884787751
16 1.26 5.5045 1.166087360980035 0.5606189235475257 0.6112917468760202 0.3158353775309108
16 1.28 0.5095 1.7136191260754572 0.6319462759368681 1.0450594289447561 0.3853850931380237
16 1.28 1.009 1.4872848257857862 0.632915647640551 1.0264179654372318 0.45261015397520316
16 1.28 2.5075 1.4291298572544135 0.6377672099012887 0.9173286654463019 0.4932544547686195
16 1.32 5.5045 1.2261268654531305 0.47895580681752903 0.4357711007782128 0.22524771418334041
16 1.34 1.5085 1.7617288795885617 0.6435233970383363 0.9615625752695736 0.49775572577512983
16 1.34 3.5065 1.57583678654018 0.5793517597574721 0.7164087521015132 0.38113737401634395
16 1.34 9.5005 0.5750681047666627 0.21142209733722206 0.0 0.05386614043134593
16 1.36 6.004 1.1584775098740536 0.40224913537190216 0.23115472931696165 0.14849672417814241
16 1.36 6.5035 1.1441925378384536 0.3972890756389281 0.1533294446788221 0.12508937416748897
16 1.36 8.5015 0.9441682819202301 0.3278362090083184 0.015490151729404761 0.0413169823366993
16 1.4 4.5055 1.5367083905755323 0.48022137205488186 0.4314422897824618 0.22121930889947566
16 1.42 10.0 0.37790632593328183 0.11247212083556699 0.0 0.010953848645841122
16 1.44 0.5095 2.436705104693906 0.6371570268949963 1.0386753252828569 0.4246877775954806
16 1.44 1.009 2.2874422328370922 0.6410550750841117 0.9817730272878781 0.4911629167986321
16 1.46 2.008 2.2768579789530166 0.6186863654941561 0.8249929280319989 0.45633858930904436
16 1.46 7.003 0.708406862525273 0.19250186481705592 0.0 0.043433245744578367
16 1.5 1.5085 2.5745277263015667 0.6430712693902556 0.8804360865378059 0.48765378137102144
16 1.5 3.5065 1.9677011622946563 0.4919252905736641 0.47082919635788834 0.2341225659290528
16 1.52 5.005 1.2840405660327445 0.30866359760569406 0.06693127223461354 0.0920705367197242
16 1.54 0.01 4.889280464014331 0.6899228946568539 1.1037746543379143 0.09490765842209575
16 1.54 3.007 2.1717661526990906 0.5027236464586186 0.530104409762219 0.2634412756210069
16 1.58 0.5095 3.0703334245007126 0.6339978864345228 1.0174147343535043 0.4526523955521124
16 1.58 2.008 2.6698827391355575 0.5754057627447465 0.7125278363280734 0.39026718046197456
16 1.58 2.5075 2.5639899103169776 0.5525840323959822 0.6071110263664561 0.3093946650615639
16 1.58 7.003 0.7685383054138936 0.16563325547118699 0.0 0.023231741281486223
16 1.6 4.5055 1.5170250228080466 0.31604687975231704 0.055502098120586006 0.06997030114662053
16 1.6 9.001 0.14846554477443122 0.030930321827346934 0.0 0.0
16 1.62 2.008 2.8834523335799513 0.5813411962862572 0.6999772711425649 0.3736556455381208
16 1.62 7.003 0.2806225370175185 0.05657712439663764 0.0 0.005477170803617488
16 1.66 4.006 1.6816873865125495 0.31850139896151014 0.07429167724968083 0.08897415376154388
16 1.68 6.004 0.3756741021771065 0.06905773937430996 0.0 0.007745773043537916
16 1.68 6.5035 0.4361258215943679 0.08017018778788902 0.0 0.009486453504339614
16 1.72 5.5045 1.1898729535657009 0.20657516554720987 0.0 0.03374480423872104
16 1.74 7.5025 0.4471865366143061 0.07553826631810123 0.0 0.0077457730435379155
16 1.74 8.002 7.838018195238052E-11 0.0 0.0 0.0
16 1.74 9.001 7.838018195238052E-11 0.0 0.0 0.0
16 1.78 5.005 1.1563152329481474 0.18530692835631704 0.0 0.019744665141752913
16 1.84 10.0 0.2515192153051065 0.037428454656190234 0.0 0.0
16 1.86 3.5065 1.682627614375232 0.24456796720606444 0.0 0.05330953086932534
16 1.86 9.5005 7.884898799457339E-11 0.0 0.0 0.0
16 1.88 4.006 1.2051629454190573 0.17118791837667624 0.0 0.021903753156752064
16 1.88 5.005 1.1501495263240522E-10 0.0 0.0 0.0
16 1.9 7.5025 0.5870181751159625 0.08153030211056697 0.0 0.0
16 1.9 8.002 0.0 0.0 0.0 0.0
16 1.9 9.001 0.0 0.0 0.0 0.0
16 1.92 1.5085 3.9253342666305153 0.5333334601399408 0.6284477103257984 0.32541910937314666
16 1.92 3.5065 1.4253355387915225 0.19365971994488065 0.0 0.037920190148249176
16 1.94 2.008 3.3812708206608897 0.4496370772155974 0.3893752231455895 0.20134202820569905
16 1.94 2.5075 3.097827767323879 0.41194518182450485 0.13405101233058572 0.11438665463920744
16 1.94 7.003 7.990262226912647E-11 0.0 0.0 0.0
16 1.96 1.5085 4.259939353046648 0.5546796032604425 0.6216985531480609 0.31821364697479576
16 1.96 10.0 8.027413397202701E-11 0.0 0.0 0.0
16 1.98 0.01 7.4358247045954835 0.6680267473252085 1.0939326221269368 0.1164102731256713
16 1.98 3.007 2.176236696736967 0.2775812113186371 0.026823288486981706 0.06136570331429216
16 2.0 9.5005 0.0 0.0 0.0 0.0
18 0.0 0.5095 5.981072033116469 0.6645635592351693 1.2191346888278436 0.4970895347614589
18 0.0 1.009 5.294148836591787 0.5882387596213099 1.1849943212376268 0.4342334193162541
18 0.0 2.5075 1.963543691551788 0.21817152128393846 0.8498715306611183 0.11219432528809703
18 0.02 0.5095 5.70528027370858 0.6579058906665922 1.1874063332507485 0.49470439246542836
18 0.02 1.009 4.801530420069798 0.5723265113650986 1.1726197801092724 0.45265239555211223
18 0.02 2.5075 1.908580433134716 0.270041960030327 0.9925187535065829 0.19494775315795865
18 0.08 0.01 5.57756143498853 0.6808465906130483 1.154405977000694 0.09521748703948672
18 0.1 1.5085 2.785489777290124 0.4538828461673395 1.1190721913374357 0.43464364954150836
18 0.1 10.0 1.032478809615642E-11 3.0425910314702166E-13 0.0 0.0
18 0.12 5.005 0.6630227450766498 0.0837149930639884 0.0 0.010953848645841115
18 0.16 4.5055 0.7382427225969418 0.09510084568010804 0.174262735061358 0.01897034531398834
18 0.16 8.002 0.4200036684270382 0.05555604079812665 0.0 0.0
18 0.16 9.001 7.200253274024631E-12 3.0425910314702166E-13 0.0 0.0
18 0.18 4.5055 0.8722193404160116 0.11818690249558879 0.0 0.017317996446759423
18 0.18 9.001 1.2179083143548026E-11 3.0425910314702166E-13 0.0 0.0
18 0.22 4.5055 0.3814746504301861 0.05434111829576362 0.0 0.0
18 0.22 9.001 1.9558948381754223E-11 3.0425910314702166E-13 0.0 0.0
18 0.24 0.5095 3.6890081712006046 0.6113143069473176 1.1788205791376185 0.46069495563119334
18 0.24 2.008 1.8032609279339233 0.3821096298713116 1.2772429050622613 0.43776975182711436
18 0.24 2.5075 1.762252961637789 0.3559680649269048 1.5954057933054604 0.3878454215140048
18 0.26 6.004 4.205573730183895E-11 0.0 0.0 0.0
18 0.26 6.5035 0.36075788215381194 0.05416785017239383 0.0 0.005477170803617487
18 0.26 8.5015 2.0961609947812807E-11 3.0425910314702166E-13 0.0 0.0
18 0.28 3.007 2.4528466210842335 0.3570776282288921 0.33807414908797134 0.11552954700814454
18 0.3 6.004 0.9015922983351811 0.14310988862263765 0.0 0.009486453504339621
18 0.3 6.5035 2.4761584785123962E-11 3.0425910314702166E-13 0.0 0.0
18 0.3 8.5015 0.47398982660449096 0.075236480410701 0.0 0.0
18 0.32 5.5045 0.9687767014956765 0.15829684665079405 0.0 0.018970345313988307
18 0.38 5.005 1.1572352707529885 0.2073898334687156 0.0 0.02844911258091906
18 0.4 4.5055 1.6865621831301691 0.3123263302088894 0.0 0.06467149431406957
18 0.4 9.001 4.213881411470546E-11 3.0425910314702166E-13 0.0 0.0
18 0.42 6.004 1.003271934553689 0.1921976886139715 0.0 0.02568211448502375
18 0.42 6.5035 1.3748820958175187 0.2633873746796971 0.0 0.02448767044167112
18 0.48 1.5085 1.7329564603766148 0.4521004709543404 1.1487811032932682 0.49803763325151257
18 0.48 3.5065 3.918614117521443 0.7511313971722081 3.3983269955738606 0.2776142824469153
18 0.5 6.5035 0.5974308559658664 0.13276241243962922 0.0 0.029483076631447017
18 0.5 9.5005 0.4057599056362243 0.09016886791849602 0.0 0.0
18 0.52 1.5085 1.6270313376557415 0.4520522163619394 1.1690255710058108 0.4988752694656553
18 0.56 5.5045 1.404159505909265 0.354585733815286 0.0 0.0854169277189469
18 0.58 1.5085 1.5315240025941594 0.46771135141014547 1.1573611930242793 0.4997498375697074
18 0.58 3.5065 1.1820817186050379 0.326453991788147 1.237528795637138 0.3297091188316016
18 0.6 1.5085 1.4790309172295875 0.47289417320960275 1.1694498585847155 0.5000030901095497
18 0.64 1.5085 1.3916783761038374 0.484061616614237 1.148984412345201 0.4996387332476226
18 0.66 0.01 1.7972625052584907 0.6921492387730922 1.1590624632480953 0.05989220425027064
18 0.66 3.007 1.1295626610212206 0.3786938994674482 1.2364053135702475 0.4106867046764946
18 0.68 4.5055 0.9457058620600316 0.32143511255282736 1.4823809317133079 0.26613230140316746
18 0.68 8.002 0.8199287092638349 0.28469746849451677 0.0 0.07874722337954727
18 0.68 9.001 0.6733544266271522 0.23380362035821398 0.0 0.0379201901482493
18 0.72 1.5085 1.1709993955963018 0.5051798949828967 1.1304820831655007 0.49434153458246405
18 0.78 0.5095 1.109537746035168 0.6296026871372008 1.136498133248911 0.34047180281588624
18 0.78 2.008 0.9317365052137033 0.48779135902920606 1.13931088345838 0.499826030724048
18 0.78 2.5075 0.8897163503597079 0.45561738295114723 1.1304980964584366 0.4946823472115167
18 0.82 0.5095 0.9474134134083337 0.6223681899451785 1.140084967545232 0.32337826888315735
18 0.82 2.008 0.8233701634883579 0.5151837547139964 1.1474393220093817 0.4955077395660996
18 0.82 2.5075 0.7864718058917173 0.48298573590058874 1.1330670306507995 0.49916871492089177
18 0.84 3.007 0.6938312152046232 0.47527730796995993 1.1758342701734017 0.49609100726212024
18 0.88 3.007 0.5659944561740806 0.5081661691927772 1.1565359384877556 0.4998441490187073
18 0.9 4.006 0.4588676531319898 0.4905070111960546 1.13958911649163 0.4990812888983986
18 0.9 5.005 0.423200513852581 0.46036802552089073 1.12064915767863 0.4867328102348311
18 0.92 6.5035 0.32750968467756264 0.44869031642635676 1.1793091607280914 0.4807672741301234
18 0.94 0.5095 0.648691811867139 0.6248002379888983 1.1315140952787954 0.2821442256405051
18 0.94 1.009 0.49123886995568594 0.5983651710993698 1.1360439644218117 0.3507571442164282
18 0.94 2.5075 0.3598473215709577 0.568143349728072 1.1255150892418988 0.446870257580059
18 0.96 6.004 0.1974778703794974 0.5317306130967465 1.1304850494770484 0.4881513286169174
18 0.96 8.5015 0.18767620738260374 0.5185658424428286 1.144248287444833 0.4999307584479618
18 0.98 6.004 0.10627746157410385 0.5568956989721717 1.1354671619651127 0.44258560620403076
18 0.98 6.5035 0.10449698739645828 0.5608028864222648 1.126501109012466 0.44691542198273054
18 0.98 8.5015 0.09908368628074204 0.5460422345839513 1.1316999001985926 0.4648183429924972
18 1.0 4.5055 0.05469031075334381 0.6000709438317577 1.1231927002673654 0.33313188597560034
18 1.02 6.004 0.11139216070684095 0.610643341747307 1.0904849744783425 0.38361443993813227
18 1.02 6.5035 0.11315806711750762 0.6225251506476723 1.1060545163231064 0.39208236219569675
18 1.02 8.5015 0.11507288242470887 0.636474872235731 1.093030471479557 0.4098297779921868
18 1.04 0.5095 0.7789163656356294 0.6405209657417084 1.1276011423863195 0.2653193925635245
18 1.04 1.009 0.5009457087524092 0.624160492833058 1.1168902448366649 0.32088533597938795
18 1.04 2.5075 0.27468861394231475 0.6172438108666306 1.1111155787624452 0.37277300456264617
18 1.06 1.009 0.5844135543524991 0.6183168591482128 1.1160840761844426 0.3338356902124286
18 1.08 4.5055 0.4710790987075596 0.6527917542823589 1.0515152009737914 0.4732520296522321
18 1.1 0.01 1.8426062277065614 0.6833474157006696 1.1492932184238962 0.05217829505455054
18 1.12 4.5055 0.7184919959365653 0.6649711472114876 0.9888918778229089 0.49903125846768126
18 1.12 8.002 0.6565230345882214 0.6078916986927817 0.8548957281909354 0.44750049728810243
18 1.12 9.001 0.6537066152504536 0.6052839030099189 0.7960756014117721 0.41557433933560595
18 1.16 0.5095 1.210779612397102 0.634797238462556 1.1029243559836435 0.3244718206584856
18 1.16 2.008 0.9372582194838145 0.6411818953007133 1.0691279996248444 0.4611113221403373
18 1.16 2.5075 0.9496111479838834 0.6566259461401872 1.052117379578715 0.48317638182400113
18 1.18 7.5025 0.8976974638241965 0.554134236928169 0.6801195510103161 0.338590796221126
18 1.18 8.002 0.8512648039039661 0.5254721011736185 0.6420387779912655 0.31159096060404323
18 1.2 0.5095 1.43361513854291 0.6434873965085487 1.1100366944078084 0.34389183853020866
18 1.2 1.009 1.2237701773147858 0.6358416277132082 1.078995798283537 0.41056164266171785
18 1.2 2.5075 1.1880334135723556 0.6592836575118028 1.0084311818705798 0.49729098590886817
18 1.26 4.006 1.3978404509218578 0.5973677140690689 0.8106942839191744 0.42511577776165793
18 1.28 6.004 1.1697274128802988 0.464177544795942 0.5420668182008684 0.24854553458778306
18 1.28 6.5035 1.1000930726592264 0.4365448701051697 0.48845345262364853 0.2241145174612207
18 1.28 8.5015 1.103444085503101 0.4378746371032753 0.15041227132787724 0.11425892154050565
18 1.3 2.008 1.7733571954540364 0.6561457825678927 0.9788237768524811 0.499880248606952
18 1.32 4.006 1.640250362377046 0.5695313758250254 0.7304260059617274 0.36001886560302193
18 1.34 7.5025 1.0625612144089833 0.3472422269254844 0.0862776075423575 0.09110448672477686
18 1.34 8.002 0.9947082892001236 0.3250680683643845 0.06512983327091018 0.08260067961368024
18 1.34 9.001 0.7784184350229114 0.25438510949598725 0.0 0.03752367279493591
18 1.36 5.5045 1.461237584379245 0.45099925443651 0.36787932909455334 0.18066339090673522
18 1.38 2.008 2.2473391340373046 0.6569778463617544 0.9368808933997247 0.48589410123651394
18 1.42 4.5055 1.7052685524920594 0.451129246688065 0.4270537446123926 0.19670972792561178
18 1.44 6.004 1.1489230878660932 0.29013209287986824 0.062566720825351 0.06626157404496347
18 1.44 6.5035 0.9913657810447756 0.2503448942043356 0.0 0.046102976537102595
18 1.44 8.5015 0.3720637390485661 0.09395548967330872 0.0 0.015490151729404789
18 1.48 5.005 1.271756910327947 0.29438817369780385 0.1072596296656822 0.11258447694904687
18 1.5 7.5025 0.7254939704196433 0.16122088233873522 0.0 0.021903753156752127
18 1.5 8.002 0.0 0.0 0.0 0.0
18 1.5 9.001 0.5800491944625147 0.1288998209879964 0.0 0.015490151729404789
18 1.52 3.5065 2.3078747565253406 0.49313563173574126 0.4728547275102416 0.21471633724094222
18 1.52 9.5005 0.4646637957241821 0.09928713583928205 0.0 0.010953848645841126
18 1.56 4.006 1.9158622452989411 0.38013139788296274 0.1812815251939892 0.12601454045677343
18 1.56 5.005 1.5496971536757442 0.30747959396922897 0.023867986997354852 0.06737397278167417
18 1.58 6.004 0.8451485465950439 0.1619058518408694 0.0 0.032845767029735295
18 1.58 6.5035 1.20647130537689 0.23112477115447344 0.0 0.02120853606616783
18 1.58 8.5015 1.0085455880520122E-10 5.325788642968231E-12 0.0 0.0
18 1.6 3.007 2.373202947809326 0.43948202737422815 0.46475531472826903 0.21274949444259214
18 1.64 4.006 1.9671252047307355 0.3415147924886538 0.06581125427808165 0.08712952763542596
18 1.64 5.005 1.3869850651155227 0.24079601825882116 0.0 0.03547428668770549
18 1.7 2.008 3.495327351663678 0.5548138653436094 0.654520628638352 0.321922126735908
18 1.74 0.01 6.011979893068555 0.6845053727939454 1.144238273241025 0.09350024908406739
18 1.74 3.007 2.866485722378155 0.43040326161934206 0.2177188822641791 0.12852210247266918
18 1.78 3.5065 1.9491750406781063 0.27766026219417644 0.042739553503411666 0.06997030114662027
18 1.78 9.5005 8.750629516324844E-11 0.0 0.0 0.0
18 1.8 0.5095 4.739805780472504 0.6528250190714993 1.0499487709389737 0.4831444176034785
18 1.8 1.009 4.444373648304992 0.6171265609270641 0.9023230567229487 0.4782050101634421
18 1.8 2.5075 3.498986280783262 0.48597031677408387 0.39212981584269707 0.1740205010184397
18 1.84 4.5055 1.1482084814766338 0.1518794287846543 0.0 0.019744665141752916
18 1.86 7.5025 5.579532191814682E-11 0.0 0.0 0.0
18 1.88 1.5085 4.53418043642907 0.5724975298522421 0.7021790814628337 0.34509108992440674
18 1.9 0.01 7.084141029450438 0.6807515752775064 1.1404177187479991 0.10684902589701037
18 1.9 3.007 2.2753961407335033 0.28091310378272966 0.0 0.0706041801276278
18 1.92 7.5025 1.4424233534553285E-10 0.0 0.0 0.0
18 1.92 8.002 1.4424233534553285E-10 0.0 0.0 0.0
18 1.92 9.001 1.4424233534553285E-10 0.0 0.0 0.0
18 1.96 4.5055 1.235890149534662 0.14304284137609544 0.0 0.005477170803617485
18 1.96 8.002 1.359112874095853E-10 0.0 0.0 0.0
18 1.96 9.001 1.359112874095853E-10 0.0 0.0 0.0
18 1.98 1.009 5.09000459644465 0.5770980268069789 0.8207620293554311 0.4383311007638945
20 0.0 6.004 0.18019818892713996 0.01801981889278052 0.9673775839832476 0.021903753156752092
20 0.0 6.5035 0.19733948991280392 0.019733948991400404 0.5506870239969938 0.014489927551992288
20 0.0 8.5015 0.31513452210475446 0.03151345221063745 0.6226288093328092 0.013415267434605612
20 0.02 6.004 1.174345534810003E-11 6.292187458989999E-13 0.0 0.0
20 0.02 6.5035 5.531301990510494E-12 6.292187458989999E-13 0.0 0.0
20 0.02 8.5015 8.74253827647587E-12 6.292187458989999E-13 0.0 0.0
20 0.04 4.006 1.708815988414601 0.1952738079467995 1.7483294650757746 0.09765940982979675
20 0.06 2.008 2.6803560352266187 0.38020720724587553 1.1523929992278468 0.326152596595692
20 0.06 2.5075 2.183917231480102 0.3238772989697357 1.2072441670211937 0.2738476359031087
20 0.08 0.5095 5.629949385074848 0.6414664346186981 1.2331526971338076 0.4894994618492351
20 0.08 1.009 4.439642387271563 0.5505086493052428 1.2023349870127367 0.4787419715327716
20 0.08 2.5075 2.1393819178655056 0.3319535311373705 1.2724471429126234 0.29894559109177254
20 0.1 4.5055 0.8234565756944516 0.12979455569900972 0.4595723747948357 0.00948645350433962
20 0.1 9.001 1.3885168585766126E-11 6.292187458989999E-13 0.0 0.0
20 0.12 1.5085 2.9224887831004027 0.4423923788515966 1.2082642253114988 0.44064230661888165
20 0.12 3.5065 6.478391719756847 0.4981783869063926 3.8452728962481566 0.1210732696162351
20 0.12 9.5005 1.168559745748477E-11 6.292187458989999E-13 0.0 0.0
20 0.14 2.008 2.295633275024681 0.39568820277053307 1.1644433416393516 0.40332417796185877
20 0.16 3.007 7.684622749122398 0.6837406341449733 4.255324575099891 0.18688776829050657
20 0.18 3.007 1.8302338397609506 0.3252286983417863 1.7351164529250114 0.3197346421926037
20 0.22 3.007 3.201368471543106 0.3758262492675989 0.4478005056799016 0.09644647573982955
20 0.24 6.004 3.5894801815669746E-11 0.0 0.0 0.0
20 0.24 8.5015 0.21023353547957477 0.027662307299303326 0.0 0.0
20 0.26 5.5045 2.1900894170077768E-11 6.581271113775687E-13 0.0 0.0
20 0.28 5.005 1.4557994640022038 0.2021943699997615 0.0 0.02568211448502378
20 0.3 5.5045 0.5969460412874534 0.08527800589884825 0.0 0.015490151729404801
20 0.34 2.008 1.8919765762826724 0.3743609849524366 1.2781057455405431 0.4477245085627291
20 0.34 2.5075 1.6736239597033686 0.3348299068852077 1.4525659006547775 0.3924617481596993
20 0.38 3.5065 2.247229541146322 0.3584604899043431 0.11035441052117674 0.1216727235679562
20 0.38 9.5005 0.3090382603407574 0.04984488069351818 0.0 0.0
20 0.4 3.007 1.5950153452682938 0.31190663461037516 1.759711112196353 0.3392416054589234
20 0.46 4.5055 1.7920127053226635 0.3318542046891962 0.0 0.07874722337954763
20 0.48 7.5025 0.6135326103427398 0.11798704045104863 0.0 0.014489927551992346
20 0.48 8.002 0.2845629971834111 0.05472365330266339 0.0 0.005477170803617476
20 0.48 9.001 0.21104259451692428 0.040585114325572484 0.0 0.0
20 0.52 4.5055 1.9775833282547477 0.41199652671784776 0.0 0.11361798322501909
20 0.52 8.002 0.2502921359785961 0.05214419499204592 0.0 0.005477170803617481
20 0.52 9.001 6.999260913489766E-11 0.0 0.0 0.005477170803617486
20 0.58 7.5025 0.9519724463691492 0.22666010628077973 0.0 0.04021681024652767
20 0.58 8.002 0.7414552908218974 0.17653697400325266 0.0 0.03238684935478701
20 0.58 9.001 0.26013955561113833 0.06193798942993148 0.0 0.014489927551992335
20 0.6 4.5055 1.8957335428617177 0.45861626840991193 2.4125744071450654 0.2273754180084839
20 0.6 8.002 0.7462051637980681 0.18655129094732356 0.0 0.027917725662414204
20 0.6 9.001 0.4922827164625508 0.12307067911993448 0.0 0.02257753313920543
20 0.62 0.5095 2.1060050915932833 0.6273008132599521 1.2134475358437469 0.3779470890065796
20 0.62 2.008 1.5130401161615472 0.4393492680975042 1.2003944838339682 0.48783654824400025
20 0.62 2.5075 1.3905410545374515 0.3936168826784277 1.2686857913547922 0.44943787757190756
20 0.64 4.5055 3.6516365360268233 0.9704012316005206 4.189170473974191 0.23332827259048636
20 0.64 8.002 0.9496864821005123 0.2638018005852978 0.0 0.04862516690361391
20 0.64 9.001 0.5540698714045587 0.1539082976066037 0.0 0.02737599323677283
20 0.66 1.009 1.6762265231418305 0.5561063616890158 1.2150154126473953 0.46680779283172447
20 0.68 3.007 1.2052960570113924 0.3895161934011175 1.245492955011477 0.42388343133968137
20 0.72 4.5055 0.9699154027812293 0.34468722274396446 1.4404925772201547 0.3106095401568196
20 0.72 8.002 1.0539435133288326 0.37640839761691425 0.0 0.09989241921708322
20 0.72 9.001 0.8281741883186914 0.29577649582776977 0.0 0.07348856846736894
20 0.74 0.5095 1.4601546505910625 0.6320035183069932 1.1965955613644044 0.34134088253141004
20 0.74 2.008 1.2129998785625533 0.4892742263804529 1.1896165641530656 0.49994524559945863
20 0.74 2.5075 1.1545362254987819 0.46120747970533865 1.216802278892615 0.4865131948842208
20 0.76 5.5045 0.8045003673227639 0.3302407972797594 1.3817982496435053 0.2823197135726363
20 0.78 6.004 0.7582149496893595 0.3391113228411996 1.3941207865393264 0.26741631382444303
20 0.78 6.5035 0.6786359917258501 0.30567682497119986 1.427765439757594 0.23898282152391792
20 0.78 8.5015 0.9635813855028046 0.43799153886517006 0.0 0.15397973537824025
20 0.8 2.008 1.0125217835846538 0.5220310033387096 1.2262128228092601 0.49706996988740487
20 0.8 2.5075 0.9475407533403051 0.4819547336169691 1.203537268625333 0.4982706371173954
20 0.82 6.004 0.64657461955287 0.3546233820840356 1.2539761148257718 0.3304941206106513
20 0.82 6.5035 0.6453010268073096 0.35446818852495227 1.2406182110030388 0.2929817559747949
20 0.82 8.5015 0.6527972437456077 0.3611037157163486 1.754797292675282 0.20038460162433983
20 0.84 5.005 0.6491181124117693 0.4007375681641691 1.1844870466936108 0.4191563325476858
20 0.86 3.5065 0.6926194341511045 0.49089846916865215 1.203246020720491 0.4939993536384365
20 0.86 9.5005 0.46960350778540294 0.33513771438408396 1.421643665830889 0.2525863252716633
20 0.88 5.005 0.5638468192983128 0.4631804655104436 1.2108084974185729 0.46946381093901446
20 0.9 1.5085 0.6161399880441748 0.5891735038197582 1.1714786751587125 0.41591509876524574
20 0.94 6.004 0.31429882039287443 0.5184184806018574 1.201072373231539 0.4997687464837659
20 0.94 6.5035 0.3114033224044744 0.5137414361594304 1.2029119024762163 0.49987269311583726
20 0.94 8.5015 0.2880318828457312 0.4795078375504622 1.2049777370046864 0.48844214395405966
20 0.96 5.5045 0.22713367495529643 0.5541396535548212 1.1664487549588893 0.4738720745069076
20 0.98 5.5045 0.12389772466095535 0.5867659702895355 1.1760589073388679 0.4088829223396309
20 1.04 6.004 0.2593798293677961 0.6484495734192499 1.1320147057716787 0.42805054779071283
20 1.04 6.5035 0.2646925924408226 0.6617314811032103 1.1292208834665587 0.4384133913048543
20 1.04 8.5015 0.26769779212254186 0.669244480306588 1.1094236336666747 0.46490153399280587
20 1.06 3.5065 0.40102206438673904 0.6606246229072624 1.1446605083976906 0.41589507913345836
20 1.06 9.5005 0.39700333127989407 0.661672218799696 1.0344074026839045 0.499830849129171
20 1.1 0.5095 0.9391630710220902 0.6568221536290219 1.1823675159823028 0.27117089939398
20 1.1 1.009 0.764050914909934 0.6434728239685518 1.1556517811852796 0.34053632122481703
20 1.12 3.007 0.7996100686645438 0.664996028622925 1.110267819312179 0.4718726988352849
20 1.16 6.004 0.999732367078826 0.624832729424194 0.9046860197857283 0.4448604592805465
20 1.16 6.5035 0.9770517850933618 0.6106573656834057 0.8685845774932978 0.42598557416795063
20 1.16 8.5015 0.8913621894041817 0.5571013683771758 0.7131506247375649 0.33943639809596027
20 1.18 0.01 2.151950234843247 0.687104117148736 1.1875042286742041 0.04953759239971385
20 1.2 6.004 1.2170695401997351 0.6085347700997855 0.8096030995860272 0.38406522814296157
20 1.2 6.5035 1.161564214563111 0.5807821072811474 0.7446852977258119 0.3509094650335067
20 1.2 8.5015 0.9728512385628828 0.486425619281598 0.5343629940583579 0.23547623557487754
20 1.22 0.5095 1.611195428666322 0.6556062397838716 1.1616518335198642 0.3336348761744747
20 1.22 2.008 1.4704481740451096 0.6667673126679392 1.0877148890218546 0.4882839812396273
20 1.22 2.5075 1.4677395583910298 0.6667215079455671 1.0311412303318537 0.49945260347790815
20 1.24 5.005 1.4068696655976984 0.586195693998864 0.7873328122175565 0.37990992407854207
20 1.28 5.5045 1.4490900689507908 0.5175321674824694 0.6487104718064949 0.28280148134197675
20 1.3 4.5055 1.575033730687489 0.5250112435625253 0.722053479315764 0.33370183840233997
20 1.34 0.01 3.181365482078234 0.6850632405073498 1.1853217467019543 0.06781373027565715
20 1.4 5.005 1.552146937688952 0.3880367344221707 0.38636389862308984 0.17832342867359785
20 1.42 3.007 2.4130224387718613 0.5745291520902545 0.7557552858920052 0.36088409684098566
20 1.48 1.5085 3.1458260522099515 0.655358499737556 0.9864333140095093 0.49142960504810174
20 1.48 3.5065 2.2148502383415485 0.4614271329880716 0.5498511711339378 0.24112058771546183
20 1.5 0.01 4.357018640654105 0.6819690513352851 1.1866859768471025 0.07567615431786993
20 1.5 3.007 2.6120356941636445 0.5224071388327434 0.6486496390352854 0.28963374257798147
20 1.52 7.5025 1.1102538485254947 0.21351035547439326 0.0 0.028449112580918964
20 1.52 8.002 0.5882574049348884 0.11312642403920167 0.0 0.01731799644675939
20 1.54 3.5065 2.508143843702615 0.4644710821668777 0.4795144127190203 0.20141020815091143
20 1.54 9.5005 0.3437941089697111 0.0636655757283502 0.0 0.005477170803617487
20 1.56 1.5085 3.556048800913374 0.6349938099550658 0.9500143877369089 0.4695626892683295
20 1.58 5.5045 1.1890721751198656 0.2050124439734705 0.0 0.033744804238720956
20 1.6 5.005 1.8048267380986673 0.300804456351177 0.0 0.05013656214534577
20 1.64 1.5085 3.9456141524264634 0.6165022113165916 0.8851380171835359 0.44411861436559086
20 1.66 4.5055 1.6626376978496895 0.251914802707186 0.06648556984469733 0.05160327384530801
20 1.74 1.009 4.775051300233619 0.6452772027342907 0.9626690404124009 0.4883170235743737
20 1.76 2.008 4.3723310043549715 0.5753067110994425 0.6505064105746602 0.28674140529422926
20 1.76 2.5075 3.4465775285152285 0.4534970432256755 0.4776359093336757 0.19914555962509628
20 1.78 7.5025 1.5547109968014313E-10 0.0 0.0 0.0
20 1.8 6.004 0.4479353548869209 0.0559919193629076 0.0 0.0054771708036174815
20 1.8 6.5035 1.5780213157819897E-10 6.020026937418675E-12 0.0 0.0
20 1.8 8.5015 0.0 0.0 0.0 0.0
20 1.82 0.5095 5.532585423385635 0.6716691366468596 1.0906867117384733 0.48484765986284883
20 1.82 2.008 4.361636735181114 0.5319069189246334 0.60533924589214 0.2510424535600885
20 1.82 2.5075 3.43332638464392 0.41869833959075364 0.34233209389540703 0.1626085077418168
20 1.84 3.007 3.2344039603807393 0.38504809052155897 0.11666061848680065 0.1016420773643833
20 1.86 0.01 6.938639341188191 0.6843587045821127 1.175751520713495 0.09690317486865489
20 1.88 4.5055 0.761425996192298 0.08652568138248172 0.0 0.014489927551992304
20 1.88 8.002 1.650127667158614E-10 0.0 0.0 0.0
20 1.88 9.001 5.6577595448508406E-11 6.020026937418675E-12 0.0 0.0
20 1.9 1.009 5.67771171545338 0.630856857272594 0.9042746477907896 0.45985469778927346
20 1.92 0.01 7.473767447147004 0.6941458093004117 1.1931575222224386 0.09855893142335234
20 1.94 5.5045 2.3858913530195057E-10 6.020026937418675E-12 0.0 0.0
20 1.96 0.01 7.687705570404068 0.686168517300831 1.1892982896139477 0.10207460756637153
20 1.96 3.007 3.30808254680932 0.34459193196689525 0.0 0.058380972219572516
20 1.98 9.5005 1.7434927568527072E-10 0.0 0.0 0.0
