10 0.02 0.01 3.1867031523480835 0.6590531238683804 0.9392359157503405 0.08780492813326556
10 0.08 7.5025 3.1676065142896885E-12 4.726469128334501E-13 0.0 0.0054771708036174885
10 0.1 4.006 1.1402797648916974 0.23787421044307233 1.280113212270455 0.1498404307353113
10 0.12 3.007 1.0927792114407178 0.2974670265548543 1.125377096940038 0.2828014813419778
10 0.14 5.5045 0.4010438307647847 0.08490826611891368 0.2179048516767183 0.014489927551992335
10 0.16 1.5085 1.1969280054531837 0.41052392545961575 0.9125775578484078 0.4809127028640205
10 0.16 10.0 4.1465573618982044E-12 4.726469128334501E-13 0.0 0.005477170803617488
10 0.18 1.5085 1.1946335786867923 0.4214876637447691 0.9307242369774138 0.4818479194437384
10 0.18 10.0 4.101917544955907E-12 4.726469128334501E-13 0.0 0.0
10 0.2 6.004 0.26512915106303847 0.06628228776564882 0.0 0.0
10 0.2 6.5035 0.6740112749733289 0.15678245476321617 0.13977699892261672 0.01816299537857039
10 0.2 8.5015 0.36318082698224263 0.09079520674562402 0.0 0.009486453504339586
10 0.22 10.0 7.559310269640195E-12 4.726469128334501E-13 0.0 0.0
10 0.26 0.5095 1.5307352314623324 0.563720945077007 0.9241860484622685 0.4309471770210926
10 0.26 1.009 1.2521869800799152 0.487840284886522 0.9224586475667198 0.49525711479287177
10 0.26 2.5075 1.1174951784177458 0.3671842886126077 1.214167114641565 0.4120959269435172
10 0.28 4.5055 0.8325945495818307 0.2114476031078453 0.19204460860971737 0.03418541814583506
10 0.28 8.002 0.10280314239492219 0.028556428443698493 0.0 0.0054771708036174815
10 0.28 9.001 1.0585550646652653E-11 4.726469128334501E-13 0.0 0.0054771708036174815
10 0.3 0.5095 1.4095009744687572 0.5633036361302819 0.9281583773217598 0.4221250740477958
10 0.3 1.009 1.1599756380417157 0.4858858620833779 0.9219155834383956 0.49174189413497954
10 0.3 2.5075 1.021749665185171 0.3644955188376679 1.162134570866261 0.4231491849023049
10 0.32 6.004 0.42208394703583657 0.12414233736300366 0.0 0.017317996446759396
10 0.32 6.5035 0.4675849473850477 0.13752498452509807 0.0 0.020489699895458333
10 0.32 8.5015 0.34281470429057365 0.10082785420430398 0.0 0.01224659137229593
10 0.36 6.004 0.5492675852573109 0.17164612039307817 0.0 0.024487670441671033
10 0.36 6.5035 0.4154520059874574 0.12982875187076748 0.0 0.020489699895458326
10 0.36 8.5015 0.1647317838785457 0.05147868246169865 0.0 0.005477170803617488
10 0.38 3.007 1.7099080865471235 0.4771520701920312 1.572073857912578 0.3468128673108981
10 0.4 1.5085 0.9322320403204534 0.42622772605215514 0.9293654791688818 0.4986262470712737
10 0.4 10.0 0.2916327315297965 0.0972109105107165 0.0 0.007745773043537938
10 0.42 0.5095 1.1254942620146373 0.5545321604617119 0.908712115352308 0.4068191921659421
10 0.42 1.009 0.9808156190711887 0.4819731986208554 0.9087092100011214 0.48657714750504416
10 0.44 6.5035 0.3590579701312198 0.12823498933275235 0.0 0.018970345313988446
10 0.46 4.006 1.581824229265957 0.5106492317293462 1.173219675521692 0.18319772622127073
10 0.48 5.005 0.9250287536665827 0.33922911705081293 0.5670677920720794 0.08678979419737577
10 0.5 1.009 0.9043717509995153 0.4813168410385402 0.9041918361358603 0.4817563488472354
10 0.52 4.006 1.4624714277844415 0.54338432977198 1.5063596549827347 0.2227330878195648
10 0.52 5.005 1.0998253191482543 0.42755041216093403 0.9137691124277983 0.10616098765884353
10 0.54 9.5005 0.2995118852750606 0.13022255881458775 0.0 0.018970345313988328
10 0.56 6.004 0.5765765132703273 0.2620802333051059 0.0 0.062089145187798275
10 0.56 6.5035 0.4678601249007001 0.21266369313678485 0.0 0.05217829505455068
10 0.56 8.5015 0.1744914992907735 0.07931431786026114 0.0 0.010953848645841128
10 0.58 5.005 1.2930134281824246 0.5803059358972301 1.3079382706446618 0.15763886419552392
10 0.6 4.006 1.0653015553247671 0.48908424249597887 1.4538445747335806 0.2867842561305513
10 0.64 4.006 0.7998736524621697 0.4103935295021042 1.3388161803887908 0.3102307218639709
10 0.66 7.5025 0.9041284859863178 0.524206781504589 1.296295986495073 0.08763658140201572
10 0.66 8.002 0.5367693375196547 0.31564286979386236 0.06490107533274475 0.060633496819216454
10 0.66 9.001 0.402094414260813 0.23652612603494355 0.0 0.04131698233669946
10 0.68 1.5085 0.7104875502448996 0.44829146140859055 0.9167017231616721 0.4996736039784676
10 0.68 10.0 0.37863198472466214 0.23664499045338955 0.0 0.038700969272737036
10 0.7 9.5005 0.40148899649862296 0.267659330999621 0.0 0.059392793549943534
10 0.72 4.006 0.582723224140134 0.38895771728710976 1.136367207487949 0.35624852069208307
10 0.76 2.008 0.5678391233532183 0.42961374938096986 0.9085667541956552 0.4961399537435943
10 0.76 2.5075 0.5431360163389952 0.4143122879611606 0.9315320702228 0.48023192419820726
10 0.76 7.003 0.688616179629431 0.5652581437646126 1.5312155460151384 0.19761862153302995
10 0.84 4.5055 0.3471103969011741 0.4018602524605773 0.9878648398570299 0.41841269930912056
10 0.86 0.01 2.146041055255363 0.6582326620947014 0.9380173393976736 0.0804219212928868
10 0.86 3.007 0.36504293773210306 0.42717487142011124 0.8922690231197837 0.4862629851534875
10 0.88 4.5055 0.27152975874141605 0.4078946275314302 0.9151147306856057 0.4579206035211193
10 0.92 1.009 0.6200488767884568 0.5108570656913516 0.8607145940159528 0.4618868331617623
10 0.96 0.5095 1.0310486174513442 0.5505265341052753 0.8698333445843811 0.40396021177104835
10 0.96 2.008 0.32534933345673966 0.4852616339074868 0.8633888867395678 0.4858649535618748
10 0.96 2.5075 0.2614363867348433 0.4815502559275506 0.8502129909165571 0.49308401153373593
10 0.96 7.003 0.09538976008680727 0.44826822931380733 0.8794123286571752 0.49538123351961394
10 0.98 0.5095 1.07080228402269 0.5540391140740805 0.8657775883802903 0.40195468943226775
10 0.98 1.009 0.6225269672100077 0.5190177666973026 0.8583870056477158 0.45121821689945685
10 0.98 2.5075 0.24733776350875608 0.4915004922082718 0.8503389577581338 0.4840273724923859
10 1.0 10.0 0.00948645350433959 0.49239061858983096 0.8549138458168445 0.47780915461068785
10 1.02 0.5095 1.0855631910085564 0.5487953666355895 0.8653336151029326 0.4038945485204808
10 1.02 1.009 0.6347864467121813 0.5198502053935248 0.8551170532707772 0.4486001547249616
10 1.06 0.01 3.1252397170656434 0.6530984916388254 0.9387911329941051 0.09029127574957459
10 1.06 3.007 0.22046043693243791 0.5280293589884201 0.8216917278773561 0.4883829633274637
10 1.1 7.5025 0.29141204623552786 0.582824092471056 0.7160664147210437 0.48358901472574983
10 1.1 8.002 0.28496116902406904 0.5699223380481329 0.6976909600034955 0.47884129276412735
10 1.12 1.5085 0.5240289648541481 0.5295502667407828 0.8261256573309402 0.48139605339548064
10 1.12 10.0 0.3370572190056747 0.5617620316765047 0.5708974521980099 0.39203487181286784
10 1.14 5.5045 0.4064667604777627 0.5800200219397799 0.7151598268684526 0.4818977644603613
10 1.18 1.5085 0.619164544974924 0.5437511172865391 0.8119613890567002 0.4915641705769314
10 1.18 3.5065 0.5180253406401415 0.5716818626997365 0.7417401026816869 0.4947483435947218
10 1.18 9.5005 0.4252346137710475 0.4724829041898737 0.33223425278873553 0.25908455447085477
10 1.2 0.01 3.8401979405029514 0.6569700273392642 0.9267848262518353 0.09870802282089848
10 1.22 7.5025 0.5186733923426924 0.47152126576584436 0.3617741654965254 0.27657789619196343
10 1.24 4.5055 0.6752564742318519 0.5627137285262583 0.6132289555930082 0.42034084368651115
10 1.26 5.5045 0.6948772411459609 0.534520954727347 0.4717737924465497 0.328335974386664
10 1.28 0.5095 1.4610020321991812 0.5603758850909604 0.8485219947345173 0.45094563599285975
10 1.28 1.009 1.0080480190518066 0.5571267245036878 0.8209760492353381 0.4876469850739769
10 1.28 2.5075 0.8215836313447483 0.5810498692728697 0.7296319365809344 0.4879978215411308
10 1.32 5.5045 0.768166430698993 0.4801040191868871 0.30309250513285085 0.24371823490682798
10 1.34 1.5085 1.0176290878238816 0.5701242994188566 0.7752465765468801 0.49986131420288804
10 1.34 3.5065 0.973602768121539 0.572631272575848 0.5737341335995936 0.392034871812867
10 1.34 9.5005 0.47738007932182525 0.28081181136673994 0.022577533139205467 0.051603273845308176
10 1.36 6.004 0.745969706472631 0.4144276147071701 0.17756851156819142 0.16347823082608093
10 1.36 6.5035 0.6233359433763288 0.3462977463205574 0.09365771075617088 0.1371229611578442
10 1.36 8.5015 0.46147925209845014 0.25637736227603886 0.007745773043537932 0.06014033199216685
10 1.4 4.5055 0.8956044819017993 0.4477136486650533 0.2769510956761979 0.23491342270690932
10 1.42 10.0 0.3169963027926312 0.15095062037508628 0.0 0.02386798699735483
10 1.44 0.5095 1.7845014968904611 0.5657073762782713 0.8268765575273818 0.47063875694199386
10 1.44 1.009 1.381987487451085 0.574239185165498 0.7834388220907098 0.49894885534510336
10 1.46 2.008 1.3233629973665517 0.5734488845725786 0.6602600142022268 0.45659342008638354
10 1.46 7.003 0.4973827928512544 0.21625338819553652 0.00547717080361748 0.054142274487939644
10 1.5 1.5085 1.4778303011553153 0.5838125264205204 0.715899512698101 0.4832242683162403
10 1.5 3.5065 1.217190128524795 0.48687605140991785 0.33098975902542144 0.25299589254291244
10 1.52 5.005 0.9513962580045968 0.3659216376935455 0.06351092948796373 0.10684902589701033
10 1.54 0.01 5.584216626930147 0.655258578113886 0.9314841025198425 0.12010753075763304
10 1.54 3.007 1.2849804055424747 0.47591866871926236 0.39210377322471407 0.28708394511809293
10 1.58 0.5095 2.1170676287633556 0.5755233238638425 0.8215416550170008 0.4836520188669016
10 1.58 2.008 1.6063214545574496 0.5534639651410536 0.5730388231444258 0.40010046854279857
10 1.58 2.5075 1.5239392900790285 0.5254063606474221 0.46783340225217984 0.32632681414404463
10 1.58 7.003 0.5423551565440888 0.18701901949775876 0.0 0.026258918576930256
10 1.6 4.5055 0.9239291169081363 0.3079763723023952 0.05787850465809384 0.09286763568513652
10 1.6 9.001 0.18063933420306358 0.06021311140056311 0.0 0.007745773043537932
10 1.62 2.008 1.7321826599226995 0.5584914960345055 0.5487239884314015 0.3795501410165933
10 1.62 7.003 0.32899865093486325 0.10612859707675883 0.0 0.015490151729404756
10 1.66 4.006 1.0343228021520137 0.3134311521670806 0.07348856846736859 0.09614075759736795
10 1.68 6.004 0.4984509341382375 0.1466032159233727 0.0 0.018970345313988286
10 1.68 6.5035 0.38488495995978406 0.1132014588106614 0.0 0.019744665141752958
10 1.72 5.5045 0.5461436912823157 0.1517065809109163 0.0 0.022577533139205408
10 1.74 7.5025 0.2794535572000419 0.07552798843055869 0.0 0.009486453504339618
10 1.74 8.002 0.19081970347310018 0.05157289283040826 0.0 0.0
10 1.74 9.001 0.1694266091409776 0.045790975445859826 0.0 0.005477170803617484
10 1.78 5.005 0.6617143919832505 0.16967035692001273 0.0 0.02386798699735482
10 1.84 10.0 3.670135074488315E-11 0.0 0.0 0.0
10 1.86 3.5065 1.2871896744088942 0.29934643590853627 0.0 0.07164793274592131
10 1.86 9.5005 0.10975006759653017 0.02552327153317442 0.0 0.005477170803617486
10 1.88 4.006 1.0255664841502836 0.23308329185225396 0.0 0.045450366808802864
10 1.88 5.005 0.5425663395467438 0.12331053171637651 0.0 0.015490151729404737
10 1.9 7.5025 0.36631596370654484 0.08140354748965978 0.0 0.00774577304353794
10 1.9 8.002 0.09517132239806507 0.02114918275513456 0.0 0.0054771708036174885
10 1.9 9.001 0.0 0.0 0.0 0.0
10 1.92 1.5085 2.4855571688985814 0.5402814037836481 0.4874438820337562 0.3395337167228154
10 1.92 3.5065 1.0526140058681124 0.22882913170866226 0.0 0.050136562145345634
10 1.94 2.008 2.045425218181172 0.43519685493217547 0.2699507126878934 0.22182636439450087
10 1.94 2.5075 1.6468587061981337 0.3503954694037914 0.10532912731038943 0.13489424464767513
10 1.94 7.003 3.899750280895381E-11 0.0 0.0 0.0
10 1.96 1.5085 2.4838914694323257 0.5173301454706956 0.45260662645766386 0.3265356615531335
10 1.96 10.0 3.9450532894549743E-11 0.0 0.0 0.0
10 1.98 0.01 7.852373825096155 0.6514165810948083 0.9282792036610221 0.14428376321028033
10 1.98 3.007 1.4940373828560725 0.3049055883390615 0.04411594992991621 0.08042192129288665
10 2.0 9.5005 0.0 0.0 0.0 0.0
12 0.0 0.5095 3.832650084754814 0.6387750141257843 1.0434024305757643 0.49648461474609035
12 0.0 1.009 3.1643739891920535 0.5273956648653301 1.0386368407440956 0.43810033179555957
12 0.0 2.5075 1.2010136608508444 0.20016894347618716 0.7880955251609109 0.15527129455592445
12 0.02 0.5095 3.559431354857008 0.6240118553120119 1.0458086044599004 0.49341781224163095
12 0.02 1.009 2.9157833142383773 0.5309015877649982 1.0329725848684468 0.458418778154066
12 0.02 2.5075 1.2310975598373721 0.24768841301492284 0.8696171129365022 0.2097244627250101
12 0.08 0.01 3.583231643993784 0.6746020179425971 0.9937915049355031 0.08963521437967525
12 0.1 1.5085 1.6719026108552617 0.42228970053122894 0.974179219824713 0.45118956583732234
12 0.1 10.0 7.773195927937761E-12 6.516781781991952E-13 0.0 0.007745773043537928
12 0.12 5.005 1.0340083578195685 0.1436493482522913 0.8073448805020073 0.028449112580919044
12 0.16 4.5055 1.1495017490691928 0.19850190906680049 0.4521694826815273 0.03192130652880121
12 0.16 8.002 9.291631018047986E-12 6.516781781991952E-13 0.0 0.0
12 0.16 9.001 9.291631018047986E-12 6.516781781991952E-13 0.0 0.0
12 0.18 4.5055 1.387028830987729 0.22369523629182508 0.6948281314362823 0.036307999360409335
12 0.18 9.001 0.16770407160745862 0.03408619341582916 0.0 0.005477170803617488
12 0.22 4.5055 0.9426886874871332 0.178079666744059 0.21061369216553372 0.030969146086253715
12 0.22 9.001 4.605177912508101E-12 6.516781781991952E-13 0.0 0.0
12 0.24 0.5095 2.0963871283154587 0.5866617460460426 0.9921606275547159 0.44394777580605466
12 0.24 2.008 1.1684856566467192 0.3861978765372073 1.0450764372383647 0.4570073653503289
12 0.24 2.5075 1.2975387456144778 0.36468795439192414 1.3130054266880595 0.4033901080799472
12 0.24 7.003 9.690157656076406E-12 6.516781781991952E-13 0.0 0.0
12 0.26 6.004 0.8893486359139431 0.20030374682659768 0.0 0.010953848645841166
12 0.26 6.5035 1.0506092974631346E-11 6.516781781991952E-13 0.0 0.0054771708036174885
12 0.26 8.5015 0.24985582060518063 0.056273833469509316 0.0 0.0
12 0.28 3.007 2.282584859514778 0.44434760243710664 2.0319738787069492 0.32492851942494605
12 0.3 6.004 0.7648321053800077 0.1821028822333044 0.0 0.020489699895458277
12 0.3 6.5035 0.43043596051702204 0.10248475250592397 0.0 0.010953848645841155
12 0.3 8.5015 0.19330796195508462 0.046025705229436845 0.0 0.007745773043537936
12 0.32 5.5045 0.9214778367668673 0.22585241097394082 0.0 0.02323174128148612
12 0.38 5.005 0.813565815864514 0.218700488134097 0.0 0.043087806103130365
12 0.4 4.5055 0.9845592556757908 0.2734886821319145 0.0 0.05735105150933786
12 0.4 9.001 0.1936016173811771 0.05377822705092125 0.0 0.0
12 0.42 6.004 0.5756112860658976 0.16540554197299287 0.0 0.02791772566241418
12 0.42 6.5035 0.6354970070974563 0.1826140825015222 0.0 0.0238679869973549
12 0.46 10.0 1.7686100682928657E-11 6.516781781991952E-13 0.0 0.007745773043537926
12 0.48 1.5085 1.0569094100749805 0.43355031435676317 1.0069140632365146 0.49937509629036125
12 0.48 3.5065 2.1834430293828726 0.6104760867257486 2.038571046373423 0.26831472897785674
12 0.5 6.5035 0.6539812306144882 0.21799374353972398 0.0 0.023867986997354828
12 0.5 9.5005 0.13387390039276587 0.044624633464972 0.0 0.005477170803617487
12 0.52 1.5085 1.0237171669622298 0.43854553744916636 1.0076791269699166 0.49960091927371036
12 0.52 10.0 0.23277171295751992 0.08082351144358012 0.0 0.0077457730435379285
12 0.56 5.5045 0.9483378681313317 0.3561624179128433 0.11261491367198553 0.08930531589553115
12 0.58 1.5085 0.9510431337635642 0.44357610050789253 0.9833535478409547 0.49992541173240257
12 0.58 3.5065 1.1427012964639716 0.4289850905972031 1.4596016887340155 0.3339360155623785
12 0.58 10.0 0.4756236257593004 0.18873953403176683 0.0 0.019744665141752896
12 0.6 1.5085 0.9270381799440763 0.44840727976845285 0.981898383005328 0.5000071031285148
12 0.6 10.0 0.28537149737242207 0.11890479056716773 0.0 0.01341526743460567
12 0.64 1.5085 0.8668240798018676 0.4494989511359416 0.9843455408200675 0.5000066351396236
12 0.64 10.0 0.43620722263411177 0.20194778825130572 0.0 0.023231741281486248
12 0.66 0.01 1.213935098007844 0.6707784034823513 1.0037018952490506 0.06670880002106175
12 0.66 3.007 0.7772077825354562 0.3778313367937651 1.1276491063842724 0.41085327214182965
12 0.68 4.5055 0.9445762329316336 0.46780220134138256 1.6132342204633543 0.2680787133518953
12 0.68 8.002 0.567397280562965 0.2955194169595739 0.0 0.0662615740449635
12 0.68 9.001 0.46465685296513537 0.24200877758671202 0.0 0.045777844469881625
12 0.72 1.5085 0.7615786886505205 0.46252018476878315 0.9788847426220564 0.4987887329799625
12 0.72 10.0 0.4568701058791246 0.2719464915952325 0.0 0.05682899704637467
12 0.78 0.5095 0.8807483086655484 0.5661315475353904 0.9609239161020722 0.3829106453517588
12 0.78 2.008 0.6307657445476453 0.45078375822638356 0.9714482505886298 0.49926003109007894
12 0.78 2.5075 0.597764109589941 0.4251778193584062 0.9910040527193098 0.4852082886516372
12 0.82 0.5095 0.8634477659274958 0.5637032795271505 0.9552767125532465 0.3791121770245816
12 0.82 2.008 0.5643316920034763 0.4683739736867252 0.9754397622933957 0.4999880520267202
12 0.82 2.5075 0.5249154875986201 0.4407510514155837 0.9753786840783983 0.49255965486262265
12 0.84 3.007 0.4719261750758133 0.442144796581252 0.9885298859832583 0.48627734739622314
12 0.88 3.007 0.3805652406520108 0.45227084714439303 0.9623365388828785 0.49606073155080616
12 0.9 4.006 0.30081736454570385 0.44518934682792444 0.9572198622493187 0.4873941573478961
12 0.9 5.005 0.2745558524506804 0.4290955794828059 0.9914399031034521 0.4703257424181672
12 0.92 6.5035 0.21137127494997132 0.4308358330524422 0.9932722843203707 0.46314359568388574
12 0.94 0.5095 0.9249098652002914 0.5715945390416122 0.944048281554854 0.37148070979315007
12 0.94 1.009 0.5876812195061477 0.5361261575132298 0.9397015063238976 0.4356623293576208
12 0.94 2.5075 0.29863145734410995 0.4959513630353627 0.9405530108809781 0.49102511808618843
12 0.96 6.004 0.12387458240562114 0.4766701326927028 0.9456953385113699 0.49999538977484664
12 0.96 8.5015 0.10884538677251696 0.45115376784801886 0.9675680102239325 0.4933487583025877
12 0.98 6.004 0.07480618003502772 0.48976748710593765 0.9370241284158223 0.4901994437911097
12 0.98 6.5035 0.06860862846455364 0.4903784009959475 0.9494226341029046 0.4923061243731119
12 0.98 8.5015 0.059486315343716865 0.4849472943611815 0.9403359566983134 0.49674106839726856
12 1.0 4.5055 0.07968206955738379 0.5165960395112112 0.9237124616045476 0.4462052355684529
12 1.02 6.004 0.07129705718660129 0.5350017041926147 0.9147770768861473 0.4625058496129232
12 1.02 6.5035 0.06906435410819656 0.5476252501719 0.9035965184730522 0.465233201334526
12 1.02 8.5015 0.06696230513291829 0.5558664471900686 0.9097572370600991 0.47173585012948194
12 1.04 0.5095 1.014684952501018 0.5721145771081202 0.9352786382750524 0.37440086841236336
12 1.04 1.009 0.6213214583431427 0.5540868287906481 0.9305282676762716 0.4214183363373925
12 1.04 2.5075 0.24219262539201303 0.5416321207287518 0.9149449615275196 0.46041598616207174
12 1.06 1.009 0.6452288380280422 0.5574616596925046 0.9306387390328156 0.42752411425306963
12 1.08 4.5055 0.2858226611461311 0.5865986342587683 0.883851811230816 0.49155858547063913
12 1.1 0.01 2.9841242138865103 0.671360857316049 1.0007240191554683 0.07986769192103664
12 1.12 4.5055 0.4392167204634561 0.6077108274083555 0.8426153225144849 0.500004677681344
12 1.12 8.002 0.4297735050782946 0.5969076459418807 0.7138273647086127 0.4467346281872876
12 1.12 9.001 0.42186640198326786 0.5859255583101746 0.6780596818441811 0.42218219734798035
12 1.16 0.5095 1.244200587071908 0.5858433507724781 0.9328673268260363 0.4017103284960374
12 1.16 2.008 0.6153166635085772 0.590079354373796 0.888936224080185 0.4861694397430065
12 1.16 2.5075 0.584339451290631 0.5876487446243766 0.8713700100961211 0.4944638436771402
12 1.16 7.003 0.5701569532767512 0.5939134929963992 0.6695028099638761 0.41064503033680766
12 1.18 7.5025 0.580459991094687 0.5374629547174736 0.5627445687421958 0.34814760656463084
12 1.18 8.002 0.5862374587885423 0.5428124618422813 0.5068663798439503 0.3196985698258371
12 1.2 0.5095 1.3496259898657768 0.5861501211072692 0.9270219961651772 0.4120959269435152
12 1.2 1.009 0.9157008989240624 0.5797342522864852 0.9090549028838194 0.4618992693578542
12 1.2 2.5075 0.7399626735815217 0.6070089889569644 0.8549646910252873 0.49964903558231955
12 1.26 4.006 0.8932234642089217 0.5723221707560188 0.6924361249371845 0.4285385065361257
12 1.28 6.004 0.8286202382260164 0.49322633227772533 0.4032474941609731 0.2612509305115747
12 1.28 6.5035 0.7622211178856081 0.453703046361779 0.2913761558815986 0.22170511874612642
12 1.28 8.5015 0.6276246304038802 0.37358608952408867 0.09475234995353647 0.12119341246332353
12 1.3 2.008 1.0981599636160282 0.6043558516620081 0.8243115576288237 0.4993781132217099
12 1.3 7.003 0.7839944550514143 0.43555247502902766 0.215337410375603 0.1677511782404231
12 1.32 4.006 1.0722810121041577 0.5584796938042058 0.5850813639712347 0.3652864915165616
12 1.34 7.5025 0.7509566731880433 0.36811601626695006 0.08661941221386141 0.0998924192170837
12 1.34 8.002 0.6354890529070084 0.3115142416230608 0.03712289615832025 0.08507014360017288
12 1.34 9.001 0.5313683540388033 0.2604746833521516 0.0 0.05888908660735343
12 1.36 5.5045 0.9358363321410702 0.43325756117735736 0.22869189275232732 0.1822042019903148
12 1.38 2.008 1.3852031484881722 0.6056668673865252 0.7803405844293331 0.48312842352313135
12 1.38 7.003 0.7632704897924029 0.33476775867766 0.03984329084600376 0.08814062635274188
12 1.42 4.5055 1.1687158756572722 0.4637761411355179 0.27522747921219015 0.2080935957188853
12 1.44 6.004 0.86571771649262 0.32792337745673494 0.049837986137565383 0.08979969410728612
12 1.44 6.5035 0.7553129661901601 0.28610339628062315 0.0 0.06014033199216694
12 1.44 8.5015 0.521745421167112 0.19763084133972456 0.0 0.034185418145835124
12 1.48 5.005 1.0233555824815537 0.3553317994757282 0.12601454045677324 0.12601454045677343
12 1.5 7.5025 0.547360294277912 0.1824534314166875 0.0 0.02568211448502375
12 1.5 8.002 0.6734798199389768 0.22449327331160823 0.0 0.022577533139205515
12 1.5 9.001 0.4074682072932885 0.13582273576747092 0.0 0.016429540491321656
12 1.52 3.5065 1.4262279933360642 0.4571243568397507 0.3322179285266723 0.22619646783672928
12 1.52 9.5005 0.20016239494781815 0.06415461376110064 0.0 0.007745773043537916
12 1.56 4.006 1.3544923546091605 0.40312272458737214 0.11323158344141153 0.13900257870520086
12 1.56 5.005 1.1105803865022772 0.33052987692976293 0.044788168533674205 0.07722732910433482
12 1.58 6.004 0.9402038068941154 0.27017350772226806 0.0 0.0470647835382736
12 1.58 6.5035 0.6895283039484544 0.19814031721949074 0.0 0.02682328848698182
12 1.58 8.5015 0.39523093737217363 0.11357210844047329 0.0 0.010953848645841162
12 1.6 3.007 1.578135995850132 0.4383711099592358 0.3395989963888026 0.22761028545727174
12 1.64 4.006 1.3223492567968593 0.344361785623139 0.05523284434047522 0.09537200974927972
12 1.64 5.005 1.0556036902198493 0.2748967943244099 0.0 0.04983798613756558
12 1.7 2.008 2.2718306296632735 0.5409120546820183 0.5317311902418017 0.32843931143783794
12 1.7 7.003 0.47673102466567596 0.11350738682087136 0.0 0.009486453504339586
12 1.74 0.01 6.507838735742319 0.6659424794378811 0.9939465139537691 0.12155308408852696
12 1.74 3.007 1.9072980269625324 0.4295716276934088 0.17036098108770642 0.146651507451015
12 1.78 3.5065 1.3857968617797136 0.296110440548444 0.04923534766090553 0.08170011782269633
12 1.78 9.5005 4.4858148068016106E-11 0.0 0.0 0.0
12 1.8 0.5095 3.1276469065264654 0.6120393594803425 0.8775550441570423 0.49018737765410236
12 1.8 1.009 2.909605791795634 0.6037432633484163 0.7565991724760321 0.4779200091755213
12 1.8 2.5075 2.0837136626097132 0.43410701304385574 0.2245968638974647 0.18027581843606366
12 1.84 4.5055 1.2217040855066554 0.24240160426866375 0.0 0.027375993236772894
12 1.86 7.5025 8.543555921929122E-11 0.0 0.0 0.0
12 1.88 1.5085 2.827529165019818 0.5355168873145125 0.5778070797909585 0.35121371629525555
12 1.88 10.0 4.141150840362351E-11 0.0 0.0 0.0
12 1.9 0.01 7.386094039368564 0.6684392132457082 0.998469496572646 0.1317495765608471
12 1.9 3.007 1.657743358993902 0.3069895109233465 0.04131698233669937 0.08151877850051836
12 1.92 7.5025 4.136654035734956E-11 0.0 0.0 0.0
12 1.92 8.002 0.2094014626171045 0.037935047583793194 0.0 0.0
12 1.92 9.001 4.136654035734956E-11 0.0 0.0 0.0
12 1.96 4.5055 0.6580193645907233 0.11423947301826697 0.0 0.009486453504339595
12 1.96 8.002 0.4515231036383123 0.07838942772801352 0.0 0.0
12 1.96 9.001 3.610695781933603E-11 0.0 0.0 0.0
12 1.98 1.009 3.5365729013150546 0.60090932084391 0.7003789397115764 0.44099561547431315
14 0.0 6.004 0.20796245700802332 0.02970892243030973 0.6922853919484442 0.04167720996478892
14 0.0 6.5035 0.029986647164859197 0.0042838067379391545 0.6806065917542355 0.040216810246527755
14 0.0 8.5015 0.0 3.6876341600585214E-13 0.665605386834645 0.032386849354787
14 0.02 6.004 0.7288576447496753 0.05855463403883678 1.9012629228794016 0.023231741281486157
14 0.02 6.5035 0.7371926434858493 0.08174386901654616 1.625971191228676 0.02897072327608999
14 0.02 8.5015 0.09409929771400116 3.6876341600585214E-13 0.42772408052119165 0.005477170803617487
14 0.04 4.006 1.145736524584146 0.19415005464342458 1.2723730434869265 0.11678557836485852
14 0.06 2.008 1.7520578345454296 0.35708858810056693 1.0138895257797538 0.3477451257134467
14 0.06 2.5075 1.5207592983181741 0.31172111322969415 1.0502763561160355 0.27598962808860367
14 0.06 7.003 0.3414396818147153 0.05741338414212538 0.4925805864954328 0.007745773043537916
14 0.08 0.5095 3.7148162737788555 0.6300924446445817 1.0916159163759178 0.4846656404565416
14 0.08 1.009 2.8245483267109353 0.5249770495791838 1.0699617505534897 0.48656294948578954
14 0.08 2.5075 1.4068795415942377 0.31042059436740793 1.0491602752903415 0.3079035083808832
14 0.1 4.5055 1.1267764423485571 0.172222221180499 0.8281236784133691 0.03418541814583509
14 0.1 9.001 9.934062243529335E-12 3.6876341600585214E-13 0.0 0.005477170803617489
14 0.12 1.5085 1.9523210692035309 0.43774650522023695 1.0448283638738167 0.4536735586786872
14 0.12 3.5065 3.077501903611364 0.39440672109123526 2.5041363603975273 0.19266465402541932
14 0.12 9.5005 1.398498016474216E-11 3.6876341600585214E-13 0.0 0.0
14 0.14 2.008 1.5986551934339677 0.38550311224721906 1.1635065851102928 0.41408044859437093
14 0.14 7.003 5.8219042327429256E-12 3.6876341600585214E-13 0.0 0.0
14 0.16 3.007 2.1381205865980877 0.37093173693111764 1.9978635294262461 0.30304428333164596
14 0.18 3.007 2.2516427012403595 0.3728800265447832 2.037600765597022 0.3033196829915581
14 0.22 3.007 3.377174372287531 0.49746063924581796 2.670333147724267 0.2938097351614821
14 0.24 6.004 0.48780367345829445 0.0916924198261161 0.0 0.009486453504339624
14 0.24 8.5015 0.37812305951728103 0.07107576306844653 0.0 0.005477170803617483
14 0.26 5.5045 0.7950492690163357 0.15348441486787945 0.0 0.017317996446759465
14 0.28 5.005 1.2852637134589928 0.2550126415613361 0.0 0.023867986997354852
14 0.3 5.5045 0.8833593272411479 0.18027741372393757 0.0 0.015490151729404803
14 0.34 2.008 1.2869225883332671 0.38006116176808946 1.1422823394290638 0.462097938101505
14 0.34 2.5075 1.2553691450530622 0.357817893601222 1.280484330098078 0.41261027769753483
14 0.34 7.003 0.3326780786413033 0.07200824213312833 0.0 0.005477170803617486
14 0.38 3.5065 1.92323150336639 0.4113545130670425 0.7651295939800832 0.11323158344141186
14 0.38 9.5005 0.5384834174573675 0.12407452015060556 0.0 0.007745773043537923
14 0.4 3.007 3.057167846613032 0.6297840310063298 2.4454831018267242 0.31472757852677
14 0.46 4.5055 1.1620750390009076 0.3074272589946561 0.0 0.08242137628386209
14 0.48 7.5025 0.3242198713083003 0.08907139322634468 0.0 0.005477170803617482
14 0.48 8.002 0.21662411918424318 0.05951212065056209 0.0 0.005477170803617489
14 0.48 9.001 0.4433270777573827 0.12179315322929242 0.0 0.009486453504339597
14 0.52 4.5055 1.3834587035572048 0.4085900039707246 0.2697971291723635 0.11540314910692549
14 0.52 8.002 0.4763272978991163 0.14176407675333674 0.0 0.026258918576930197
14 0.52 9.001 0.48051976838190963 0.14301183582639873 0.0 0.01448992755199233
14 0.58 7.5025 0.8462745795212312 0.28784849643857 0.0 0.03418541814583508
14 0.58 8.002 0.687015048727961 0.23367858800648042 0.0 0.035474286687705504
14 0.58 9.001 0.37538202802542736 0.12768096190896747 0.0 0.01642954049132168
14 0.6 4.5055 2.0143839359783082 0.6750639540377539 2.416061449743813 0.22725786949836677
14 0.6 8.002 0.693796146752102 0.24778433813125247 0.0 0.023867986997354845
14 0.6 9.001 0.37774318593539663 0.13490828069016927 0.0 0.025092018731697873
14 0.62 0.5095 1.2341207945280082 0.5801888288808827 1.0386786373959263 0.389061076882613
14 0.62 2.008 1.0044864883131777 0.4164886258325849 1.0784685145562882 0.48537948104005224
14 0.62 2.5075 0.9965206199300721 0.3919696810613973 1.1294600080817552 0.44408757593710185
14 0.62 7.003 0.759230430308869 0.28542497380078746 0.0 0.06280412531997644
14 0.64 4.5055 1.2826659051884561 0.4853442079214867 1.9787729304192496 0.2508356420594781
14 0.64 8.002 0.6155197310685786 0.24425386153782042 0.0 0.048625166903614236
14 0.64 9.001 0.5485080156208467 0.2176619109609966 0.0 0.027375993236772936
14 0.66 1.009 1.0694621986258548 0.5212278540082396 1.0405048458383972 0.474133962625347
14 0.68 3.007 0.8459051397719652 0.3787196579079789 1.1448239819913872 0.41999249254997606
14 0.72 4.5055 0.7273351928702823 0.36168758123354766 1.3351853525474577 0.30562531496973416
14 0.72 8.002 0.6626104955686607 0.3380665793711184 0.0 0.0901277231020506
14 0.72 9.001 0.5683512988026886 0.28997515245070954 0.0 0.07968206955738372
14 0.74 0.5095 0.9752071958142932 0.5904728924445664 1.0436148926674926 0.3683432454378273
14 0.74 2.008 0.8005149758990582 0.44925288579993133 1.0412351656134795 0.4982831496134348
14 0.74 2.5075 0.7616488228212468 0.41828427404525886 1.0537713188268876 0.48016227849340165
14 0.76 5.5045 0.6258158437570767 0.36120106832033755 1.3075145036672293 0.2773894564800252
14 0.78 6.004 0.5885743557243036 0.3744271726978866 1.4569818700872288 0.2635864056357299
14 0.78 6.5035 0.6909991929147846 0.4403321828680317 1.7420004025983675 0.23837535733220183
14 0.78 8.5015 1.1752685614875011 0.7614968318833791 2.327192800783784 0.1424797483829658
14 0.8 2.008 0.6788778715619777 0.46608731743699144 1.0300798613539703 0.5000066351396255
14 0.8 2.5075 0.654186917778381 0.4505409788033144 1.035917365896882 0.49229013452709386
14 0.8 7.003 0.7155852527658824 0.5052661470845613 1.9247842275948057 0.2365408425525885
14 0.82 6.004 0.5090196427225602 0.3960577376325757 1.3531939296080646 0.31461644248948273
14 0.82 6.5035 0.4696871244838682 0.36549221918850067 1.3020331806198433 0.2922335157246725
14 0.82 8.5015 0.6807548368180851 0.5384171640992282 2.0348817877678385 0.20161458286475584
14 0.84 5.005 0.4723951101081946 0.41041563522121727 1.1336746358965781 0.40191029137543116
14 0.86 3.5065 0.4649947291766402 0.4460578894663333 1.0439053461565535 0.48355746490830714
14 0.86 9.5005 0.41889130848925293 0.42562320803000675 1.6517170908034338 0.2503176140894863
14 0.88 5.005 0.369291350407372 0.42239223915438656 1.0961401523108134 0.45071540721041103
14 0.9 1.5085 0.5049160710074527 0.528108568839247 1.009264288954916 0.4633264216826023
14 0.9 10.0 0.2572650905758586 0.36680877666471884 1.230221115353965 0.3300849673355851
14 0.94 6.004 0.20229812292323116 0.4634909862143147 1.0250872543697815 0.4952737602458692
14 0.94 6.5035 0.1973261370845757 0.45979407266820255 1.0334408058106717 0.49180253898388954
14 0.94 8.5015 0.18603408159244142 0.4409767653639339 1.040969652025725 0.47171476433996945
14 0.96 5.5045 0.15053578148859698 0.49459605163024317 1.0110776541019182 0.49707649883992716
14 0.98 5.5045 0.09007925687826793 0.5170474218369469 1.0001069757582994 0.4728720901730052
14 1.04 6.004 0.16940804433900386 0.5967118143052932 0.9622719718518871 0.4658445100377658
14 1.04 6.5035 0.17058295469634907 0.6070472787000258 0.9691293543025071 0.4689556795153361
14 1.04 8.5015 0.17409002458555856 0.6200638416288079 0.9462385201447372 0.4816895991172171
14 1.06 3.5065 0.2648656532174388 0.59634205304731 0.9653238197027976 0.4561368034195199
14 1.06 9.5005 0.2641777450089726 0.6289946309738857 0.8903170442118556 0.49999813656516096
14 1.1 0.5095 1.098077661258822 0.6049707805974796 1.005304302554563 0.35868373811129184
14 1.1 1.009 0.7126943745855427 0.5887544427289119 0.9923913017514876 0.4080781664772165
14 1.12 3.007 0.5299003143492853 0.6173705876716207 0.9449259953177319 0.4836913318158027
14 1.14 7.003 0.6047010743405574 0.6170419125941113 0.7668838108930368 0.44408757593710235
14 1.16 6.004 0.6627329036215782 0.5917258068071685 0.7569433583710974 0.4488066596721895
14 1.16 6.5035 0.6583842054849307 0.58784304061327 0.7216862541947637 0.42805054779071583
14 1.16 8.5015 0.6273042626168849 0.5600930916200774 0.6139349940454734 0.3405363212248167
14 1.18 0.01 3.043540978661684 0.6740716418154584 1.0499525870800654 0.07968206955738402
14 1.2 6.004 0.829625354038411 0.5925895385989661 0.6752954194663046 0.3834638904562669
14 1.2 6.5035 0.7372770010267248 0.5266264293031053 0.6192603867053251 0.3542577670841454
14 1.2 8.5015 0.7265194688074049 0.5189424777192188 0.4324090131598196 0.24404039922674017
14 1.22 0.5095 1.4066250790402597 0.6006134790825343 0.9904978090521577 0.3906990565294497
14 1.22 2.008 0.9832861239462517 0.6294900515723736 0.9225981526085567 0.4942958903982443
14 1.22 2.5075 0.961009288262509 0.6204337580345438 0.8914007317734718 0.4999615306547814
14 1.24 5.005 0.9453512769027791 0.5627090933950029 0.6737136602369126 0.3862753007166801
14 1.26 10.0 0.6163064926780303 0.3386299410327147 0.040953564294102164 0.09350024908406747
14 1.28 5.5045 1.0156293969086043 0.5181782637280704 0.5141036228500128 0.2880653644575388
14 1.3 4.5055 1.1872120813000469 0.5653390863317452 0.6048863827181244 0.34236556468436574
14 1.32 7.003 0.9976596588991994 0.44538377629431397 0.13869122413220827 0.1270467579060611
14 1.34 0.01 3.9242464631763205 0.6789021165050676 1.0549637714808022 0.08880809441036908
14 1.4 5.005 1.232268231599956 0.4400957969977955 0.27765885952188923 0.17871586474844572
14 1.42 3.007 1.6160663565479612 0.5494926578647739 0.64541342703603 0.36576251298430995
14 1.48 1.5085 2.104609247907403 0.6251776504697676 0.8425048729220237 0.4898218378080513
14 1.48 3.5065 1.7120983526543927 0.5095530811461169 0.4609299029990743 0.2530981452442922
14 1.48 10.0 0.4580203822039544 0.13631558994279974 0.0 0.010953848645841131
14 1.5 0.01 4.924785106722143 0.6775334052892032 1.0517490614021703 0.10062529725432234
14 1.5 3.007 1.8196066634311636 0.5198876181209322 0.5453544968588885 0.29910640760682916
14 1.52 7.5025 0.506319719361376 0.13909882400259896 0.0 0.024487670441671057
14 1.52 8.002 0.3887696624397146 0.10680485230516705 0.0 0.010953848645841164
14 1.54 3.5065 1.6558227582240614 0.4380483487352659 0.33472616271568667 0.20809359571888644
14 1.54 9.5005 0.19335823203609806 0.05115297145676256 0.0 0.0
14 1.56 1.5085 2.3972963854621345 0.6111833591307997 0.8021831072462997 0.4740233381002339
14 1.56 10.0 0.35948020010721865 0.09170413267495521 0.0 0.007745773043537918
14 1.58 5.5045 1.1024116976694782 0.27152997478110164 0.0 0.03752367279493578
14 1.6 5.005 1.1578789839980892 0.2756854723786975 0.01897034531398837 0.059643029163534214
14 1.64 1.5085 2.7243029962713097 0.60801285131317 0.763390545766255 0.4484819326124388
14 1.64 10.0 1.0437336032138038E-10 0.0 0.0 0.0
14 1.66 4.5055 1.4877743043435565 0.3220290701959796 0.0 0.05330953086932555
14 1.72 7.003 9.731127642065306E-11 0.0 0.0 0.0
14 1.74 1.009 3.2478354627107056 0.6251365306874344 0.8495739616920879 0.4874832916602701
14 1.76 2.008 2.842431364346919 0.5342916098371474 0.5348400855564587 0.2961501074939532
14 1.76 2.5075 2.4478862788439226 0.46012899978302685 0.3117872215257177 0.20418219022400053
14 1.76 7.003 0.4521142084274297 0.08498387375742414 0.0 0.0
14 1.78 7.5025 0.38372133101712064 0.07027863206806878 0.0 0.0
14 1.8 6.004 0.31941288733239526 0.05703801560675438 0.0 0.005477170803617483
14 1.8 6.5035 0.5948858642355688 0.10622961859967227 0.0 0.009486453504339624
14 1.8 8.5015 8.33775535317024E-11 0.0 0.0 0.0
14 1.82 0.5095 3.720533835703361 0.6269491684172707 0.9340638855672964 0.48870327749958087
14 1.82 2.008 2.905313153280244 0.5061521172942942 0.44985396380890585 0.2587872127930178
14 1.82 2.5075 2.4387613390054255 0.4248713134141821 0.24156824803663043 0.17840199503830423
14 1.84 3.007 2.25873682822476 0.3841389163668541 0.08880809441036913 0.09629374266797283
14 1.86 0.01 6.966200033032406 0.671636270207194 1.0511189438453843 0.11888864478043405
14 1.88 4.5055 0.8376312755029593 0.13597910314546882 0.0 0.022577533139205453
14 1.88 8.002 4.779939228034009E-11 0.0 0.0 0.0
14 1.88 9.001 4.779939228034009E-11 0.0 0.0 0.0
14 1.9 1.009 3.861360598340726 0.6125042757758696 0.7965178409302462 0.4630458801544509
14 1.92 0.01 7.3291307457102075 0.680619877599088 1.0639273883642197 0.12119341246332394
14 1.94 5.5045 0.4329206278046384 0.06579340846177086 0.0 0.00948645350433958
14 1.96 0.01 7.477277868532386 0.6747714511364632 1.0534667176046457 0.12250672277075389
14 1.96 3.007 2.26220334655043 0.3366374027506094 0.0 0.06327621956154748
14 1.98 9.5005 5.960546754886211E-11 0.0 0.0 0.0
16 0.0 5.5045 0.2592038862495912 0.0324004857811989 0.5750655659679956 0.025682114485023774
16 0.02 5.5045 0.4226177961916895 0.054831630979173165 0.7947598515867009 0.022577533139205547
16 0.04 1.5085 2.9651948733516322 0.46021007910600303 1.0660448991060465 0.38080586799301214
16 0.04 10.0 0.0 0.0 0.0 0.0
16 0.06 6.004 0.05782877538401838 0.045178730772688684 0.3614298461815095 0.005477170803617489
16 0.06 8.5015 0.0 0.0 0.0 0.0
16 0.08 6.004 0.051018350619742504 0.053144115235437994 0.42515292188350395 0.0
16 0.08 6.5035 0.05492676297998476 0.05721537810084184 0.4577230248067347 0.005477170803617488
16 0.08 8.5015 0.0 0.0 0.0 0.0
16 0.1 3.007 2.0281673512839418 0.3418128592070654 1.7047229319096044 0.25365954462866597
16 0.12 7.5025 0.0 0.0 0.0 0.0
16 0.12 8.002 0.0 0.0 0.0 0.0
16 0.12 9.001 0.0 0.0 0.0 0.0
16 0.16 5.005 0.6633512712344737 0.09871298678985345 0.0 0.009486453504339631
16 0.18 5.005 0.45707277157361537 0.06967572737439529 0.0 0.007745773043537921
16 0.2 2.008 1.6467732757280589 0.3901783314257004 1.2250328751689437 0.4341134708721154
16 0.2 2.5075 1.5970246313607992 0.3574733568727357 1.408035972105652 0.3829610203896756
16 0.2 7.003 0.0 0.0 0.0 0.0
16 0.22 5.005 0.6611810027481718 0.10595849402847987 0.0 0.014489927551992349
16 0.24 5.5045 1.1673913214514966 0.19200515155628833 0.0 0.019744665141752937
16 0.28 3.5065 2.0871150596221524 0.3442155131044389 0.26028451631484834 0.07986769192103685
16 0.28 9.5005 0.0 0.0 0.0 0.0
16 0.32 2.008 1.5009931902743623 0.377218511663951 1.2570794631320252 0.45265239555211395
16 0.32 7.003 0.7815544805444647 0.14366810304205402 0.0 0.013415267434605648
16 0.36 2.008 1.4832897428659841 0.3864479882007321 1.2005566478203422 0.4579469074993772
16 0.36 2.5075 1.3312115042654273 0.3396376383182214 1.3135332399103374 0.4058295538236122
16 0.36 7.003 0.15167184461768252 0.02962340715170162 0.0 0.0
16 0.38 7.5025 0.9989817589836633 0.20140761269912674 0.0 0.013415267434605598
16 0.38 8.002 0.0 0.0 0.0 0.0
16 0.4 5.005 1.061129732823262 0.22106869433823134 0.0 0.04674639930709696
16 0.44 2.008 1.406268976994807 0.39087473741590417 1.1776798696923712 0.46466355411307747
16 0.44 2.5075 1.3736852476951813 0.35825933072732347 1.3678013388168477 0.4130407849198661
16 0.44 7.003 0.533977714714433 0.11919145418559343 0.0 0.0054771708036174815
16 0.46 3.007 1.294514198774366 0.3294736192577529 1.416029484264373 0.3616018302875626
16 0.48 0.01 2.437789957270686 0.6796590679132102 1.1007154174435887 0.06648556984469688
16 0.52 0.01 2.2267619553291143 0.6862559485386878 1.1025815286784322 0.06535777677112715
16 0.52 3.007 1.4776200467625273 0.3919586016938961 1.637289298527803 0.37567058434797124
16 0.54 0.5095 1.8099850653517804 0.6029608064849095 1.1052522785402066 0.3971704422385245
16 0.54 2.008 1.3077580081940146 0.4097101050558456 1.1340353260353033 0.47927179463370223
16 0.54 2.5075 1.222884888879448 0.37308883736823845 1.215131737402952 0.4325418364886986
16 0.54 7.003 0.7076165643573334 0.19228710988147055 0.0 0.033298333478293425
16 0.56 2.008 1.2618913048751101 0.4113679730761153 1.1616869528423508 0.4773627640416567
16 0.56 7.003 0.6993988372804065 0.19869285150239654 0.0 0.037523672794935875
16 0.58 0.01 1.8910189386020766 0.681354629068522 1.1061912903982827 0.057351051509337996
16 0.58 3.007 1.1578920661404442 0.36108464808974433 1.337503752217129 0.3922247437736073
16 0.6 3.007 1.1146462207402419 0.3648881532669239 1.2839045171357515 0.3927456621521082
16 0.62 6.004 1.0093866510688312 0.33203508258827397 0.0 0.0964464757398299
16 0.62 6.5035 1.014060023071247 0.33357237601046413 0.0 0.07684254129985177
16 0.62 8.5015 0.4556514642429681 0.14988535008006595 0.0 0.03329833347829337
16 0.64 3.007 1.0071187748290509 0.3634337430733567 1.2038902981465418 0.4041788674919846
16 0.66 9.5005 0.5291019907246292 0.19452279070964687 0.0 0.03096914608625367
16 0.68 5.005 2.00554069200722 0.7580006391588464 2.7637293201632644 0.21956982852966458
16 0.7 0.5095 1.2240900994824557 0.6004977782349014 1.090588714640144 0.36820549422062526
16 0.7 2.008 1.0126533717801245 0.4488787017485615 1.1136023883079742 0.4951524091529303
16 0.7 2.5075 0.9850970717912324 0.42378951965167755 1.1354546318042142 0.4706495181497754
16 0.72 3.007 0.8942170149075991 0.4019465128796 1.1585586934575198 0.44097958355117006
16 0.74 6.004 1.1050700320712716 0.5211918368715899 2.1070947875222745 0.21684842235308485
16 0.74 6.5035 1.8829646759304517 0.8963146309753952 3.0807387165398805 0.17450458643710023
16 0.74 8.5015 0.8005350733419311 0.38487263141429545 0.0 0.10003944233701721
16 0.76 4.006 0.7343991110963125 0.3738216854621164 1.200682521194994 0.39210610178725674
16 0.78 5.5045 0.645429059445227 0.3607277898213446 1.3170989065562433 0.2981798687125632
16 0.8 8.5015 0.558106177343465 0.3466400241240461 1.5685082099600236 0.16005640857080447
16 0.82 5.5045 0.5418956933641367 0.36863251911375056 1.1702392986367098 0.3517903639387358
16 0.84 1.5085 0.7070256898760354 0.5333205022772934 1.0873834822214796 0.47400319709325306
16 0.84 3.5065 0.5759040828954929 0.4356728010435442 1.0742268575107252 0.47682648427967267
16 0.84 9.5005 0.7498472029484892 0.5851573078157963 2.547789725914088 0.20249736086277592
16 0.86 7.5025 0.4042666503985584 0.35782181501434046 1.2534526185219559 0.3262571465639215
16 0.88 1.5085 0.592002688279209 0.5453750329560244 1.0826212661620689 0.4590820821798309
16 0.88 3.5065 0.48144152219804115 0.48020957481247095 1.1104222288261993 0.49607209876583824
16 0.88 9.5005 0.3363803992025805 0.34981303769395616 1.186382096188542 0.29339619101816394
16 0.9 8.002 0.32190678296976405 0.4008153087495689 1.1595235738093992 0.39746840216586726
16 0.9 9.001 0.30058490609863714 0.37419280452288894 1.1210733825205552 0.36297155610714804
16 0.94 5.5045 0.2444546267199924 0.49033499392152685 1.0808161835378893 0.49984567947811287
16 0.96 4.006 0.19763405840620046 0.5250260651805184 1.0883981224865213 0.4739528076003836
16 1.0 5.005 0.054142274487939644 0.5746984556229499 1.0614662295239472 0.37645918505618386
16 1.04 5.5045 0.19993159992837983 0.6154181538401543 1.0228750938285047 0.44239618318348434
16 1.06 7.5025 0.30890667384880405 0.6435555705182794 0.9705411399767405 0.4934128919939881
16 1.08 5.005 0.41558078945413796 0.6483252026509869 0.9943296210431344 0.4860321242212178
16 1.1 6.004 0.5058744995165282 0.6322123252672011 0.9357979296287685 0.4998086554503046
16 1.1 6.5035 0.5159948913215445 0.6449936141519742 0.9296399620650201 0.4974028399131135
16 1.12 5.005 0.6264788860731164 0.6523754863804883 0.9418778114168025 0.4996951813828034
16 1.14 4.5055 0.7190985471161327 0.6417951639032174 0.9217473124391772 0.49877399931705696
16 1.16 5.5045 0.8084559137092173 0.6316061825854369 0.8406398664038518 0.46383562854541976
16 1.18 0.5095 1.2992210170307652 0.6262827991040179 1.0684626467050926 0.3561598630206516
16 1.18 1.009 1.0329776781566984 0.6279939357161741 1.0436301131050734 0.42086153066197873
16 1.2 5.5045 0.9526288884804665 0.5953930553002844 0.7521865598154148 0.4096409378670329
16 1.22 6.004 0.9667475793996685 0.5492883973863102 0.6574756696212369 0.3468440205860749
16 1.22 6.5035 0.9475013449700677 0.5383530369149415 0.6073632989175507 0.31524535559391553
16 1.22 8.5015 0.7801665717923963 0.44327646124557474 0.39870363289782407 0.20478466309957133
16 1.24 1.5085 1.2539216848110855 0.6390136032865944 1.001031465219985 0.47668423821940736
16 1.24 3.5065 1.162269806688762 0.6053488576504517 0.8421831362699578 0.47191473330400024
16 1.24 10.0 0.6542476521232183 0.34075398547485725 0.14655368580990102 0.1160336841806473
16 1.26 4.5055 1.2275015622943033 0.5901449818722277 0.7189699792238006 0.3910580193102297
16 1.32 4.5055 1.3996690130315639 0.5467457082160362 0.607671668440522 0.3118543281537544
16 1.34 1.009 1.7565757593301186 0.6280924094517963 0.9950661535453419 0.47254114486817306
16 1.36 2.008 1.814470897128678 0.6296404696396813 0.8985448001818815 0.4911228385361596
16 1.36 2.5075 1.8184776881741003 0.6313528782029543 0.8351820401260467 0.4599826560881166
16 1.36 7.003 0.9949630682548766 0.34547328758848456 0.10902018550877914 0.10307648109299941
16 1.4 1.5085 2.109958561370121 0.6572729731787922 0.945664587136334 0.49964333010194006
16 1.4 3.5065 1.7048749061924444 0.532773408185155 0.6206613517627066 0.32639645582457416
16 1.4 10.0 0.3931957020365431 0.12287365688574824 0.0 0.0054771708036174815
16 1.42 5.005 1.341994015000869 0.3994029806549488 0.24031061279028787 0.15609534281109277
16 1.46 4.006 1.7293308876604723 0.46992687164662417 0.4215018512384336 0.20946455775325243
16 1.46 5.005 1.2954500234795492 0.3520244629040321 0.12427382372509574 0.12415685020911446
16 1.48 7.5025 0.5806767995857597 0.15121791655605266 0.0 0.016429540491321653
16 1.48 8.002 0.17101347037009232 0.044534757911798846 0.0 0.0
16 1.48 9.001 0.266017145871499 0.0692752983977886 0.0 0.010953848645841098
16 1.5 1.009 2.5648778543152173 0.6361211589918528 0.9619982577315875 0.4972941249753433
16 1.52 0.01 4.696902373303385 0.6738346749224673 1.093763318025116 0.09110448672477635
16 1.54 7.5025 0.585787509623057 0.1355989605535712 0.0 0.016429540491321643
16 1.56 8.002 0.4126181048035097 0.0921022555370077 0.0 0.01816299537857033
16 1.56 9.001 0.526919740881408 0.11761601359934033 0.0 0.013415267434605624
16 1.58 4.006 1.7302333666761067 0.37289512212898307 0.1731290096126439 0.12681815199244884
16 1.6 1.5085 2.988949470992471 0.6226396197365202 0.835423779474029 0.4596109394042875
16 1.6 3.5065 1.9157687400339436 0.3991184875070786 0.23138474932822378 0.1523013645624445
16 1.6 9.5005 0.0 0.0 0.0 0.0
16 1.62 4.006 1.8136718541899046 0.36565964801953765 0.07722732910433437 0.1007712064712459
16 1.62 5.005 1.26609269522715 0.2552606240389071 0.040953564294102206 0.04674639930709716
16 1.64 8.002 7.893047485006823E-11 0.0 0.0 0.0
16 1.64 9.001 0.3050292368646422 0.05957602282113936 0.0 0.0
16 1.68 2.008 2.958380298038665 0.5438199077277697 0.6412000639480686 0.33333324603419456
16 1.68 2.5075 2.649442730690006 0.4870299137297774 0.4822130546264845 0.24738989004133458
16 1.68 7.003 0.5792355545496001 0.10647712399730785 0.0 0.009486453504339633
16 1.72 4.5055 1.258419084284463 0.2184755354729672 0.0 0.029483076631447065
16 1.74 9.5005 7.838018195238052E-11 0.0 0.0 0.0
16 1.76 6.004 0.48704229587407005 0.08010564077335018 0.0 0.010953848645841133
16 1.76 8.5015 0.5694817454472408 0.0936647607608144 0.0 0.0
16 1.78 0.01 6.330593413895621 0.6795924251177857 1.0907779388458698 0.1064367620440539
16 1.8 5.5045 0.5687479779831931 0.0888668715618107 0.0 0.0054771708036174885
16 1.82 6.004 0.41629037612988967 0.06345889879864786 0.0 0.0
16 1.82 6.5035 0.7003606808680436 0.10676229891864915 0.0 0.009486453504339624
16 1.82 8.5015 1.1206172360260822E-10 0.0 0.0 0.0
16 1.84 5.005 0.6917066024825476 0.10293253012956553 0.0 0.009486453504339621
16 1.86 0.5095 4.448480654814934 0.6381871708289184 0.9888383947753258 0.4883038124380731
16 1.86 1.009 4.177956327682104 0.6069586855515506 0.8421048547158274 0.4678577254200969
16 1.86 2.5075 2.6324319933858256 0.38262092927141844 0.21670773056581882 0.14278214221910243
16 1.88 0.01 6.99037276222048 0.6869269940975713 1.1135094287950589 0.11245458479845431
16 1.88 3.007 2.2445344172603496 0.3188259115421945 0.046102976537102526 0.08349125878492432
16 1.9 9.5005 0.0 0.0 0.0 0.0
16 1.92 1.009 4.360440676220273 0.5923746718509122 0.8128009680592135 0.4545582578825586
16 1.94 4.006 1.44609658185066 0.19230007737374602 0.0 0.018162995378570364
16 2.0 0.5095 5.239353679798712 0.6500223996665849 0.9698519788398192 0.49756022388023385
16 2.0 2.008 3.598271629241233 0.4497839536551541 0.2942537868310389 0.16984237763713989
16 2.0 2.5075 2.9780280029687303 0.3722535003710913 0.11502307507438685 0.09629374266797246
16 2.0 7.003 0.0 0.0 0.0 0.0
18 0.04 4.5055 1.01803428016991 0.12528939143560558 1.9145586766103198 0.01816299537857032
18 0.04 8.002 1.0361578569013013E-11 3.0425910314702166E-13 0.0 0.0
18 0.04 9.001 1.0361578569013013E-11 3.0425910314702166E-13 0.0 0.0
18 0.06 5.5045 0.3333116988668267 0.06417775853570094 0.7044094010397632 0.005477170803617479
18 0.08 5.5045 6.31233942587664E-12 3.0425910314702166E-13 0.0 0.0
18 0.1 5.005 0.5576236012834079 0.09848388113980526 0.3607113962698003 0.009486453504339635
18 0.12 0.01 5.328497541210217 0.6840898094337702 1.1457241191163643 0.08814062635274157
18 0.16 3.5065 2.966257072446818 0.32431534056871514 0.8110739790065847 0.06136570331429217
18 0.16 9.5005 7.200253274024631E-12 3.0425910314702166E-13 0.0 0.0
18 0.18 3.5065 1.8177885974417052 0.23178189938443206 0.25603959488791944 0.04769511979448684
18 0.18 9.5005 1.2179083143548026E-11 3.0425910314702166E-13 0.0 0.0
18 0.22 1.5085 2.2115443343966077 0.4359160389968792 1.1507103768634028 0.4784425184631341
18 0.22 3.5065 2.14049894483821 0.300874988390405 0.08880809441036937 0.05102170193535254
18 0.22 9.5005 1.9558948381754223E-11 3.0425910314702166E-13 0.0 0.0
18 0.24 4.006 1.9207962019284408 0.28081815817546874 0.0 0.02190375315675205
18 0.26 2.008 1.7677451372857467 0.37917848651054553 1.2351970050517205 0.4437143126105643
18 0.28 7.5025 0.44517800663330925 0.06870030966430093 0.0 0.0
18 0.3 2.008 1.6970396104338923 0.37584456376937153 1.2265555737980738 0.44556586802657877
18 0.34 5.5045 1.1228166994011326 0.18902638037028077 0.0 0.02948307663144709
18 0.38 0.01 3.5491401623888006 0.67941956462371 1.149120969730366 0.07226679926592683
18 0.4 3.5065 2.3086363944282966 0.4186957875838413 0.22072336378759383 0.11974324665055867
18 0.4 9.5005 4.213881411470546E-11 3.0425910314702166E-13 0.0 0.0
18 0.42 2.008 1.577778394782099 0.38461981945333 1.1950425228498351 0.4593792387008326
18 0.42 2.5075 1.5294593731358688 0.34717841662900834 1.3515869485136942 0.40459337497634207
18 0.44 6.004 0.8348189039070267 0.16563867141004696 0.0 0.016429540491321618
18 0.44 8.5015 0.5377317012250544 0.10669279784937631 0.0 0.009486453504339616
18 0.46 5.005 1.6826454044912702 0.34622333425867885 0.0 0.047381009390350406
18 0.48 1.009 2.023266802812827 0.5278127541439778 1.1502400617882327 0.4893740904235673
18 0.5 0.5095 2.3706098084702423 0.6216907785268173 1.1680425075483682 0.405743162428877
18 0.5 2.008 1.5517032351507336 0.40442901249674773 1.1688699526053339 0.47435444556112694
18 0.5 2.5075 1.4309668705625895 0.36508040531504976 1.2594316347610188 0.42788743047685684
18 0.54 6.004 0.9460141049430087 0.22850582245197656 0.0 0.04893121762063837
18 0.54 6.5035 1.2383009977594819 0.2991065212039777 0.0 0.04577784446988188
18 0.54 8.5015 0.422243548857286 0.1019911953815322 0.0 0.015490151729404746
18 0.58 1.009 1.7341408914536895 0.5416269097465337 1.1632199853266232 0.4791288178576522
18 0.6 5.005 1.4595232333978936 0.40268235202871905 0.10602281874137898 0.13306052251706613
18 0.62 5.5045 1.3626303208405903 0.39842991837564246 0.0 0.11297320953700425
18 0.64 5.005 1.6321493794050075 0.4976968543366893 0.3707582363357488 0.16817176602577366
18 0.68 3.5065 1.017673018127088 0.35865505427689204 1.1898061478646098 0.37357560003381185
18 0.68 9.5005 0.6465920454677889 0.22451112690101896 0.0 0.04273955350341174
18 0.7 6.004 1.4509088781814787 0.533419734565615 0.9762734129294196 0.1730477059972298
18 0.7 6.5035 0.9925916621616266 0.36762654154096247 0.04983798613756537 0.143885000869464
18 0.7 8.5015 1.0126779224299307 0.37506589719588374 0.0 0.07949600244741785
18 0.72 5.005 0.8485910646350887 0.3326120612380095 1.567591858089708 0.27338878945678413
18 0.74 5.5045 1.2707097224256803 0.5324551496234317 2.4861503757816648 0.2496940861155962
18 0.76 1.5085 1.0364526206182891 0.5109506617862593 1.1495871941080158 0.48802459197012893
18 0.8 5.5045 0.638025645467613 0.3488382903117956 1.251069809026 0.3284737444173763
18 0.84 7.5025 0.5027051464996256 0.3459644496819486 1.1915184000354189 0.2857101122005386
18 0.84 8.002 0.5151948787785934 0.3557653945945671 1.3915349514805797 0.258041810289648
18 0.84 9.001 0.5673399675462832 0.3932116207865857 1.879105449737533 0.21895499605326565
18 0.88 7.5025 0.4223108022929492 0.3879108298360676 1.1431246251053526 0.37020553953985647
18 0.88 8.002 0.4162778487540674 0.3832075413231693 1.1715108057115025 0.35314868268906485
18 0.88 9.001 0.37695591807697315 0.3476323000560968 1.204298530157941 0.31635014658738836
18 0.9 0.01 1.0281130549014914 0.6878428307436233 1.1524379821632882 0.048317159011974
18 0.9 3.007 0.4818901395602138 0.5149152882842092 1.1140595137434235 0.4955320192775539
18 0.92 0.5095 0.6824601825763915 0.6374134448689085 1.1387796475475407 0.2912731769599317
18 0.92 2.008 0.4588106828170851 0.5619040464857085 1.133945909126141 0.4491008206682201
18 0.92 2.5075 0.42996736497934696 0.5432369283653024 1.123799812507728 0.4675969905530553
18 0.98 2.008 0.260211997695759 0.5844158030363028 1.1104232828736715 0.3599031742329568
18 1.0 1.5085 0.3192317869997358 0.6152003343757991 1.1135919417263607 0.30866965796702056
18 1.0 3.5065 0.10549981611412412 0.6015198557627899 1.1075652972337422 0.3301190978050321
18 1.02 2.008 0.2501186998836919 0.6140944096702665 1.108750267587026 0.33927408529678793
18 1.02 2.5075 0.19254539708587648 0.616133255036358 1.1099136292359602 0.3453111398811439
18 1.08 1.5085 0.5447780630179924 0.6320766165784506 1.0986298821555944 0.3774004977701134
18 1.08 3.5065 0.47290889397204255 0.6512932762749665 1.0717402625439691 0.4509312651065673
18 1.12 3.5065 0.7120582203658039 0.6580248121288319 1.0474950293729657 0.4880379655693597
18 1.12 9.5005 0.6256034751825654 0.5792624770205456 0.7725587007793668 0.4023315138364173
18 1.16 4.006 0.931539259530314 0.6469022635636554 0.9578023620924228 0.4980108336188062
18 1.18 6.004 0.9760013614207277 0.602469976185258 0.8060856822873608 0.41750657493919824
18 1.18 6.5035 0.961045637480024 0.5932380478271541 0.7453315292674896 0.3907469672289378
18 1.22 5.5045 1.107864437765106 0.5595274938200034 0.7499503495280333 0.37601277886818907
18 1.24 7.5025 1.0729824230157017 0.49675112176726344 0.46734325195356163 0.21262183690436434
18 1.24 8.002 1.1123703902933861 0.5149862918010025 0.3864129104733555 0.1923770246630442
18 1.24 9.001 0.857904654754325 0.3971780809055381 0.2572934612732858 0.13993213853108313
18 1.26 3.007 1.5324413658944223 0.6548894726048051 0.9240608130350053 0.4828391645362254
18 1.28 2.008 1.659581468633789 0.6573156537047677 1.0009900391061903 0.49995651909419353
18 1.3 4.006 1.594605551384996 0.5905946486616879 0.7528045397489268 0.3776089402323517
18 1.3 5.005 1.4654118798191433 0.5427451406731808 0.6403205400251194 0.29994849212325597
18 1.34 6.5035 1.1561199234587007 0.3778169684568676 0.19416650123344784 0.12704675790606074
18 1.38 4.006 1.6897306244812513 0.49407328201098516 0.5985854374493249 0.2811761688255827
18 1.38 5.005 1.6463885862102319 0.4814001714047183 0.39345479443540676 0.1950185931779064
18 1.4 7.5025 0.8758679873419392 0.24329666315651227 0.0 0.04800715627477234
18 1.4 8.002 0.6247016142935612 0.1735282261999359 0.0 0.04021681024652763
18 1.4 9.001 0.7127496877367144 0.19798602438515464 0.0 0.03547428668770546
18 1.42 1.5085 2.4400818221700775 0.64493242415649 0.9653639422057216 0.498921303739488
18 1.42 3.5065 2.0293290903745316 0.536859547718106 0.6333498995494301 0.30418265770357844
18 1.44 2.008 2.4259003831582286 0.6125736947666351 0.8765737879024315 0.4646039190269013
18 1.44 2.5075 2.4647466421746977 0.6224107682258304 0.8017527243198213 0.4097248995224021
18 1.46 1.5085 2.688245682727509 0.6490010551142891 0.9570311432743939 0.49382919301723605
18 1.48 0.01 4.28838451838928 0.6832627326227274 1.1535273685579448 0.08023761474856657
18 1.48 3.007 2.3526347382518296 0.544591374595392 0.6387286318452793 0.30996510083488166
18 1.5 9.5005 0.26302283290378103 0.05844951841770566 0.0 0.009486453504339614
18 1.52 0.5095 3.182824757815962 0.6594620207626211 1.0873974250037939 0.43682170505384
18 1.52 1.009 3.114199226642392 0.6639441400657251 1.0090827360647723 0.49846774353891904
18 1.56 0.01 4.763651324547894 0.6817194763327086 1.1360938300889747 0.0883079816243328
18 1.56 3.007 2.435757986236361 0.48328531472957476 0.5505361078626497 0.24585553392725032
18 1.6 7.5025 0.27548807155026706 0.05101630954884726 0.0 0.0
18 1.6 8.002 0.1719543301687541 0.03184339446646209 0.0 0.007745773043537921
18 1.62 1.5085 3.5118456229463297 0.6292905038151299 0.8483665623925238 0.4504122770622271
18 1.64 0.01 5.32807688552115 0.67859227472531 1.1226319596942185 0.08897415376154413
18 1.64 3.007 2.6622567665224635 0.46219735529820644 0.4173668924143483 0.18873824065591424
18 1.66 5.005 0.8761286295458003 0.14749640230669633 0.0 0.02948307663144699
18 1.68 8.5015 1.2730872350973117E-10 0.0 0.0 0.0
18 1.7 4.006 1.7450172359088294 0.27698686283078006 0.0 0.07123230489463472
18 1.76 5.5045 0.922747612343752 0.13490462168318565 0.0 0.007745773043537941
18 1.78 0.5095 4.709662833452146 0.6644513945767212 1.050291893899033 0.4805954322780216
18 1.78 1.009 4.562120622386043 0.6498038929812683 0.9237503662371518 0.4812694920136575
18 1.78 2.5075 2.9935373177818594 0.4264298173467332 0.37520676516687385 0.1861415824581986
18 1.82 5.5045 9.428355093626366E-11 5.325788642968231E-12 0.0 0.0
18 1.84 1.5085 4.371819974445237 0.5782830654030299 0.7194666728769238 0.3639917294756941
18 1.84 3.5065 2.437501853166534 0.3224208800485311 0.0 0.05131332058986171
18 1.84 9.5005 1.9341006899949089E-10 0.0 0.0 0.0
18 1.86 6.004 5.579532191814682E-11 0.0 0.0 0.0
18 1.86 6.5035 5.579532191814682E-11 0.0 0.0 0.0
18 1.86 8.5015 0.24806531425049788 0.03204978220532002 0.0 0.005477170803617484
18 1.92 6.5035 1.4424233534553285E-10 0.0 0.0 0.0
18 1.92 9.5005 1.4424233534553285E-10 0.0 0.0 0.0
18 1.94 1.5085 4.468745314507793 0.5282204863473771 0.6416511443303402 0.32170808547466906
18 1.96 3.5065 2.4201716514683507 0.2801124596658408 0.0 0.030481870164767465
18 1.96 9.5005 1.359112874095853E-10 0.0 0.0 0.0
18 2.0 6.004 0.0 0.0 0.0 0.0
18 2.0 6.5035 0.0 5.325788642968231E-12 0.0 0.0
18 2.0 8.5015 0.0 0.0 0.0 0.0
20 0.0 2.008 3.320208515433772 0.33202085154337724 0.9747174365164534 0.16942646827594343
20 0.02 2.008 2.9090342266595712 0.3518848455266566 1.0550586598075289 0.25598926678292433
20 0.04 3.007 2.019996009965746 0.27909216591514807 1.322074646620172 0.18976532875739574
20 0.06 4.006 2.8844036943167923 0.20808181660167574 2.1676407719625908 0.044453340025253724
20 0.1 3.5065 1.2954445953968259 0.18127284447516853 0.805371392091208 0.039843290846003805
20 0.1 9.5005 1.3885168585766126E-11 6.292187458989999E-13 0.0 0.0
20 0.12 1.009 3.904826717123987 0.5282861256303356 1.2081712703146674 0.48908919602197815
20 0.14 4.006 2.0834185259836713 0.24111597360511874 0.11641027312567132 0.03144884433329325
20 0.16 7.5025 0.41482451629675615 0.04938387098897409 0.0 0.0054771708036174885
20 0.18 7.5025 1.2997154682267312E-11 6.292187458989999E-13 0.0 0.0
20 0.18 8.002 1.9646623360070002E-11 0.0 0.0 0.0
20 0.2 5.5045 0.8509436243179725 0.10636795303962096 0.0 0.014489927551992307
20 0.22 7.5025 2.510698453122818E-11 6.292187458989999E-13 0.0 0.0
20 0.22 8.002 2.510698453122818E-11 6.292187458989999E-13 0.0 0.0
20 0.28 0.01 4.822824451969798 0.6885319147126292 1.191989721092096 0.0779910711244872
20 0.34 4.006 1.6181220376967353 0.24517000571179137 0.0 0.06184895268180016
20 0.36 5.5045 1.2950119320951656 0.20234561438960424 0.0 0.01642954049132165
20 0.38 0.5095 3.468088844546904 0.6262765915941237 1.2140856172263712 0.4385777721611621
20 0.38 1.009 2.726567302023471 0.5346255070653086 1.1970924286719746 0.49712523242585405
20 0.4 7.5025 0.7224039730373683 0.1204006621730161 0.0 0.012246591372295935
20 0.4 8.002 0.2999502324254618 0.04999170539964062 0.0 0.0
20 0.42 8.5015 0.24990839893834665 0.043087654983267616 0.0 0.0
20 0.44 5.5045 1.0225560439524748 0.18259929356280524 0.0 0.029483076631446874
20 0.46 1.5085 2.0475016418038785 0.4584380015193119 1.2200179236225772 0.4962628043502206
20 0.46 3.5065 4.045979327280738 0.6772866700596032 3.5127390429566256 0.28064607621263976
20 0.46 9.5005 0.19603533163489592 0.03630283919098906 0.0 0.0
20 0.48 6.5035 1.4630339143089368 0.2813526758332815 0.0 0.028970723276090113
20 0.48 9.5005 0.3408015633555146 0.06553876218365771 0.0 0.010953848645841126
20 0.5 6.004 1.1425154006168439 0.22850308012330883 0.0 0.03329833347829327
20 0.5 8.5015 0.0 6.292187458989999E-13 0.0 0.0
20 0.52 3.5065 3.8429439441203814 0.7362618270144338 3.5488840555924854 0.2997483304830137
20 0.52 9.5005 0.20980257907587457 0.043708870641712035 0.0 0.0
20 0.54 5.5045 1.8685720096735539 0.40621130645118825 0.0 0.0701822430926276
20 0.58 9.5005 0.26864248587918754 0.0639624966435867 0.0 0.00774577304353792
20 0.6 3.5065 1.2839718778353664 0.3352344598606252 1.4127225450700727 0.33721653365877086
20 0.6 9.5005 0.3520474171986163 0.08801185429605979 0.0 0.012246591372295898
20 0.62 4.006 1.223636409850243 0.32471563415187715 1.3635675462943944 0.28819300748719756
20 0.64 3.5065 1.2009279374740252 0.3451590845043614 1.3073168480779256 0.35266691634648173
20 0.64 9.5005 0.591471870461882 0.16429774178907058 0.0 0.018162995378570385
20 0.68 7.5025 0.9568988289181727 0.29903088403576794 0.0 0.08437217144764372
20 0.7 5.5045 2.0771168569920166 0.6781732691039454 3.043894098837904 0.20072716481361358
20 0.72 3.5065 1.0603675391286738 0.3847969776641608 1.1902333010927808 0.4095359121455813
20 0.72 9.5005 0.8434773949313378 0.3012419267634927 0.0 0.05863558748206121
20 0.74 4.006 0.9952334745322134 0.382009606466634 1.2742484557312492 0.37784311833661044
20 0.76 4.5055 0.8621495895405736 0.35753708308637017 1.289513101714044 0.35509246516735743
20 0.76 9.001 0.9009541914214881 0.37539757975611393 0.0 0.10378592383832415
20 0.8 4.006 0.8252817633997888 0.40966612260137336 1.2316666442979527 0.4292575793345498
20 0.84 0.01 1.0480392066060396 0.6894121197863797 1.1971254197008432 0.04343324574457864
20 0.86 0.5095 0.8743392408792641 0.6449724289346458 1.1782741717772809 0.29667991089372464
20 0.86 1.009 0.8244719296427606 0.5985447850529279 1.1757268068055724 0.39420405637524764
20 0.86 2.008 0.7671688336796764 0.5470633683958043 1.157344941750183 0.4809638910392545
20 0.86 2.5075 0.7278944529457876 0.5160089195568263 1.1877421017498506 0.4957040763639428
20 0.88 0.01 0.8979843756220565 0.6810265067783556 1.192925039884359 0.04021681024652767
20 0.92 6.004 0.4014084126207378 0.49787125347495725 1.2133486078806863 0.4924017070990743
20 0.92 8.5015 0.3437407451123829 0.4289683785957955 1.2268429988240515 0.4456727403575521
20 0.94 2.008 0.40520035154759987 0.590359487051291 1.176798453700102 0.41131026278530175
20 0.96 4.5055 0.2445874431157301 0.5840118749627513 1.1797543402231392 0.45613680341952073
20 1.0 7.5025 0.010953848645841155 0.6108661810770961 1.1454257721740004 0.28527877011181474
20 1.0 8.002 0.0 0.6091700709329572 1.158846354017594 0.28350008728936943
20 1.0 9.001 0.007745773043537915 0.6157411814267428 1.161458249321579 0.28699836730519007
20 1.04 2.008 0.3292562918739349 0.6456576941977784 1.1766526406559101 0.3292982358719903
20 1.06 0.5095 0.7408866120119101 0.6490971877998495 1.1684007581175695 0.24938154262274634
20 1.06 2.008 0.4276627813137773 0.6447193030880474 1.1493627320899602 0.36125769051317214
20 1.06 2.5075 0.3985491618305721 0.6323461335753143 1.1484446862656508 0.38217840261571145
20 1.08 7.5025 0.5203314149939331 0.6504142687413923 1.010164397305209 0.4999064898408464
20 1.08 8.002 0.5160754860643411 0.6450943575818433 1.0086638776992551 0.4986240116467261
20 1.08 9.001 0.5171708107893541 0.6464635134869124 0.9776289311430358 0.49151383641745505
20 1.12 7.5025 0.772603935134442 0.6438366126115074 0.9244213309540962 0.45977781175902555
20 1.14 4.006 0.8936799186735787 0.638342799052522 1.0274913699520785 0.4997678181628263
20 1.14 5.005 0.8792088632833522 0.6280063309166256 0.9763617769389893 0.4924017070990716
20 1.2 2.008 1.3625573674504599 0.6785218549678433 1.0832156772649788 0.48059543227802337
20 1.24 0.01 2.475676758856344 0.688016378489859 1.1877117193119069 0.05656613919438851
20 1.24 3.007 1.566680187726956 0.6527401314531108 0.9837840122118969 0.49161435129747255
20 1.26 5.005 1.4385541334644447 0.553290051332406 0.7301510595081842 0.3489806525430872
20 1.3 1.5085 1.9770269970096928 0.6581076495702174 1.066862894219914 0.49089784094177447
20 1.32 5.005 1.5679062790206917 0.48997071219413507 0.6010106555080075 0.27070558767691627
20 1.38 1.5085 2.5599230481086055 0.6733937147937596 1.0257074295592779 0.49999036055347285
20 1.4 0.01 3.6360852151713114 0.6898832625089739 1.193986221509336 0.07102355987662334
20 1.4 3.007 2.2568732454211435 0.5642183113553142 0.7862703582819863 0.37784311833660944
20 1.42 7.5025 1.0058025502498273 0.23947679768189903 0.0 0.04478816853367397
20 1.42 8.002 0.9415445412465439 0.22417727171288981 0.0 0.037122896158320345
20 1.42 9.001 0.4259746868271413 0.10142254447962201 0.0 0.01642954049132162
20 1.46 4.5055 1.961794212189528 0.42647700265088456 0.35195936536882616 0.15444237754026857
20 1.46 8.002 1.2012841945736727 0.2611487379331376 0.0 0.02190375315675214
20 1.46 9.001 0.5155813267580005 0.11208289709483 0.0 0.012246591372295904
20 1.48 1.009 3.1813029378127764 0.6613689265031385 1.0606970093026398 0.4948052023039815
20 1.52 6.004 1.3511434650787841 0.25983528173490544 0.0 0.03870096927273716
20 1.52 6.5035 0.9884036984538046 0.19007763431079713 0.0 0.02998664716485931
20 1.52 8.5015 0.29175197505910994 0.0561061490565709 0.0 0.0
20 1.54 0.5095 3.697721001539111 0.6735847519084482 1.117031139881015 0.4374879154691211
20 1.54 1.009 3.579617221397524 0.6620398799435208 1.0345569520974613 0.4993429821432662
20 1.54 2.5075 3.0245415105713427 0.5601002797352489 0.7296460974830209 0.3415013696772968
20 1.56 1.009 3.7915164234159255 0.676453848774198 1.0334705973557483 0.49993336427597856
20 1.58 4.5055 1.7906728806411243 0.3087367035590248 0.06063349681921643 0.0791225214304881
20 1.6 0.01 5.084585286032616 0.6851025772827464 1.1826057114765767 0.09029127574957475
20 1.62 4.5055 1.6134087006023767 0.2602272097753668 0.0 0.06581125427808143
20 1.62 8.002 0.30299200779280977 0.04886967867524914 0.0 0.005477170803617486
20 1.62 9.001 0.304707276395519 0.04914633487863595 0.0 0.0054771708036174815
20 1.64 1.009 4.265403708288375 0.6660490399869154 1.0121958193952076 0.4980642507444543
20 1.66 1.5085 4.072824921740111 0.6170946851121492 0.8587876433003306 0.4357636574317849
20 1.66 3.5065 2.3671855598887244 0.3586644787703998 0.23964323529506057 0.12612967698455257
20 1.68 5.5045 0.9860322159279492 0.14500473763795124 0.0 0.019744665141752833
20 1.7 1.5085 4.048774246967075 0.5783963209952698 0.8662691157072815 0.42275195202815397
20 1.72 4.006 2.016344303192409 0.2800478198874756 0.0 0.05989220425027065
20 1.72 5.005 1.5921448705380314 0.22113123202692508 0.0 0.02625891857693029
20 1.76 4.006 1.9907941199443935 0.2619465947299403 0.029483076631447044 0.051021701935352416
20 1.78 6.004 0.6204638476686779 0.07954664715251386 0.0 0.0
20 1.78 6.5035 0.19451760331607562 0.02493815426247749 0.0 0.005477170803617481
20 1.78 8.5015 1.5547109968014313E-10 0.0 0.0 0.0
20 1.8 2.008 4.119195840201184 0.5148994800252662 0.6051871436658754 0.26324759660990027
20 1.82 4.006 1.7456044919772329 0.21287859658768754 0.0 0.04203432920251094
20 1.84 7.5025 0.41251908950834476 0.04910941541921066 0.0 0.0
20 1.84 8.002 9.653874549043748E-11 6.020026937418675E-12 0.0 0.0
20 1.84 9.001 1.6841422337570133E-10 0.0 0.0 0.0
20 1.86 5.5045 0.6513240301612623 0.07573535234443333 0.0 0.0
20 1.88 3.5065 2.3857879137057147 0.27111226291884144 0.0 0.047695119794486915
20 1.88 9.5005 1.650127667158614E-10 0.0 0.0 0.0
20 1.94 4.5055 0.5909862940696654 0.06287088234348534 0.0 0.009486453504339635
20 1.94 9.001 1.66945390274772E-10 0.0 0.0 0.0
20 1.96 7.5025 1.6652189183599153E-10 0.0 0.0 0.0
20 1.98 0.5095 6.45264362063374 0.6572390046545475 1.064016181936187 0.4960150967858177
20 1.98 2.008 4.251682778456694 0.4338451814751778 0.4469394659135499 0.18426076138589156
20 1.98 2.5075 3.6068800130394076 0.36804898092455124 0.17496871596261748 0.10766859234271045
20 2.0 5.5045 0.0 0.0 0.0 0.0
