10 0.0 0.5095 3.0086956270478113 0.6017391254095623 0.9863879550068598 0.4950975044712265
10 0.0 1.009 2.4347713869824705 0.48695427739649355 0.9458184348773219 0.4488802931797317
10 0.0 2.5075 0.9488865999276628 0.189777319985541 0.7388528258551875 0.1827399512087638
10 0.02 0.5095 2.8517275921199863 0.603018969288655 0.9738417545536092 0.4916199174635894
10 0.02 1.009 2.240450458783912 0.49060287800653624 0.9193844679409456 0.4663454682556038
10 0.02 2.5075 0.9731064218257659 0.23025487001484213 0.797029824762936 0.22696366247763533
10 0.08 0.01 2.850287579763386 0.655644593089617 0.9408745403230145 0.08947042221894626
10 0.1 1.5085 1.3317334361392523 0.3979631189962656 0.8938730161326636 0.45814388873338885
10 0.1 10.0 5.156648959870669E-12 4.726469128334501E-13 0.0 0.0
10 0.12 5.005 1.0372702987884654 0.1220267380441937 1.0687803272022591 0.0447881685336743
10 0.16 4.5055 1.3826306209759116 0.22636521520354752 1.3113571439422345 0.09191025800602615
10 0.16 8.002 4.1465573618982044E-12 4.726469128334501E-13 0.0 0.0
10 0.16 9.001 4.1465573618982044E-12 4.726469128334501E-13 0.0 0.0
10 0.18 4.5055 1.3172370146393655 0.22276673428444008 0.8588276814342066 0.07185482635057955
10 0.18 9.001 4.101917544955907E-12 4.726469128334501E-13 0.0 0.0054771708036174885
10 0.22 4.5055 0.8973408562605024 0.19331232719853242 0.34720901555562445 0.037920190148249204
10 0.22 9.001 7.559310269640195E-12 4.726469128334501E-13 0.0 0.0054771708036174815
10 0.24 0.5095 1.608030685493693 0.5678263194932005 0.9301537440730755 0.4339590534060371
10 0.24 2.008 1.0159498348615483 0.3862365639747268 1.0089940724866708 0.46098541470091586
10 0.24 2.5075 1.0636009948382175 0.3684601368756562 1.1317013217175882 0.4097248995224004
10 0.24 7.003 1.0268689656675968E-11 4.726469128334501E-13 0.0 0.0
10 0.26 6.004 0.3653218246809318 0.09873562829430839 0.0 0.009486453504339626
10 0.26 6.5035 0.3087864311619381 0.08345579220590305 0.0 0.012246591372295956
10 0.26 8.5015 1.15142215994325E-11 4.726469128334501E-13 0.0 0.0054771708036174885
10 0.28 3.007 1.5715592095085653 0.4017392144318299 1.4934886673363534 0.3439551554667721
10 0.3 6.004 0.5437066528527669 0.1551990801560852 0.014489927551992342 0.020489699895458253
10 0.3 6.5035 0.4712221145450725 0.13463488986936267 0.0 0.017317996446759406
10 0.3 8.5015 9.862633223637436E-12 4.726469128334501E-13 0.0 0.010953848645841143
10 0.32 5.5045 0.46716306308220934 0.1374009009059199 0.0 0.01816299537857042
10 0.38 5.005 0.7337254330971951 0.23363183515214575 0.05217829505455095 0.04058687013541666
10 0.4 4.5055 1.039044671761947 0.33111128890916836 0.25186182674015856 0.07893510115116226
10 0.4 9.001 0.3182397608666939 0.10607992029026792 0.0 0.012246591372295945
10 0.42 6.004 0.7102283129675987 0.24490631481642516 0.0 0.03792019014824929
10 0.42 6.5035 0.5431396366731746 0.18728952988706088 0.0 0.018970345313988324
10 0.46 10.0 0.19557389234278313 0.07243477494309944 0.0 0.00774577304353794
10 0.48 1.5085 0.8734660070633511 0.4305693507269409 0.9308551978472854 0.49982441017376916
10 0.48 3.5065 1.5340002384720257 0.5175327356063988 1.5756582487352249 0.2947986286519444
10 0.5 6.5035 0.5304414969621595 0.21217659878484496 0.0 0.045450366808803024
10 0.5 9.5005 0.07139107110955117 0.028556428443745726 0.0 0.009486453504339635
10 0.52 1.5085 0.8401738310970633 0.42843618892552715 0.9268166308289482 0.4999389386320734
10 0.52 10.0 0.21969977467376836 0.09154157278029912 0.0 0.015490151729404768
10 0.56 5.5045 0.788962051172701 0.35604721160145675 0.09948075109176105 0.089635214379675
10 0.58 1.5085 0.7965320974573985 0.43422399440949455 0.9168601103459069 0.4999215618817663
10 0.58 3.5065 0.9119998228342784 0.39919298224480493 1.31671236245138 0.3424932451994205
10 0.58 10.0 0.20029680390747295 0.09537943043177878 0.0 0.012246591372295904
10 0.6 1.5085 0.7873647237868273 0.439705169612898 0.9221466527215625 0.5000073704219721
10 0.6 10.0 0.28916589268612214 0.14458294634518423 0.0 0.018162995378570315
10 0.64 1.5085 0.7443571835109303 0.43771996968221766 0.9122912957561138 0.49991301505337554
10 0.64 10.0 0.3103025449701454 0.17239030276027495 0.0 0.02568211448502375
10 0.66 0.01 1.2969396094552332 0.6573605929145202 0.9364460016809526 0.0675942158112192
10 0.66 3.007 0.6511315368328455 0.3724148418680335 1.0449017975487929 0.4142427835985599
10 0.68 4.5055 0.7894759075899357 0.46464813671449684 1.411216326536477 0.27553588389709044
10 0.68 8.002 0.4691346351576327 0.2932091469738788 0.0 0.07606698455503386
10 0.68 9.001 0.43573028770814465 0.2723314298181364 0.0 0.056828997046374626
10 0.72 1.5085 0.6666269284010806 0.45566385523325903 0.8878239281774133 0.4995289861037369
10 0.72 10.0 0.559280969240033 0.3983868777741631 0.7203095154485972 0.06890061703641823
10 0.78 0.5095 0.8862164406674419 0.5444078964046171 0.8790851557428634 0.4029720290143158
10 0.78 2.008 0.5493971032013724 0.4362848202236981 0.8970430360349793 0.4973596227917271
10 0.78 2.5075 0.5118917550866462 0.4172692322837854 0.921837674009361 0.48225287025398383
10 0.82 0.5095 0.9049116948304764 0.5453297509490062 0.8821439161932406 0.4046587113185913
10 0.82 2.008 0.49505139836884476 0.4473755154895152 0.8922765254590346 0.49910310108309813
10 0.82 2.5075 0.4544090643939988 0.42623000991497567 0.9123073640057907 0.4897293764921033
10 0.84 3.007 0.3978755119411537 0.4185942141452543 0.9071833391043377 0.48009250270962045
10 0.88 3.007 0.3338759313469347 0.4350058326702095 0.8916246209108178 0.4924069993429853
10 0.9 4.006 0.25347282499138757 0.42916700693510756 0.8962399396368966 0.48296804362746354
10 0.9 5.005 0.23014941488316143 0.41593621355835597 0.9251169066978797 0.46492528269394756
10 0.92 6.5035 0.17020178263113225 0.4113048614506558 0.9121588817350578 0.45684739754790626
10 0.94 0.5095 0.9892172824005532 0.5508955424667288 0.8717722257469918 0.40164361174597996
10 0.94 1.009 0.6221936627171624 0.5108284338555363 0.8680514825267815 0.4589654687981591
10 0.94 2.5075 0.2820808919083196 0.47303365804172715 0.8669961327638052 0.49706016271811704
10 0.96 6.004 0.10278047675949756 0.453985337690933 0.8663617290852927 0.4981326040209739
10 0.96 8.5015 0.08977689371762267 0.438994903616532 0.8988895626477953 0.48816462868648486
10 0.98 6.004 0.0600754148403435 0.46758296440464914 0.8599861890085587 0.4981352084151139
10 0.98 6.5035 0.055190939913352034 0.4690869862211085 0.8706052672803446 0.49861505179850485
10 0.98 8.5015 0.048460686801287095 0.466074927535332 0.8630260121861802 0.49996743051490566
10 1.0 4.5055 0.08510022609231795 0.49033489932183144 0.8416146012815472 0.4769871319839382
10 1.02 6.004 0.06153399262451174 0.511979544444781 0.8272694652223044 0.48650607926898964
10 1.02 6.5035 0.05691629519431085 0.5119698746536716 0.8376866534397246 0.48639911051149076
10 1.02 8.5015 0.05176078067844564 0.5176078067834426 0.8245489924956324 0.48806468954046456
10 1.04 0.5095 1.115466352224185 0.5515597906544847 0.8684496628490742 0.4099345747434004
10 1.04 1.009 0.6506884134823652 0.5257608313508793 0.8487342247996265 0.4533950687537646
10 1.04 2.5075 0.24138873966740407 0.5109719915733718 0.8345098847657849 0.47949414855616035
10 1.06 1.009 0.6614687050882737 0.524768565760757 0.851510645994056 0.45736605230906646
10 1.08 4.5055 0.22609291694609926 0.5478204717271256 0.8016949720312925 0.49809068612683793
10 1.1 0.01 3.318837151402681 0.652290637904861 0.9326236126143991 0.09629374266797257
10 1.12 4.5055 0.34876778600691805 0.5768731065882253 0.7665567872143849 0.4986859175606369
10 1.12 8.002 0.3521094972392667 0.5868491620659324 0.66056868369414 0.45016609073256025
10 1.12 9.001 0.34259257584372815 0.5709876264057834 0.6100574146536867 0.42076527340223197
10 1.16 0.5095 1.2769399798944545 0.5543016534651704 0.8618406705158062 0.43318361609954165
10 1.16 2.008 0.5058972961430305 0.5412108223410175 0.8059792135067746 0.49516503497815506
10 1.16 2.5075 0.47409126749735364 0.5564358851556788 0.7937669587266535 0.49914417937176464
10 1.16 7.003 0.4532223228435365 0.5665279035542149 0.5933978043108044 0.40886180556964846
10 1.18 7.5025 0.5025117376062619 0.5583463751181748 0.5058307162520261 0.34696857977650214
10 1.18 8.002 0.4594069454009541 0.510452161556811 0.46565026934560294 0.32912676703266996
10 1.2 0.5095 1.3784620638216378 0.5616514300843565 0.8509758129033351 0.440239274068747
10 1.2 1.009 0.8482592025124949 0.5478093835421338 0.8309024834772792 0.4779661109635896
10 1.2 2.5075 0.5968385221423246 0.5742180742035025 0.7732599586878548 0.4999297035113048
10 1.26 4.006 0.7384888406617347 0.567485145062413 0.6311878554745705 0.43513723891860007
10 1.28 6.004 0.6971578088482742 0.49796986346339095 0.3530492781284231 0.2640693747627697
10 1.28 6.5035 0.6656405615879607 0.4754575439915277 0.2784223434379703 0.23132727160375213
10 1.28 8.5015 0.49437900379316235 0.3531278598526107 0.09350588948421906 0.13564154421634503
10 1.3 2.008 0.8897051198230301 0.5794675244231052 0.7527157099489281 0.4968368376851067
10 1.3 7.003 0.6210630634686115 0.414042042312313 0.16052922820727342 0.17426273506135828
10 1.32 4.006 0.8837888830929842 0.5523680519330996 0.5294620586551488 0.3703416598196582
10 1.34 7.5025 0.5409079025250998 0.318181119131922 0.05709062889172611 0.10725962966568267
10 1.34 8.002 0.5624941057926154 0.33087888575965907 0.04273955350341185 0.09094244606546027
10 1.34 9.001 0.5054385659532606 0.2973168035023512 0.026823288486981747 0.0724718888901321
10 1.36 5.5045 0.8047045103350943 0.44705806129727294 0.20980349147178878 0.1912214278028712
10 1.38 2.008 1.1125981142670818 0.5803207648270517 0.7028648717275063 0.48224465414086887
10 1.38 7.003 0.6029816121166177 0.3173587432203783 0.07288029970905362 0.10207460756637188
10 1.42 4.5055 0.9129432366798143 0.43473487460944477 0.24546647973628502 0.2188317729127311
10 1.44 6.004 0.6161250395861542 0.280056836176841 0.06087855894115662 0.11088337815571579
10 1.44 6.5035 0.6707128409611622 0.304869473166085 0.01341526743460558 0.08331392614254454
10 1.44 8.5015 0.3566533423216874 0.16211515560230286 0.0 0.02897072327609009
10 1.48 5.005 0.8155773218117159 0.33982388408760394 0.11491690712721898 0.1369123904317006
10 1.5 7.5025 0.47180426847564694 0.18872170739031413 0.0 0.029483076631446926
10 1.5 8.002 0.4443236526783164 0.17772946107098922 0.0 0.026823288486981605
10 1.5 9.001 0.3383089309988176 0.1353235723993065 0.0 0.017317996446759437
10 1.52 3.5065 1.164044646607865 0.44770947946442224 0.2841505153980797 0.23457490265830958
10 1.52 9.5005 0.22635691741964592 0.08706035285051034 0.0 0.0
10 1.56 4.006 1.0508293060348368 0.3752961807265566 0.13338609404678395 0.1515488381152751
10 1.56 5.005 0.8031185738685656 0.28682806209483463 0.02844911258091899 0.08847501016270795
10 1.58 6.004 0.636103740909649 0.219346117555207 0.0 0.05072838916050844
10 1.58 6.5035 0.5877932310471057 0.20268732105084344 0.0 0.04095356429410229
10 1.58 8.5015 0.26604231700371017 0.09173872999874343 0.0 0.012246591372295952
10 1.6 3.007 1.4200465475952904 0.47334884919842746 0.31481351598100465 0.24880718832503856
10 1.64 4.006 1.0232902399416062 0.31977819998160945 0.06603680483091437 0.11489608866940725
10 1.64 5.005 0.7111586666402593 0.2222370833247033 0.04343324574457837 0.05656613919438861
10 1.7 2.008 1.8290362389975614 0.522535773874149 0.4862553300528742 0.33933902768952534
10 1.7 7.003 0.2560511023303492 0.07315745780807154 0.0 0.009486453504339592
10 1.74 0.01 6.654600025349998 0.6545945343475252 0.9285261464624396 0.13207862490144762
10 1.74 3.007 1.5770888217402823 0.42624022209201795 0.1484812110595447 0.15211361746767288
10 1.78 3.5065 1.269523858933184 0.32551893818858657 0.03831258046328071 0.08437217144764354
10 1.78 9.5005 0.23695688494989903 0.06075817562412851 0.0 0.007745773043537922
10 1.8 0.5095 2.612725363694206 0.5795516716133033 0.8003459059009556 0.4955198877436879
10 1.8 1.009 2.3876308649572584 0.5901302706354657 0.7032956641065045 0.4760624322407034
10 1.8 2.5075 1.5896813154160294 0.39742032885398043 0.2006463553580097 0.19698991638530503
10 1.84 4.5055 0.7977798467598759 0.18994758256542957 0.0 0.02948307663144695
10 1.86 7.5025 0.4217469236239931 0.09808067991083197 0.0 0.005477170803617486
10 1.88 1.5085 2.359155140151906 0.5359938197700703 0.5183233267594873 0.36217387471638485
10 1.88 10.0 4.198956943064143E-11 0.0 0.0 0.0
10 1.9 0.01 7.385858906359092 0.6524812055652701 0.9321784182267671 0.1416699297674845
10 1.9 3.007 1.3254740324241252 0.29454978498310025 0.03547428668770543 0.09659895800824861
10 1.92 7.5025 0.1755899316338174 0.038171724266582406 0.0 0.007745773043537914
10 1.92 8.002 4.210870338148628E-11 0.0 0.0 0.0
10 1.92 9.001 4.210870338148628E-11 0.0 0.0 0.0
10 1.96 4.5055 0.45110447856181507 0.09398009969776829 0.0 0.014489927551992313
10 1.96 8.002 0.17336251481242773 0.03611719058488748 0.0 0.005477170803617487
10 1.96 9.001 3.9450532894549743E-11 0.0 0.0 0.0
10 1.98 1.009 2.824786851822619 0.5742903407650272 0.6470911011710895 0.44502963499732345
12 0.0 6.004 0.19338152999528635 0.0322302549999229 0.6143462375261122 0.052463416553344404
12 0.0 6.5035 0.13042446088829435 0.021737410148469822 0.7031663101786774 0.0516032738453083
12 0.0 8.5015 0.0 6.516781781991952E-13 0.5693374948244683 0.05441699080713109
12 0.02 6.004 0.4054317851042356 0.06729376803674855 0.8244891043628938 0.04131698233669945
12 0.02 6.5035 0.33326050018124087 0.03458507682521562 1.133046999511378 0.025682114485023836
12 0.02 8.5015 0.16035635442381907 6.516781781991952E-13 0.922701869339647 0.010953848645841147
12 0.04 4.006 0.9011348296818983 0.17459649621934362 1.2034948413646551 0.11464167032760296
12 0.06 2.008 1.469462186440534 0.34361127071383324 0.9532401917214244 0.35127450418000117
12 0.06 2.5075 1.256049651389617 0.29581254092238013 0.9411598442127853 0.2854514229972369
12 0.06 7.003 0.11953124236087957 0.021193482688604885 0.0 0.007745773043537935
12 0.08 0.5095 2.9974536414815587 0.6042763442118501 1.0338644086908184 0.48291977390821617
12 0.08 1.009 2.298337236267703 0.5051819118777292 0.9942101036302097 0.4898709743516984
12 0.08 2.5075 1.3464544954093027 0.3221733812545149 1.0704467989422322 0.30748081334353705
12 0.1 4.5055 2.1136396759412572 0.23897384721364198 1.862411436989718 0.06911590432652308
12 0.1 9.001 7.773195927937761E-12 6.516781781991952E-13 0.0 0.005477170803617486
12 0.12 1.5085 1.6580451312269446 0.43290903009199955 0.9933508511790887 0.46179971584321683
12 0.12 3.5065 2.0417791538111647 0.3390478497036285 1.8582473351680133 0.19259279396585813
12 0.12 9.5005 6.526740296243968E-12 6.516781781991952E-13 0.0 0.0054771708036174885
12 0.14 2.008 1.307289828831215 0.37077198051342414 1.006549286467367 0.4197597119222869
12 0.14 7.003 9.869942228442054E-12 6.516781781991952E-13 0.0 0.0077457730435379285
12 0.16 3.007 1.7894807645951287 0.3670371908457962 1.6391376051193762 0.3076346287859668
12 0.18 3.007 1.2675029974862568 0.33115896539171435 1.3777331456393926 0.32802561975164096
12 0.22 3.007 1.686528498389236 0.3734154496493915 1.66393716846061 0.33576572597023674
12 0.24 6.004 9.690157656076406E-12 6.516781781991952E-13 0.0 0.0
12 0.24 8.5015 9.690157656076406E-12 6.516781781991952E-13 0.0 0.0
12 0.26 5.5045 0.552346239915166 0.12350158127154157 0.03946621370857944 0.02257753313920543
12 0.28 5.005 0.7463744167234513 0.1727718557234651 0.0 0.021903753156752165
12 0.3 5.5045 0.7075399823059527 0.1684619005489831 0.0 0.024487670441671033
12 0.34 2.008 1.119306636308695 0.387165300434142 1.1253888052374026 0.46537480798405373
12 0.34 2.5075 1.4257531181541756 0.3976764571432011 1.3332277056430917 0.41583500146945196
12 0.34 7.003 0.3469106272222632 0.08760369374432564 0.0 0.01731799644675947
12 0.38 3.5065 2.748405543756705 0.6172475077764172 2.0517638721821942 0.2083555736913016
12 0.38 9.5005 1.1284212753580244E-11 6.516781781991952E-13 0.0 0.007745773043537941
12 0.4 3.007 2.2600606987262255 0.5388091728105829 1.9950130571314617 0.32881772535959664
12 0.46 4.5055 1.0708450098256344 0.3169704377658937 0.3612323945020307 0.0933425121447714
12 0.48 7.5025 0.23456336386450719 0.07518056534202565 0.0 0.01095384864584114
12 0.48 8.002 0.4606184962211209 0.147634133404464 0.0 0.007745773043537922
12 0.48 9.001 0.34977721541926193 0.11210808187073178 0.0 0.015490151729404805
12 0.52 4.5055 1.55547258972318 0.5148599942411569 0.833461718409771 0.12238795003958795
12 0.52 8.002 0.5280797938699481 0.18336103953513058 0.0 0.02448767044167096
12 0.52 9.001 0.40182526709625105 0.13952266218653564 0.0 0.010953848645841136
12 0.58 7.5025 0.49221202842119693 0.19532223350072636 0.0 0.03671772076749118
12 0.58 8.002 0.5351534010624299 0.21236246073793014 0.0 0.03462039882091997
12 0.58 9.001 0.46634820241936475 0.1850588104894289 0.0 0.014489927551992358
12 0.6 4.5055 1.6209218423591867 0.6338185946667445 1.7269490510916066 0.18012052096434716
12 0.6 8.002 0.4537696308528531 0.18907067952131074 0.0 0.03096914608625379
12 0.6 9.001 0.4669254192553834 0.19455225802387976 0.0 0.024487670441671012
12 0.62 0.5095 1.0387132052108792 0.5648915260821632 0.975527212822334 0.3909623787716061
12 0.62 2.008 0.8718420007090996 0.4138232880857514 1.0083818428868876 0.4848703323102233
12 0.62 2.5075 0.8506585471990279 0.3878589381264014 1.0832990832017089 0.44673462818728804
12 0.62 7.003 0.5301056938972377 0.2325024973231815 0.0 0.05043335270709293
12 0.64 4.5055 1.6095890243416842 0.7046433920793631 1.9962345154000796 0.23218753648777277
12 0.64 8.002 0.6913666021584093 0.32007713062989746 0.0 0.042739553503411694
12 0.64 9.001 0.5009311953336568 0.23191259043283724 0.0 0.03374480423872113
12 0.66 1.009 0.898749026819263 0.5034727961143012 0.9683732885717649 0.4774748079466323
12 0.68 3.007 0.7202934395607683 0.37441032961458587 1.064899611519774 0.41977912703002335
12 0.72 4.5055 0.6414617807795829 0.3632585789192233 1.2223593381143358 0.3082103369176338
12 0.72 8.002 0.6272830837639134 0.373223695112921 0.28635747381615934 0.10279127171923612
12 0.72 9.001 0.5383050118078302 0.3204196498857643 0.0 0.06581125427808147
12 0.74 0.5095 0.9067780958928339 0.5726402901661425 0.9700550710757573 0.38543468244407897
12 0.74 2.008 0.7033040318509767 0.43975135343865424 0.9936215230459468 0.49660527693663603
12 0.74 2.5075 0.670734040534924 0.41639303815993217 1.0093701865628992 0.4776608864523118
12 0.76 5.5045 0.5305571791034304 0.3549674600667611 1.2377345327810272 0.2881930074871974
12 0.78 6.004 0.49848499112860106 0.36595306466174715 1.3566254288279203 0.2733887894567844
12 0.78 6.5035 0.6468413464923423 0.480635958014975 1.5732820571120547 0.25011000172400516
12 0.78 8.5015 0.8018510593148692 0.6066031102791343 1.2158214395946114 0.15069729728096545
12 0.8 2.008 0.6034632350011638 0.46323341137698193 0.9700000586015692 0.4997678181628268
12 0.8 2.5075 0.5607624523250627 0.43581257294504355 0.9749154976652168 0.4913506042472347
12 0.8 7.003 0.5949714940429295 0.4875085700030795 1.6291673675432305 0.2450569198840768
12 0.82 6.004 0.4073050582411309 0.36628381548807853 1.1967795944001003 0.3116662456233287
12 0.82 6.5035 0.4293290307753698 0.39084473958261645 1.2821037931959245 0.2991867654003032
12 0.82 8.5015 0.6225951513933256 0.573800788094064 1.8477029041278774 0.21332279916346192
12 0.84 5.005 0.3888441787463251 0.38882606200993186 1.0399411288341172 0.40168809305110104
12 0.86 3.5065 0.40453029650752925 0.43524190823348685 0.9858187863434043 0.4789223711411874
12 0.86 9.5005 0.31766211612257117 0.3771160843335128 1.3168147423370284 0.253812363579327
12 0.88 5.005 0.31419848165570113 0.41089177676517374 1.0030810446247176 0.4465534709750412
12 0.9 1.5085 0.48233766047380794 0.508233556682539 0.9496664325525221 0.4767696419158274
12 0.9 10.0 0.22145690767997822 0.3676691870700152 1.1400315250207569 0.3370522439927801
12 0.94 6.004 0.17155474967913606 0.45198952700319367 0.9805020952801128 0.4911971955349553
12 0.94 6.5035 0.16551383946023754 0.44478174123001374 0.9628970852990818 0.48799112409372103
12 0.94 8.5015 0.15449183999645688 0.42556671050610523 0.9700002047341065 0.46273958385208364
12 0.96 5.5045 0.12814952421528666 0.4769590976652779 0.95937753373297 0.499767818162826
12 0.98 5.5045 0.07775532144014599 0.4959826971637409 0.9334443571475379 0.4866975153035618
12 1.04 6.004 0.137716893790681 0.5576743065453845 0.8907526687894467 0.47981209764818666
12 1.04 6.5035 0.13752709907067762 0.5706408697728178 0.8882972526343422 0.4822692964618159
12 1.04 8.5015 0.14170130506581155 0.5877395642766732 0.8810606201488548 0.49104816053546635
12 1.06 3.5065 0.22866508692741055 0.5518106704393538 0.8954301260898285 0.47576277759306174
12 1.06 9.5005 0.21643390549893912 0.6012052930524339 0.819772945795103 0.4996129345994566
12 1.1 0.5095 1.1231525007303742 0.5774852069101737 0.9367054150079097 0.38944806500017565
12 1.1 1.009 0.7075861146461433 0.5644251067517395 0.9191285580352212 0.43591546601958275
12 1.12 3.007 0.4378616888255169 0.589860876254788 0.8813071371165921 0.4919286023508905
12 1.14 7.003 0.49888237190385504 0.5939075856000875 0.6988733120234495 0.4456879976640762
12 1.16 6.004 0.5513524387282973 0.5743254570091011 0.7004201152270968 0.44647788143969924
12 1.16 6.5035 0.5605125834797205 0.5838672744581835 0.685999495437891 0.42815916355249517
12 1.16 8.5015 0.5293176364653763 0.5513725379851956 0.5534694986866079 0.3439234997640028
12 1.18 0.01 3.373105070496809 0.6736744906982691 1.0047748475041427 0.09045452272512179
12 1.2 6.004 0.6816394526356732 0.5680328771964036 0.627144289840112 0.38838149238645675
12 1.2 6.5035 0.6485391444114988 0.540449287009531 0.5824197033417834 0.3581000365390722
12 1.2 8.5015 0.6121212660107012 0.5101010550101419 0.38751384899149316 0.25452388471197995
12 1.22 0.5095 1.3771366804593232 0.5835035803907426 0.9235436550817505 0.4150715759845835
12 1.22 2.008 0.8139856368968545 0.5968398673999524 0.8620557703229627 0.4966473564445549
12 1.22 2.5075 0.8055117727593071 0.6028204914169932 0.8300143532490987 0.49991648240990183
12 1.24 5.005 0.7879609989944746 0.5471951381908642 0.6261460978789635 0.38988226113613456
12 1.26 10.0 0.5320923857472937 0.3410848626573602 0.04674639930709714 0.09521748703948686
12 1.28 5.5045 0.9083124694617114 0.5406621842035241 0.4727760722292946 0.28836306660883015
12 1.3 4.5055 1.022899747321416 0.5682776374010144 0.5710524087653274 0.35090946503350606
12 1.32 7.003 0.7965589291060045 0.41487444224265985 0.12955655697162716 0.13733318280641774
12 1.34 0.01 4.2198667558769305 0.6680031860003539 0.997041570336911 0.09583402663057715
12 1.4 5.005 1.0326187684824772 0.430257820201224 0.2064455061536916 0.18050847673562262
12 1.42 3.007 1.3893859563324296 0.5513436334653582 0.6006891181784451 0.3697145876734831
12 1.48 1.5085 1.7560333361781881 0.6060046349305072 0.7952453515581154 0.4895493955279956
12 1.48 3.5065 1.4185942064392878 0.4925674327920792 0.39119528792289093 0.25518218753184013
12 1.48 10.0 0.13985130009308555 0.04855947921046193 0.0 0.005477170803617474
12 1.5 0.01 5.079966741984173 0.659418443979322 0.9914347038856711 0.10766859234271067
12 1.5 3.007 1.5559944892562194 0.5186648297524553 0.48397208530766794 0.3037516560741136
12 1.52 7.5025 0.4680841746871054 0.15002697907225968 0.0 0.01731799644675928
12 1.52 8.002 0.39060877306803715 0.1251951195702665 0.0 0.018970345313988293
12 1.54 3.5065 1.4340182144443103 0.4425982143361261 0.2835575031056401 0.2068437184574823
12 1.54 9.5005 0.13438411661343042 0.04147657921008522 0.0 0.009486453504339628
12 1.56 1.5085 2.0016807454562 0.5943434151479139 0.7406938160511636 0.4728411566870208
12 1.56 10.0 0.48452472748581527 0.1442037879402614 0.0 0.013415267434605698
12 1.58 5.5045 0.8159266040978236 0.23446166783938252 0.0 0.041316982336699386
12 1.6 5.005 0.9662844979237996 0.2684123605349071 0.04610297653710269 0.06063349681921642
12 1.64 1.5085 2.32763720984586 0.6056713539498781 0.7228062313760241 0.446007814404727
12 1.64 10.0 7.87577776246962E-11 0.0 0.0 0.0
12 1.66 4.5055 0.9916489152567157 0.2504163927401133 0.027375993236772766 0.07144042737606048
12 1.72 7.003 0.5876550457691635 0.13603126058532783 0.0 0.017317996446759385
12 1.74 1.009 2.698085300621723 0.6040219791923388 0.7811440073779196 0.48794418774314124
12 1.76 2.008 2.390682141119796 0.5242723993690993 0.4791543783132276 0.29619091347806964
12 1.76 2.5075 2.0361607929147203 0.44652648967570957 0.3139755995502612 0.2086171536512182
12 1.76 7.003 0.622682445190374 0.13655316778732268 0.0 0.005477170803617488
12 1.78 7.5025 0.506813659646506 0.10829351701954266 0.0 0.009486453504339616
12 1.8 6.004 0.6613483859756084 0.13778091373259463 0.0 0.013415267434605584
12 1.8 6.5035 6.218556742350209E-11 0.0 0.0 0.0
12 1.8 8.5015 6.218556742350209E-11 0.0 0.0 0.0
12 1.82 0.5095 3.176630968174495 0.6065568353308933 0.8807249158456693 0.49190675013246865
12 1.82 2.008 2.4314595172726903 0.49419908887732994 0.4024895035331924 0.25824087133887524
12 1.82 2.5075 2.08734686990966 0.4242574938848165 0.2420523392127601 0.18128152519398852
12 1.84 3.007 1.6853049163251987 0.3343858960956459 0.09142767694451548 0.11565579899009314
12 1.86 0.01 7.207642375230212 0.6748695039062127 1.0022811267435576 0.12716089612887674
12 1.88 4.5055 0.8371459851590904 0.15855037596744753 0.0 0.019744665141753014
12 1.88 8.002 4.141150840362351E-11 0.0 0.0 0.0
12 1.88 9.001 4.141150840362351E-11 0.0 0.0 0.0
12 1.9 1.009 3.240363316060874 0.5990955521800991 0.7275866039745472 0.45836649773249794
12 1.92 0.01 7.519193305599183 0.6624878078024227 0.9874878738354311 0.13295180796703326
12 1.94 5.5045 0.6000532143193811 0.1063924138948873 0.0 0.010953848645841148
12 1.96 0.01 7.757991022363252 0.671788360214177 0.9984234359257581 0.13521506155945745
12 1.96 3.007 1.8394448667406347 0.31934806714234887 0.0516032738453087 0.0596430291635339
12 1.98 9.5005 3.500955107664113E-11 0.0 0.0 0.0
14 0.0 5.5045 0.21778089384587473 0.031111556264246276 0.6381999721007616 0.034620398820920294
14 0.02 5.5045 0.7221845571830641 0.09833595928378346 1.1590235480406823 0.03908547586458814
14 0.04 1.5085 2.4488628051653447 0.43544140270136406 1.016223538402718 0.3882841634476455
14 0.04 10.0 4.659352411971446E-12 3.6876341600585214E-13 0.0 0.005477170803617485
14 0.06 6.004 0.6413344721569247 0.07810667755456699 1.0650180870255663 0.015490151729404796
14 0.06 8.5015 5.3912801349204475E-12 3.6876341600585214E-13 0.0 0.005477170803617487
14 0.08 6.004 6.787641942133129E-12 3.6876341600585214E-13 0.0 0.0
14 0.08 6.5035 0.6563880758000202 0.06842904051617886 0.7431775716350918 0.005477170803617484
14 0.08 8.5015 6.787641942133129E-12 3.6876341600585214E-13 0.0 0.0
14 0.1 3.007 1.510867651434051 0.31549685168442704 1.3525618271010496 0.26822035771504277
14 0.12 7.5025 0.7918053365592249 0.07812902347393451 0.6786191450678793 0.0077457730435379225
14 0.12 8.002 1.398498016474216E-11 3.6876341600585214E-13 0.0 0.0
14 0.12 9.001 1.398498016474216E-11 3.6876341600585214E-13 0.0 0.0
14 0.16 5.005 0.3226754587875985 0.05487677870656312 0.0 0.0054771708036174885
14 0.18 5.005 0.8242837586664985 0.1436034422754556 0.0 0.01731799644675946
14 0.2 2.008 1.4525374603029046 0.3879321962212547 1.144671218271905 0.4391673369674423
14 0.2 2.5075 1.7396475519613788 0.3837015018822348 1.5918149579201017 0.38265852957144897
14 0.2 7.003 0.5411532155183032 0.09663450277239403 0.0 0.007745773043537944
14 0.22 5.005 0.5527885509812653 0.10124332435683864 0.0 0.007745773043537936
14 0.24 5.5045 0.7711878173111975 0.1449601160354732 0.0 0.013415267434605605
14 0.28 3.5065 1.848122689247399 0.3303629549549702 0.46727890787825277 0.08780492813326547
14 0.28 9.5005 1.1295369438021659E-11 3.6876341600585214E-13 0.0 0.0
14 0.32 2.008 1.3455155509026122 0.3878752213192362 1.1634659225955906 0.4605682895195136
14 0.32 7.003 0.4875605565224554 0.10242868834633555 0.0 0.005477170803617488
14 0.36 2.008 1.2723265552514413 0.3820489747757779 1.1509187653891513 0.4622712943664612
14 0.36 2.5075 1.2272576642220543 0.352722497065732 1.2558819259473875 0.4166735315164697
14 0.36 7.003 0.29504679331466965 0.06585865922378437 0.0 0.010953848645841155
14 0.38 7.5025 0.30131294096519173 0.0694269449259766 0.0 0.0
14 0.38 8.002 1.7789172803776937E-11 3.6876341600585214E-13 0.0 0.0
14 0.4 5.005 1.0154959452420087 0.24178474886751142 0.0 0.04131698233669926
14 0.44 2.008 1.2251529796532126 0.3876378951754839 1.185870298218828 0.4691329437236619
14 0.44 2.5075 1.17845920765685 0.35467635741133247 1.2949859700200521 0.42057253229713804
14 0.44 7.003 0.7824454844030704 0.1996034398985687 0.0 0.01095384864584115
14 0.46 3.007 1.4868456002160153 0.38871753139390236 1.583591980835315 0.35760234958843806
14 0.48 0.01 1.959044660378453 0.6758681603409323 1.0570207500776878 0.06693127223461366
14 0.52 0.01 1.797567141540874 0.6795477990707287 1.055549423796429 0.0660368048309141
14 0.52 3.007 1.5312720669996618 0.43982210655659126 1.6171874103120696 0.36870087214957464
14 0.54 0.5095 1.4653423991108805 0.5838281912133215 1.0403085601384987 0.39928872287737477
14 0.54 2.008 1.1342648232611106 0.41035485607494476 1.109064137916915 0.4755781260736203
14 0.54 2.5075 1.0541492888615043 0.36546126490511543 1.137547281751674 0.43596601997667983
14 0.54 7.003 0.6147884280209288 0.1909280832347219 0.0 0.025092018731697932
14 0.56 2.008 1.0928752436159777 0.4054366967761743 1.1117007030503503 0.4787148408675522
14 0.56 7.003 0.6175993563224759 0.20051927153503615 0.0 0.03630799936040928
14 0.58 0.01 1.539943615134946 0.6824457269981131 1.0584673672779907 0.06280412531997645
14 0.58 3.007 0.9824887110281424 0.34667151139156355 1.2705650346864532 0.38602852983885105
14 0.6 3.007 0.9708452627042401 0.3563547231622601 1.163595689585309 0.39434443948879394
14 0.62 6.004 0.9551582813101661 0.3590820606426798 0.0 0.1036444411459036
14 0.62 6.5035 0.9591816528229131 0.3605946063255099 0.0 0.08115485099622108
14 0.62 8.5015 0.6013185506118789 0.22605960549375562 0.0 0.03946621370857947
14 0.64 3.007 0.9028099114570554 0.3662815743649884 1.2084764564271138 0.4078868671780335
14 0.66 9.5005 0.5024306211622783 0.2111053030132956 0.0 0.028970723276090047
14 0.68 5.005 1.4277930209598642 0.6118297532727597 2.1487096464371156 0.2284299234078948
14 0.7 0.5095 1.0500677732614414 0.5866102312735605 1.029354055956542 0.3770612072023526
14 0.7 2.008 0.8787002727783267 0.43711733091924704 1.0601450972147726 0.4937384099627861
14 0.7 2.5075 0.8383452107352088 0.41170566781909684 1.089637844988477 0.46874445279952076
14 0.72 3.007 0.7673931798121857 0.3912034282002639 1.1087775539165823 0.43877467714799917
14 0.74 6.004 0.9773761003270018 0.5259917302101776 1.816097545661208 0.21584831202578394
14 0.74 6.5035 1.0214680498878304 0.552744796840158 2.012456819880981 0.19373879905760819
14 0.74 8.5015 0.671895760961237 0.3690525429053941 0.11127836884912977 0.09690317486865468
14 0.76 4.006 0.6372879307781876 0.3688819383510717 1.1173052920927713 0.38733197630638283
14 0.78 5.5045 0.5771150832631331 0.36351148817159296 1.3654083548056648 0.29817986871256297
14 0.8 8.5015 1.1265340581069476 0.8035643833256892 2.2583690114580692 0.17578806271118172
14 0.82 5.5045 0.48294102780796194 0.37244188610149553 1.1268880634681004 0.34737280239750257
14 0.84 1.5085 0.6306700359790801 0.5106385795035633 1.020412365416208 0.4836205327098726
14 0.84 3.5065 0.5195167956376764 0.4374736730713528 1.0600394411004594 0.4734154273184984
14 0.84 9.5005 0.7332177441799982 0.653452102929708 2.2918376190196814 0.21383082676012802
14 0.86 7.5025 0.3611424446046032 0.3653056991843474 1.2217012813115529 0.3206701143345653
14 0.88 1.5085 0.5443964479405364 0.5250123472853301 1.0162051168332795 0.46961754560249996
14 0.88 3.5065 0.4183177515769728 0.45632934014025645 1.034941120104427 0.4915138364174531
14 0.88 9.5005 0.29600859229873216 0.35051861113050536 1.2164243175038647 0.2889570929302193
14 0.9 8.002 0.2845379401746339 0.40489007786652564 1.1438573506627878 0.39333543319069697
14 0.9 9.001 0.26113189887861354 0.37161299670578296 1.1116053871683789 0.36438682776543097
14 0.94 5.5045 0.2058353658252514 0.46996916884249124 1.0250361708830653 0.4984511803716568
14 0.96 4.006 0.17863079770020548 0.5104258604506109 1.0151453504820287 0.4866196946898964
14 1.0 5.005 0.058635587482061234 0.5456224851658358 0.9840875306653384 0.4147689744922891
14 1.04 5.5045 0.16708793086135315 0.5846788241538224 0.9590773288899782 0.45953378932261346
14 1.06 7.5025 0.26164512352788494 0.6214106970577219 0.919936685557327 0.49493952195969193
14 1.08 5.005 0.3439041976493431 0.6132692391317501 0.933464775933935 0.4905460403407091
14 1.1 6.004 0.43701042653586325 0.6241547638311152 0.8735665471316438 0.49939754712131035
14 1.1 6.5035 0.44143465478073496 0.6306209354014921 0.8733569487494524 0.49725949460961183
14 1.12 5.005 0.5373920364624234 0.6392995904747195 0.8925198260783453 0.4993811229259833
14 1.14 4.5055 0.6190522732532383 0.6314505317308908 0.8795766223043859 0.49822775448653245
14 1.16 5.5045 0.6805499750614402 0.6074385684151559 0.7917386563913401 0.46692282057573326
14 1.18 0.5095 1.2784078270965649 0.6010165339521969 0.9940272421297278 0.3783882210801173
14 1.18 1.009 0.9473677108896131 0.6037170405805738 0.9858376383238211 0.4365875120197155
14 1.2 5.5045 0.8310563355198846 0.5936116682301631 0.7124591660726143 0.41418193172515916
14 1.22 6.004 0.8419006086546712 0.5466887069167341 0.6158130058867383 0.3487958657134175
14 1.22 6.5035 0.8118693949918757 0.5271879188238544 0.5804862386178159 0.321993419844431
14 1.22 8.5015 0.7157147104799743 0.464749811999674 0.3470131084600548 0.2007271648136131
14 1.24 1.5085 1.0838596687147004 0.6191316317050174 0.946658589648018 0.4843366745630284
14 1.24 3.5065 1.030598168629457 0.6132993882266647 0.8054219070060462 0.4741339626253499
14 1.24 10.0 0.6142995839313189 0.3656545142480493 0.10588446102734457 0.11271421142698235
14 1.26 4.5055 1.0618273055343421 0.5834215964475863 0.6893506170681978 0.39661876678619234
14 1.32 4.5055 1.2152285858520524 0.5425127615395334 0.5805470362673434 0.3190118838453095
14 1.34 1.009 1.558827468895506 0.6200151566837094 0.943411861234852 0.4784242979277792
14 1.36 2.008 1.5952360297998984 0.6320530665872083 0.8500370277905676 0.49137886148717785
14 1.36 2.5075 1.5152606440996788 0.6011168045471456 0.7832382309370699 0.4592760192929375
14 1.36 7.003 0.742698172487745 0.29472149702560163 0.048007156274772464 0.0893053158955312
14 1.4 1.5085 1.7911133771401195 0.6356616936533329 0.8859842150832559 0.4992973238178668
14 1.4 3.5065 1.4978276731918736 0.534938454709 0.5856788313330665 0.3294695471813503
14 1.4 10.0 0.2503601522783429 0.08941434010806328 0.0 0.010953848645841155
14 1.42 5.005 1.1833616300570355 0.4025039557984568 0.21956982852966475 0.1661419997287867
14 1.46 4.006 1.5031490696619072 0.466816481260175 0.3701447836398522 0.21395760311472034
14 1.46 5.005 1.1119652502721775 0.345330823068961 0.12942106360725386 0.12964476050239077
14 1.48 7.5025 0.37962646862413624 0.11298406803961611 0.0 0.01816299537857035
14 1.48 8.002 0.5261537078478851 0.15659336541553087 0.0 0.02190375315675209
14 1.48 9.001 0.413522357103306 0.12307213008576931 0.0 0.026258918576930253
14 1.5 1.009 2.258906326331969 0.635008331806562 0.9086099772973021 0.49737818830227587
14 1.52 0.01 4.876482863810389 0.6625714139649649 1.0415950444460753 0.10350275635912715
14 1.54 7.5025 0.6967197558767225 0.18431739575089268 0.0 0.017317996446759368
14 1.56 8.002 0.32322589573576077 0.08245558562437699 0.0 0.018162995378570312
14 1.56 9.001 0.4537754046164372 0.11575903179281842 0.0 0.007745773043537942
14 1.58 4.006 1.491782741504708 0.36743417278616297 0.12964476050239074 0.1282963078341153
14 1.6 1.5085 2.596250460998566 0.6173496762715348 0.7885275852922489 0.46233309910042664
14 1.6 3.5065 2.055619399853008 0.489433190438422 0.19939518279929017 0.1477228681819662
14 1.6 9.5005 0.39698923605575215 0.09452124666961959 0.0 0.0077457730435379225
14 1.62 4.006 1.4496331743970003 0.33401686046444395 0.09870802282089793 0.10588446102734503
14 1.62 5.005 1.2009312409993589 0.27671226749827316 0.0 0.03908547586458812
14 1.64 8.002 0.4800839092973167 0.10716158690689419 0.0 0.00774577304353792
14 1.64 9.001 0.25018530293154234 0.05584493371880061 0.0 0.005477170803617486
14 1.68 2.008 2.522280107627082 0.5298907789113787 0.6043267279089193 0.3412445223663652
14 1.68 2.5075 2.2385581372413648 0.4702853229504903 0.4433067156392538 0.24912069083323074
14 1.68 7.003 0.46553813252688675 0.09780212869454771 0.0 0.007745773043537924
14 1.72 4.5055 0.8423768852313878 0.16713827086687297 0.0 0.029483076631447013
14 1.74 9.5005 0.35019893148158765 0.06760597134326461 0.0 0.0
14 1.76 6.004 0.3869308815421068 0.07273136869549612 0.0 0.010953848645841143
14 1.76 8.5015 6.32328883301047E-11 0.0 0.0 0.0
14 1.78 0.01 6.453686457727786 0.6725727051655342 1.057201392155576 0.11464167032760282
14 1.8 5.5045 0.43197120537142364 0.0771377152310718 0.0 0.0077457730435379225
14 1.82 6.004 0.3511488579520019 0.061175759202451156 0.0 0.005477170803617485
14 1.82 6.5035 0.553076589740148 0.09635480658424403 0.0 0.0077457730435379355
14 1.82 8.5015 0.369881388142238 0.06443926624531966 0.0 0.0
14 1.84 5.005 0.701964806182131 0.11938176976567276 0.0 0.010953848645841122
14 1.86 0.5095 3.9845847047957603 0.6454497566678349 0.9321263373484754 0.491547409574871
14 1.86 1.009 3.7155854961319594 0.6166076601470418 0.7904758210753425 0.4706279935758317
14 1.86 2.5075 2.491841795091806 0.4139272084863823 0.20650962385874924 0.15889751263268542
14 1.88 0.01 6.941561550871886 0.6735947489131497 1.0473114043624248 0.11361798322501881
14 1.88 3.007 2.1415752524000307 0.3476583201966253 0.015490151729404752 0.08277958369535145
14 1.9 9.5005 7.764043323487664E-11 0.0 0.0 0.0
14 1.92 1.009 3.9340367654695547 0.6105518685333629 0.774659993247978 0.4569007578881074
14 1.94 4.006 1.1429171078070615 0.1736956090800775 0.0 0.027375993236772794
14 2.0 0.5095 4.574954116768206 0.643374182454449 0.9144280474595538 0.4979018130991579
14 2.0 2.008 2.9859795082094878 0.42656850117321526 0.2564245949151957 0.17840199503830445
14 2.0 2.5075 2.408657338219487 0.3440939054638633 0.05989220425027046 0.09350024908406743
14 2.0 7.003 0.0 0.0 0.0 0.0
16 0.04 4.5055 1.5561822771963782 0.21457273858672418 1.3775673781927047 0.06737397278167405
16 0.04 8.002 0.24854716906677293 0.0 0.47797532513883934 0.0
16 0.04 9.001 0.0 0.0 0.0 0.0
16 0.06 5.5045 0.7010094929830689 0.08040899445322817 0.8380287875830803 0.021208536066167634
16 0.08 5.5045 0.2039932667936773 0.07356041991989247 0.49690436364547813 0.0054771708036174755
16 0.1 5.005 0.671202094859363 0.10019263597622703 0.4244825328347782 0.013415267434605579
16 0.12 0.01 4.686764450285258 0.6825533792018278 1.0947370242428847 0.08472189754388357
16 0.16 3.5065 2.263610445090151 0.2789413541128926 1.0733351889536373 0.07741898839561978
16 0.16 9.5005 0.0 0.0 0.0 0.0
16 0.18 3.5065 1.8879291371868288 0.2597839738227065 0.3725823650571453 0.05160327384530832
16 0.18 9.5005 0.0 0.0 0.0 0.0
16 0.22 1.5085 1.9539825066139287 0.44545929010989066 1.1204967092867057 0.4794231341733046
16 0.22 3.5065 1.9419245904450646 0.2844236137235632 0.33831742777467455 0.07247188889013186
16 0.22 9.5005 0.0 0.0 0.0 0.0
16 0.24 4.006 1.6774967761112667 0.275455543265016 0.03792019014824918 0.033298333478293224
16 0.26 2.008 1.5346283589850598 0.37945165761893235 1.1764573199902182 0.4458099646424507
16 0.26 7.003 0.0 0.0 0.0 0.0
16 0.28 7.5025 0.35422391467766395 0.06149720740969601 0.0 0.0
16 0.3 2.008 1.5263362117147214 0.3828276906755397 1.236290403370527 0.4513184184781183
16 0.3 7.003 0.8858292345841053 0.1581837918899935 0.0 0.01224659137229594
16 0.34 5.5045 0.6429069979737981 0.12176268901100569 0.0 0.021903753156752106
16 0.38 0.01 3.0502139307108695 0.6826318181356628 1.1043630715330832 0.07018224309262731
16 0.4 3.5065 4.371913065888317 0.797859404301653 2.5565688329605445 0.15970082235722552
16 0.4 9.5005 0.0 0.0 0.0 0.0
16 0.42 2.008 1.4199940570643386 0.3908585751522485 1.1622326714226914 0.46218467206952224
16 0.42 2.5075 1.3343240103785365 0.35310225072138013 1.249897509188099 0.41308171209715855
16 0.42 7.003 0.6733851208672947 0.1451261036378455 0.0 0.014489927551992306
16 0.44 6.004 1.106527687215707 0.2469927873251428 0.0 0.03192130652880121
16 0.44 8.5015 0.8808132959370012 0.19661011069865486 0.0 0.02120853606616775
16 0.46 5.005 1.2462318187746089 0.2884795876786296 0.0 0.05330953086932552
16 0.48 1.009 1.715483478434855 0.5168291254493946 1.110772443344069 0.4886317734630557
16 0.5 0.5095 1.94185591860855 0.5920624997870869 1.1150752817275764 0.39799407940170034
16 0.5 2.008 1.3538835357907713 0.3964183301926809 1.195520334915778 0.47417412638602074
16 0.5 2.5075 1.2423541216058571 0.35564731016163276 1.2380489261152487 0.43022111191219564
16 0.5 7.003 0.5332224635364763 0.13330561588411907 0.0 0.02386798699735486
16 0.54 6.004 1.0067562805961652 0.2735750762482662 0.0 0.04953759239971383
16 0.54 6.5035 0.7471709151881851 0.20303557477782222 0.0 0.04478816853367419
16 0.54 8.5015 0.46374396607132806 0.12601738208847488 0.0 0.010953848645841122
16 0.58 1.009 1.4619824649394626 0.5216404021810819 1.110024125688647 0.47886833732981077
16 0.6 5.005 1.391747628836312 0.434132760447662 0.029986647164859135 0.1252054189688521
16 0.62 5.5045 1.1006769638051852 0.3614133048888309 0.0337448042387212 0.12704675790606068
16 0.64 5.005 2.4379786786113335 0.8179913501754752 2.5400187186002015 0.17223227155901752
16 0.68 3.5065 0.9072291862373659 0.3550996221207551 1.2850728422187547 0.37708733163536723
16 0.68 9.5005 0.6720917071799366 0.26253582311648516 0.0 0.03984329084600376
16 0.7 6.004 1.4034052981658165 0.5730302151062454 2.2274279760159263 0.1773775221904929
16 0.7 6.5035 0.9693837432922974 0.4033338231472226 0.10995592889587714 0.13848323302038107
16 0.7 8.5015 0.8028768244356166 0.33453201018284306 0.0 0.06781373027565708
16 0.72 5.005 0.7489499167376137 0.32675518983149054 1.4530429715543483 0.2669417603808313
16 0.74 5.5045 0.9211988706227465 0.43264928097384303 1.8976911961648266 0.24974612605844307
16 0.76 1.5085 0.9248594504019063 0.510206859757128 1.081105054123962 0.490187377654102
16 0.76 10.0 0.6839386870545898 0.35621806617368834 0.0 0.0802376147485665
16 0.8 5.5045 0.5850757849609524 0.35901001308303715 1.24144844744587 0.32639645582457516
16 0.84 7.5025 0.48613737376855926 0.3767593190652939 1.3169701302397256 0.282976370850554
16 0.84 8.002 0.49030004442645686 0.380923205217125 1.5978415186542954 0.2612019683098934
16 0.84 9.001 0.5004858059121541 0.3893848573486966 1.6110181862173782 0.21839981461702146
16 0.88 7.5025 0.36828155000792034 0.38131255276046233 1.154289744742768 0.3705863973281903
16 0.88 8.002 0.3442211775304868 0.35675193478989997 1.139609098976816 0.3497178970232802
16 0.88 9.001 0.34536305528554406 0.3590187480827623 1.1874085642654768 0.3119670886244585
16 0.9 0.01 1.2625819566439442 0.6801918164091828 1.1014343166830622 0.048625166903614035
16 0.9 3.007 0.4332426553498004 0.49623763482085637 1.0816539520943254 0.4982022838109902
16 0.92 0.5095 0.7340947872290181 0.6019102554332468 1.075354199538336 0.31926516364604984
16 0.92 2.008 0.4248459245718879 0.5437762961469429 1.0658610716359658 0.46094759768938676
16 0.92 2.5075 0.3941021446903607 0.5263565045209622 1.0719772504011336 0.4814128939513419
16 0.92 7.003 0.2811408644877968 0.43507762867130023 1.1234645814736532 0.46821855394431416
16 0.96 10.0 0.15177243223388992 0.4739513292566163 1.0957808388923755 0.4953276533308324
16 0.98 2.008 0.27329084721480845 0.56433632919925 1.060699659558413 0.3964344137798674
16 0.98 7.003 0.08904638880920221 0.5336832203696933 1.0722773197934565 0.4700653205993132
16 1.0 1.5085 0.34351568594947085 0.5776200448219116 1.065323277456253 0.35124411283380447
16 1.0 3.5065 0.11926294255278969 0.5735315901184098 1.0556527350866436 0.3719125931423878
16 1.02 2.008 0.27323653019391647 0.5859328178712075 1.0546092960972624 0.3775047524603118
16 1.02 2.5075 0.2110899984068383 0.5896898731350931 1.0520454166649695 0.384489790899022
16 1.02 7.003 0.09688677239047155 0.5971043185014965 1.0373399426772554 0.41713039946412134
16 1.08 1.5085 0.5173989818211455 0.6051840809287615 1.056597657927167 0.3988811340114123
16 1.08 3.5065 0.4088104216635569 0.6247582726635738 1.0127108073252298 0.46078348497777566
16 1.08 10.0 0.4033563946372901 0.630244366621105 0.861288615254823 0.4803794896762456
16 1.12 3.5065 0.6171178925560608 0.6405125908411744 0.9954296611494327 0.48789715649023424
16 1.12 9.5005 0.5653536731737114 0.5889100762225081 0.743336055782036 0.4028397463431884
16 1.16 4.006 0.8018299031785361 0.6264296118582625 0.9159369659875785 0.49808277463200146
16 1.18 6.004 0.8531134403701923 0.5924398891459153 0.7646533564755889 0.4183341645147702
16 1.18 6.5035 0.8303364904267632 0.5766225627965055 0.7344577222866054 0.39146382053955053
16 1.22 5.5045 1.0574555634444918 0.6008270246843638 0.7184108879055106 0.3764067300249446
16 1.24 7.5025 0.8228796834891792 0.42858316848385625 0.41835388457055817 0.2179048516767186
16 1.24 8.002 0.8330386290195029 0.43387428594719396 0.3664264943247102 0.1948059819766423
16 1.24 9.001 0.8582013509004642 0.4469798702614865 0.25608990958782096 0.14878578269557904
16 1.26 3.007 1.2685487577408074 0.6097638072435156 0.8565994404158449 0.48288755413940315
16 1.28 2.008 1.446953690747948 0.6443834318775473 0.9480753848246523 0.49989912288245525
16 1.28 7.003 1.1359908240125047 0.5071387607199092 0.3456887298089455 0.18888536663891725
16 1.3 4.006 1.3821500320612923 0.5758958466921948 0.7114211844612223 0.3802689028628756
16 1.3 5.005 1.2699100219403134 0.5291291758083736 0.592235254222663 0.2995078607789014
16 1.34 6.5035 1.0865247143562136 0.3994576155718632 0.17602752696466134 0.1420754667409352
16 1.38 4.006 1.5410605415143004 0.5069278097084955 0.5777162872947798 0.2951681567768068
16 1.38 5.005 1.4116346882666004 0.46435351587717827 0.3670025111882839 0.20236184844237032
16 1.4 7.5025 0.9725746975024201 0.30392959296562255 0.0 0.046102976537102755
16 1.4 8.002 0.8446586340421669 0.26395582314088395 0.0 0.04953759239971393
16 1.4 9.001 0.6091516715115758 0.1903598973512861 0.0 0.02568211448502372
16 1.42 1.5085 2.100593704433331 0.6233117060543917 0.9122024669079889 0.4988467792505811
16 1.42 3.5065 1.8169195824963638 0.5407498757435831 0.6001665652741562 0.3037516560741153
16 1.44 2.008 2.245732433241625 0.6379665374205509 0.8308815871085091 0.46582110960145984
16 1.44 2.5075 2.1323992252093458 0.6057952344344457 0.7545640283933135 0.41221955410239447
16 1.44 7.003 0.7489348324765238 0.21276557741140237 0.0 0.0434332457445784
16 1.46 1.5085 2.3645494515656442 0.6418799050176962 0.9083084207047346 0.49429589039824395
16 1.46 10.0 0.5207205549581082 0.14150015079988465 0.0 0.01448992755199232
16 1.48 0.01 4.5198492776558785 0.6880365056295425 1.1088046476131002 0.08996386311543098
16 1.48 3.007 2.0693010148267863 0.5388804726109858 0.6031918011456061 0.31162860683117183
16 1.5 9.5005 0.2498710360508807 0.06246775901272018 0.0 0.005477170803617488
16 1.52 0.5095 2.876128673777545 0.6536497714233336 1.0309598059242455 0.4443665520976653
16 1.52 1.009 2.675398127135332 0.6395788819569889 0.9698064368433814 0.498472459521854
16 1.56 0.01 4.955873371282147 0.6790405435166842 1.1051950722758468 0.09286763568513667
16 1.56 3.007 2.21429863185172 0.4942630874672037 0.502398171982391 0.25093907628823825
16 1.6 7.5025 0.39149464123824007 0.08156138357848972 0.0 0.005477170803617484
16 1.6 8.002 0.24393702569963782 0.05082021368400403 0.0 0.0
16 1.62 1.5085 3.0276698275654907 0.610371290113612 0.8070811178134277 0.4525960685964427
16 1.62 10.0 1.0177038207283129E-10 0.0 0.0 0.0
16 1.64 0.01 5.431455193603316 0.6834025735825037 1.1090244863360177 0.09885688026195627
16 1.64 3.007 2.3029926476849694 0.4498032515009356 0.35407242359757624 0.18866462748406868
16 1.66 5.005 1.1764353602506274 0.2228097273201857 0.0 0.04642581229090787
16 1.68 8.5015 4.736423631995719E-11 0.0 0.0 0.0
16 1.7 4.006 1.4576445503849087 0.26029366971145373 0.0 0.06997030114662028
16 1.76 5.5045 0.688236085430008 0.11319672457751674 0.0 0.014489927551992276
16 1.78 0.5095 4.1423886315089415 0.6504036014554025 1.0090287623319716 0.4829358718050288
16 1.78 1.009 3.9534849839297115 0.6333362097973588 0.8623799712172069 0.48173967349107133
16 1.78 2.5075 2.80308451379826 0.44921226182658813 0.31277757435829123 0.17418203297774934
16 1.82 5.5045 0.8911519133351838 0.13584632824976078 0.0 0.009486453504339574
16 1.84 1.5085 3.7356496073197443 0.5559002391842502 0.6750634161210223 0.3698783982974231
16 1.84 3.5065 1.601493252167979 0.23831744824049306 0.029986647164859142 0.06112262380653995
16 1.84 9.5005 7.868052258329836E-11 0.0 0.0 0.0
16 1.86 6.004 7.884898799457339E-11 0.0 0.0 0.0
16 1.86 6.5035 0.5614080628715454 0.08160000914386781 0.0 0.0077457730435379225
16 1.86 8.5015 8.647624865489669E-11 0.0 0.0 0.0
16 1.92 6.5035 1.1693573800670029E-10 0.0 0.0 0.0
16 1.92 9.5005 1.1693573800670029E-10 0.0 0.0 0.0
16 1.94 1.5085 3.932650533689252 0.5229588475651777 0.6108636147546158 0.3221359252011661
16 1.94 10.0 7.990262226912647E-11 0.0 0.0 0.0
16 1.96 3.5065 1.7504612059330753 0.22792463619087389 0.0 0.037122896158320186
16 1.96 9.5005 8.027413397202701E-11 0.0 0.0 0.0
16 2.0 6.004 0.0 0.0 0.0 0.0
16 2.0 6.5035 0.0 0.0 0.0 0.0
16 2.0 8.5015 0.0 0.0 0.0 0.0
18 0.0 2.008 2.771599128286603 0.30795545869947116 0.9348887715683869 0.1786374565788852
18 0.0 7.003 0.3151153127717789 0.035012812529821 0.45504582206016475 0.01731799644675942
18 0.02 2.008 2.594028616948332 0.3461050234520979 1.0758800365993295 0.2551821875318402
18 0.02 7.003 0.7773572267574564 0.08904072262500164 1.7534591305547247 0.015490151729404784
18 0.04 3.007 1.705998662431776 0.25311074086197294 1.296195096549406 0.19402405715318238
18 0.06 4.006 2.4036281616545176 0.19958556234714572 2.4106272797600643 0.05013656214534565
18 0.1 3.5065 4.294919787031209 0.4032014776298013 3.278690386487173 0.1411612267553171
18 0.1 9.5005 1.032478809615642E-11 3.0425910314702166E-13 0.0 0.0
18 0.12 1.009 3.497807184923724 0.5337677617019769 1.1712836934404371 0.4906993289070641
18 0.14 4.006 0.9769913591293979 0.12622627378793783 0.0 0.007745773043537941
18 0.16 7.5025 7.200253274024631E-12 3.0425910314702166E-13 0.0 0.0
18 0.18 7.5025 1.2179083143548026E-11 3.0425910314702166E-13 0.0 0.0
18 0.18 8.002 1.2179083143548026E-11 3.0425910314702166E-13 0.0 0.0
18 0.2 5.5045 0.19389586826865393 0.026929981703631145 0.0 0.0
18 0.22 7.5025 0.3139911127286975 0.04472807873903505 0.0 0.0
18 0.22 8.002 1.9558948381754223E-11 3.0425910314702166E-13 0.0 0.0
18 0.28 0.01 4.292621057223847 0.6916321847227943 1.158720791532542 0.08005287263213948
18 0.34 4.006 1.7867049037491423 0.30063820999069546 0.01816299537857033 0.07855888483329211
18 0.36 5.5045 0.7848824746801851 0.13626431852079093 0.0 0.020489699895458367
18 0.38 0.5095 2.9088669249476107 0.6069779166371221 1.1730426080861647 0.4346095240366853
18 0.38 1.009 2.281214159778121 0.510460719520062 1.1465445065150628 0.49610233024447836
18 0.4 7.5025 0.24689805729092343 0.04572186245770447 0.0 0.0
18 0.4 8.002 0.29506088314989987 0.054640904293514474 0.0 0.005477170803617481
18 0.42 8.5015 5.729697553719558E-11 3.0425910314702166E-13 0.0 0.0
18 0.44 5.5045 1.3250746319073288 0.26291163331674694 0.0 0.04203432920251101
18 0.46 1.5085 1.7735719162230326 0.44874840319151693 1.1700224127551306 0.49691107589105776
18 0.46 3.5065 3.9797585932755153 0.7346964746273524 2.76261284866861 0.18725956596543478
18 0.46 9.5005 3.57016147740183E-11 3.0425910314702166E-13 0.0 0.0
18 0.48 6.5035 0.7202193224755046 0.15389301762886845 0.0 0.02844911258091901
18 0.48 9.5005 6.940093700290066E-11 0.0 0.0 0.0
18 0.5 6.004 0.8325636287045446 0.18501413971448596 0.0 0.031448844333293126
18 0.5 8.5015 0.48086069157418243 0.10685793145979053 0.0 0.018162995378570315
18 0.52 3.5065 1.2502234543290776 0.3127800786048086 1.428675517558437 0.3163868624224982
18 0.52 9.5005 0.3361572057358571 0.07781416798719852 0.0 0.005477170803617486
18 0.54 5.5045 1.022538518935209 0.2469899804170103 0.0 0.06737397278167459
18 0.58 9.5005 0.5430991202130294 0.14367701593114257 0.0 0.01731799644675936
18 0.6 3.5065 1.1347328154151586 0.329552490197321 1.4176313826995233 0.3353680602042129
18 0.6 9.5005 0.44538531610235327 0.12371814336009772 0.0 0.010953848645841133
18 0.62 4.006 1.0650922436651704 0.31193028694562275 1.3623579715620917 0.29123131418200854
18 0.64 3.5065 1.0676994802643855 0.3414706711356244 1.3307966589440792 0.3520326042502888
18 0.64 9.5005 0.6754988670150631 0.2084873046383292 0.0 0.0268232884869817
18 0.68 7.5025 1.1094847544320485 0.38523776195562176 0.0 0.07722732910433475
18 0.7 5.5045 2.4881804638653247 0.9025369977512991 3.266310159723539 0.19430882236369723
18 0.72 3.5065 0.9381757641687167 0.37707749798627493 1.1923527213179084 0.405764765328979
18 0.72 9.5005 0.8618291130954493 0.3419956797997877 0.0 0.0625667208253507
18 0.74 4.006 0.8684380369656755 0.3643438950984428 1.2699588180600803 0.3737089876412633
18 0.76 4.5055 0.8120807140477483 0.3699859247454425 1.2325633143496546 0.35145674329322507
18 0.76 9.001 0.8072777927207632 0.3737397188520137 0.0 0.10968942922951867
18 0.8 4.006 0.7357007907266059 0.40454099976045127 1.1912951602530117 0.4281410680942884
18 0.84 0.01 1.0557838717430776 0.6907698075328904 1.1496532310391854 0.051021701935352895
18 0.86 0.5095 0.79830288223509 0.6152568908084975 1.130395087403081 0.31200466062286186
18 0.86 1.009 0.7520934405385319 0.5837921484587306 1.1306675860586826 0.40709758872864593
18 0.86 2.008 0.68645120500777 0.5301578118141667 1.1371349210627248 0.48774195669986964
18 0.86 2.5075 0.6563209444885574 0.5097573049383538 1.132780510796237 0.4980933196501127
18 0.88 0.01 0.9953864728442005 0.6815667428018257 1.1565284239860039 0.049837986137565425
18 0.92 6.004 0.341860614630023 0.4665559290152292 1.1577355021131297 0.48864479155152335
18 0.92 8.5015 0.2976560695097405 0.4121517261195593 1.2134016171324429 0.440867286605875
18 0.94 2.008 0.38204361351156213 0.5740452706378156 1.1242347304791336 0.4281591635524917
18 0.96 4.5055 0.21526281305078354 0.551836664272029 1.1246711899484803 0.46902221901054575
18 1.0 7.5025 0.013415267434605575 0.6026835351139277 1.122259648915836 0.3319529059892696
18 1.0 8.002 0.007745773043537927 0.6038956933987731 1.098237600468563 0.33566638989222986
18 1.0 9.001 0.007745773043537931 0.5990009807118449 1.1178817454695138 0.32545410247445966
18 1.04 2.008 0.3103957302938586 0.6062205309172001 1.1040703840922748 0.3624306760834702
18 1.06 0.5095 0.8451809249890662 0.6426210329384621 1.134859229333259 0.2785556879383474
18 1.06 2.008 0.41546764663689156 0.6377649796787423 1.0969277841932075 0.3818236940471676
18 1.06 2.5075 0.3710905273770863 0.6284554834252726 1.1003581853018582 0.3971933837637689
18 1.08 7.5025 0.46747996977902834 0.6492777358068513 0.9824071878066618 0.4997401127067398
18 1.08 8.002 0.46343174261385367 0.6436551980744135 0.956557976994268 0.49804297132034453
18 1.08 9.001 0.46892751263931254 0.6512882119987733 0.938679527093073 0.4909268483761084
18 1.12 7.5025 0.6667340317471211 0.6173463256912868 0.85848224159257 0.4597393374942904
18 1.14 4.006 0.8066893506979158 0.6401995365562321 1.0050821737551014 0.49980096562522647
18 1.14 5.005 0.8251770423304248 0.6549024145486739 0.9605519184222386 0.4939570403519137
18 1.2 2.008 1.166978440336202 0.6450797289011323 1.0326619210597665 0.4821706188284821
18 1.24 0.01 2.7658904131319995 0.6942853630388066 1.1543625848219194 0.06911590432652329
18 1.24 3.007 1.3600511740696921 0.6296143090934474 0.9238078371942285 0.49047485724780665
18 1.26 5.005 1.3552282650096519 0.5791573782096875 0.717722315139921 0.3507266644164237
18 1.3 1.5085 1.7841975236474845 0.6574845115765954 1.038987038309545 0.4901450859959662
18 1.32 5.005 1.5821080435876658 0.5493430706902633 0.5845148333382375 0.26656126625060245
18 1.38 1.5085 2.244540084607123 0.6558341545975631 0.9980248993197617 0.49999600807398187
18 1.4 0.01 3.7156413414036025 0.6782130909032668 1.1453982887144565 0.07626163086900067
18 1.4 3.007 2.0661981292495293 0.573943924792346 0.7402644304539617 0.37965301837952364
18 1.42 7.5025 1.0122094924871539 0.2677802890214401 0.0 0.03870096927273692
18 1.42 8.002 0.7615531054601302 0.20146907552210852 0.0 0.032845767029735344
18 1.42 9.001 0.6767016507765207 0.17902160075759327 0.0 0.024487670441671036
18 1.46 4.5055 1.8344345881928446 0.44310014207179116 0.33597310851209417 0.16347823082608098
18 1.46 8.002 0.690574845080828 0.16680551812893074 0.0 0.012246591372295916
18 1.46 9.001 0.33343034838991137 0.08053873148070705 0.0 0.00547717080361749
18 1.48 1.009 2.8396565231355275 0.6550492831698905 1.0091415112548703 0.49524043970390885
18 1.52 6.004 1.3908451409278333 0.2971891326849373 0.0 0.040586870135416855
18 1.52 6.5035 0.6675987444713923 0.14264930439427875 0.0 0.033744804238721074
18 1.52 8.5015 0.6683299651510077 0.1428055481062526 0.0 0.015490151729404796
18 1.54 0.5095 3.2865874896805933 0.6582109340662492 1.0774551155091878 0.44324564676064193
18 1.54 1.009 3.20572601555953 0.6579542485239923 1.0034564654994338 0.49948603222405896
18 1.54 2.5075 2.7210658779648633 0.5598900983474221 0.6678952840439226 0.3333667847703118
18 1.56 1.009 3.2721491120738837 0.6479555368657164 0.9915842471033193 0.49993490616367625
18 1.58 4.5055 1.6435210383510208 0.31485077362694003 0.10505030816963176 0.0847218975438837
18 1.6 0.01 5.174480567961151 0.6951472869180686 1.1572478189405673 0.08947042221894591
18 1.62 4.5055 1.5830770445474196 0.2837055635242882 0.0 0.06512983327091008
18 1.62 8.002 0.4063161162014362 0.07281650827661916 0.0 0.009486453504339623
18 1.62 9.001 7.144290645507976E-11 0.0 0.0 0.0
18 1.64 1.009 3.7138513513376314 0.6444000678429803 0.9699047416298482 0.4978068525371456
18 1.66 1.5085 3.614977421104088 0.6085820574244662 0.8352556584180557 0.4377200723632662
18 1.66 3.5065 2.252028303451715 0.3791293440193376 0.20723940027634516 0.12333472499056503
18 1.68 5.5045 0.9635410994446206 0.15744135613818927 0.0 0.021903753156752182
18 1.7 1.5085 3.795012961284227 0.6023830097273016 0.8031852395703826 0.41872634729322633
18 1.72 4.006 1.5961213385329014 0.24631502135984545 0.0 0.06825060160530043
18 1.72 5.005 1.3684157990137045 0.2111752776454696 0.0 0.032845767029735344
18 1.76 4.006 1.5280420984524228 0.22339796760321384 0.0 0.04738100939035047
18 1.78 6.004 0.6576433943260822 0.09368139520614008 0.0 0.012246591372295909
18 1.78 6.5035 0.3870241898235826 0.05513165096617078 0.0 0.00774577304353792
18 1.78 8.5015 0.38716790477553753 0.0551521232046521 0.0 0.0054771708036174885
18 1.8 2.008 3.778832209762837 0.5248378069122973 0.5715874853798047 0.26632307153981505
18 1.82 4.006 2.246736080003927 0.3044357832184858 0.0 0.03374480423872112
18 1.84 7.5025 1.9341006899949089E-10 0.0 0.0 0.0
18 1.84 8.002 1.9341006899949089E-10 0.0 0.0 0.0
18 1.84 9.001 1.9341006899949089E-10 0.0 0.0 0.0
18 1.86 5.5045 0.43134149417040396 0.05572887520694437 0.0 0.012246591372295949
18 1.88 3.5065 2.1224231720052833 0.2679827237494105 0.0 0.04273955350341169
18 1.88 9.5005 8.207015970933576E-11 0.0 0.0 0.0
18 1.94 4.5055 1.2212971018902912 0.14436135957165586 0.0 0.009486453504339598
18 1.94 9.001 1.1489472105743109E-10 0.0 0.0 0.0
18 1.96 7.5025 1.359112874095853E-10 0.0 0.0 0.0
18 1.98 0.5095 5.8129142393814845 0.6562303245518736 1.0156951406008312 0.495620475417
18 1.98 2.008 4.196607593650383 0.47580584961974415 0.37564873500186424 0.17690239755773943
18 1.98 2.5075 3.1869125647908803 0.36132795519835953 0.11590786710292944 0.10350275635912716
18 2.0 5.5045 0.4994254013289368 0.055491711248928245 0.0 0.005477170803617484
20 0.04 5.005 0.3456436550049358 0.08181336780832058 1.4412481467301914 0.010953848645841141
20 0.08 2.008 2.6108205315704165 0.3899428618516501 1.169321047598283 0.35677952731224327
20 0.1 7.5025 1.3885168585766126E-11 6.292187458989999E-13 0.0 0.005477170803617488
20 0.1 8.002 0.0 0.0 0.0 0.0
20 0.12 6.5035 1.168559745748477E-11 6.292187458989999E-13 0.0 0.0
20 0.14 1.5085 2.8053713332246395 0.4400351017985014 1.1708075960079434 0.45144707286255026
20 0.16 0.01 5.745643109415818 0.6938463829640198 1.193754695187538 0.09029127574957473
20 0.18 0.01 5.485287878066616 0.6803039007345112 1.1819572480212877 0.08151877850051822
20 0.2 4.006 1.9666696124524283 0.24575526147886542 0.010953848645841141 0.029986647164859118
20 0.22 0.01 5.303173382715529 0.6938533073122655 1.1968164645383088 0.08295809111188353
20 0.24 4.5055 0.8810164072754726 0.11592321148401777 0.0 0.021903753156752175
20 0.28 0.5095 4.0679087489521155 0.6277603483856457 1.2174478052486881 0.457723024806735
20 0.28 1.009 3.0207052448198426 0.5170706252545751 1.1909884475715427 0.500004971975559
20 0.28 2.5075 1.774373776293224 0.3398099755494205 1.3992236983849227 0.38406522814296423
20 0.32 4.006 2.5168747819797 0.37012864440925863 0.0 0.06038742529962683
20 0.34 1.5085 2.205404183801503 0.431229018278606 1.2295078711038394 0.4873391422337265
20 0.36 4.006 2.1055073890225917 0.32898552953404847 0.0 0.07060418012762752
20 0.38 6.004 0.9628598846189909 0.1552999813938796 0.0 0.01095384864584113
20 0.38 6.5035 0.8176167618711722 0.13187367126825125 0.0 0.016429540491321663
20 0.38 8.5015 3.455899227804424E-11 6.292187458989999E-13 0.0 0.0
20 0.4 0.01 3.95374139657772 0.6905473113701058 1.1949067384379572 0.07247188889013188
20 0.42 5.5045 1.016539699791568 0.17526546548091218 0.0 0.024487670441670994
20 0.44 4.006 1.9853225395698901 0.3545218820672263 0.0 0.09811024281759574
20 0.46 7.5025 4.356709340137856E-11 6.292187458989999E-13 0.0 0.0
20 0.46 8.002 0.2072059523278115 0.038371472653511526 0.0 0.005477170803617484
20 0.46 9.001 0.3476760765308222 0.06438445861625818 0.0 0.0
20 0.5 5.5045 1.380492243945183 0.27609844878904255 0.0 0.05246341655334439
20 0.52 7.5025 0.922493500680924 0.19218614597637954 0.0 0.014489927551992311
20 0.54 4.006 2.3073015886447323 0.49141693460264124 0.3743041996714472 0.1736159228905628
20 0.56 4.006 3.9199193796718332 0.8326138057689877 3.960928735949844 0.24030129476227544
20 0.6 7.5025 1.0080735430371561 0.25201838575991 0.0 0.0464258122909077
20 0.64 7.5025 0.9365448766760536 0.26015135463468475 0.0 0.05888908660735331
20 0.66 0.5095 1.866760893857036 0.626017867220002 1.2027869178809845 0.36960529155655486
20 0.66 2.008 1.4254604521532772 0.4545933900166498 1.2034234438923734 0.4901994437911085
20 0.66 2.5075 1.3255430135127426 0.411745600765217 1.2400015617203035 0.4590820821798316
20 0.68 0.01 1.93634394131239 0.6762733712831984 1.1853669583014204 0.053588566721172036
20 0.7 4.006 1.0394026381217687 0.3473447262886546 1.3870642641968864 0.3412445223663655
20 0.72 7.5025 1.0245612019143575 0.36591471496921635 0.0 0.12119341246332403
20 0.76 3.007 1.028772406321983 0.43458800011904775 1.2270097275785483 0.4699891292853082
20 0.78 4.5055 0.8285288477550242 0.3747407757445077 1.31252782288669 0.3732550293494976
20 0.82 4.5055 0.7559065968953054 0.41734631382627363 1.2466205133013697 0.42191539152966123
20 0.84 0.5095 0.9681097776436719 0.6391956752103423 1.1836253264403664 0.309127877291367
20 0.84 1.009 0.9139941842048163 0.5969796943043559 1.1821622174661188 0.4021099735246946
20 0.86 6.004 0.5649019403673677 0.40172724677381366 1.2615064930201383 0.40303812392278227
20 0.86 6.5035 0.537755647722636 0.380902297408948 1.251812424275281 0.37965301837952453
20 0.86 8.5015 0.47340632343110806 0.33685821011837347 1.3430987123883584 0.2863982546678694
20 0.88 0.5095 0.7899960469171801 0.6395399236143613 1.1750847057278466 0.2863982546678693
20 0.88 1.009 0.7455696783234789 0.619338192731359 1.1949395514335692 0.378750604895205
20 0.9 3.5065 0.5355374930677629 0.519690812272655 1.194305888757031 0.49819204459375416
20 0.9 9.5005 0.3847376016864317 0.38438304485928787 1.1985253081008134 0.3625446870935875
20 0.92 5.5045 0.4050234568003371 0.501318071508672 1.2178806048480204 0.49659823796628727
20 0.96 3.007 0.26619686720630864 0.5874999319245294 1.1777655139124141 0.41436440189254237
20 1.0 0.01 1.0766261957579204 0.6903175074939774 1.194433350662576 0.03984329084600385
20 1.0 3.007 0.12087621226831738 0.6204374245643255 1.1668875678943382 0.27877915369944384
20 1.02 5.5045 0.1304467821761023 0.6314765778190587 1.148288243214577 0.35473522147426306
20 1.06 6.004 0.39880639112775285 0.6645257490245233 1.0896628327086257 0.4714610657192079
20 1.06 6.5035 0.41074772454664776 0.6845795409112448 1.107860485077844 0.4792807133047605
20 1.06 8.5015 0.4110386989965118 0.6850644983278499 1.0643130501426068 0.4972972622122393
20 1.08 0.01 1.4841396589204778 0.6778992022908907 1.1896028098212357 0.047064783538273286
20 1.08 3.007 0.538497381388875 0.6654521471360394 1.1368361728910845 0.4304163751003092
20 1.1 2.008 0.6826030792016222 0.6613392539690839 1.1406055651931744 0.40884068550765407
20 1.1 2.5075 0.6681653140686062 0.658316437638735 1.1272453567139566 0.4344729123554627
20 1.12 0.01 1.7027901736553845 0.6798016504294384 1.1925142336183885 0.0513133205898615
20 1.14 1.5085 0.9543805424905735 0.6628432722173744 1.1261887451678623 0.41166231971755485
20 1.16 4.5055 1.015312671547913 0.6345704197174331 0.9701075203822552 0.4909094496211301
20 1.24 1.009 1.6269558475684434 0.6621303877675295 1.128442134333068 0.42305472457212345
20 1.26 1.5085 1.707297622595245 0.6538977305298557 1.0687238356666597 0.4797504811261681
20 1.26 3.5065 1.6403907905580233 0.630919534829935 0.9108792091471857 0.45727322418200456
20 1.26 9.5005 0.8519787244785079 0.3276841247994694 0.09750865050103145 0.09765940982979665
20 1.3 8.002 0.923136366731459 0.3077121222450065 0.15673295235121884 0.10794033162436699
20 1.3 9.001 0.8848390471625046 0.29494634905321215 0.05414227448793952 0.08277958369535143
20 1.32 1.5085 2.1948735921735887 0.6850589243974274 1.0643231986515402 0.4944683475809469
20 1.32 3.5065 1.8977235688776213 0.5930386152742073 0.8121104645292057 0.4004822085587366
20 1.36 4.006 1.9221998416836297 0.5339444004676828 0.6652665356779076 0.3084018548938724
20 1.38 4.5055 1.912057939224449 0.5031731419010106 0.5709899846490997 0.24079330596475085
20 1.38 8.002 0.8383701565856104 0.22062372540863726 0.0 0.04610297653710277
20 1.38 9.001 0.9729234662224439 0.2560324911091295 0.0 0.03712289615832027
20 1.4 1.009 2.657455935834106 0.6615437105828426 1.0851177531632739 0.48163108741167354
20 1.42 0.01 3.723924167866099 0.6763465174585965 1.1982985567849405 0.07587182702301265
20 1.44 5.5045 1.7256785357100137 0.39219966720660127 0.15517943452096764 0.10942224760126207
20 1.46 0.01 4.080933663430753 0.6866883030014826 1.1990267905827183 0.07741898839561977
20 1.46 3.007 2.5241077335881927 0.548719072519824 0.7145453329578099 0.32327210299123443
20 1.48 9.5005 0.20078154169882145 0.04182948786511206 0.0 0.0
20 1.54 6.004 1.232061632398343 0.2281595615608714 0.0 0.0379201901482492
20 1.54 6.5035 1.1147185836256357 0.20642936734636386 0.0 0.026258918576930138
20 1.54 8.5015 0.29786573622207446 0.05516032153114714 0.0 0.009486453504339598
20 1.56 3.5065 2.4764036991751457 0.44221494628120983 0.40156213356189363 0.1780087658940698
20 1.56 9.5005 1.886936299197296E-10 6.020026937418675E-12 0.0 0.0
20 1.6 0.5095 3.9936621997650783 0.6573216535288101 1.0981725198311847 0.45051344099481166
20 1.6 1.009 3.9297642372940214 0.6544189523814202 1.0105109076508167 0.49982764406666247
20 1.62 0.01 5.25454623246963 0.6871771110438889 1.1897631341237394 0.0879729424832532
20 1.62 3.007 3.0965616029181806 0.49944541982547713 0.49783995792155156 0.20161458286475528
20 1.64 3.5065 2.2923766654137676 0.3581838539714867 0.22649192971123175 0.1334944279584027
20 1.64 9.5005 1.6497023961002548E-10 0.0 0.0 0.0
20 1.66 7.5025 0.5555390892117523 0.08417258926228188 0.0 0.0
20 1.66 8.002 1.6591217965430369E-10 0.0 0.0 0.0
20 1.66 9.001 9.500964495482967E-11 6.020026937418675E-12 0.0 0.0
20 1.68 4.006 2.4586159027242127 0.36156116216543993 0.06781373027565757 0.0781808120885722
20 1.7 4.5055 1.582297177867004 0.22604245398199052 0.0 0.04610297653710259
20 1.7 8.002 0.0 0.0 0.0 0.0
20 1.7 9.001 0.31596293591091845 0.04513756226855241 0.0 0.0
20 1.72 1.5085 4.139222457998262 0.5748920080553326 0.8200771052589608 0.4129588922443009
20 1.74 0.5095 4.919668341888542 0.6611835052480933 1.0999930358394103 0.47481215999510407
20 1.74 2.008 3.6437342551388143 0.49239652096470926 0.6475140806492212 0.29789698939664694
20 1.74 2.5075 3.2764765983499835 0.44276710788526874 0.49219177362185806 0.2043832514743316
20 1.78 5.5045 0.29576785013428963 0.037918955136364195 0.0 0.005477170803617486
20 1.8 4.5055 0.8239252374789896 0.10299065468499995 0.0 0.01731799644675942
20 1.84 0.01 6.7457926983850145 0.6787788629271713 1.1929261945550336 0.10135265402765577
20 1.88 7.5025 1.650127667158614E-10 0.0 0.0 0.0
20 1.9 0.5095 6.143229510329009 0.6811841627388083 1.082499419992645 0.49085715064646174
20 1.9 2.008 4.420761713442431 0.49119574593807197 0.5239149798257706 0.22073216888990319
20 1.9 2.5075 3.7417377419401525 0.41574863799323036 0.24366448651384304 0.12107326961623541
20 1.94 3.007 1.9739172477928468 0.2099911965746694 0.0 0.0565661391943883
20 1.98 6.004 0.4641465328238375 0.047361891108181245 0.0 0.0
20 1.98 6.5035 0.41956051032697567 0.04281229697813607 0.0 0.0
20 1.98 8.5015 1.7434927568527072E-10 0.0 0.0 0.0
20 2.0 4.006 1.0570813935136472 0.1057081393516904 0.0 0.010953848645841141
