10 0.0 7.5025 0.028449112580919048 0.005689822516180522 0.6410572678302519 0.07664940541101094
10 0.02 7.5025 0.17996571673290765 0.02230817571100535 0.7242438478947475 0.04706478353827353
10 0.04 2.008 1.2282665091239593 0.31379992455028977 0.859135914452668 0.3268137629430646
10 0.04 7.003 0.35387365815978167 0.04905732110786403 1.018929504791323 0.03504995599500157
10 0.06 6.5035 0.6050570522346093 0.098687924615445 1.1331367724892434 0.05550209812058591
10 0.08 3.5065 0.9511864455225706 0.23552280108981907 1.0212701575887035 0.21821436601293714
10 0.08 9.5005 3.1676065142896885E-12 4.726469128334501E-13 0.0 0.005477170803617483
10 0.1 5.5045 0.8660955033625188 0.14220506975918942 1.2472473988950157 0.05630203816416386
10 0.12 4.5055 1.144380436366489 0.2143419810497658 1.3398817410608483 0.11438665463920755
10 0.14 6.004 0.5410319986153709 0.08369249931197772 0.520110348105438 0.01731799644675942
10 0.14 6.5035 0.4526486546975776 0.07050321906099198 0.4170510621241729 0.010953848645841162
10 0.14 8.5015 5.55324215982684E-12 4.726469128334501E-13 0.0 0.0
10 0.16 4.006 1.349183216139003 0.27211852834725103 1.349242571893177 0.14177143228672545
10 0.18 4.006 1.6462703268303671 0.27084917555358173 1.1214372332131775 0.10164207736438277
10 0.2 0.5095 1.7705816727653112 0.5736972349773444 0.9342135889743048 0.4449835268144334
10 0.2 1.009 1.382728697765348 0.4886150439365702 0.9229711966860441 0.49885495556033577
10 0.22 4.006 1.565889659624656 0.2989574955374179 1.075389321366625 0.1090201855087785
10 0.28 1.5085 1.0403412992889995 0.42863624096251507 0.9343495333568134 0.49463368407753655
10 0.28 10.0 1.0585550646652653E-11 4.726469128334501E-13 0.0 0.00547717080361749
10 0.3 0.01 1.788381974923366 0.6606005456707337 0.9397211000712693 0.07528324730947966
10 0.32 0.5095 1.3463021982492425 0.5586576499921219 0.9205622366364897 0.4205918200115045
10 0.32 1.009 1.1394651391022923 0.48932368952581434 0.9205084973592164 0.49078717895603646
10 0.32 2.5075 0.9453758623958111 0.35820183438966324 1.1020978717635457 0.42833996052840806
10 0.34 6.004 0.5220659526787391 0.158201803842104 0.0 0.021903753156752085
10 0.34 6.5035 0.19861264016775645 0.06018564853535733 0.0 0.010953848645841086
10 0.34 8.5015 0.16074758241660078 0.048711388611605025 0.0 0.007745773043537926
10 0.36 0.5095 1.2484664263410064 0.5567533457745125 0.9162856087349365 0.4143846605364075
10 0.36 1.009 1.0605151482929054 0.4792586130991865 0.9113213114488073 0.48942433111375644
10 0.38 4.5055 1.192528836807878 0.33742221240054754 0.623868424958119 0.08489620443686594
10 0.38 9.001 0.24338499631321842 0.07851128913114087 0.0 0.0
10 0.4 4.006 1.4736005036239548 0.4280909057600069 0.8834524204926415 0.13670146901486127
10 0.42 0.01 1.3415516609114482 0.6578114761929597 0.9343000510589344 0.06737397278167441
10 0.44 0.5095 1.0913599929466193 0.5581969328509041 0.9121496717075361 0.4005494692710437
10 0.44 1.009 0.9800272291062572 0.48226838439459063 0.910255890290117 0.4856453451163287
10 0.46 5.5045 0.7606263125481183 0.28171344909176865 0.0 0.05656613919438814
10 0.48 3.007 1.041953218938133 0.3900407944974644 1.278691742759483 0.38336344433720937
10 0.5 0.01 1.1828313068569014 0.6582759235356798 0.933357856293797 0.06038742529962651
10 0.5 3.007 1.08948411177313 0.4061442331113449 1.2917898657379132 0.3892063118896768
10 0.54 1.009 0.8718636114392762 0.48254985450515836 0.9012151800621386 0.4824167713576425
10 0.56 0.5095 0.9282415945849632 0.5485181408984255 0.9061454932115875 0.3961112396666351
10 0.56 1.009 0.8527135051773124 0.48174578799235274 0.8981761382699877 0.4813960533954818
10 0.56 2.5075 0.7845031191025162 0.37450387662681695 1.0364387954245375 0.4429790376924939
10 0.62 9.5005 0.39671583293625695 0.20879780680720933 0.0 0.03096914608625381
10 0.66 1.5085 0.718338376220301 0.4446492229367205 0.8901688424972003 0.49999776576735133
10 0.66 3.5065 0.7537898693019351 0.4162933005821016 1.1727328986817704 0.36234511820419535
10 0.66 10.0 0.3393799741461889 0.1996352789101617 0.0 0.03144884433329303
10 0.68 4.006 0.6491507924791092 0.38244460285708054 1.1604128777244926 0.32816361880612316
10 0.7 1.009 0.7530461670389929 0.4937625665904994 0.8836270832132386 0.47886833732981077
10 0.74 9.5005 0.583222268013932 0.44831049616664737 0.9513649077137244 0.08151877850051853
10 0.78 7.5025 0.6357783730276472 0.5729841827877333 1.5058998828637176 0.20134202820569924
10 0.8 6.004 0.43083239347060986 0.4192946905301646 1.186176683690143 0.3019783068520983
10 0.8 6.5035 0.46762690752202607 0.4589679553850171 1.2440164247472194 0.2703325219389845
10 0.82 7.5025 0.39818449880417656 0.4368964749192547 1.3653583718709175 0.2527400174836009
10 0.84 10.0 0.43207883781627854 0.5394305575001457 1.5530749628282614 0.20134202820569921
10 0.86 8.002 0.27980313511058535 0.39553000187022624 1.1588095355032109 0.31076085708501183
10 0.86 9.001 0.2821179904013713 0.40063093806222283 1.2392313550599114 0.28467326205238713
10 0.88 10.0 0.24713976638345425 0.4106063886420352 1.1808998652866334 0.2841092931166432
10 0.9 4.5055 0.2392177820584692 0.4259205369470278 0.9029339723731059 0.475888683459591
10 0.92 0.01 2.4039183294061592 0.6582856852296219 0.9362652471651335 0.0750860048347655
10 0.94 7.5025 0.13003805483001665 0.4200955152544216 0.9039652153884686 0.4676537710136034
10 1.0 4.006 0.10562624689531987 0.49560257770715394 0.8558567299139935 0.4778276509925158
10 1.02 0.01 2.9146053289895786 0.6497253575242602 0.9224461733894059 0.0843721714476438
10 1.04 7.5025 0.10834490372216148 0.5407829349384651 0.808005142438759 0.4953812335196154
10 1.06 8.002 0.16808356914974562 0.5602785638323942 0.7706648481510611 0.4999404210960947
10 1.06 9.001 0.1712962824113229 0.5706539480366744 0.7596348573257043 0.4988913901076919
10 1.08 4.006 0.2290071758186323 0.5415741571059183 0.8046772818802685 0.4967754368837196
10 1.1 1.5085 0.4966408253297749 0.5281520875709144 0.8247219888377171 0.478451625649033
10 1.1 3.5065 0.29215100557069745 0.5473309423413868 0.8050316914068506 0.49760175238284904
10 1.1 9.5005 0.28791555199213775 0.5758311039842412 0.6547845889734812 0.45106051477025827
10 1.12 4.006 0.3472857576102932 0.5649737895531178 0.778001051519017 0.49995694662691326
10 1.14 6.004 0.40960937890704846 0.585156255581404 0.6940140323808719 0.47176746273892667
10 1.14 6.5035 0.4144748383805442 0.5917639505109332 0.667087268979673 0.4569007578881045
10 1.14 8.5015 0.39758235595268987 0.5679747942178868 0.5720750176045057 0.39427426445196023
10 1.18 5.005 0.5231843296122574 0.581227198022433 0.6739580773282153 0.4602251400896806
10 1.2 7.5025 0.49938172140438486 0.49938172140441406 0.43335804186104177 0.3141341006917338
10 1.22 3.5065 0.6556314100959499 0.592922749450923 0.7140369747526786 0.4811339926123589
10 1.22 9.5005 0.4525767203707592 0.41143338215508835 0.19034933196248702 0.1822808488118451
10 1.26 6.004 0.6754988744176856 0.5196145187824506 0.4185290718327627 0.3003881145915278
10 1.26 8.5015 0.5006870203017103 0.3851438617708109 0.15003131043405846 0.1646872089345636
10 1.28 0.01 4.268312792438278 0.6550786454690073 0.9273256158135673 0.1056071762404141
10 1.3 5.5045 0.7663160700227839 0.5108773800152357 0.37527234461766584 0.27056577325350106
10 1.32 6.004 0.6979921740879205 0.4362451088048056 0.23425614111817614 0.21108259438024424
10 1.32 6.5035 0.6686148086849306 0.41788425542776547 0.18746614380062898 0.17926362110581415
10 1.32 8.5015 0.5168321351577828 0.32302008447329306 0.04377593901968175 0.08880809441036916
10 1.34 5.005 0.8311584245502445 0.4889167203238354 0.33582804382273573 0.25784253971279414
10 1.36 0.5095 1.6265748438010144 0.5597943814055109 0.8369255270313571 0.4595723747948359
10 1.36 1.009 1.200069913524838 0.5738122081599065 0.808902188773989 0.49529452539110036
10 1.38 5.5045 0.8085888921431571 0.42557310112783653 0.18419650898767417 0.17973160259668025
10 1.4 7.003 0.6001061666855643 0.30005308334272535 0.028449112580919138 0.0836682048194843
10 1.42 4.006 1.0387689994469398 0.49465190449837276 0.3450286400810589 0.2632475966099009
10 1.44 0.01 5.071955530839624 0.651492994901455 0.9315629866936451 0.12034973686014121
10 1.48 4.5055 0.9881662138484256 0.4117359224371963 0.17199741822131479 0.16959297033779602
10 1.5 5.005 0.8436385960270768 0.33745543841084924 0.07968206955738402 0.11937778307666469
10 1.52 3.007 1.352257046859207 0.5200988641766242 0.41112037547921876 0.3001484453185229
10 1.54 4.5055 0.9666538012182173 0.35801992637697877 0.10491060785185104 0.1357479389480966
10 1.54 8.002 0.39753011869871935 0.1472333773021068 0.0 0.021208536066167693
10 1.54 9.001 0.349258883885602 0.12935514217755378 0.0 0.012246591372295924
10 1.56 4.5055 0.9337834062691064 0.33349407366734707 0.09078010625335979 0.12226905457135429
10 1.6 10.0 0.2092837391010854 0.06976124636692817 0.0 0.005477170803617487
10 1.64 4.5055 0.9656485783084396 0.30176518072162983 0.055232844340475436 0.08133702382192722
10 1.66 5.5045 0.6820596521048813 0.20668474306235118 0.0 0.04131698233669949
10 1.68 0.5095 2.321099709052812 0.5727381594407785 0.8101565961554406 0.48958054174657534
10 1.68 1.009 2.0454347025682074 0.5876710716720616 0.7363492902187598 0.49135060424723404
10 1.7 5.5045 0.6139301748486636 0.17540862138544794 0.0 0.037523672794935875
10 1.72 6.004 0.5355891838113541 0.14877477328227431 0.0 0.02509201873169792
10 1.72 6.5035 0.40795098685234515 0.11331971857110512 0.0 0.018162995378570357
10 1.72 8.5015 0.3141256520675007 0.0872571255743015 0.0 0.00774577304353794
10 1.74 1.5085 2.1000962607486517 0.5667286473777711 0.601645576729686 0.4142427835985565
10 1.74 3.5065 1.2078821308329233 0.32645462995501934 0.07606698455503419 0.11088337815571607
10 1.74 10.0 3.439189113308079E-11 0.0 0.0 0.0
10 1.76 6.5035 0.41400258766671805 0.10894804938839979 0.0 0.013415267434605648
10 1.78 3.007 1.4493593787786576 0.3716306099428734 0.1103544105211766 0.12462404218924697
10 1.8 7.5025 0.2668228600802538 0.06670571502033354 0.0 0.00948645350433962
10 1.82 9.5005 0.17969452942993205 0.043827934009157646 0.0 0.0
10 1.84 4.006 0.9281955714067998 0.22099894557299982 0.0 0.0427395535034119
10 1.86 5.005 0.6599573018106668 0.15347844227920307 0.0 0.018970345313988286
10 1.9 1.5085 2.5073885288884403 0.5570763456632484 0.5032594362255438 0.3481476065646315
10 1.9 3.5065 1.1845547393031206 0.26323438651228237 0.03238684935478688 0.05989220425027058
10 1.9 10.0 0.0 0.0 0.0 0.0
10 1.92 5.005 0.7303868808982366 0.1587797567164694 0.0 0.021208536066167807
10 1.96 4.006 0.8221893907043969 0.17128945639780835 0.0 0.022577533139205384
10 1.96 5.005 0.5745192264072531 0.11969150550544791 0.0 0.015490151729404829
10 1.98 7.5025 0.17682234303915825 0.036086192458143526 0.0 0.007745773043537915
10 1.98 8.002 4.2128804380612575E-11 0.0 0.0 0.0
10 1.98 9.001 4.2128804380612575E-11 0.0 0.0 0.0
10 2.0 1.009 2.9065823843610765 0.5792890416270419 0.6414987009935972 0.4408030591607686
12 0.02 0.01 3.9021110210001195 0.6695909187479331 1.0064250454399768 0.09552627308304562
12 0.08 7.5025 0.33651114457503134 0.02142035041255747 0.46939779420143624 0.005477170803617485
12 0.1 4.006 2.4631858855599096 0.28919507361701835 2.183666868032709 0.11323158344141102
12 0.12 3.007 1.3862884770244877 0.31554019948133655 1.4155996196587335 0.2799370044642349
12 0.14 5.5045 0.14819005045148684 0.02871900202614547 0.0 0.005477170803617485
12 0.16 1.5085 1.4977259786124215 0.42784950553279594 1.0053715450930085 0.4781408280613672
12 0.16 10.0 9.291631018047986E-12 6.516781781991952E-13 0.0 0.0
12 0.18 1.5085 1.449504783639151 0.425858220079212 1.0041740086993258 0.4799788394806717
12 0.18 10.0 1.3849586562054682E-11 6.516781781991952E-13 0.0 0.0
12 0.2 6.004 0.024775316868629993 0.005161524347793303 0.0 0.005477170803617489
12 0.2 6.5035 1.0805568152558845E-11 6.516781781991952E-13 0.0 0.0
12 0.2 8.5015 1.0805568152558845E-11 6.516781781991952E-13 0.0 0.0
12 0.22 10.0 4.605177912508101E-12 6.516781781991952E-13 0.0 0.0
12 0.26 0.5095 2.033427023262676 0.5936164987515008 1.015955421390254 0.43963975981190867
12 0.26 1.009 1.554750781261738 0.49634328312947595 0.9936886001797206 0.49734410123969325
12 0.26 2.5075 1.4879427798689837 0.387559410680578 1.362491996353333 0.40826919758409497
12 0.28 4.5055 0.7536992025488394 0.17171188013984226 0.05131332058986168 0.03284576702973544
12 0.28 8.002 0.3212459214833607 0.07436248182728698 0.0 0.005477170803617488
12 0.28 9.001 1.0341685019596692E-11 6.516781781991952E-13 0.0 0.0
12 0.3 0.5095 1.8456835291469653 0.5779369099487347 0.998612198571703 0.430540455690557
12 0.3 1.009 1.4490399975717692 0.4898432095163799 1.0012077007953364 0.49566834716172253
12 0.3 2.5075 1.2959559057926051 0.37325207244139635 1.3480911904114241 0.4133678450296073
12 0.32 6.004 0.21049192465690283 0.05159115800389148 0.0 0.007745773043537921
12 0.32 6.5035 0.4621119822747406 0.11326274075492664 0.0 0.013415267434605615
12 0.32 8.5015 0.06336545900510851 0.015530749756990132 0.0 0.0
12 0.36 6.004 0.8368162221493254 0.217920891185471 0.0 0.0232317412814863
12 0.36 6.5035 0.6268788865149149 0.16324971003404756 0.0 0.020489699895458412
12 0.36 8.5015 0.2004499632788123 0.05220051126847047 0.0 0.005477170803617488
12 0.38 3.007 1.4466596255089663 0.380203319433597 1.573391058860086 0.3545861558376554
12 0.4 1.5085 1.1645299830688776 0.4377126326881962 1.0149652468244932 0.49763119645119736
12 0.4 10.0 0.23602950895136182 0.06556375248583607 0.0 0.005477170803617487
12 0.42 0.5095 1.4785920427971813 0.5794873033438904 0.9961340669647211 0.4131021708973404
12 0.42 1.009 1.2681798179837729 0.49905111096427457 0.9972976058197391 0.4896302759939119
12 0.44 6.5035 0.6850140021586681 0.20387321493000796 0.0 0.026823288486981692
12 0.46 4.006 2.11272441613706 0.5862401530035697 1.4261944531166217 0.15267609539401064
12 0.48 5.005 1.0019589184724684 0.3211406789977889 0.0 0.07587182702301275
12 0.5 1.009 1.1286230288964285 0.49317622260788274 0.9794480113858951 0.48229392072911575
12 0.52 4.006 2.031482772008107 0.6370077933527029 1.7403440523734242 0.19544299738795268
12 0.52 5.005 0.9805517298596437 0.340469350646035 0.0 0.09012772310205064
12 0.54 9.5005 1.7470924649651067E-11 6.516781781991952E-13 0.0 0.0
12 0.56 6.004 0.7948015987758856 0.30106121165745725 0.0 0.05989220425027036
12 0.56 6.5035 0.793792211863026 0.3006788681302632 0.0 0.05523284434047563
12 0.56 8.5015 0.4213428703064483 0.1595995720870228 0.0 0.021903753156752154
12 0.58 5.005 1.4013160456564757 0.5357642618020003 1.0671699192778052 0.12520541896885246
12 0.6 4.006 1.510614819116225 0.5838216490641771 1.8356693998518563 0.281440668040966
12 0.64 4.006 1.083429948528868 0.47227572836331005 1.5560049351691183 0.29692394393067706
12 0.66 7.5025 0.7036294659439624 0.34491640487288117 0.0 0.07449107135699301
12 0.66 8.002 0.5425552145064081 0.2659584384828541 0.0 0.06351092948796375
12 0.66 9.001 0.5349461814792188 0.26222852033249555 0.0 0.041316982336699316
12 0.68 1.5085 0.8259214904001843 0.459734718160543 0.9842508194037698 0.4996444748057537
12 0.68 10.0 0.35840294639737025 0.18666820124715572 0.0 0.028970723276090155
12 0.7 9.5005 0.5656859309493273 0.3142699616396295 0.0 0.048931217620638685
12 0.72 4.006 0.6554880395157364 0.3753882870968259 1.2010908532647082 0.35416810030641455
12 0.76 2.008 0.6689432025590464 0.4442672602505329 0.9726385757984388 0.4982429495630426
12 0.76 2.5075 0.6417500884531682 0.42718776181282514 1.0000443370737382 0.4849005346065739
12 0.76 7.003 0.9272017828796165 0.6363011731790557 1.8521227142931325 0.1828926898739529
12 0.84 4.5055 0.40244533451723297 0.39642018357017916 1.0243143412601183 0.4246877775954799
12 0.86 0.01 1.8234333858123493 0.6741045674420152 0.9936391690696758 0.06890061703641856
12 0.86 3.007 0.4210780155759194 0.4427315028630443 0.961958767171637 0.4919449716684279
12 0.88 4.5055 0.3280278806980548 0.4254822559281607 0.9779178086929676 0.4624442041980317
12 0.92 1.009 0.5945938799747532 0.5325254157535757 0.9295708811879749 0.4389711985784569
12 0.96 0.5095 0.9350226029474535 0.5734259240022757 0.9490988704521279 0.37023277246126685
12 0.96 2.008 0.3302082680121753 0.5098575773728367 0.9363533556298537 0.4708964305554518
12 0.96 2.5075 0.25854058399793955 0.5078398631835864 0.9403368793375991 0.4802145249638124
12 0.96 7.003 0.11813041159668024 0.474354920543827 0.9581105920114447 0.4990047971632387
12 0.98 0.5095 0.9379566004450106 0.579613356881795 0.9443839051830409 0.37142664544976195
12 0.98 1.009 0.6073770264492845 0.5502231959894932 0.9344575068275308 0.42208697689157637
12 0.98 2.5075 0.23017081661469202 0.5204033218168375 0.9299324450891172 0.4646516315819765
12 1.0 10.0 0.005477170803617488 0.5266745030093574 0.9255318234289722 0.44961321268399007
12 1.02 0.5095 0.9907012558343262 0.5743368963964048 0.9382386302315557 0.3691947955744913
12 1.02 1.009 0.6191288647399633 0.547709941299425 0.936624063500983 0.41794075236833755
12 1.06 0.01 2.7903819307303594 0.6738962229116908 0.9991367840073389 0.0774189883956197
12 1.06 3.007 0.24943269458152534 0.5442465514967884 0.9027500873917377 0.4716831195780103
12 1.1 7.5025 0.37278676851658166 0.6213112808609877 0.7839082142075178 0.48673281023483017
12 1.1 8.002 0.36856681765072746 0.6142780294178476 0.7733408914949852 0.4788142297542819
12 1.12 1.5085 0.5593964698652316 0.5655197047305885 0.9125887763849703 0.46246886918821456
12 1.12 10.0 0.41769288549503314 0.5801290076316403 0.6241994940144069 0.3842651651299669
12 1.14 5.5045 0.5121228946702386 0.609670112702672 0.7796382819378842 0.4836047776965861
12 1.18 1.5085 0.7209461358838477 0.5760819320959834 0.8912459980637052 0.47825994314808945
12 1.18 3.5065 0.668200480436401 0.6170747486842306 0.8133233634805764 0.4971284666786892
12 1.18 9.5005 0.5199416382707673 0.48142744284405264 0.38646824921692363 0.24964203171946797
12 1.2 0.01 3.525954024759351 0.6727199526505876 0.9957943736705765 0.0927087835781135
12 1.22 7.5025 0.6682993730622698 0.5062874038352753 0.4364027117981974 0.2702391417294487
12 1.24 4.5055 0.8650873511362086 0.6007551049555964 0.6716829264695475 0.4189219787488557
12 1.26 5.5045 0.8678360908077901 0.5563051864152101 0.532201198960962 0.3226338467904868
12 1.28 0.5095 1.5278739174397695 0.5863166168522189 0.9254162907136242 0.4260040104765755
12 1.28 1.009 1.1565466708644976 0.5939100002564988 0.8896577014504206 0.4780489643724584
12 1.28 2.5075 1.0260120769339 0.608065477097413 0.7943591375201836 0.49174189413497976
12 1.32 5.5045 0.8726176769571671 0.4544883734162083 0.35180279074037696 0.23620531785215348
12 1.34 1.5085 1.2778160150903446 0.6100261831921737 0.848318126240087 0.4995355306606772
12 1.34 3.5065 1.181401402657177 0.5791183346359899 0.6322018239363724 0.3923669911093869
12 1.34 9.5005 0.4858460879338062 0.2381598470252483 0.0 0.051313320589861204
12 1.36 6.004 0.8377917714353225 0.3878665608502548 0.16605681996485502 0.1532362972375292
12 1.36 6.5035 0.8330402253245855 0.3856667709827318 0.11476895391832469 0.1268181519924486
12 1.36 8.5015 0.5400717701824133 0.25003322693488855 0.010953848645841148 0.05682899704637471
12 1.4 4.5055 1.181233111378991 0.49218046307542346 0.32500955402729836 0.2261964678367284
12 1.42 10.0 0.4279431149360179 0.16981869639477137 0.0 0.020489699895458336
12 1.44 0.5095 1.962315336171377 0.5891297232834983 0.9124466663741652 0.4535205086130257
12 1.44 1.009 1.6603583087960057 0.6011579658361836 0.865299742062433 0.4957947046160051
12 1.46 2.008 1.6569052377359526 0.5993135635285619 0.730169955164545 0.45648622700462754
12 1.46 7.003 0.7444099531708027 0.2697137511435185 0.0 0.04983798613756518
12 1.5 1.5085 1.8335111608442922 0.6083806668761037 0.7764305244366557 0.4864276785180499
12 1.5 3.5065 1.4164444654316761 0.4721481551448861 0.3696812802737562 0.24425486567832685
12 1.52 5.005 1.1137115055294273 0.3569588158714775 0.06397772400864957 0.10221835997587976
12 1.54 0.01 5.357026142122378 0.6665318620790887 1.001733345159156 0.10834660037347613
12 1.54 3.007 1.6191877219690172 0.49974929690515657 0.4291762017105756 0.27033252193898394
12 1.58 0.5095 2.385024919848248 0.5989232939038636 0.8994034123221918 0.4700000202595639
12 1.58 2.008 2.076424668280208 0.5965168003068573 0.6378640525032598 0.3952769580844709
12 1.58 2.5075 1.8220568501047816 0.5235795546281197 0.5064105208574705 0.31788612285587314
12 1.58 7.003 0.4924833409085712 0.14151820140435054 0.0 0.018162995378570416
12 1.6 4.5055 1.1462703938515695 0.3184084427376183 0.04411594992991605 0.09397181383131996
12 1.6 9.001 0.18946158474829172 0.052628217995019405 0.0 0.005477170803617488
12 1.62 2.008 2.0847058878005775 0.5602609631808301 0.6075513398779694 0.37931842613309985
12 1.62 7.003 0.439274427392606 0.1180845234738559 0.0 0.01816299537857042
12 1.66 4.006 1.6683417448109374 0.4212984204033891 0.047064783538273224 0.0886417138148694
12 1.68 6.004 0.6452958785902145 0.15816075454908674 0.0 0.019744665141752916
12 1.68 6.5035 0.4627544091654393 0.11342019832014867 0.0 0.01095384864584116
12 1.72 5.5045 0.702171960662939 0.1625398056935632 0.0 0.023231741281486248
12 1.74 7.5025 0.3359852745931947 0.07567235915772735 0.0 0.0077457730435379225
12 1.74 8.002 0.44669032556221916 0.10060592918744556 0.0 0.009486453504339628
12 1.74 9.001 4.5518873563380524E-11 0.0 0.0 0.0
12 1.78 5.005 0.5701981393327046 0.12183720925086187 0.0 0.018970345313988383
12 1.84 10.0 4.4733137664151196E-11 0.0 0.0 0.0
12 1.86 3.5065 1.4156223520231237 0.27434541705575477 0.05246341655334437 0.05496225515851077
12 1.86 9.5005 8.543555921929122E-11 0.0 0.0 0.0
12 1.88 4.006 0.827387534959017 0.15670218464799032 0.0 0.03238684935478698
12 1.88 5.005 0.5232751933821445 0.09910515026706745 0.0 0.009486453504339628
12 1.9 7.5025 4.344362434392121E-11 0.0 0.0 0.0
12 1.9 8.002 4.344362434392121E-11 0.0 0.0 0.0
12 1.9 9.001 0.11926439098448895 0.022085998333329866 0.0 0.005477170803617481
12 1.92 1.5085 2.8798406354608055 0.5217102600471434 0.5402973252260159 0.33523531421274405
12 1.92 3.5065 1.2120476278470198 0.21957384562421198 0.0 0.04642581229090786
12 1.94 2.008 2.727458190130631 0.4835918776830698 0.2934760515532698 0.20704167345253838
12 1.94 2.5075 2.1336661024039367 0.3783095926232332 0.09598751932310799 0.11925569790844176
12 1.94 7.003 2.7066438611292304E-11 0.0 0.0 0.0
12 1.96 1.5085 2.9632760100777307 0.5144576406385984 0.5158587088061483 0.3219221267359088
12 1.96 10.0 3.610695781933603E-11 0.0 0.0 0.0
12 1.98 0.01 7.742127801515502 0.6646079410082361 0.9924531316716186 0.13349442795840247
12 1.98 3.007 1.6042135674459466 0.27282543664203707 0.0 0.07488823084203919
12 2.0 9.5005 0.0 0.0 0.0 0.0
14 0.0 0.5095 4.562516760360621 0.6517881086229208 1.1134891416027781 0.4967720082946257
14 0.0 1.009 3.9547297041716534 0.5649613863102836 1.0916891274015892 0.4357974116996845
14 0.0 2.5075 1.3545327581409885 0.19350467973460794 0.8259014613767108 0.13119919157968896
14 0.02 0.5095 4.405401213287437 0.6585143025582941 1.113979541977315 0.49463368407753966
14 0.02 1.009 3.5358029325359266 0.5487618271344298 1.0672381048088904 0.4542690503848704
14 0.02 2.5075 1.4199593280046041 0.25522078900993694 0.9146601994918708 0.20424923703856318
14 0.08 0.01 4.323328096457587 0.6890035782399193 1.0677680685624331 0.09302620686118
14 0.1 1.5085 2.060660155452019 0.43926413227664707 1.0410131701052303 0.44603821477413685
14 0.1 10.0 9.934062243529335E-12 3.6876341600585214E-13 0.0 0.0
14 0.12 5.005 1.0500425066595975 0.1556311406797986 0.6051009019181958 0.029986647164859236
14 0.16 4.5055 1.179576199396259 0.1732877787795418 0.392286573238522 0.02844911258091888
14 0.16 8.002 8.84713964002511E-12 3.5068220923588935E-13 0.0 0.0
14 0.16 9.001 9.690157656076406E-12 3.6876341600585214E-13 0.0 0.0
14 0.18 4.5055 0.6816664612009992 0.11394466246113875 0.1050503081696321 0.019744665141752892
14 0.18 9.001 8.302360507610915E-12 3.6876341600585214E-13 0.0 0.0
14 0.22 4.5055 0.8000158386686601 0.14652304737463387 0.0 0.023867986997354915
14 0.22 9.001 0.33902204664118135 0.06209194993586666 0.0 0.0
14 0.24 0.5095 2.6102356973027256 0.5976046216127079 1.0575050733939135 0.4503978152241094
14 0.24 2.008 1.3972550207437837 0.3925234763969856 1.1282850467781367 0.45042673643793446
14 0.24 2.5075 2.1047786613864243 0.4146965894969773 1.84764641853086 0.3894239068425789
14 0.24 7.003 0.32518066190805267 0.06112418456915379 0.0 0.00774577304353793
14 0.26 6.004 0.7181365547466645 0.1386364005308415 0.0 0.012246591372295902
14 0.26 6.5035 0.3840587290777547 0.0741426117903012 0.0 0.00948645350433964
14 0.26 8.5015 0.08824921645702796 0.017036528273068483 0.0 0.0
14 0.28 3.007 4.186037837710319 0.6618674368910576 2.7876956457232107 0.288829955837774
14 0.3 6.004 0.8155934819876518 0.1664476493845606 0.0 0.02048969989545837
14 0.3 6.5035 0.38684339552710045 0.07894763174321852 0.0 0.0077457730435379415
14 0.3 8.5015 1.8609598144390045E-11 0.0 0.0 0.0
14 0.32 5.5045 0.8022262781666506 0.16853493238661618 0.0 0.023867986997354786
14 0.38 5.005 0.9874662636646963 0.2275267888633773 0.0 0.03946621370857953
14 0.4 4.5055 1.3729356426199486 0.3178787274253533 0.11790391422446644 0.06374476109349679
14 0.4 9.001 0.29582615522048245 0.0704347988607659 0.0 0.005477170803617484
14 0.42 6.004 0.5055916467304145 0.1245299622472689 0.0 0.016429540491321663
14 0.42 6.5035 0.5639217990801454 0.13889699484779597 0.0 0.01642954049132169
14 0.46 10.0 2.154400832250575E-11 3.6876341600585214E-13 0.0 0.0
14 0.48 1.5085 1.2705304978566248 0.4370712503781106 1.0591558018602543 0.49888132829760345
14 0.48 3.5065 2.194539163762135 0.5429857238808572 2.154748609284359 0.29797785456261666
14 0.5 6.5035 0.8056471705133568 0.2301849058612623 0.0 0.03831258046328067
14 0.5 9.5005 0.0 3.6876341600585214E-13 0.0 0.0054771708036174815
14 0.52 1.5085 1.2220434617336708 0.443435055278778 1.0606433676695772 0.4995197479080471
14 0.52 10.0 0.22510292625010872 0.06699491853661646 0.0 0.0
14 0.56 5.5045 0.9156624031079256 0.29729298802222276 0.0 0.08712952763542607
14 0.58 1.5085 1.1418511136365697 0.45698442465788597 1.0556161722273056 0.4999929840709342
14 0.58 3.5065 1.1329472960011922 0.3757010436272886 1.5564352802402988 0.3280256197516403
14 0.58 10.0 0.5179632369889599 0.17617797176133101 0.0 0.014489927551992349
14 0.6 1.5085 1.0987367817709135 0.45382217816399567 1.0384419526380775 0.5000072399251845
14 0.6 10.0 0.5038416351795351 0.17994344113586677 0.0 0.021903753156752116
14 0.64 1.5085 1.0421285647465313 0.47229627142599095 1.0504581237241193 0.4998583974145056
14 0.64 10.0 0.49649370614680594 0.1970213119648805 0.0 0.02791772566241415
14 0.66 0.01 1.2761573523004186 0.6734619335948675 1.0678419588420223 0.06256672082535056
14 0.66 3.007 0.8858486704639233 0.38104835746690063 1.1026208650825735 0.4099345747434018
14 0.68 4.5055 0.790796187202205 0.34420643199175865 1.3598975596919556 0.2751721143543049
14 0.68 8.002 0.6203962334048351 0.27696260419888064 0.0 0.0728802997090532
14 0.68 9.001 0.7254425211922995 0.3238582683926771 0.0 0.04131698233669928
14 0.72 1.5085 0.8873078250667142 0.4808378087067777 1.0430074824618907 0.4965593922553616
14 0.72 10.0 0.5158777179635348 0.2632029173301598 0.0 0.05274697980091075
14 0.78 0.5095 0.9079684809528701 0.59294056890422 1.016978959784712 0.3641329408314135
14 0.78 2.008 0.7277418561915108 0.4657724654033572 1.0470279054279794 0.4999823999162316
14 0.78 2.5075 0.7009706126757922 0.4439426995342698 1.057924153514177 0.4890764437080988
14 0.82 0.5095 0.850529101408648 0.5839834351191191 1.0261598999031298 0.35733829296477904
14 0.82 2.008 0.6399291413836606 0.48083274489078326 1.0341784885900722 0.49961887460315835
14 0.82 2.5075 0.6025269036021728 0.45269883098877234 1.056070034128358 0.49632530850355433
14 0.84 3.007 0.5305219241125474 0.443289020658764 1.0465157083712402 0.488283981239628
14 0.88 3.007 0.43089375512181527 0.4675047856435848 1.0175915941970866 0.49917912161055417
14 0.9 4.006 0.35519955985045315 0.46944413458980383 1.0454727649181415 0.4928036999594297
14 0.9 5.005 0.32359689136404457 0.4406447257096286 1.0451091457772175 0.4747229575512501
14 0.92 6.5035 0.25261885611658297 0.44343396516000244 1.0586330933727173 0.46790295191637943
14 0.94 0.5095 0.8132937453822066 0.5961488168116699 1.0191410752797756 0.33800308587642913
14 0.94 1.009 0.5627231999417485 0.5595778419990763 1.0026812329970662 0.40572155616027006
14 0.94 2.5075 0.31078573539764953 0.5155682807307576 1.013382739521263 0.47813165095710414
14 0.96 6.004 0.14543077253990364 0.48638374654673366 1.021181944064294 0.49873998870552233
14 0.96 8.5015 0.1314544111650616 0.46646431712603936 1.047257774920228 0.49788520850972384
14 0.98 6.004 0.08374094231106427 0.5199964440236376 1.0055817835735734 0.4776887269765076
14 0.98 6.5035 0.0776771201549085 0.515543810063633 1.0033463288729285 0.47922717061861203
14 0.98 8.5015 0.07241624630162039 0.5063914110647615 1.0111394419538624 0.4886252615259352
14 1.0 4.5055 0.0762616308690007 0.5465987063623932 0.9968597505191609 0.4128359573714587
14 1.02 6.004 0.08511890454221882 0.5751635934661143 0.9829377765283552 0.44150725334068763
14 1.02 6.5035 0.08335074164667193 0.5722241451470801 0.9780514148272638 0.4406423066188833
14 1.02 8.5015 0.08256736670603175 0.5863584037008758 0.9713261817964006 0.44924752843721466
14 1.04 0.5095 0.9387319771625026 0.5928637346056123 1.0015396492820083 0.3376430008083112
14 1.04 1.009 0.5782606553401186 0.5760293622553646 0.9990493155516753 0.3866201242546618
14 1.04 2.5075 0.2511055519326154 0.5727802311709054 0.9885594678102289 0.432767759494767
14 1.06 1.009 0.6327356864262319 0.5772822743278342 0.9903617531145605 0.39460146556744535
14 1.08 4.5055 0.34967256060767005 0.6187395567177952 0.9456160229089864 0.4847416201468695
14 1.1 0.01 2.538731748499069 0.6752292952981628 1.0492416110889826 0.07267638737914511
14 1.12 4.5055 0.5284603114134316 0.6278213861575472 0.9033952936188306 0.4998137009052522
14 1.12 8.002 0.5089686864436691 0.6059151029118307 0.7720685190585311 0.44939398804481867
14 1.12 9.001 0.49913337003252667 0.5942063928971241 0.7135990540673006 0.41623498786022267
14 1.16 0.5095 1.221952899733239 0.6045875892683282 1.0011238882925801 0.37421487859283914
14 1.16 2.008 0.7200060829585708 0.6153981385668645 0.9616910080628912 0.4751869166118789
14 1.16 2.5075 0.6989113561854927 0.6153296496971905 0.9324549773319079 0.4896240659227089
14 1.16 7.003 0.645104406164254 0.5759860769336473 0.7060295232657166 0.40567833351537547
14 1.18 7.5025 0.7034149991784846 0.5582658723623845 0.6065225422666738 0.3431303056267128
14 1.18 8.002 0.6836123564854334 0.5425494892718544 0.5682411980699609 0.31609293660652577
14 1.2 0.5095 1.3514673022824388 0.6081382855152173 0.9964391633153072 0.3836395175638747
14 1.2 1.009 1.0126178880837533 0.6046454504034243 0.9812884094511473 0.44260137457921556
14 1.2 2.5075 0.8876336177090163 0.628765663986481 0.9119913551037782 0.49824800003507824
14 1.26 4.006 1.0884535825828032 0.5980514190031768 0.7361607316219463 0.4276332299234721
14 1.28 6.004 0.9154572131186253 0.4670700066928804 0.4310151032121288 0.2494857817209139
14 1.28 6.5035 0.8998272390033841 0.45909553010293414 0.34859484525827816 0.21715979468047783
14 1.28 8.5015 0.7055067612920829 0.359952429233164 0.10643676204405439 0.12226905457135427
14 1.3 2.008 1.3279180250176887 0.6299729998419984 0.8877120933219301 0.4995184209449887
14 1.3 7.003 0.8849092541078994 0.4213853590977856 0.21964506907755782 0.15600401992360685
14 1.32 4.006 1.224597905877432 0.5466954936934831 0.6259605121033894 0.3568089805469811
14 1.34 7.5025 0.7960537664014327 0.33447637244121475 0.08295809111188342 0.09840960500598193
14 1.34 8.002 0.8310322474690675 0.3491732132237823 0.06693127223461337 0.08260067961368035
14 1.34 9.001 0.6722904387834447 0.2824749742738497 0.03908547586458807 0.061848952681800295
14 1.36 5.5045 1.0819670552649179 0.429352006056202 0.29617743416205705 0.18174353826056414
14 1.38 2.008 1.6977185621097994 0.6372639938271661 0.8373514990521573 0.48463519324773474
14 1.38 7.003 0.989581983490745 0.37202330206965184 0.05656613919438829 0.08023761474856675
14 1.42 4.5055 1.4761337291707897 0.5020863024392085 0.3267293194692928 0.20545158920019838
14 1.44 6.004 0.9949596189368736 0.32303883731654687 0.04058687013541683 0.08384476669391476
14 1.44 6.5035 0.8820273052635962 0.28637250171098133 0.028449112580919002 0.07102355987662318
14 1.44 8.5015 0.5448665604120614 0.1769047274050723 0.0 0.025092018731697977
14 1.48 5.005 1.1405387389760369 0.3394460532733236 0.08402094683004253 0.11348933740347152
14 1.5 7.5025 0.42866303201559186 0.12247515200121072 0.0 0.01224659137229594
14 1.5 8.002 0.44205915540356644 0.12630261583181326 0.0 0.016429540491321608
14 1.5 9.001 0.6104944429230197 0.17442698368893939 0.0 0.010953848645841145
14 1.52 3.5065 1.46711507706941 0.40305359260068396 0.37283789446198606 0.2225521114604012
14 1.52 9.5005 0.43303490988468507 0.11896563458340866 0.0 0.010953848645841112
14 1.56 4.006 1.7309782925616952 0.4415760950435312 0.18027581843606394 0.13152971946594097
14 1.56 5.005 1.3159254261535205 0.33569526177797954 0.025092018731697807 0.07741898839561953
14 1.58 6.004 0.9339684426426397 0.23004148832344004 0.0 0.0309691460862538
14 1.58 6.5035 0.8647895163905501 0.21300234393011855 0.0 0.03096914608625373
14 1.58 8.5015 0.5080951858273748 0.12514659749108953 0.0 0.009486453504339616
14 1.6 3.007 2.0334603680864958 0.4841572304957415 0.37063760724609984 0.21759479367514092
14 1.64 4.006 1.5759716491933797 0.3517793859840157 0.08295809111188349 0.1040682862359328
14 1.64 5.005 1.282237023088197 0.2862136212162444 0.0 0.04983798613756528
14 1.7 2.008 2.7855536348874432 0.5684803336488717 0.573238374974474 0.32188647006627297
14 1.7 7.003 0.48372563959884685 0.09871951828019836 0.0 0.01095384864584114
14 1.74 0.01 6.2822354258741155 0.6803804625358557 1.0527676451261736 0.10739613197417847
14 1.74 3.007 1.933889864507413 0.3733378116821284 0.1522075229196405 0.13712296115784425
14 1.78 3.5065 1.7101203241240237 0.3132088505751735 0.024487670441671043 0.07799107112448682
14 1.78 9.5005 0.27385182101602373 0.05015601118552927 0.0 0.0
14 1.8 0.5095 3.6750384669104545 0.6338992395209772 0.9480975332161015 0.486291701811889
14 1.8 1.009 3.5312737634573317 0.6297396905059824 0.826937582577497 0.4798384741727542
14 1.8 2.5075 2.259102045517382 0.4034110795551142 0.2899950750364295 0.17761453948667255
14 1.84 4.5055 1.247381156325733 0.21213965242669205 0.0 0.020489699895458326
14 1.86 7.5025 0.16562980278335906 0.02751325628912536 0.0 0.0
14 1.88 1.5085 3.4391044341282835 0.5582726142028357 0.6124556577873173 0.34637615443270925
14 1.88 10.0 4.779939228034009E-11 0.0 0.0 0.0
14 1.9 0.01 7.10892765513384 0.6698277344029272 1.0455211519495151 0.11913348007582882
14 1.9 3.007 1.8898005951215895 0.2999683484376265 0.026258918576930305 0.08576226763446476
14 1.92 7.5025 0.2627343462127154 0.04079725873735766 0.0 0.005477170803617486
14 1.92 8.002 4.840663809049887E-11 0.0 0.0 0.0
14 1.92 9.001 4.840663809049887E-11 0.0 0.0 0.0
14 1.96 4.5055 0.8087659705021802 0.12035207893587709 0.0 0.013415267434605666
14 1.96 8.002 7.112156169050698E-11 0.0 0.0 0.0
14 1.96 9.001 7.112156169050698E-11 0.0 0.0 0.0
14 1.98 1.009 3.9490689794101366 0.5753181507225741 0.7504286752787785 0.4420637921557459
16 0.0 6.004 0.24290430232253843 0.030363037790317304 0.7251345926815181 0.026823288486981543
16 0.0 6.5035 0.0 0.0 0.5475141616820355 0.025092018731697845
16 0.0 8.5015 0.0 0.0 0.5951544217116972 0.027375993236772676
16 0.02 6.004 0.6314270525038355 0.08513951980614795 0.8633879610936039 0.024487670441670998
16 0.02 6.5035 0.31638037050651646 0.04721413264270161 0.7230380799542327 0.009486453504339626
16 0.02 8.5015 4.803306043831248E-12 0.0 0.0 0.007745773043537915
16 0.04 4.006 1.6797290892650825 0.22843796164695096 1.5326641137499515 0.11297320953700428
16 0.06 2.008 2.118569203122328 0.3748264506321295 1.064529566190935 0.34011654360013616
16 0.06 2.5075 1.7535042063252715 0.32110499982312996 1.1142959280613824 0.28583932650203314
16 0.06 7.003 0.0 0.0 0.0 0.005477170803617482
16 0.08 0.5095 4.279589121336064 0.6246115322463861 1.1439429894474997 0.4861550187751304
16 0.08 1.009 3.391276404187208 0.5443790439577886 1.1059406684343454 0.48437511440453807
16 0.08 2.5075 1.810222596916326 0.3381927101314178 1.1852376052501674 0.30217615742139625
16 0.1 4.5055 1.893611989714015 0.154415801591421 0.9453642393507853 0.026258918576930152
16 0.1 9.001 0.0 0.0 0.0 0.0
16 0.12 1.5085 2.3358285368942107 0.45314573847628153 1.1173285664111674 0.45190290757912166
16 0.12 3.5065 3.9464950536475363 0.41010366475750953 2.659457041258044 0.1242738237250954
16 0.12 9.5005 0.0 0.0 0.0 0.0
16 0.14 2.008 1.8167183782810101 0.3880929061795636 1.1784386370115008 0.41162094968043716
16 0.14 7.003 0.0 0.0 0.0 0.0
16 0.16 3.007 2.6208360005660847 0.38731908141364035 2.431449916694851 0.2896337425779828
16 0.18 3.007 2.703770078827757 0.38360857829867373 2.499022623468679 0.3033982959957909
16 0.22 3.007 5.768912379290737 0.7246914928680015 3.381212444791154 0.26169102333052835
16 0.24 6.004 0.5192081071214429 0.08539607024957505 0.0 0.007745773043537923
16 0.24 8.5015 0.0 0.0 0.0 0.0
16 0.26 5.5045 0.6420106007386546 0.10844773661100066 0.0 0.013415267434605645
16 0.28 5.005 0.0 0.0 0.0 0.0
16 0.3 5.5045 0.3540139029942194 0.0632167683921854 0.0 0.0077457730435379415
16 0.34 2.008 1.4827032652051213 0.38514206787022703 1.155640532915272 0.4580388976338614
16 0.34 2.5075 1.4557139914413515 0.3489578842835006 1.3682361416703681 0.406840627322474
16 0.34 7.003 0.11753774425256869 0.02226093641154191 0.0 0.0077457730435379225
16 0.38 3.5065 2.8801943148396316 0.526836898982639 1.1838360011435316 0.13108881668799327
16 0.38 9.5005 0.0 0.0 0.0 0.0
16 0.4 3.007 3.346104764407552 0.6137207866325324 2.821815456841197 0.31693674878603567
16 0.46 4.5055 1.4365260209627972 0.3325291715187235 0.0 0.07930948746089556
16 0.48 7.5025 0.3269482033698485 0.07859331811580039 0.0 0.007745773043537919
16 0.48 8.002 1.4340055814889305E-11 0.0 0.0 0.0
16 0.48 9.001 0.16183132618563764 0.038901761101941205 0.0 0.0
16 0.52 4.5055 1.4245178895551553 0.3709077229104639 0.005477170803617489 0.1099559288958767
16 0.52 8.002 0.4695007158880169 0.1222658114312966 0.0 0.016429540491321618
16 0.52 9.001 0.40050935885603717 0.10429931219792594 0.0 0.014489927551992344
16 0.58 7.5025 0.5629148149637727 0.16753417111948013 0.0 0.02625891857693032
16 0.58 8.002 0.6819448017100667 0.2029597624115415 0.0 0.021903753156752245
16 0.58 9.001 0.5211459462090559 0.1551029601775583 0.0 0.017317996446759444
16 0.6 4.5055 2.6231966576286316 0.7754151706841536 2.8389914986284643 0.21796679796301982
16 0.6 8.002 0.7504546184303 0.2345170682594531 0.0 0.028449112580919044
16 0.6 9.001 0.6097421983140044 0.1905444369705841 0.0 0.018970345313988352
16 0.62 0.5095 1.4971918902941737 0.6024718494468094 1.1000585307402149 0.38280984717679245
16 0.62 2.008 1.169363463615245 0.42494822482560013 1.1305489407126774 0.48559384884211526
16 0.62 2.5075 1.0997958321263288 0.3915765702948465 1.1454079187649147 0.4507298149301552
16 0.62 7.003 0.8307152732757093 0.27326160305126496 0.0 0.07018224309262773
16 0.64 4.5055 2.5292035964912665 0.836581536199287 2.961534711273137 0.2256040840458169
16 0.64 8.002 0.6525354848512507 0.22657482112777624 0.0 0.056828997046374556
16 0.64 9.001 0.5215442885984497 0.18109176687067013 0.0 0.034620398820920106
16 0.66 1.009 1.261385261754584 0.5350266378681232 1.0842518749413506 0.47003268017977307
16 0.68 3.007 0.9331544364179901 0.3742522574591939 1.1503087467991004 0.4235074574906656
16 0.72 4.5055 0.7683708233968557 0.33960906824777876 1.2855020342168677 0.31583537753091157
16 0.72 8.002 0.9001347189136654 0.40184585665922434 0.0 0.10106236622019116
16 0.72 9.001 0.7364830392966909 0.32878707111526057 0.0 0.07123230489463467
16 0.74 0.5095 1.0838041792573108 0.5950597290810955 1.0980418203705826 0.35716203336627456
16 0.74 2.008 0.9387088157575049 0.4699407637880594 1.1113890373722068 0.499233524223613
16 0.74 2.5075 0.8733370490861211 0.43033074738829014 1.1030422688278398 0.4823103268788769
16 0.76 5.5045 0.7550818291201905 0.3845952755258745 1.5203606366904039 0.2770291864833874
16 0.78 6.004 0.5523047034807997 0.307847411857586 1.1970087413161599 0.26579799383816594
16 0.78 6.5035 0.7008108969384029 0.3932290836329425 1.5993623588830732 0.2426403001741925
16 0.78 8.5015 1.4524532071392864 0.8216527643362709 2.0647930823324447 0.1514544826671844
16 0.8 2.008 0.78119641505043 0.4895210592413919 1.106825594985967 0.49975176090907714
16 0.8 2.5075 0.7522351387911563 0.46558470400367463 1.1034190965387924 0.4951692398799396
16 0.8 7.003 0.5523920856228237 0.33880787588092137 1.395138894255312 0.23508244824630792
16 0.82 6.004 0.5296046011117568 0.36088347308556173 1.174233425701372 0.32351973026505476
16 0.82 6.5035 0.5347929569559986 0.3646053172288189 1.2865869869038484 0.29380973516148173
16 0.82 8.5015 0.8905115619112884 0.6166071540870055 2.5655500793678394 0.20256507641275345
16 0.84 5.005 0.5216907074411038 0.39828168355446664 1.1194882051242168 0.4057431624288763
16 0.86 3.5065 0.5269767949697245 0.45117459169715174 1.1123556937398944 0.4888391375603727
16 0.86 9.5005 0.3884308943313078 0.3458361736142451 1.4910727534111505 0.24922507514502162
16 0.88 5.005 0.4348681360324026 0.4411182308988034 1.0976826903837504 0.46028881312112935
16 0.9 1.5085 0.5275196891277343 0.5515609400407541 1.083397749641334 0.44996281388038856
16 0.9 10.0 0.29273079173866645 0.3649939527951639 1.2092595117702352 0.33832982406550527
16 0.94 6.004 0.2399786001757871 0.4891288786286313 1.093325881804792 0.4988631028707359
16 0.94 6.5035 0.2334792607576702 0.47887405131083793 1.093050018597286 0.49632164651312544
16 0.94 8.5015 0.21819078258144892 0.45177241193355433 1.0796393651685445 0.476589147876102
16 0.96 5.5045 0.17238799418047143 0.518854036776279 1.0732076619571325 0.4910366431116661
16 0.98 5.5045 0.0996924906210666 0.5369610695616824 1.0598938939695854 0.45107486358183047
16 1.04 6.004 0.20070432246470996 0.6255657812604939 1.0209108488594056 0.4503544149329218
16 1.04 6.5035 0.20097393171554678 0.6256194138366157 1.0209715616407655 0.45635202275213355
16 1.04 8.5015 0.20152855005849288 0.6297767189337167 0.9963701084760741 0.474154048727146
16 1.06 3.5065 0.3115752147385183 0.6181153508128915 1.0207814281035674 0.44077092967745735
16 1.06 9.5005 0.30957718801861894 0.6449524750388533 0.9492529181778663 0.49998643200158366
16 1.1 0.5095 1.0172215246182303 0.6234692540193031 1.0638377972312167 0.32569887154190036
16 1.1 1.009 0.7124606201862422 0.6143705137693454 1.0493857171299859 0.38217840261571273
16 1.12 3.007 0.6151514351205165 0.6341413006027108 0.9948561548335816 0.4799437970070935
16 1.14 7.003 0.6714775319356004 0.5995335106567418 0.799926387429322 0.44307322036033336
16 1.16 6.004 0.7488795449006015 0.5850621444535458 0.7982530741862126 0.4495255897141519
16 1.16 6.5035 0.7760846525518335 0.6063161348061618 0.7923953488137669 0.4301500223719492
16 1.16 8.5015 0.7037698927212086 0.5498202286885404 0.6511117829676022 0.33208802642896257
16 1.18 0.01 2.658206006451915 0.6807541127548378 1.0993851262706658 0.07060418012762777
16 1.2 6.004 0.9250969117147904 0.5781855698217271 0.7210983818975293 0.38146819323408754
16 1.2 6.5035 0.8903837070786718 0.556489816924148 0.674553078914064 0.355211385479058
16 1.2 8.5015 0.754177263900807 0.4713607899377544 0.4819070127138214 0.24430844366452223
16 1.22 0.5095 1.452219044423648 0.6245616201881853 1.0486970718775093 0.36413294083141184
16 1.22 2.008 1.1444967371588541 0.6456079020487049 0.9954143772823195 0.49272108733831904
16 1.22 2.5075 1.145741203998323 0.6493880149890354 0.9564609501738526 0.49959970781740953
16 1.24 5.005 1.1094481605365616 0.577837583612643 0.7186179530777496 0.3852114066994894
16 1.26 10.0 0.7624608772042211 0.36656772942995697 0.08472189754388378 0.09223052714258943
16 1.28 5.5045 1.2251382787224891 0.5469367315724863 0.5569982692893481 0.283761411771784
16 1.3 4.5055 1.307215071629016 0.5446729465121342 0.6518807229855929 0.34060081684288074
16 1.32 7.003 0.9628042197069114 0.37609539832317174 0.21298377400213447 0.13435771352497228
16 1.34 0.01 3.6103219074827133 0.6913840017566445 1.1022282478560743 0.08930531589553145
16 1.4 5.005 1.3365027671923868 0.4176571147476052 0.2811175030931006 0.16900940229446434
16 1.42 3.007 1.9197415158267759 0.5713516416146959 0.6868764353229638 0.3622595177585602
16 1.48 1.5085 2.474054101238608 0.6435372206698948 0.8739957423049597 0.4915864920596758
16 1.48 3.5065 1.951535801154199 0.5082124482173215 0.49186049209196364 0.24117507843359057
16 1.48 10.0 0.4807600497619341 0.12519792962712673 0.0 0.013415267434605601
16 1.5 0.01 4.579564853766352 0.6836459875241881 1.0962789736031997 0.08593440145985409
16 1.5 3.007 2.0958863512324815 0.5239715878081204 0.5901937823991876 0.30142323725700193
16 1.52 7.5025 0.623233210220806 0.1498156755272463 0.0 0.01974466514175286
16 1.52 8.002 0.5296038490178794 0.12730861755356737 0.0 0.013415267434605587
16 1.54 3.5065 2.044269240658266 0.4732104723744335 0.3886959609832802 0.20664553463544896
16 1.54 9.5005 0.08556260629380082 0.01980615886035628 0.0 0.0054771708036174885
16 1.56 1.5085 2.8076816149600616 0.6266145653056677 0.8395753589601991 0.470412272764215
16 1.56 10.0 7.988122339957798E-11 0.0 0.0 0.0
16 1.58 5.5045 1.3594966881964405 0.29299497590943774 0.0 0.04021681024652771
16 1.6 5.005 1.0718537567918383 0.2233028659994896 0.0 0.05217829505455076
16 1.64 1.5085 3.1021979128214427 0.60585372382578 0.8150702796920386 0.44371431261056343
16 1.64 10.0 0.22852725569454474 0.044634229614208765 0.0 0.0
16 1.66 4.5055 1.8904242899480481 0.35803490340254185 0.0 0.05656613919438859
16 1.72 7.003 0.2869492314646156 0.04981757491175841 0.0 0.0
16 1.74 1.009 3.853959118269224 0.6504784988130667 0.8883289762661843 0.4878769711804567
16 1.76 2.008 3.3960759633558464 0.5585651255518176 0.5738718065712587 0.29289876172546553
16 1.76 2.5075 2.8358964103244895 0.4664303306454011 0.3829050831032369 0.20344292496432625
16 1.76 7.003 7.837402098324938E-11 0.0 0.0 0.0
16 1.78 7.5025 1.1009363734782751E-10 0.0 0.0 0.0
16 1.8 6.004 0.39989871123634796 0.062484173623197074 0.0 0.00948645350433962
16 1.8 6.5035 0.3997309270378739 0.062457957348350364 0.0 0.007745773043537942
16 1.8 8.5015 0.0 0.0 0.0 0.0
16 1.82 0.5095 4.370099487077699 0.6566277661326171 0.9914775962765695 0.48553487805302853
16 1.82 2.008 3.1632003525490044 0.4821951756935417 0.5128484913859561 0.2561402108905305
16 1.82 2.5075 3.01957119963541 0.4603004877493584 0.2863714719210035 0.1619089653481617
16 1.84 3.007 2.551500933252769 0.3796876388768327 0.11502307507438718 0.0909424460654603
16 1.86 0.01 6.754279540137611 0.6747762408004724 1.089373745087418 0.11193342848131516
16 1.88 4.5055 1.376957395410427 0.19559053912798008 0.0 0.023231741281486216
16 1.88 8.002 1.1501495263240522E-10 0.0 0.0 0.0
16 1.88 9.001 1.1501495263240522E-10 0.0 0.0 0.0
16 1.9 1.009 4.436988283952045 0.6160875534722537 0.8191289645175484 0.45904323198937935
16 1.92 0.01 7.144581780175301 0.6793195378589898 1.0966494684446662 0.10780455177825474
16 1.94 5.5045 7.990262226912647E-11 0.0 0.0 0.0
16 1.96 0.01 7.442916736779057 0.6732341690905148 1.1028904227394596 0.11603368418064701
16 1.96 3.007 2.0981462319214486 0.27319612394982035 0.0 0.04953759239971392
16 1.98 9.5005 1.1977261273592222E-10 0.0 0.0 0.0
18 0.0 5.5045 0.23909305480616724 0.026565894978212354 0.7108052108423053 0.019744665141752982
18 0.02 5.5045 0.9275253308817285 0.10199637930572064 0.8742314696613427 0.028970723276090113
18 0.04 1.5085 3.2824184166088037 0.44906616198063304 1.1248753010483616 0.37742656771927197
18 0.04 10.0 1.0361578569013013E-11 3.0425910314702166E-13 0.0 0.0
18 0.06 6.004 0.015618371057840408 0.04338436406118199 0.3904592765526574 0.0
18 0.06 8.5015 6.0011710362948695E-12 3.0425910314702166E-13 0.0 0.0
18 0.08 6.004 6.31233942587664E-12 3.0425910314702166E-13 0.0 0.0
18 0.08 6.5035 6.31233942587664E-12 3.0425910314702166E-13 0.0 0.0
18 0.08 8.5015 6.31233942587664E-12 3.0425910314702166E-13 0.0 0.0
18 0.1 3.007 2.8164421671352238 0.370008572555045 2.407689140148577 0.2532514202329547
18 0.12 7.5025 1.0315362785798456E-11 3.0425910314702166E-13 0.0 0.0
18 0.12 8.002 1.0315362785798456E-11 3.0425910314702166E-13 0.0 0.0
18 0.12 9.001 1.0315362785798456E-11 3.0425910314702166E-13 0.0 0.0
18 0.16 5.005 0.6573475083893175 0.08695072862369038 0.0 0.007745773043537935
18 0.18 5.005 0.86743569626925 0.11759371595156812 0.017317996446759316 0.020489699895458336
18 0.2 2.008 1.9443478323754497 0.394040583324176 1.3127178094945526 0.4284483012654434
18 0.2 2.5075 1.6188827803561234 0.3424369452640046 1.3432286145812022 0.3826080582528491
18 0.2 7.003 2.0221755541615212E-11 3.0425910314702166E-13 0.0 0.0
18 0.22 5.005 0.8686584042526443 0.12374051342766482 0.0 0.0154901517294048
18 0.24 5.5045 2.157582106644837E-11 3.0425910314702166E-13 0.0 0.0
18 0.28 3.5065 2.1193226937664043 0.3271200572703389 0.01224659137229598 0.055770035840521794
18 0.28 9.5005 2.496487699689494E-11 3.0425910314702166E-13 0.0 0.0
18 0.32 2.008 1.761933870474632 0.3827001231920481 1.383515011427397 0.4495401997335786
18 0.36 2.008 1.6986100412016667 0.3838797763670204 1.2425157666422009 0.45203066093317323
18 0.36 2.5075 1.543306847753924 0.33911877166694465 1.3363147009171683 0.3966878396410104
18 0.38 7.5025 0.8296568930749642 0.1486840310164122 0.0 0.010953848645841148
18 0.38 8.002 0.2747053966138659 0.04923035781728951 0.0 0.0
18 0.4 5.005 1.422603525767265 0.2634450973643466 0.0 0.039085475864588194
18 0.44 2.008 1.573714850929639 0.38236417783869076 1.2253078716006296 0.46313138917164864
18 0.44 2.5075 1.4549938290797826 0.3483068124556574 1.2924294121522557 0.40985074387790554
18 0.46 3.007 1.349976487069526 0.31531115515303204 1.3782644373092294 0.35326891971366864
18 0.48 0.01 2.9716273689673627 0.6989286993166267 1.1719372442266818 0.06868464184330633
18 0.52 0.01 2.6698361121574847 0.6882578304637984 1.141947202906802 0.06304062150387822
18 0.52 3.007 1.3524842037155886 0.34203017020740245 1.4903499101270434 0.3714536798165198
18 0.54 0.5095 2.1565872660603915 0.6131409589982183 1.1432815468354505 0.39962750532278035
18 0.54 2.008 1.4578265897840206 0.4033477786320356 1.186316650987207 0.4785698321613723
18 0.54 2.5075 1.3666985560251723 0.36980725480856025 1.2385489506562761 0.43062900009606
18 0.56 2.008 1.4252129836488716 0.41334411871781374 1.171499887944769 0.47747480794663216
18 0.58 0.01 2.282986479433317 0.691516409744342 1.1505499498122134 0.058380972219572516
18 0.58 3.007 1.2263334527860643 0.3467147843069963 1.3629982266789267 0.38356427272871724
18 0.6 3.007 1.2280276896770934 0.3616756727297429 1.3285653190923503 0.39045927655265783
18 0.62 6.004 1.217462953598172 0.35598331976483677 0.0 0.09705491180421989
18 0.62 6.5035 1.1181193851503488 0.3269354927328088 0.0 0.0827795836953515
18 0.62 8.5015 0.7191249108767312 0.21027044177476586 0.0 0.025682114485023704
18 0.64 3.007 1.153336729350009 0.3693066308915105 1.221438461028322 0.4043317237013038
18 0.66 9.5005 0.6233490115670298 0.20370882731286216 0.0 0.031448844333293174
18 0.68 5.005 1.8526374040814113 0.6251366101970492 2.6442575529093904 0.22237095138864157
18 0.7 0.5095 1.4253679226340756 0.6132060089155646 1.133827881073879 0.3599899499962143
18 0.7 2.008 1.1772295123364576 0.4652795874799652 1.165666037507584 0.49522791393678656
18 0.7 2.5075 1.088836716764792 0.4182847687773136 1.154106379261049 0.4714080562409714
18 0.72 3.007 1.007997439137974 0.4067555203329359 1.2137136055047992 0.44596219482931915
18 0.74 6.004 0.8308749566273075 0.3465238164693669 1.643841531319434 0.2234551650507972
18 0.74 6.5035 0.8014011263520296 0.33869990081622886 1.735007591363399 0.1925209024091524
18 0.74 8.5015 0.8547146823472852 0.36526268476381873 0.0 0.10821135525150719
18 0.76 4.006 0.8247466848055512 0.38034365870361025 1.2298796405596852 0.3955323770220042
18 0.78 5.5045 0.6990158304150585 0.3470210864220011 1.2731613676692828 0.2973299784187936
18 0.8 8.5015 0.5631140937221508 0.31172102388198136 1.603903038548445 0.17474605673451907
18 0.82 5.5045 0.6047693282198622 0.36806836616710925 1.266256341018466 0.357220806306796
18 0.84 1.5085 0.7929755730600008 0.5571886492055335 1.143437277411147 0.4648896562834
18 0.84 3.5065 0.6611560126595637 0.45097093741485933 1.1601988926276843 0.48444418139274625
18 0.84 9.5005 0.46861641496985756 0.3241401087619475 1.3193339822905112 0.20438325147433212
18 0.86 7.5025 0.4523429863476168 0.3557939242644875 1.2702230765326399 0.3268832237893986
18 0.88 1.5085 0.6426579238508445 0.5659442669373504 1.1394700253803496 0.447260929231049
18 0.88 3.5065 0.556357644267164 0.502832632194456 1.150539487090141 0.49820483906624674
18 0.88 9.5005 0.37526715494932006 0.34651954588104944 1.20211820679465 0.30229476988032455
18 0.9 8.002 0.3703761904647765 0.40992178726514283 1.1920694090905295 0.4067548666431365
18 0.9 9.001 0.3531786499809554 0.3920420014278043 1.181636753162791 0.3752484370577279
18 0.94 5.5045 0.2800143378471963 0.5078298353190386 1.1393859986655506 0.4995302986253332
18 0.96 4.006 0.22380381924135515 0.557186417752859 1.133062642949297 0.45743228755617055
18 1.0 5.005 0.049537592399713865 0.5947939260737608 1.0985864545949033 0.3294352975100768
18 1.04 5.5045 0.2266688997028461 0.6281018476344296 1.0772324505112918 0.42977605966634164
18 1.06 7.5025 0.35413068669472764 0.6555954164904514 1.0350465609818897 0.4898218378080511
18 1.08 5.005 0.4667918672947781 0.647957216291092 1.0367992991833672 0.4826286444488165
18 1.1 6.004 0.5800939009039362 0.6445487787835527 0.966943054837396 0.49966920192945735
18 1.1 6.5035 0.5945784451764764 0.6606427168635154 0.9620552750656236 0.4975453055111637
18 1.12 5.005 0.7052330385334762 0.6529935541991957 0.9813264508187705 0.49993794131925656
18 1.14 4.5055 0.8205510579953346 0.6512309984103131 0.9665939478644922 0.4987929262789567
18 1.16 5.5045 0.9060942166015158 0.6292320948621671 0.8822514828431213 0.46539837783002436
18 1.18 0.5095 1.3493366295960176 0.6432474726620191 1.1156063921351018 0.3337018384023384
18 1.18 1.009 1.1243698059437903 0.6432497130291294 1.0854787568599982 0.40363158802055327
18 1.2 5.5045 1.1098668192366692 0.6165926773536241 0.796704124975087 0.41085327214182826
18 1.22 6.004 1.1162197970166916 0.5637473722306939 0.6931204039249894 0.34628243517211926
18 1.22 6.5035 1.0421335485321246 0.5263300750160238 0.6508522016547533 0.31509756323258453
18 1.22 8.5015 0.8967555686977967 0.45290685287609667 0.4191383186560657 0.19537233889198785
18 1.24 1.5085 1.44052958663041 0.6601411368047371 1.0438798161987988 0.47449422156372584
18 1.24 3.5065 1.326586894918807 0.6140568379730831 0.8850040401236183 0.4712487055589535
18 1.26 4.5055 1.4047662249372135 0.6003274465540029 0.7675760496445367 0.3900988976643436
18 1.32 4.5055 1.540255989661345 0.53481110752137 0.6376933476627087 0.3079035083808829
18 1.34 1.009 2.0167144066706855 0.6499828841048504 1.0530707273218733 0.4687333137667368
18 1.36 2.008 2.0844996393542083 0.6432473497042023 0.9393057417176206 0.49111710547294923
18 1.36 2.5075 2.0097252970781785 0.6202855855177849 0.8672358325568212 0.4598034496936297
18 1.4 1.5085 2.3445545816051463 0.650799706263357 0.9733717621051166 0.49972820489457725
18 1.4 3.5065 2.004534299259188 0.5568150831277235 0.6469112903957702 0.3206701143345659
18 1.42 5.005 1.5974386399774443 0.4226028148062126 0.277164802080077 0.15862873659672036
18 1.46 4.006 1.7559066498906424 0.4241320410378527 0.43431924123355903 0.2022940515174672
18 1.46 5.005 1.6373472087633794 0.395494494873897 0.14247974838296534 0.11603368418064691
18 1.48 7.5025 0.9455913646525833 0.21888688997188885 0.0 0.02323174128148632
18 1.48 8.002 0.6905121528996727 0.15984077615352144 0.0 0.021208536066167794
18 1.48 9.001 0.2313864621843417 0.05356168106023966 0.0 0.0
18 1.5 1.009 2.9953551862830143 0.664155419795549 1.012946820318127 0.4972246428185074
18 1.52 0.01 4.537820760108205 0.6858201781730232 1.1433616872634778 0.08295809111188353
18 1.54 7.5025 0.6201326067298604 0.12759930181596174 0.0 0.0189703453139884
18 1.56 8.002 0.4890225619064572 0.09702828608805629 0.0 0.017317996446759427
18 1.56 9.001 0.09241725257934838 0.01833675646441731 0.0 0.0
18 1.58 4.006 1.9840263759581307 0.3800816812229436 0.13403468338691119 0.11336053765069752
18 1.6 1.5085 3.3664250441317347 0.6233808658226192 0.8812345901128082 0.4586666000392606
18 1.6 3.5065 2.216270090513348 0.410420387130932 0.30247462837284395 0.15591263777306652
18 1.6 9.5005 9.210636310768049E-11 0.0 0.0 0.0
18 1.62 4.006 1.8502057528838924 0.33157809191958926 0.15286308100211157 0.10875127693026373
18 1.62 5.005 1.2890504546194566 0.23101262626629304 0.0 0.054690310753344046
18 1.64 8.002 8.235223290463017E-11 5.325788642968231E-12 0.0 0.0
18 1.64 9.001 5.470666057193197E-11 0.0 0.0 0.0
18 1.68 2.008 3.2286422211748427 0.5275559184933543 0.666849102055097 0.33069836045529016
18 1.68 2.5075 2.9968879363609693 0.48968757130174084 0.537508769231735 0.24068408323631738
18 1.72 4.5055 1.1787492242443625 0.18190574448501673 0.0 0.03462039882092009
18 1.74 9.5005 8.721953983317491E-11 0.0 0.0 0.0
18 1.76 6.004 0.6912183471494462 0.10105531390006012 0.0 0.012246591372295964
18 1.76 8.5015 0.10828460876627911 0.015831083152114154 0.0 0.0
18 1.78 0.01 6.253832963526457 0.6821487301666503 1.147371331589547 0.0975086505010315
18 1.8 5.5045 1.099087020365868 0.1526509750672503 0.0 0.015490151729404775
18 1.82 6.004 0.34693586445540825 0.04701027973237369 0.0 0.0077457730435379225
18 1.82 6.5035 1.4525336108326564E-10 0.0 0.0 0.0
18 1.82 8.5015 1.4525336108326564E-10 0.0 0.0 0.0
18 1.84 5.005 0.4197930886922433 0.05552818633355389 0.0 0.007745773043537921
18 1.86 0.5095 5.178733751657253 0.665626593521449 1.0273157431066218 0.4891146775718042
18 1.86 1.009 4.89305266192985 0.632147932346465 0.8752092654563375 0.4652804392884202
18 1.86 2.5075 3.5863665713181 0.4633548541767116 0.2837178823368945 0.14694454490496034
18 1.88 0.01 6.956589031243403 0.6799362534032891 1.1392579702474552 0.10378592383832388
18 1.88 3.007 2.3189198042915966 0.2927929045741859 0.07547996243303357 0.07488823084203847
18 1.9 9.5005 1.1249659563646839E-10 0.0 0.0 0.0
18 1.92 1.009 5.101325647378493 0.6161021313254746 0.8601670914849742 0.45521533962663185
18 1.94 4.006 1.273035354022408 0.15047699221351743 0.0 0.015490151729404817
18 2.0 0.5095 5.96018963830007 0.6600164400685443 1.0112719371144612 0.4968673151638056
18 2.0 2.008 4.0320474173287915 0.4480052685908995 0.35386094140125907 0.1698423776371407
18 2.0 2.5075 2.7279727175389445 0.30310807972227843 0.06136570331429226 0.07818081208857212
20 0.04 4.5055 0.7454456175982084 0.10788050697552483 1.0114100796418308 0.027917725662414218
20 0.04 8.002 0.3807448046137219 0.03203108654559423 0.44556586802657877 0.005477170803617477
20 0.04 9.001 1.3907964417977967E-11 6.292187458989999E-13 0.0 0.0
20 0.06 5.5045 0.445838157584023 0.07508021818534108 0.5298267326140463 0.007745773043537936
20 0.08 5.5045 0.2758789763098924 0.029986845250413743 0.0 0.0
20 0.1 5.005 1.1487381405179193 0.11439404356752406 0.19388148985191167 0.010953848645841134
20 0.12 0.01 5.940969293254536 0.6820653726713566 1.1924950795450941 0.09334251214477121
20 0.16 3.5065 2.946001147384095 0.328504132821646 0.3398607483511713 0.04800715627477273
20 0.16 9.5005 1.0131974237419057E-11 6.292187458989999E-13 0.0 0.0
20 0.18 3.5065 2.899756099267634 0.34078129833120724 0.17410128831653296 0.05274697980091051
20 0.18 9.5005 9.683625027142167E-12 2.658795395487809E-13 1.6773802629137116E-15 0.0
20 0.22 1.5085 2.506096408633763 0.43596319967962766 1.2642010644973813 0.4724996232651521
20 0.22 3.5065 2.397655003738615 0.3023563855146129 0.11778020963216478 0.06737397278167422
20 0.22 9.5005 2.510698453122818E-11 6.292187458989999E-13 0.0 0.0
20 0.24 4.006 1.7335835885616986 0.22810310375836335 0.0 0.03712289615832021
20 0.26 2.008 1.9677068503178097 0.3739113149668596 1.296202491521689 0.4338044129270144
20 0.28 7.5025 3.310717592057681E-11 0.0 0.0 0.0
20 0.3 2.008 1.9668505413506256 0.37876481731124845 1.3372849351756304 0.4407548609946093
20 0.34 5.5045 0.9918897153854107 0.15028632051449162 0.0 0.01897034531398845
20 0.38 0.01 4.0400849860240005 0.6794350067056015 1.1717709417387032 0.07328638544867183
20 0.4 3.5065 2.671600566157074 0.4409023105478393 0.13086776700051433 0.1207120788854807
20 0.4 9.5005 3.9209697924176476E-11 6.292187458989999E-13 0.0 0.0
20 0.42 2.008 1.7668044232208697 0.37518223992084204 1.2558689167059136 0.45536514597332756
20 0.42 2.5075 1.6100672828109903 0.3364845946738429 1.3248087513557363 0.40139871614509487
20 0.44 6.004 1.0830359094152304 0.1933992695399776 0.0 0.021208536066167717
20 0.44 8.5015 4.458763587516178E-11 6.292187458989999E-13 0.0 0.0
20 0.46 5.005 1.7186438487295046 0.3182673793966609 0.0 0.06184895268180031
20 0.48 1.009 2.277521960435856 0.5188365589365225 1.1943469646792626 0.48971083251340164
20 0.5 0.5095 2.768374998791072 0.6266161893121222 1.2108570051605458 0.40724726104647374
20 0.5 2.008 1.72542227011254 0.39869210432845165 1.23772665687284 0.47213485248538245
20 0.5 2.5075 1.5792191346969646 0.3611056032928776 1.260253096817845 0.4297582207656461
20 0.54 6.004 1.015396725035874 0.2207384184849559 0.0 0.045777844469881826
20 0.54 6.5035 0.9514569982323836 0.20683847787822437 0.0 0.05102170193535273
20 0.54 8.5015 0.4197324165386154 0.09124617751469725 0.0 0.010953848645841134
20 0.58 1.009 1.9998499752096446 0.5482803314435984 1.2104174772318512 0.48032747475166465
20 0.6 5.005 1.5826987243517725 0.3942895828047496 0.07488823084203851 0.1267036837072075
20 0.62 5.5045 1.382649623660225 0.3638551641212043 0.0 0.11998623310996125
20 0.64 5.005 2.2079976671590797 0.6065952585435496 0.6682386069817806 0.1736969242670093
20 0.68 3.5065 1.1260381816725953 0.3625618857396343 1.3455490307826647 0.37328176734886237
20 0.68 9.5005 0.4165184033335307 0.13016200103664805 0.0 0.0244876704416711
20 0.7 6.004 3.243287241999867 1.0635782216949832 4.22057840747469 0.17345379109100187
20 0.7 6.5035 1.2697692670648686 0.4228444045448019 0.06136570331429221 0.1387950930799578
20 0.7 8.5015 1.1239881721426666 0.3746627240472996 0.0 0.0722667992659271
20 0.72 5.005 0.8837377786708552 0.3171816179467713 1.4795522323289994 0.26995872728517434
20 0.74 5.5045 0.8114094981318646 0.30729017858425817 1.4146636830239536 0.2556365940400307
20 0.76 1.5085 1.199895601595379 0.5334406763374545 1.1950947599963775 0.4853572106509777
20 0.8 5.5045 0.7211413747963318 0.3576783892497376 1.2783127842163908 0.3298800530697031
20 0.84 7.5025 0.5394109834320028 0.3354925300735226 1.3003791153658877 0.28523558267315874
20 0.84 8.002 0.5272083296281042 0.32792196089067127 1.2968775368256336 0.2599737912748044
20 0.84 9.001 0.5182314782338691 0.3226767429518618 1.397276131258462 0.21999894548456292
20 0.88 7.5025 0.48281573798707306 0.3994294982254906 1.2820724936328494 0.38217840261571473
20 0.88 8.002 0.45550895169347067 0.37849781748732914 1.2702322122840266 0.3593235575239007
20 0.88 9.001 0.4396617137451688 0.365882962539051 1.2286270252433111 0.3116662456233263
20 0.9 0.01 0.8604572065536091 0.6794793454539496 1.1953713568841162 0.03589357626051637
20 0.9 3.007 0.5597607591405687 0.5424641631418329 1.20338777759631 0.4908513301376539
20 0.92 0.5095 0.6236808064366802 0.6557926334674948 1.1930564294065198 0.26632307153981455
20 0.92 2.008 0.49927439334302537 0.5828754019090234 1.1794930554859417 0.4342847845653574
20 0.92 2.5075 0.4756305529502795 0.5603627609170336 1.2002586986473716 0.4582094321193686
20 0.98 2.008 0.23033176287951942 0.6120808049480159 1.1774939724078164 0.33151308422554054
20 1.0 1.5085 0.2715952679537287 0.6230887839379884 1.1823128743874236 0.26227623267375033
20 1.0 3.5065 0.09675703221285586 0.6136230742227156 1.1632139910191617 0.2860114773758365
20 1.02 2.008 0.23413470492541588 0.625789987829972 1.1462675475951798 0.3020970416803627
20 1.02 2.5075 0.19651106660438533 0.6290367107246626 1.1447658922996506 0.3203827699320563
20 1.08 1.5085 0.588219661835657 0.6551337006872581 1.148048833718477 0.35789527844792063
20 1.08 3.5065 0.5257023483456348 0.6537135788218245 1.1223787784035897 0.445412977036454
20 1.12 3.5065 0.7837853084364462 0.652636632079792 1.0864207384047158 0.48479468838685313
20 1.12 9.5005 0.7152542919683668 0.596045243306856 0.8041478886940281 0.3982448223672647
20 1.16 4.006 1.0599566155414768 0.6624728847134348 1.0071790071816231 0.4981117033326289
20 1.18 6.004 1.1096161774657882 0.6164534319254458 0.84346301966573 0.41375516987807237
20 1.18 6.5035 1.0202233300601693 0.5667907389220682 0.7698512507679965 0.38538509313802427
20 1.22 5.5045 1.3242287882324133 0.6019221764691772 0.7815862758206003 0.3730677421493777
20 1.24 7.5025 1.1904655482999376 0.4960273117906654 0.5300318993400714 0.2226124573038307
20 1.24 8.002 1.0699943376150507 0.4458309740060263 0.42660284696249495 0.1815896843393374
20 1.24 9.001 0.9627773990591773 0.40115724960905064 0.29425737602188395 0.1361726205001689
20 1.26 3.007 1.689416985948367 0.6497757638262681 0.9437940724573562 0.482367685236789
20 1.28 2.008 1.808679577974157 0.6455629986302621 1.0395250951236774 0.49985766371351364
20 1.3 4.006 1.6225248294998085 0.540841609833264 0.7881578709217764 0.37862127540323026
20 1.3 5.005 1.490356133050671 0.4967853776836142 0.6373527186702556 0.29089608369933223
20 1.34 6.5035 1.2686809039162377 0.37314144232778623 0.26779640637094176 0.1420754667409347
20 1.38 4.006 1.9284135945992777 0.5074772617367137 0.6385965014206119 0.28810792154131587
20 1.38 5.005 1.644307743681636 0.43271256412637965 0.41559128308158505 0.17957576432218852
20 1.4 7.5025 0.8552547801653902 0.2138136950386525 0.0 0.0434332457445782
20 1.4 8.002 0.8232924755069729 0.20582311887855428 0.0 0.04411594992991625
20 1.4 9.001 0.44654070717976235 0.11163517680275643 0.0 0.012246591372295957
20 1.42 1.5085 2.8775152428466164 0.6849679155167686 1.0153624914759756 0.49828814188071446
20 1.42 3.5065 2.3894757941118168 0.5689228081217343 0.6742855828063226 0.30265016776317694
20 1.44 2.008 2.759529292271763 0.6271657482435629 0.9077697715308797 0.4636421146777851
20 1.44 2.5075 2.555517656030086 0.580799467279585 0.8307443417059253 0.4109156813955838
20 1.46 1.5085 2.9815086973831164 0.6480763268618421 0.9905722448981301 0.4947833707221024
20 1.48 0.01 4.192968100452639 0.6752916903587165 1.1905299156126505 0.07369018454755749
20 1.48 3.007 2.641317778076137 0.550274537099359 0.6822470388230877 0.30836356665164777
20 1.5 9.5005 0.19868839337545233 0.0397376786769593 0.0 0.005477170803617486
20 1.52 0.5095 3.4419231591139465 0.6515389043698466 1.1355206449406943 0.4341477556028145
20 1.52 1.009 3.3849480034910027 0.6500621593266369 1.0404334823515566 0.49832781815138816
20 1.56 0.01 4.841894874292064 0.6928599854482992 1.1876754375891843 0.07664940541101102
20 1.56 3.007 2.804391045763011 0.5007841153150606 0.5521088054175882 0.23765485249202667
20 1.6 7.5025 1.6317796340281756E-10 6.020026937418675E-12 0.0 0.0
20 1.6 8.002 0.4829711861801003 0.0804951977079734 0.0 0.007745773043537921
20 1.62 1.5085 3.7860706217700475 0.6106565518983109 0.9042517703885881 0.45085937386163233
20 1.64 0.01 5.454473826650922 0.6944328871122836 1.18723731080083 0.08507014360017295
20 1.64 3.007 3.233214053063479 0.5051896957913017 0.4446550321975083 0.18888536663891753
20 1.66 5.005 1.6712756253119723 0.2532235795868144 0.0 0.03096914608625367
20 1.68 8.5015 0.4727556096678355 0.06952288375898115 0.0 0.0077457730435379285
20 1.7 4.006 2.1848711001181336 0.31212444287337093 0.05550209812058578 0.07722732910433423
20 1.76 5.5045 1.2626494923462555 0.16613809110197378 0.0 0.01731799644675944
20 1.78 0.5095 5.240785310686044 0.6684935642359779 1.0797252012285619 0.4803794896762461
20 1.78 1.009 4.991069847401259 0.6398396731829057 0.965900411145238 0.48079298053042835
20 1.78 2.5075 3.6299515487877905 0.4653784036907051 0.4572093526360612 0.18822224345426433
20 1.82 5.5045 0.4732110937590661 0.057708669971347056 0.0 0.007745773043537942
20 1.84 1.5085 5.005785457631936 0.5959268401943683 0.776027529172243 0.3617163911667409
20 1.84 3.5065 2.382636313023734 0.28364718012089235 0.0 0.04923534766090565
20 1.84 9.5005 1.6841422337570133E-10 0.0 0.0 0.0
20 1.86 6.004 1.6824049833780102E-10 0.0 0.0 0.0
20 1.86 6.5035 0.6392095045663342 0.07432668656746955 0.0 0.005477170803617489
20 1.86 8.5015 1.6824049833780102E-10 0.0 0.0 0.0
20 1.92 6.5035 1.687646328238929E-10 0.0 0.0 0.0
20 1.92 9.5005 1.687646328238929E-10 0.0 0.0 0.0
20 1.94 1.5085 5.308188614248428 0.5647009164093256 0.6978906373379676 0.3172659167693753
20 1.96 3.5065 2.200051338219451 0.229172014394184 0.0 0.02844911258091906
20 1.96 9.5005 1.6652189183599153E-10 0.0 0.0 0.0
20 2.0 6.004 0.0 0.0 0.0 0.0
20 2.0 6.5035 0.0 0.0 0.0 0.0
20 2.0 8.5015 0.0 0.0 0.0 0.0
