10 0.0 6.004 0.06648556984469714 0.013297113968940462 0.6239554882949173 0.08060579525292962
10 0.0 6.5035 0.09812790893044003 0.019625581786096406 0.5765499215751931 0.08295809111188351
10 0.0 8.5015 0.005477170803617473 0.0010954341607250849 0.6543490763029296 0.07606698455503458
10 0.02 6.004 0.28849634870991575 0.05172561575410922 0.8915256675939282 0.05603667637839548
10 0.02 6.5035 0.26793841067997815 0.051209438509499015 0.8993149066866077 0.0667088000210616
10 0.02 8.5015 0.2236342078050838 0.02313396101634051 0.8652394229675003 0.048007156274772346
10 0.04 4.006 0.6686600577135953 0.16250392387271012 0.9346707645370891 0.14328458814322673
10 0.06 2.008 1.2160873215185797 0.3350598252485504 0.873506505766528 0.36214531756453744
10 0.06 2.5075 1.008080500305633 0.2787189737224117 0.8646617596204532 0.296109292847089
10 0.06 7.003 0.39205327252187383 0.03529170521804943 0.998358820162375 0.021208536066167787
10 0.08 0.5095 2.3661483560937313 0.5840279877962296 0.9569587726136537 0.4778091546106854
10 0.08 1.009 1.8275710396205793 0.4880571739679577 0.9246387099313728 0.49317451631000686
10 0.08 2.5075 0.9986143929422712 0.28486926649822786 0.960017223987998 0.3187220053324688
10 0.1 4.5055 0.9243868528833303 0.19954386399593077 1.141287662110312 0.10780455177825544
10 0.1 9.001 0.34265866569407716 0.02706436364201821 0.48835661060940827 0.010953848645841141
10 0.12 1.5085 1.3054639824574976 0.4096811837891088 0.9116315739622843 0.4652686331510915
10 0.12 3.5065 1.231614170458835 0.29112541742841175 1.2655654302175574 0.21185391945428855
10 0.12 9.5005 8.210395165183635E-12 4.726469128334501E-13 0.0 0.007745773043537925
10 0.14 2.008 1.0786787622907315 0.3579572633368464 0.9293203935719837 0.4277604006298296
10 0.14 7.003 5.55324215982684E-12 4.726469128334501E-13 0.0 0.007745773043537944
10 0.16 3.007 1.2915596615125204 0.3300144014838269 1.2984186504849857 0.3133523394244118
10 0.18 3.007 1.3978651843448509 0.346658054788808 1.3672863959511212 0.3201669743299378
10 0.22 3.007 1.3513936414971657 0.3766405659872662 1.3735816740227706 0.3402781107142097
10 0.24 6.004 0.41207433432848517 0.10844061429497304 0.0 0.012246591372295917
10 0.24 8.5015 0.08516860718611093 0.02241279136490966 0.0 0.012246591372295963
10 0.26 5.5045 0.5685925299480734 0.15367365674324257 0.0 0.022577533139205422
10 0.28 5.005 0.8799705551191364 0.21986302547765807 0.3173615164710781 0.036307999360409085
10 0.3 5.5045 0.5406079976993061 0.15412856037931688 0.023231741281486314 0.021903753156752113
10 0.34 2.008 0.9464844408353468 0.3861710219698581 1.0359721071209296 0.4717885270970197
10 0.34 2.5075 0.9775823458720907 0.3632471829006142 1.164425318776588 0.4263537477977333
10 0.34 7.003 0.2980868934366782 0.0903293616478107 0.0 0.007745773043537939
10 0.38 3.5065 1.8904529687494875 0.4934177142201966 1.6137249934041626 0.24796860512574181
10 0.38 9.5005 0.03305190914017628 0.01066190617385181 0.0 0.005477170803617486
10 0.4 3.007 1.507293710921455 0.4539602295293273 1.452740254374345 0.3638786764150517
10 0.46 4.5055 0.969608693312787 0.34802957667184176 0.2933756626314113 0.08277958369535149
10 0.48 7.5025 0.40924907569983676 0.15740349065492762 0.0 0.03048187016476749
10 0.48 8.002 0.46589701182582455 0.17919115839722496 0.0 0.021208536066167728
10 0.48 9.001 0.2167794107940769 0.08337669646063868 0.0 0.010953848645841154
10 0.52 4.5055 1.4677131582219405 0.5573386942478684 1.2709618739294328 0.1624339378253063
10 0.52 8.002 0.32971101924632595 0.13737959135279346 0.0 0.017317996446759413
10 0.52 9.001 0.3749405893687944 0.15622524557060322 0.0 0.021903753156752092
10 0.58 7.5025 0.4368121272743905 0.20800577489246955 0.0 0.029986647164859246
10 0.58 8.002 0.37517207166118927 0.17865336745817997 0.0 0.028449112580918992
10 0.58 9.001 0.40301324733077654 0.1919110701568661 0.0 0.025092018731697842
10 0.6 4.5055 1.193562567690932 0.5553531538673635 1.4857531442058007 0.21364048957662546
10 0.6 8.002 0.40773112065851363 0.20386556032991074 0.0 0.039843290846003805
10 0.6 9.001 0.3639033815407099 0.1819516907709931 0.0 0.027917725662414267
10 0.62 0.5095 0.8920248299577888 0.5521428565757526 0.9007321354756167 0.4005494692710437
10 0.62 2.008 0.7250880672703902 0.4043240692973472 0.9486150272240467 0.4854757814554642
10 0.62 2.5075 0.7439851175475658 0.39015249709919153 1.0201326488265732 0.45020958714115916
10 0.62 7.003 0.4979420105102779 0.2620747423732815 0.0 0.06846797223742919
10 0.64 4.5055 1.0536740654383319 0.5473823540830477 1.4902614500993778 0.23782137334826603
10 0.64 8.002 0.4545355387887523 0.25251974377170877 0.0 0.05072838916050857
10 0.64 9.001 0.3391912445621017 0.18843958031247943 0.0 0.040216810246527575
10 0.66 1.009 0.7771930009630726 0.48657771408546224 0.8903802392735684 0.48142972644046234
10 0.68 3.007 0.6419903300024192 0.3816524956853507 1.006961169556611 0.4200893553574377
10 0.72 4.5055 0.5779443530910714 0.38742118126181896 1.1623477358121432 0.32142231860527765
10 0.72 8.002 0.6098274190522239 0.43529936494158744 0.7975304661132142 0.10307648109299891
10 0.72 9.001 0.4205209996238576 0.3003721425894777 0.039466213708579376 0.07528324730947929
10 0.74 0.5095 0.8746105308171231 0.5470214115988503 0.8894301677467336 0.3993791425386478
10 0.74 2.008 0.5933859567604474 0.42638109830051146 0.9024700239018766 0.49532351881894976
10 0.74 2.5075 0.5676522049477728 0.40579693130116 0.9355396485081225 0.47708135069332686
10 0.76 5.5045 0.5581074513478743 0.4502065196300839 1.3046797107524009 0.2752176232870046
10 0.78 6.004 0.4836940928283961 0.4260023325340109 1.3135261538833147 0.2694904543086359
10 0.78 6.5035 0.523863195443279 0.46718069661492373 1.3240438557424405 0.2547773500490206
10 0.78 8.5015 0.6297732537482926 0.5708785574129703 1.3652599671216459 0.15012665028034305
10 0.8 2.008 0.5233842980865475 0.43771518328760445 0.8871154275062368 0.49875917680037524
10 0.8 2.5075 0.4855532383906914 0.42371077986246425 0.9060248759572874 0.48530517752848257
10 0.8 7.003 0.5268219819118709 0.5202403190240349 1.4976632409513095 0.2446830580853214
10 0.82 6.004 0.35943115922796054 0.38803121313612454 1.0802517299201115 0.32383762985926945
10 0.82 6.5035 0.39356660928799714 0.4263848181305553 1.2315726904208453 0.30237380412183723
10 0.82 8.5015 0.5120940486125785 0.5664195911236016 1.5520282243134802 0.20835557369130153
10 0.84 5.005 0.3287373164881741 0.3864449760737911 0.9954813503361118 0.40153234770063145
10 0.86 3.5065 0.3423508880679181 0.42036968307507405 0.9168298883095354 0.4729030045074891
10 0.86 9.5005 0.2932160810983422 0.4177186076757282 1.2552875232581095 0.25442240311213554
10 0.88 5.005 0.26535328664754027 0.4113452601606256 0.9516862984791975 0.4391183382522458
10 0.9 1.5085 0.47187949269064156 0.48386170172205295 0.8640775825981362 0.4889869620606787
10 0.9 10.0 0.19486487789329765 0.3886357203821834 1.0886617191734365 0.3385255879947362
10 0.94 6.004 0.14006232658349524 0.4272334105481857 0.8946231804808805 0.4857407257031924
10 0.94 6.5035 0.13419767830426402 0.4214778248069073 0.8926723810668574 0.48252287713982644
10 0.94 8.5015 0.12559651435507208 0.4151432239643391 0.9159002060464354 0.45996987066491046
10 0.96 5.5045 0.11210367592310293 0.4577563996807627 0.8672871528971093 0.49917912161055195
10 0.98 5.5045 0.07103286035666936 0.4709047747552375 0.8588564754387511 0.49728784501277623
10 1.04 6.004 0.11057962148862348 0.5301635901624063 0.8147746702341316 0.4930284037239097
10 1.04 6.5035 0.10957230759591192 0.530425528891526 0.8091174380895825 0.4932145455506916
10 1.04 8.5015 0.10966291033445857 0.5466493771626861 0.7993933301140584 0.4981064599552675
10 1.06 3.5065 0.1940904091097795 0.5329817077103187 0.8212473639912387 0.4907462355734262
10 1.06 9.5005 0.17074100071030773 0.569136669034164 0.7596999581250248 0.49818691406702414
10 1.1 0.5095 1.1885777768291907 0.5522420138314131 0.8577803429060307 0.424743691729549
10 1.1 1.009 0.6951005107510911 0.5336818211388705 0.8456575579251739 0.4626289698961454
10 1.12 3.007 0.3508690618968288 0.5491188040285067 0.7932753306187927 0.498029612487709
10 1.14 7.003 0.4063086970821757 0.5804409958315176 0.6424774012449345 0.44453662842490643
10 1.16 6.004 0.4624333261478614 0.577763074483878 0.657805851829514 0.4481708397131125
10 1.16 6.5035 0.46348819614206455 0.5793602451775516 0.6314114890268097 0.4311764048579911
10 1.16 8.5015 0.44648702248582994 0.5581087781071161 0.49383448454294127 0.3448392757249693
10 1.18 0.01 3.6448962519856463 0.6560334391868605 0.93040515649666 0.09598751932310841
10 1.2 6.004 0.5504325195925779 0.5503212179465229 0.5667528565223434 0.39272202309645254
10 1.2 6.5035 0.5590228070673825 0.5590228070673979 0.5243047762513643 0.36452771324281874
10 1.2 8.5015 0.46004637328388215 0.4600463732839028 0.34365866308133813 0.2645511219803008
10 1.22 0.5095 1.347375195313292 0.5590708860958105 0.8466116513670652 0.4404006846170427
10 1.22 2.008 0.6660441382850371 0.5623653643097358 0.7911401438417268 0.49982844803511434
10 1.22 2.5075 0.6344679201070633 0.5618494497061435 0.7620967851271024 0.49895276230440955
10 1.24 5.005 0.6685746264369119 0.5571455220306044 0.5742149257361197 0.3932647828868449
10 1.26 10.0 0.44907768425990985 0.3454443725083998 0.08151877850051856 0.10560717624041369
10 1.28 5.5045 0.6935458511881304 0.49538989370556835 0.4068222970650529 0.2994677532032196
10 1.3 4.5055 0.7984303210812017 0.5322868807207505 0.4961501890548162 0.3515781323587836
10 1.32 7.003 0.6519069468320768 0.40744184176968273 0.13273409140131848 0.15444237754026785
10 1.34 0.01 4.568242973441669 0.657189561110935 0.9366027084784189 0.11008892454153037
10 1.4 5.005 0.861165893891246 0.430582946945581 0.21715979468047755 0.19642906649458866
10 1.42 3.007 1.1708571859538754 0.5575510409303737 0.538385258593793 0.3734153924751021
10 1.48 1.5085 1.427643646554096 0.5872574609894033 0.7242985379118236 0.4873460259261488
10 1.48 3.5065 1.1281010079256628 0.47004208663539715 0.352724208243796 0.26555884338336694
10 1.48 10.0 0.3371598395096325 0.1404832664639373 0.0 0.01549015172940477
10 1.5 0.01 5.454256554557104 0.6568023612875183 0.9351427384926225 0.12226905457135497
10 1.5 3.007 1.2524573874761786 0.5009829549904744 0.4414623082996781 0.3168635226641909
10 1.52 7.5025 0.5908335500463444 0.22724367309463683 0.0 0.03671772076749112
10 1.52 8.002 0.44283815975420404 0.1703223691378318 0.0 0.021208536066167693
10 1.54 3.5065 1.1570828001440616 0.42854918523862334 0.2349762702329045 0.2133227991634629
10 1.54 9.5005 0.22137542119674566 0.08199089674009521 0.0 0.00948645350433962
10 1.56 1.5085 1.6482479668071703 0.5838257626989054 0.6922926356714474 0.4724060748652983
10 1.56 10.0 0.18463710653746523 0.06594182376612297 0.0 0.007745773043537923
10 1.58 5.5045 0.6716940735729394 0.2316186460602439 0.0 0.04923534766090566
10 1.6 5.005 0.8363934942423751 0.2787978314140025 0.035474286687705685 0.0684679722374291
10 1.64 1.5085 1.8764561774536823 0.5850863278870521 0.6517298328043603 0.44738079366942446
10 1.64 10.0 0.3561530963124331 0.1112978425952319 0.0 0.01341526743460564
10 1.66 4.5055 0.8739842875405782 0.2648437234975599 0.054962255158510755 0.06781373027565746
10 1.72 7.003 0.2945086755551098 0.08180796543062581 0.0 0.012246591372295917
10 1.74 1.009 2.1950341114518794 0.5839228995652321 0.7216369659358146 0.4852306771618917
10 1.76 2.008 1.9108782125197858 0.5028236826662055 0.4252642712939419 0.3075577365330061
10 1.76 2.5075 1.6850658364860378 0.4434383780226707 0.25137053335899795 0.21191804221541707
10 1.76 7.003 0.36480993562313774 0.09600261463540635 0.0 0.00948645350433957
10 1.78 7.5025 0.34408634517717496 0.08822726799020447 0.0 0.009486453504339593
10 1.8 6.004 0.4660665674359008 0.11651664185546685 0.0 0.009486453504339623
10 1.8 6.5035 0.25564172890652265 0.06391043222660742 0.0 0.007745773043537921
10 1.8 8.5015 0.1030880001687676 0.02577200004214894 0.0 0.005477170803617484
10 1.82 0.5095 2.6411710982590364 0.5788928010351092 0.7938727055941155 0.4961848587523604
10 1.82 2.008 2.0393004924234823 0.4973903640057154 0.3652738286231131 0.27274455323427615
10 1.82 2.5075 1.7927866707176725 0.4372650416384493 0.202931749598938 0.18718527512530359
10 1.84 3.007 1.448178765440855 0.3448044679620551 0.06112262380653998 0.11101520597965493
10 1.86 0.01 7.2011736449433545 0.651018465088623 0.9257758219259553 0.142580623900033
10 1.88 4.5055 0.849438145635309 0.19305412400839464 0.0 0.03418541814583505
10 1.88 8.002 0.2857826377704011 0.06495059949693563 0.0 0.0
10 1.88 9.001 0.20552889828946608 0.04671111325100021 0.0 0.0054771708036174815
10 1.9 1.009 2.5974783221220563 0.5741695607806891 0.6692578046085735 0.4595980868522321
10 1.92 0.01 7.610474641287968 0.6552053409134205 0.9281951889603932 0.1436851671184484
10 1.94 5.5045 0.3792952918930943 0.0807011259310705 0.0 0.0
10 1.96 0.01 7.6939605306637295 0.6547608940884121 0.9305084078148876 0.1412631266512303
10 1.96 3.007 1.3977518149600698 0.29119829478292747 0.018162995378570343 0.07226679926592719
10 1.98 9.5005 4.2128804380612575E-11 0.0 0.0 0.0
12 0.0 5.5045 0.20736072753510096 0.03456012125653386 0.6391854784027523 0.05603667637839531
12 0.02 5.5045 0.4909324258718608 0.08346631752023669 1.0933108856369014 0.04642581229090787
12 0.04 1.5085 1.9592735369930512 0.41011423761771326 0.9359651601781936 0.3910102065685258
12 0.04 10.0 0.14694345685916332 6.516781781991952E-13 0.47758655420399904 0.005477170803617483
12 0.06 6.004 0.349578727844566 0.07940753645556671 0.9561806066687042 0.023867986997354786
12 0.06 8.5015 4.422561865663781E-12 6.516781781991952E-13 0.0 0.0
12 0.08 6.004 0.30714196163834795 0.032038836751115636 0.3712914077304726 0.0
12 0.08 6.5035 0.5023473043699752 0.03636906100274265 0.6500970458499506 0.010953848645841138
12 0.08 8.5015 0.30066165176507637 6.516781781991952E-13 0.4175856274553904 0.0
12 0.1 3.007 1.2754105155777975 0.30864995576881193 1.1493460662482764 0.27297488632109934
12 0.12 7.5025 0.3143801631236379 0.059541697563572256 0.0 0.0
12 0.12 8.002 6.526740296243968E-12 6.516781781991952E-13 0.0 0.007745773043537938
12 0.12 9.001 0.3865821373477958 0.07321631389192283 0.0 0.0
12 0.16 5.005 1.1042727838857627 0.17543723927445523 0.37584196659821584 0.02509201873169789
12 0.18 5.005 0.15306470661638272 0.031110712728574134 0.0 0.0
12 0.2 2.008 1.2374112846726941 0.38213709969923404 1.0969004348777516 0.4438700190748023
12 0.2 2.5075 1.4918702719995787 0.37811326733160466 1.352737950294279 0.39060318985127895
12 0.2 7.003 1.0805568152558845E-11 6.516781781991952E-13 0.0 0.0
12 0.22 5.005 0.5488623549097775 0.11727828096482532 0.0 0.018162995378570357
12 0.24 5.5045 0.5684598457556788 0.1246622468778618 0.0 0.01448992755199232
12 0.28 3.5065 2.7786665231627397 0.49166510464702357 1.8325051347052055 0.1783234286735978
12 0.28 9.5005 0.35798109334535005 0.08286599383326462 0.0 0.005477170803617483
12 0.32 2.008 1.1025369301639785 0.38573208119418617 1.0974213720372774 0.4651031125828
12 0.32 7.003 0.29082766926258785 0.07128129148673093 0.0 0.007745773043537916
12 0.36 2.008 1.0879320929169802 0.38349344095720866 1.0661335483980876 0.46894458196440425
12 0.36 2.5075 1.1320257783582437 0.365892142107717 1.2372767943623282 0.4206689406312481
12 0.36 7.003 0.4355999037957019 0.1134374749467554 0.0 0.010953848645841148
12 0.38 7.5025 0.2972954052955642 0.07991811970649315 0.0 0.010953848645841166
12 0.38 8.002 0.28140671196127376 0.07564696558171057 0.0 0.0
12 0.4 5.005 1.1477357468119915 0.31789154529595437 0.02948307663144703 0.04343324574457833
12 0.44 2.008 1.0521466214148516 0.3910390753045049 1.0690260895136057 0.4713443739870504
12 0.44 2.5075 1.0636741503922218 0.3643404224239908 1.2080404146697368 0.4240147428462087
12 0.44 7.003 0.6047561427436906 0.17998694724565645 0.0 0.01974466514175287
12 0.46 3.007 2.0692454617470006 0.5648901645274182 1.9177734974140457 0.3437017548902861
12 0.48 0.01 1.5400162279877054 0.6730699305861755 1.0044158886581787 0.0651298332709102
12 0.52 0.01 1.411962693781837 0.6780704299126015 1.0055013350428 0.06512983327091026
12 0.52 3.007 1.0495815622910856 0.36944297174415264 1.3608707478223174 0.3840402181550865
12 0.54 0.5095 1.1818375790591296 0.5725138097416875 0.9804877577664289 0.4001229519138522
12 0.54 2.008 0.9570225455744711 0.3992510649237582 1.0329946297703407 0.4809809375844785
12 0.54 2.5075 0.9934605262872729 0.377750881231595 1.1758687294098167 0.43611753525052743
12 0.54 7.003 0.6203063882917818 0.2247486914094333 0.0 0.04512049248200618
12 0.56 2.008 0.9426252564542735 0.4030360432727923 1.0480241123057588 0.4830001834936352
12 0.56 7.003 0.568406787540657 0.2153056013426731 0.0 0.02897072327609023
12 0.58 0.01 1.2759976410581073 0.6721716275947648 0.9917142451458765 0.05964302916353427
12 0.58 3.007 0.8983790534027666 0.36540334789884676 1.18702753887095 0.3939228933161623
12 0.6 3.007 0.9390366388370041 0.38642885898597634 1.2232419897508506 0.3969638068248496
12 0.62 6.004 1.0715998280630963 0.45938047274380095 0.9814953063883197 0.10753245263653634
12 0.62 6.5035 0.776075785765717 0.34038411656502016 0.0 0.071232304894635
12 0.62 8.5015 0.462780719841598 0.20297399993380766 0.0 0.02509201873169788
12 0.64 3.007 0.8906222014961874 0.4008915930977189 1.220215415875889 0.4024863864523704
12 0.66 9.5005 0.4694282431933604 0.23011188391941922 0.0 0.027917725662414322
12 0.68 5.005 1.0683183334780113 0.5364651605032398 1.7563790859441613 0.24035602738719658
12 0.7 0.5095 0.9508604767143152 0.568174968505829 0.9633859468877409 0.38674309047186933
12 0.7 2.008 0.7594897493716188 0.43096665232309794 0.9882789536069428 0.49288583128769364
12 0.7 2.5075 0.7206724675328094 0.399450102676235 1.00819778514712 0.4641969118330776
12 0.72 3.007 0.6765874237150792 0.38833414979377767 1.0580996944401229 0.4356454318233291
12 0.74 6.004 1.0124275515055405 0.6333831471059529 1.9095571716875512 0.22387503391337812
12 0.74 6.5035 1.0362947456052483 0.6555412838770441 1.856937232361607 0.17337266054720743
12 0.74 8.5015 0.6904532477000848 0.4422062247420932 0.08331392614254449 0.10207460756637168
12 0.76 4.006 0.5558446482666602 0.36944222789456194 1.101725990589851 0.3891337115694691
12 0.78 5.5045 0.5404829937779813 0.3981158359943043 1.3316885649469037 0.3035161550854585
12 0.8 8.5015 0.822921959170146 0.683297771370462 1.757400921940612 0.17182290672314857
12 0.82 5.5045 0.42455135215828305 0.378952482118588 1.1620967207948771 0.34786906214171887
12 0.84 1.5085 0.5856422005028715 0.4910341893671783 0.950602646812439 0.4898095345276383
12 0.84 3.5065 0.4395842329945319 0.4235107754498437 1.0031183757346362 0.46941980848117537
12 0.84 9.5005 0.6059770443412327 0.6305855610644506 1.8849652088758129 0.2081591276078035
12 0.86 7.5025 0.31344160033175444 0.3666482923963233 1.1376670171436085 0.3268484965882036
12 0.88 1.5085 0.5232574151511912 0.5007518380906021 0.9482397919264938 0.4811679159302594
12 0.88 3.5065 0.3581019052722044 0.4429274396467696 0.9897039815299312 0.4884618360712191
12 0.88 9.5005 0.28229055172454304 0.39094604952917034 1.2364341719279486 0.29882489028645043
12 0.9 8.002 0.2361593701436964 0.38932832155508373 1.0491396822537085 0.3890610768826115
12 0.9 9.001 0.23218343450879797 0.3863121927388901 1.1056628176084353 0.36342571626661824
12 0.94 5.5045 0.1804058077481923 0.4598050723515794 0.9626868270242849 0.49430046319964777
12 0.96 4.006 0.1640050203505312 0.48840431292627245 0.9494785857429615 0.4954671254204212
12 1.0 5.005 0.06374857301937957 0.5192323712282982 0.9215729193088318 0.4535622784731337
12 1.04 5.5045 0.1401031392214253 0.5668423054627011 0.8896911746524448 0.4778923233689234
12 1.06 7.5025 0.21149290229339412 0.587480284148492 0.8488379799378349 0.49805362560217714
12 1.08 5.005 0.2840809566155009 0.588599326284553 0.8651521383938581 0.49501242386025973
12 1.1 6.004 0.3665840053869668 0.6103459317902518 0.8224444494229156 0.49857892197755604
12 1.1 6.5035 0.36353033526705325 0.6057298770174185 0.8019140352103937 0.49605314419121915
12 1.12 5.005 0.43923618505216705 0.6090085143784978 0.8346734742647867 0.4987335600279037
12 1.14 4.5055 0.5172794955644373 0.6149361076863736 0.8232174784741708 0.49760470500699344
12 1.16 5.5045 0.5721612991355239 0.5960013532660038 0.7396536706688416 0.4658795939998316
12 1.18 0.5095 1.3130466704188863 0.5919767301216868 0.9322972099030205 0.41033205822808205
12 1.18 1.009 0.8717094277752289 0.5738031859356707 0.9076255386025515 0.45619066511974304
12 1.2 5.5045 0.7076337177222202 0.5896947647685293 0.6560866619502452 0.41170367685354003
12 1.22 6.004 0.735902630142957 0.5575019925325043 0.5740788384889158 0.35389882633495084
12 1.22 6.5035 0.6887607942158083 0.5217884804664955 0.5227158962912497 0.33008496733558507
12 1.22 8.5015 0.5761915821109387 0.4365087743275935 0.3047447668539106 0.21140439633732847
12 1.24 1.5085 0.9141727011220452 0.5917825892198278 0.8726079267382069 0.49077549036433504
12 1.24 3.5065 0.8690299012496836 0.6034160531412034 0.7517066456299295 0.4727068901831759
12 1.24 10.0 0.5375937998587498 0.37332902768028703 0.10178646716151969 0.12226905457135435
12 1.26 4.5055 0.8762119864988068 0.5616743503199674 0.6290507787375524 0.39432105147985685
12 1.32 4.5055 1.0150714782272294 0.5286830615767781 0.5120052674128387 0.3181045352007499
12 1.34 1.009 1.3305611119947005 0.5926151666704642 0.8812673446429266 0.48616223023814675
12 1.36 2.008 1.3310716835511216 0.613912408321344 0.7925572481251517 0.4899505599879432
12 1.36 2.5075 1.2902244405018501 0.5966601910948864 0.7369122272104757 0.4600720893284666
12 1.36 7.003 0.6814734074731358 0.3154969479016858 0.03329833347829335 0.10106236622019142
12 1.4 1.5085 1.5018394182091224 0.6169537092702472 0.835017534424656 0.49899908070954957
12 1.4 3.5065 1.2506212454751922 0.5210921856147064 0.5480099886959976 0.3378067633851177
12 1.4 10.0 0.30637103289798717 0.1276545970292959 0.0 0.014489927551992274
12 1.42 5.005 1.1989241540159288 0.47576355317869223 0.18524155058339897 0.1685073842841715
12 1.46 4.006 1.303080417535588 0.47213058606472647 0.32402035835587684 0.21827620384393084
12 1.46 5.005 1.0457497145529746 0.3788948241127252 0.12034973686014122 0.13701771952999373
12 1.48 7.5025 0.47869659952212373 0.1662140970550183 0.0 0.038700969272736994
12 1.48 8.002 0.45013513711665526 0.15629692260434577 0.0 0.03504995599500171
12 1.48 9.001 0.29435150660968856 0.10220538423640836 0.0 0.010953848645841126
12 1.5 1.009 1.8664899403559032 0.6023293841127734 0.8438324815446722 0.4991928958973328
12 1.52 0.01 5.234893935294443 0.6672363097479571 1.0011757046455694 0.11464167032760289
12 1.54 7.5025 0.6183975525098652 0.19086344212886122 0.0 0.026823288486981664
12 1.56 8.002 0.3783886086877533 0.11261565735016743 0.0 0.018162995378570426
12 1.56 9.001 0.41164452524795714 0.12251325155606488 0.0 0.01642954049132162
12 1.58 4.006 1.2925932467048151 0.37143484100803825 0.09078010625335978 0.13403468338691105
12 1.6 1.5085 2.1866430631663154 0.606474132313006 0.7335034540030717 0.46281322429467464
12 1.6 3.5065 1.4692409853897925 0.40812249594339284 0.17902910375749076 0.16023387206267475
12 1.6 9.5005 0.26762292886452294 0.0743397024766489 0.0 0.005477170803617485
12 1.62 4.006 1.1948910564368715 0.32120727323230747 0.08729888310038299 0.11245458479845442
12 1.62 5.005 0.9554860283926242 0.25685108289697284 0.0 0.05013656214534579
12 1.64 8.002 0.4113836152248618 0.10713114980241575 0.0 0.009486453504339567
12 1.64 9.001 0.36384220318922117 0.09475057375441316 0.0 0.005477170803617488
12 1.68 2.008 2.2217027121522057 0.5445349784686124 0.5473254490780062 0.3416296576925252
12 1.68 2.5075 1.952881073996705 0.47864732205845795 0.3997129275213778 0.2511974128274777
12 1.68 7.003 0.4640806150719526 0.11374524879343134 0.0 0.018162995378570277
12 1.72 4.5055 1.1308197756334275 0.26176383694842825 0.0 0.04862516690361422
12 1.74 9.5005 0.12463342731702991 0.028070591744601407 0.0 0.0
12 1.76 6.004 0.13695062358455729 0.030033031493874877 0.0 0.005477170803617484
12 1.76 8.5015 4.592860800953847E-11 0.0 0.0 0.0
12 1.78 0.01 6.832584514296685 0.6795087838066737 1.0001180565507124 0.1228623080995614
12 1.8 5.5045 0.14120427452398437 0.029417557199632318 0.0 0.0
12 1.82 6.004 0.4326723217515339 0.087941528822714 0.0 0.013415267434605634
12 1.82 6.5035 0.4388584935464643 0.08919888081799204 0.0 0.0
12 1.82 8.5015 6.692468543175129E-11 0.0 0.0 0.0
12 1.84 5.005 0.6653905468481669 0.13202193390209868 0.0 0.019744665141752927
12 1.86 0.5095 3.329943437116267 0.611485829885346 0.8587360743971532 0.4937432048395519
12 1.86 1.009 3.1497193015293923 0.6091431498797754 0.7444342046735821 0.4679368487251774
12 1.86 2.5075 2.1303701463002565 0.4128624314526106 0.16005640857080486 0.1534225297014145
12 1.88 0.01 7.313374042059162 0.6717261399225009 1.0084931421280146 0.12716089612887635
12 1.88 3.007 1.7640675179468515 0.33410369657965316 0.05358856672117208 0.085416927718947
12 1.9 9.5005 4.344362434392121E-11 0.0 0.0 0.0
12 1.92 1.009 3.3074216591493406 0.5981745635418535 0.7328403198228601 0.45815700208945226
12 1.94 4.006 1.1116224962246803 0.19709618727833872 0.0 0.023867986997354824
12 2.0 0.5095 3.7888470167656427 0.6110337524656194 0.8530514631471846 0.4988610687617488
12 2.0 2.008 2.5636841568629363 0.4272806928107005 0.25550057868349174 0.18651510884670766
12 2.0 2.5075 2.06363578252687 0.3439392970880008 0.038312580463280656 0.1039272052617616
12 2.0 7.003 0.0 0.0 0.0 0.0
14 0.04 4.5055 1.3090861466361174 0.18512213272722203 1.1388148842397396 0.06781373027565746
14 0.04 8.002 7.900742194440447E-12 3.6876341600585214E-13 0.0 0.0054771708036174885
14 0.04 9.001 4.659352411971446E-12 3.6876341600585214E-13 0.0 0.0
14 0.06 5.5045 0.299960175861104 0.06475078025585541 0.517084220115612 0.005477170803617485
14 0.08 5.5045 0.6469139603335278 0.07913870671612595 0.870384556250142 0.005477170803617486
14 0.1 5.005 1.2102109618636665 0.13598775055548087 1.1092555560226907 0.03984329084600371
14 0.12 0.01 4.011708204107297 0.6773451908664958 1.0517073105377555 0.08996386311543092
14 0.16 3.5065 3.1408507106737718 0.40051678060268253 2.2665238715978497 0.1417714322867261
14 0.16 9.5005 9.690157656076406E-12 3.6876341600585214E-13 0.0 0.0
14 0.18 3.5065 2.6654131126146328 0.3434978692169848 1.3293486968714567 0.08472189754388335
14 0.18 9.5005 8.302360507610915E-12 3.6876341600585214E-13 0.0 0.0
14 0.22 1.5085 1.6534377193220229 0.44036380925702107 1.0628315109262225 0.48402737249238575
14 0.22 3.5065 2.921232608207544 0.42437990487943256 1.2884980422802315 0.10279127171923584
14 0.22 9.5005 1.0292929495267367E-11 3.6876341600585214E-13 0.0 0.0
14 0.24 4.006 1.2158406593551236 0.22676226397316135 0.062328397640926465 0.03192130652880123
14 0.26 2.008 1.3470452411593667 0.38490331836888936 1.1390394317367667 0.4520448435669462
14 0.26 7.003 1.0859269387050633E-11 0.0 0.0 0.0
14 0.28 7.5025 1.1295369438021659E-11 3.6876341600585214E-13 0.0 0.0
14 0.3 2.008 1.328515051525803 0.3855682210808736 1.1425169154161579 0.4581307730374849
14 0.3 7.003 0.20321561503034138 0.04147257449644738 0.0 0.00948645350433962
14 0.34 5.5045 0.6960539159760754 0.15066102077248525 0.0 0.02120853606616776
14 0.38 0.01 2.481963331300534 0.6722421118334774 1.0453560410338798 0.07164793274592146
14 0.4 3.5065 2.8166461445259245 0.6088419531379872 1.3864065665066456 0.14398480436458375
14 0.4 9.5005 2.6325008101976598E-11 3.6876341600585214E-13 0.0 0.0
14 0.42 2.008 1.2255917279599198 0.3822754592903461 1.1390906354565191 0.46827473050723706
14 0.42 2.5075 1.3080656557990602 0.3682258150613662 1.371350317774121 0.41318397418605113
14 0.42 7.003 0.5437334581004137 0.133924497067882 0.0 0.01448992755199232
14 0.44 6.004 0.8932171271596535 0.2278615120305261 0.0 0.03418541814583499
14 0.44 8.5015 0.2321007715619057 0.05920938050049591 0.0 0.007745773043537936
14 0.46 5.005 1.0506259784577037 0.27794338054459167 0.0 0.06825060160530028
14 0.48 1.009 1.3992009327735457 0.4971686739426931 1.0319997203385178 0.48463519324773485
14 0.5 0.5095 1.5863165517406217 0.584694526143049 1.052750833330701 0.3997177132545578
14 0.5 2.008 1.190337231567651 0.40589176322223347 1.1234548766834505 0.4797416706158903
14 0.5 2.5075 1.0932528034366604 0.35845419713490506 1.1511039853814915 0.43561162859024105
14 0.5 7.003 0.16331999899312397 0.04666285685612188 0.0 0.005477170803617488
14 0.54 6.004 1.067097094615952 0.331396613232771 0.0 0.05330953086932543
14 0.54 6.5035 0.7160146579231066 0.22236480059837707 0.0 0.05043335270709303
14 0.54 8.5015 0.5142311209388782 0.1596991058837247 0.0 0.016429540491321632
14 0.58 1.009 1.2255345380044023 0.510711994525403 1.0302634324214768 0.4805437216565201
14 0.6 5.005 2.158810100798905 0.7404655349138193 1.7463465529347522 0.13900257870520058
14 0.62 5.5045 1.9283289869594014 0.7046382418993556 1.68811400695597 0.11962155704425834
14 0.64 5.005 2.0194029054254243 0.7651349343239755 2.220706479054278 0.1745045864371004
14 0.68 3.5065 0.8210508593198967 0.3676125220278893 1.184231255094979 0.3711018902692544
14 0.68 9.5005 0.5687459972271189 0.2539044630423789 0.0 0.0273759932367727
14 0.7 6.004 1.6265617052784185 0.7597734020894411 2.473460567696968 0.1777723501454483
14 0.7 6.5035 1.3522377977172915 0.6403432291118237 1.4901980863095934 0.13251598997342198
14 0.7 8.5015 0.6163834415556431 0.29351592455015196 0.0 0.0738912383300007
14 0.72 5.005 0.9230718309553889 0.45642765231732274 1.7140199699953855 0.2651755775579539
14 0.74 5.5045 0.8404540850042098 0.4506893380181206 1.6751155236702355 0.25381236357932907
14 0.76 1.5085 0.8025730358394306 0.48459380774493827 1.0428859174939287 0.4942178676816954
14 0.76 10.0 0.5798854238962555 0.3451698951764809 0.0 0.0822416710945743
14 0.8 5.5045 0.5348204490930522 0.36992690801622113 1.2924612968565259 0.31777682215528175
14 0.84 7.5025 0.3936508429491982 0.3469554957641498 1.2170684167461332 0.2787344813373965
14 0.84 8.002 0.37735206954485295 0.3342942920629158 1.2531835543223064 0.26598909848365065
14 0.84 9.001 0.43562462533379004 0.3880274090488981 1.542541372974154 0.22912952386611593
14 0.88 7.5025 0.32042803270521675 0.37788812229701024 1.096925417969209 0.36976920901376487
14 0.88 8.002 0.3188522753611604 0.3764298126081349 1.1741209989922283 0.34968723913349237
14 0.88 9.001 0.30631321446826615 0.36332376417116824 1.1489878227961603 0.31821364697479637
14 0.9 0.01 1.5825238179280425 0.6751816174300873 1.054228754606706 0.06327621956154737
14 0.9 3.007 0.38462128837368015 0.4798239342624377 1.0156482355584187 0.4998363886171276
14 0.92 0.5095 0.8308803121902991 0.5981397017908804 1.0214948596009705 0.3484565938597024
14 0.92 2.008 0.4007115899198609 0.5163185879193358 1.0152531597667487 0.476446122595538
14 0.92 2.5075 0.3638123955480825 0.5125710573063822 1.0069795434986653 0.49015113339327515
14 0.92 7.003 0.24320880455229466 0.4269462568759729 1.0399848859626195 0.4599059088638146
14 0.96 10.0 0.13015688549265392 0.4642443475732413 1.0443559404364178 0.49168102032322897
14 0.98 2.008 0.287744153737423 0.5433371518851725 0.9945403928910527 0.42913207080511845
14 0.98 7.003 0.07750682608202958 0.5152049503460712 1.0111738797448968 0.48287949420179055
14 1.0 1.5085 0.38630761537162317 0.562657024460623 0.9991331773235212 0.3930998026663937
14 1.0 3.5065 0.1220821992034354 0.5446302296275629 0.9954641528500152 0.4170510621241745
14 1.02 2.008 0.29128132668720286 0.5593681999546152 0.9790238404732042 0.40782304108146716
14 1.02 2.5075 0.21967312937042782 0.5639368606098933 0.9813698184809854 0.4144049160181403
14 1.02 7.003 0.08506479413520111 0.5731097118477029 0.9772033038360122 0.44081911996180434
14 1.08 1.5085 0.5009441566380651 0.5842356522582021 0.9868742267317487 0.425060039612951
14 1.08 3.5065 0.3494691903591926 0.6009582046821477 0.9503389725981981 0.47185166875253853
14 1.08 10.0 0.3492345892952547 0.6236331951715869 0.8216707111778107 0.47993503130082577
14 1.12 3.5065 0.5277289742991049 0.6224502763859128 0.9387883279211697 0.49202113694476923
14 1.12 9.5005 0.48496592634670893 0.5773403885089016 0.695458135890683 0.39874501596373885
14 1.16 4.006 0.7072428683038179 0.6312446837505408 0.8699586196890985 0.4973905287358201
14 1.18 6.004 0.7395194692364216 0.5869202136813115 0.7102093481697459 0.4159351152696754
14 1.18 6.5035 0.7488382482221506 0.5943160700175351 0.6847797836971117 0.3914638205395507
14 1.22 5.5045 0.873816021644899 0.5674130010680027 0.6612191969983776 0.3775047524603121
14 1.24 7.5025 0.7399202815924085 0.44042873904146634 0.35326901652278975 0.2136404895766254
14 1.24 8.002 0.7252552962563914 0.4316995811027822 0.30958960312314454 0.19172800632945622
14 1.24 9.001 0.6874985810587124 0.409225345868225 0.19416650123344653 0.14576852719162126
14 1.26 3.007 1.1713266499804578 0.6430575047232469 0.8408086085133927 0.484221057933836
14 1.28 2.008 1.2239214738097415 0.619351332442092 0.8847565513264152 0.4999718587394674
14 1.28 7.003 0.9343298657462398 0.47669891109529866 0.30631570989034146 0.18836983934572155
14 1.3 4.006 1.1791985829308362 0.5615231347293522 0.6690539779100577 0.3856328825483394
14 1.3 5.005 1.1322243020632392 0.5391544295526727 0.5479934670154936 0.299788379506694
14 1.34 6.5035 0.9735777138693416 0.4090662663347397 0.16537360648293456 0.14268142179061133
14 1.38 4.006 1.4789545910571875 0.5559979665609116 0.5308785908619656 0.29492188360347443
14 1.38 5.005 1.1811543173070302 0.4440429764318424 0.341292223936431 0.21166140910293194
14 1.4 7.5025 0.6731734386200037 0.2404190852170108 0.0 0.048931217620638415
14 1.4 8.002 0.5524209805246112 0.19729320732934452 0.0 0.05246341655334434
14 1.4 9.001 0.6074327650290778 0.2169402732104751 0.0 0.03712289615832038
14 1.42 1.5085 1.8659431893342946 0.6322765294435021 0.8768159476718597 0.49825556210001454
14 1.42 3.5065 1.531240604238429 0.5208301374937824 0.5581834724124525 0.30589703167695986
14 1.44 2.008 1.8376325973139247 0.5963881765593615 0.7873127096084163 0.4649252826939468
14 1.44 2.5075 1.8534884897465673 0.6017819771918089 0.7086514834749074 0.4093466594301658
14 1.44 7.003 1.0014477968398525 0.32514538858003283 0.0 0.05761028129786118
14 1.46 1.5085 1.9723949762236932 0.6100921839472314 0.8421088881302886 0.4935888412933192
14 1.46 10.0 0.4234694130228015 0.13151224006238 0.0 0.01642954049132166
14 1.48 0.01 4.760658950916379 0.679161877140669 1.0493070209276054 0.0979602048788273
14 1.48 3.007 1.7480745433838092 0.5202602807663451 0.5774130289564148 0.3236964074983118
14 1.5 9.5005 0.06023532304872489 0.017210092292791565 0.0 0.005477170803617486
14 1.52 0.5095 2.5468973377585398 0.6331832712074842 0.9693021563584834 0.45110355385048206
14 1.52 1.009 2.34566427562222 0.636468928387898 0.9038783607336155 0.49939902939030034
14 1.56 0.01 5.041505765031742 0.6626294111297338 1.0484523642952253 0.10120761864715473
14 1.56 3.007 1.9800459038682834 0.5051137509854379 0.45770904466287954 0.25619049880393696
14 1.6 7.5025 0.5375116813762503 0.12797897176296838 0.0 0.0
14 1.6 8.002 0.4477201397507603 0.10660003326284392 0.0 0.012246591372295928
14 1.62 1.5085 2.658976521042123 0.6124720610387228 0.7753917439570058 0.45259606859644225
14 1.62 10.0 4.599945318768165E-11 0.0 0.0 0.0
14 1.64 0.01 5.68722132217417 0.6782428836524962 1.0512412651428027 0.10753245263653646
14 1.64 3.007 2.0589878350111377 0.45959549888581275 0.3072821724336591 0.19782766401588175
14 1.66 5.005 1.1023963825515397 0.23861393561061742 0.0 0.04377593901968187
14 1.68 8.5015 7.443072390236114E-11 0.0 0.0 0.0
14 1.7 4.006 1.503064043132921 0.3067477639061889 0.031921306528801284 0.06954444073162809
14 1.76 5.5045 0.9126312987852735 0.17154723661847684 0.0 0.014489927551992288
14 1.78 0.5095 3.568715031703635 0.630844559262762 0.9371543140772308 0.4850210280937023
14 1.78 1.009 3.460964464198624 0.6324700198283636 0.8264038446204425 0.4830563513838546
14 1.78 2.5075 2.319259780482828 0.42477285356713185 0.2898599557180415 0.19194463180811225
14 1.82 5.5045 0.8905432620755869 0.15514690976677398 0.0 0.01642954049132165
14 1.84 1.5085 3.28986637107361 0.5594890164648602 0.6463871084888845 0.3639917294756932
14 1.84 3.5065 1.8213911985860338 0.30976040792082665 0.055232844340475575 0.06490107533274496
14 1.84 9.5005 8.709614890318548E-11 0.0 0.0 0.0
14 1.86 6.004 0.23590263260695024 0.03918648382812702 0.0 0.0
14 1.86 6.5035 0.4860165429099433 0.08073364498123253 0.0 0.0
14 1.86 8.5015 1.1025932359377967E-10 0.0 0.0 0.0
14 1.92 6.5035 0.33285808092082114 0.051686037430087726 0.0 0.0054771708036174885
14 1.92 9.5005 4.840663809049887E-11 0.0 0.0 0.0
14 1.94 1.5085 3.4000238388475617 0.5167209481504874 0.569875710380518 0.3216009736440834
14 1.94 10.0 2.8201769857862438E-11 0.0 0.0 0.0
14 1.96 3.5065 1.4822652087179957 0.22057517986609107 0.0 0.03984329084600371
14 1.96 9.5005 7.112156169050698E-11 0.0 0.0 0.0
14 2.0 6.004 0.25563659404003164 0.03651951344523845 0.0 0.0054771708036174885
14 2.0 6.5035 0.0 0.0 0.0 0.0
14 2.0 8.5015 0.0 0.0 0.0 0.0
16 0.0 2.008 2.558698328826208 0.319837291103276 0.9792486175702471 0.1751476646692465
16 0.0 7.003 0.0 0.0 0.5844607896379121 0.019744665141752833
16 0.02 2.008 2.2632346170566677 0.3387909248969752 0.9767169733501814 0.2617886834463231
16 0.02 7.003 0.006763983972769239 0.0 0.0 0.0
16 0.04 3.007 1.4673503171859936 0.2513962990462433 1.0999438294648025 0.1969199135009774
16 0.06 4.006 1.6483121295867305 0.243091832176119 1.4546578821591183 0.12309875779222545
16 0.1 3.5065 2.9916741909503592 0.36459724183350367 2.718259966100625 0.1788725628833602
16 0.1 9.5005 0.0 0.0 0.0 0.0
16 0.12 1.009 3.038581236988512 0.5318449743612376 1.1117407157574977 0.49302840372390955
16 0.14 4.006 1.8853108441489825 0.218261318964347 0.429959287243671 0.024487670441671112
16 0.16 7.5025 0.0 0.0 0.0 0.0
16 0.18 7.5025 0.0 0.0 0.0 0.0
16 0.18 8.002 0.0 0.0 0.0 0.0
16 0.2 5.5045 0.3055400960803363 0.04774064001214 0.0 0.005477170803617486
16 0.22 7.5025 0.0 0.0 0.0 0.0
16 0.22 8.002 0.0 0.0 0.0 0.005477170803617486
16 0.24 10.0 0.0 0.0 0.0 0.0
16 0.28 0.01 3.6972336996388058 0.6873374823077011 1.1125547995787661 0.07986769192103679
16 0.34 4.006 1.5977862705837302 0.30261103609540846 0.0 0.06136570331429203
16 0.36 5.5045 0.7380720815230846 0.14415470342199513 0.0 0.024487670441671112
16 0.38 0.5095 2.4877041570750413 0.6067615955802099 1.104254222210626 0.4280143195899657
16 0.38 1.009 1.9325285707882565 0.5037930324951169 1.1050750432145893 0.4952237349759935
16 0.4 7.5025 0.42605520702722427 0.08876150146373586 0.0 0.00948645350433963
16 0.4 8.002 0.4087796923409439 0.08516243590403061 0.0 0.0054771708036174885
16 0.42 8.5015 0.5252763367062082 0.11320610704771597 0.0 0.009486453504339623
16 0.44 5.5045 0.9026011265577346 0.2014734657476182 0.0 0.033298333478293356
16 0.46 1.5085 1.514103534085264 0.43885930286783587 1.1211989746160185 0.4964523190601926
16 0.46 3.5065 2.947865702383267 0.622791294878681 1.748263055141926 0.16614199972878568
16 0.46 9.5005 0.166722896291577 0.03859326302880964 0.0 0.007745773043537938
16 0.48 6.5035 0.9918242748102352 0.23841929682876029 0.0 0.03192130652880131
16 0.48 9.5005 0.1944118334705393 0.046733613814151025 0.0 0.0
16 0.5 6.004 0.8561091079082979 0.21402727697707447 0.0 0.04411594992991607
16 0.5 8.5015 0.5840657599449793 0.14601643998624483 0.0 0.0144899275519923
16 0.52 3.5065 2.6015585508996626 0.6184836984066067 2.7268301471600003 0.2928987617254662
16 0.52 9.5005 0.3439764354361963 0.08957719672641645 0.0 0.009486453504339612
16 0.54 5.5045 1.116136989270193 0.3032980949120929 0.0 0.07741898839561961
16 0.58 9.5005 0.3017052915491429 0.08979324153249385 0.0 0.007745773043537927
16 0.6 3.5065 1.8734994577847863 0.5526243062084225 2.1617223340198235 0.33235797252942995
16 0.6 9.5005 0.43295739107011166 0.13529918471310043 0.0 0.022577533139205515
16 0.62 4.006 1.0251361660070308 0.33841085612215416 1.3770395926039496 0.2853651159195752
16 0.64 3.5065 0.971541962257825 0.34186138413480305 1.2152505149380657 0.35281760914421983
16 0.64 9.5005 0.4484604340941316 0.15571542850871564 0.0 0.016429540491321653
16 0.68 7.5025 1.072442067462114 0.4189226826014065 0.0 0.08814062635274159
16 0.7 5.5045 1.3315989908097945 0.5420489419214897 2.262879757228867 0.21185391945428922
16 0.72 3.5065 0.8470783956556969 0.37525908177302025 1.1492218085106516 0.39835865389817693
16 0.72 9.5005 0.7573384149268497 0.338097506664401 0.0 0.0593927935499438
16 0.74 4.006 0.773932690681618 0.36530540034515635 1.1945908764978042 0.3738689105132098
16 0.76 4.5055 0.6948868724790039 0.3539164376397393 1.2918911341931183 0.3445871103523492
16 0.76 9.001 0.6939168970994185 0.3614150505723804 0.0 0.11323158344141156
16 0.78 7.003 0.8281401164816063 0.46544691901035806 1.8503046445415268 0.20531841235487566
16 0.8 4.006 0.6399016942719727 0.3901838763434166 1.1514026005640525 0.4239209636784991
16 0.82 7.003 0.4772843976476338 0.3275818510015231 1.2634289959831413 0.2739850759380808
16 0.84 0.01 1.1469921204539255 0.6840223886475139 1.1068597031516691 0.05414227448793975
16 0.86 0.5095 0.8021414203229305 0.6023731839272131 1.070659678893247 0.3330983046750377
16 0.86 1.009 0.6909453182565065 0.5640376277101758 1.080726523888165 0.42134168610207684
16 0.86 2.008 0.611915903795904 0.5168227481711101 1.0987518206063724 0.49265361002711516
16 0.86 2.5075 0.5753751899744018 0.4845051314124933 1.094074911119109 0.49947915367475115
16 0.88 0.01 1.2149345390461515 0.6779102307934404 1.1124456130953484 0.050728389160508786
16 0.92 6.004 0.2980332464791191 0.4554288898862217 1.107131576707062 0.4825147271762226
16 0.92 8.5015 0.27401674520226194 0.42642529946024105 1.1213092828057671 0.4344216377163437
16 0.94 2.008 0.36650099752692095 0.5500047770276791 1.0679524319950495 0.4453364360730558
16 0.94 7.003 0.22666860065415606 0.46425547307534776 1.0989807622767531 0.49213469069239757
16 0.96 4.5055 0.18639184660293764 0.5211090035838827 1.0798486197624175 0.47903919146602936
16 1.0 7.5025 0.013415267434605561 0.5733244346466629 1.058002028420056 0.37036887058232965
16 1.0 8.002 0.015490151729404787 0.5701641099719829 1.0497011601380286 0.37161579385790267
16 1.0 9.001 0.0054771708036174815 0.5791572301131722 1.0478694103353712 0.3734955156878019
16 1.04 2.008 0.32054820401021417 0.6013276402206394 1.0580442288241017 0.39117748533415475
16 1.04 7.003 0.20097389976280408 0.6239885719402668 1.0066957257482732 0.4585493157418341
16 1.06 0.5095 0.9028962394990969 0.6197778281620469 1.076196888600877 0.30817201027853647
16 1.06 2.008 0.3687087306895618 0.5977985070372126 1.0393185998453587 0.4035657709460249
16 1.06 2.5075 0.3398748020477483 0.6097594210355877 1.0396606972337301 0.4173879034042841
16 1.08 7.5025 0.41346110134368586 0.6459008885989558 0.9395017308879767 0.49987546578639275
16 1.08 8.002 0.4083660671941758 0.6380719799908737 0.9250733769078143 0.49797572174896604
16 1.08 9.001 0.40056549515581713 0.6258835861809398 0.8871949882116955 0.4910654224191907
16 1.12 7.5025 0.5976366104959492 0.6225381359336708 0.8253828435143701 0.45848407613085246
16 1.14 4.006 0.7113222404950293 0.6349478314552357 0.9409879952969771 0.49989278562708894
16 1.14 5.005 0.6904069833031556 0.6164348065206144 0.9021940702096133 0.4938814433241891
16 1.2 2.008 1.0358792292911552 0.6394762450107921 0.994888564546502 0.48570408013794525
16 1.2 7.003 0.8370106212111978 0.5231316382569845 0.6182741579162988 0.3219221267359073
16 1.24 0.01 3.0206960621106904 0.6712008939365345 1.0958217876946352 0.07703518129397327
16 1.24 3.007 1.240974392307438 0.6462139719967782 0.9045934842623686 0.4910251180861901
16 1.26 5.005 1.1594800983802371 0.5574423549907809 0.6760803736573766 0.35769027985426965
16 1.3 1.5085 1.5732124457828525 0.6484251025719585 0.9748998820352184 0.4929318187445571
16 1.3 10.0 0.6498005270748184 0.27075021961273915 0.053029009794674 0.05577003584052199
16 1.32 5.005 1.474381228454108 0.5759301673649971 0.5492995613144683 0.273710097261336
16 1.38 1.5085 1.9538159026677644 0.6400675946710098 0.9324263881316271 0.49993643184471664
16 1.38 10.0 0.38695876523883616 0.12728906749274765 0.0 0.012246591372295992
16 1.4 0.01 3.985889335063285 0.6755777890919384 1.097601733665405 0.08366820481948395
16 1.4 3.007 1.8577898047768457 0.5805593139927537 0.7155082161529089 0.3816968205323557
16 1.42 7.5025 1.0444359150866844 0.3108440223476432 0.03671772076749126 0.04831715901197395
16 1.42 8.002 0.6500787779250486 0.19347582674531044 0.0 0.029986647164859256
16 1.42 9.001 0.5634579655361943 0.16769582306734362 0.0 0.022577533139205398
16 1.46 4.5055 1.4353023869464012 0.39002782254237833 0.2798032937919534 0.1588975126326861
16 1.46 8.002 0.7916510021896472 0.21512255494527385 0.0 0.026258918576930235
16 1.46 9.001 0.17996018056143928 0.04890222298389556 0.0 0.005477170803617481
16 1.48 1.009 2.5311008224359415 0.652727253789319 0.9804240437072042 0.4956802735229682
16 1.52 6.004 0.9341623155827188 0.22455824893850157 0.0 0.05523284434047581
16 1.52 6.5035 0.8677363375533386 0.20859046575572623 0.0 0.039466213708579514
16 1.52 8.5015 0.5227923357210634 0.1256712345589343 0.0 0.0054771708036174885
16 1.54 0.5095 2.9161163594178454 0.6410795290546116 1.017267176449673 0.44760510613347265
16 1.54 1.009 2.803239966528642 0.6452392508387249 0.960459894556981 0.4994680541000816
16 1.54 2.5075 2.312301426847591 0.535254959918768 0.6420631704367576 0.337872227545281
16 1.56 1.009 2.8976872758885945 0.6434283129419778 0.9358424704317817 0.4998561909067995
16 1.58 4.5055 1.7026765399139316 0.36695615084096356 0.04577784446988178 0.08489620443686623
16 1.6 0.01 5.205280050175107 0.6798098224621199 1.094127562712955 0.09583402663057737
16 1.62 4.5055 1.6233673632827488 0.3272918071131687 0.021208536066167762 0.07369018454755763
16 1.62 8.002 0.3620531371852104 0.0729945841007063 0.0 0.009486453504339628
16 1.62 9.001 1.0177038207283129E-10 0.0 0.0 0.0
16 1.64 1.009 3.336143630388941 0.650231109207465 0.9314548303554608 0.4983228840748704
16 1.66 1.5085 3.0922889306534462 0.5856320319277523 0.7899512065917184 0.4375377076845269
16 1.66 3.5065 2.275096838435595 0.4308895527343732 0.1997662237279862 0.1297564539280954
16 1.66 10.0 7.876373516299767E-11 0.0 0.0 0.0
16 1.68 5.5045 0.638769179578349 0.1174208050788504 0.0 0.01642954049132163
16 1.7 1.5085 3.2435430653796407 0.5792041188177826 0.7576796777859843 0.42239141929088947
16 1.7 10.0 0.0 0.0 0.0 0.0
16 1.72 4.006 1.607617468004441 0.2791002548633854 0.0 0.06670880002106189
16 1.72 5.005 1.0684290945936414 0.1854911622548867 0.0 0.03048187016476745
16 1.76 4.006 1.8839238998105257 0.3098559045748306 0.025092018731697825 0.06232839764092676
16 1.78 6.004 0.3634517894343521 0.05824547907891829 0.0 0.009486453504339631
16 1.78 6.5035 0.5036006510086578 0.08070523252565177 0.0 0.013415267434605607
16 1.78 8.5015 1.1009363734782751E-10 0.0 0.0 0.0
16 1.8 2.008 3.0894502847098138 0.48272660698592723 0.5294835813577613 0.26902103168956826
16 1.8 7.003 0.0 0.0 0.0 0.0
16 1.82 4.006 1.3306602626332813 0.20284455223007053 0.0 0.03831258046328064
16 1.84 7.5025 6.660785279303359E-11 0.0 0.0 0.0
16 1.84 8.002 7.868052258329836E-11 0.0 0.0 0.0
16 1.84 9.001 7.868052258329836E-11 0.0 0.0 0.0
16 1.86 5.5045 0.5474193459871154 0.07956676540256656 0.0 0.005477170803617488
16 1.88 3.5065 1.7407700837253939 0.2472684778009059 0.0 0.05274697980091073
16 1.88 9.5005 1.1501495263240522E-10 0.0 0.0 0.0
16 1.94 4.5055 0.5408566791268424 0.0719224307360825 0.0 0.005477170803617488
16 1.94 9.001 7.990262226912647E-11 0.0 0.0 0.0
16 1.96 7.5025 8.027413397202701E-11 0.0 0.0 0.0
16 1.98 0.5095 5.181498425257014 0.6554636790270242 0.971565206920912 0.49641626026778257
16 1.98 2.008 3.4466441219594808 0.43962297473985273 0.34193668612246164 0.18220420199031476
16 1.98 2.5075 3.316967784951561 0.42308262563095383 0.10120761864715462 0.10207460756637166
16 2.0 5.5045 0.0 0.0 0.0 0.0
18 0.04 5.005 1.031132295904947 0.09582177423158317 1.044635626801194 0.02737599323677288
18 0.06 10.0 6.135030200236871E-12 3.0425910314702166E-13 0.0 0.0
18 0.08 2.008 2.190489370000463 0.3648729356201864 1.093798184856141 0.3594396357628378
18 0.08 7.003 6.31233942587664E-12 3.0425910314702166E-13 0.0 0.0
18 0.1 7.5025 1.032478809615642E-11 3.0425910314702166E-13 0.0 0.0
18 0.1 8.002 1.032478809615642E-11 3.0425910314702166E-13 0.0 0.0
18 0.12 6.5035 0.14953437089289937 0.01888060238456663 0.0 0.0
18 0.14 1.5085 2.5212837661738874 0.44684672102023776 1.15380810308078 0.45550108334572065
18 0.14 10.0 1.4644998887370514E-11 3.0425910314702166E-13 0.0 0.0
18 0.16 0.01 4.985869774206458 0.6744951922962233 1.1393940409146637 0.08593440145985409
18 0.18 0.01 4.926554177006927 0.6854729049076954 1.1509930651896199 0.08384476669391473
18 0.2 4.006 2.2757160773549905 0.3132984570922665 0.061365703314292114 0.032845767029735295
18 0.22 0.01 4.718729562654596 0.6954352347073144 1.1541333718977203 0.08524371728485315
18 0.24 4.5055 0.8200744883497407 0.11989393104619973 0.0 0.014489927551992344
18 0.28 0.5095 3.475249542772139 0.6104249097053793 1.186518448074572 0.4545582578825588
18 0.28 1.009 2.6276215220110397 0.5116088578901542 1.144144505775081 0.4999022239674948
18 0.28 2.5075 1.6782159711310527 0.3423217367127816 1.5335834143891498 0.3897858795544912
18 0.32 4.006 2.436657170075253 0.39757817448306015 0.04273955350341179 0.059643029163534395
18 0.34 1.5085 1.9752093911005664 0.43780648003391237 1.1428801449893975 0.4904212897271978
18 0.36 4.006 1.918633061725142 0.33309601765977104 0.0 0.06933051012191524
18 0.38 6.004 0.9816587094756505 0.1759244999072463 0.0 0.018162995378570374
18 0.38 6.5035 0.579048504080419 0.10377213334966831 0.0 0.010953848645841148
18 0.38 8.5015 0.170550259752546 0.030564562675911195 0.0 0.0
18 0.4 0.01 3.397567388339937 0.6777341205160423 1.1428150877539034 0.07528324730947963
18 0.42 5.5045 1.4571493814643293 0.2791473910865016 0.0 0.034185418145835186
18 0.44 4.006 1.9278363235289873 0.3825072070496553 0.0 0.0965989580082486
18 0.46 7.5025 0.36255340008280634 0.07459946503517907 0.0 0.005477170803617488
18 0.46 8.002 0.3845840221053413 0.07913251483303295 0.0 0.007745773043537924
18 0.46 9.001 0.26964937835940805 0.05548341118273111 0.0 0.005477170803617476
18 0.5 5.5045 1.3542954205438185 0.30095453789888227 0.0 0.05496225515851088
18 0.52 7.5025 0.7217885028733158 0.16708067197231746 0.0 0.01897034531398832
18 0.54 4.006 4.235711364528875 0.9428153039486147 3.603575778849831 0.20330816674732982
18 0.56 4.006 2.016474421551236 0.48302668144475713 2.6032059272067505 0.25679291226042533
18 0.6 7.5025 1.0896285863406696 0.30267460731067974 0.0 0.040953564294102254
18 0.64 7.5025 0.6635005674756619 0.20478412576431337 0.0 0.053029009794674106
18 0.66 0.5095 1.5983868563338042 0.6050902729508619 1.1407442518311373 0.37317478938644516
18 0.66 2.008 1.2568063346761382 0.4482407052868503 1.1709124225215093 0.49099627226163456
18 0.66 2.5075 1.1886725162774017 0.4142268247472341 1.160327079697772 0.46018690857351174
18 0.68 0.01 1.671661700281016 0.6795602661798683 1.1445784742704121 0.0588890866073536
18 0.7 4.006 0.9474205768137558 0.3522089808972179 1.3252908146115938 0.33940394704930366
18 0.72 7.5025 1.052229959381329 0.4175515711830795 0.0 0.1202286985436155
18 0.76 3.007 0.9114063874414519 0.4258779808608533 1.1686840743967217 0.4659380227680598
18 0.78 4.5055 0.736362012900897 0.36625384880396544 1.2021502700728872 0.3726388592599783
18 0.82 4.5055 0.6520343152305187 0.3983257354195341 1.2013347488260147 0.41211653950496335
18 0.84 0.5095 0.873079830049322 0.619201060354061 1.13239708946322 0.32234948135354696
18 0.84 1.009 0.817013817328175 0.5719889914307357 1.1280401488904195 0.4128974391917949
18 0.86 6.004 0.5100344373917516 0.4000724864136709 1.2129060201367978 0.3942742644519605
18 0.86 6.5035 0.4889401256906087 0.38438005199471187 1.2093122455476173 0.37269253041959166
18 0.86 8.5015 0.44727392045235703 0.35391886801903744 1.3040582664744989 0.2860114773758355
18 0.88 0.5095 0.7411990453824964 0.6216818432147032 1.1391685935403475 0.3030442833316445
18 0.88 1.009 0.6839287288836061 0.6006630088219674 1.131982818467338 0.39446132450945814
18 0.9 3.5065 0.4692863574324592 0.5037782337421562 1.1405122704196424 0.49976126944441146
18 0.9 9.5005 0.34118847040824474 0.3785285507373855 1.289084769026821 0.35197207514426554
18 0.92 5.5045 0.35258977227891897 0.47856747548150835 1.159920600261537 0.49419020165245103
18 0.96 3.007 0.2492477153918554 0.5667749398454903 1.1218478032365973 0.43438744090184195
18 1.0 0.01 1.306988239946729 0.6890795017589567 1.1500338338441727 0.04308780610313049
18 1.0 3.007 0.13636861713650184 0.591976119142017 1.1053201003415785 0.3264660716220852
18 1.02 5.5045 0.11362043666086155 0.6134923697435926 1.1010141236248736 0.380856913694792
18 1.06 6.004 0.3437311365795834 0.6359851970487844 1.0378594087803557 0.4736797909130514
18 1.06 6.5035 0.3552287747424074 0.6575132458704641 1.0385057504769817 0.48170629862689907
18 1.06 8.5015 0.356561128968889 0.6602983869809265 1.0110085135261133 0.49755724385984323
18 1.08 0.01 1.7261123202161317 0.6874340303175208 1.1429235656064127 0.05131332058986159
18 1.08 3.007 0.4630777576646544 0.6267148650661866 1.083178052763127 0.43635278903716634
18 1.1 2.008 0.5988571404675441 0.6326934435597895 1.0942452609047786 0.41946812000455114
18 1.1 2.5075 0.6062712304591766 0.655762121530204 1.0767653939901454 0.43910200003290556
18 1.12 0.01 1.951234655253284 0.6756643159894773 1.1408819643345058 0.056828997046374695
18 1.14 1.5085 0.8516324509420722 0.6441345029482926 1.0846479672793252 0.42316806805768814
18 1.16 4.5055 0.9574396623389977 0.6648886544021784 0.9496862149369707 0.4916921053231264
18 1.24 1.009 1.459270687334937 0.6493871973472385 1.0682706618671916 0.43071747406122074
18 1.26 1.5085 1.5527729870084308 0.6579824253403043 1.040048216196453 0.48200551371671474
18 1.26 3.5065 1.4604736302772967 0.6241340300326697 0.8774454247696846 0.4601996547207915
18 1.26 9.5005 0.9247608687956299 0.39519695247461817 0.09944999144781327 0.0994499914478134
18 1.3 8.002 1.118843988938998 0.4143866625665185 0.10505030816963246 0.10149747329214391
18 1.3 9.001 0.9439701158447764 0.3496185614174724 0.08627760754235789 0.07893510115116238
18 1.32 1.5085 1.9403139236390634 0.6714603439867171 1.0215866840925443 0.49449083918410935
18 1.32 3.5065 1.6509360384132987 0.5732416800041222 0.7769662195074338 0.40215430925387463
18 1.36 4.006 1.773713467667017 0.5474424282918255 0.6364516398549951 0.3060133637227973
18 1.38 4.5055 1.8805962937770473 0.5498819572457437 0.5358254363768498 0.23609333982663974
18 1.38 8.002 0.8978074940160066 0.26251681110629305 0.03096914608625373 0.049537592399713774
18 1.38 9.001 0.6800204859510716 0.1988363994120331 0.0 0.03329833347829329
18 1.4 1.009 2.3862551173116477 0.65738234110327 1.0369601667138355 0.48290366801994167
18 1.42 0.01 3.9229298445146243 0.6799005702958406 1.1351555821453552 0.08170011782269626
18 1.44 5.5045 1.373274489503348 0.3467864872537464 0.15230136456244456 0.11154087855496025
18 1.46 0.01 4.092451830119157 0.6808080912710327 1.1470071597461275 0.08005287263213921
18 1.46 3.007 2.2649670337311334 0.5470934864081863 0.6882216446061578 0.33028965637641244
18 1.48 9.5005 8.303571589969691E-11 0.0 0.0 0.0
18 1.54 6.004 1.28433546434112 0.2642665564553131 0.0 0.045120492482006114
18 1.54 6.5035 0.8455439705804454 0.17398024088657707 0.0 0.0212085360661678
18 1.54 8.5015 0.6155714367172885 0.12666078947774756 0.0 0.01448992755199234
18 1.56 3.5065 2.2310092744487373 0.44266057032469186 0.36849190420458733 0.18158968433933886
18 1.56 9.5005 0.5244997467256538 0.10406741006263276 0.0 0.007745773043537934
18 1.6 0.5095 3.652785177101025 0.6627987106866147 1.061888560373625 0.4555010833457233
18 1.6 1.009 3.5466770181065903 0.6561747612072976 0.9874699264921769 0.49973913030496625
18 1.62 0.01 5.214835117397331 0.6782302914328402 1.1490517378974265 0.09207053671972425
18 1.62 3.007 2.4503061116086813 0.4391229590700709 0.42772010262755633 0.1985919215889061
18 1.64 3.5065 2.313126418971993 0.4015844477397669 0.2587053967905619 0.14075282551474227
18 1.64 9.5005 5.470666057193197E-11 0.0 0.0 0.0
18 1.66 7.5025 0.3197786381060243 0.05383478755811578 0.0 0.0
18 1.66 8.002 0.3071784795699721 0.051713548744032264 0.0 0.007745773043537929
18 1.66 9.001 1.8310394523334883E-10 0.0 0.0 0.0
18 1.68 4.006 2.0243572713992184 0.33077733192584424 0.029483076631447017 0.06803252322737648
18 1.7 4.5055 1.6040997024922763 0.2546190004074269 0.0 0.027375993236772787
18 1.7 8.002 0.34999218640674923 0.05555431529397796 0.0 0.0
18 1.7 9.001 1.3958449725909748E-10 0.0 0.0 0.0
18 1.72 1.5085 4.023752206857281 0.6209494146383839 0.8012014289746906 0.4137348129772011
18 1.74 0.5095 4.55542149921692 0.6747301235189771 1.0558960880491504 0.4745340817255298
18 1.74 2.008 3.362180225747554 0.5048318657269008 0.6156736895749987 0.2968019661382773
18 1.74 2.5075 3.1221872978854512 0.4687968915742607 0.43882288463943236 0.20518513152525997
18 1.78 5.5045 1.246697254581646 0.17759220152377542 0.0 0.012246591372295938
18 1.8 4.5055 2.2089829269023142 0.30680318430977066 0.0 0.026823288486981574
18 1.84 0.01 6.7586470277416195 0.687991706580665 1.1526915709274408 0.10888581836564755
18 1.88 7.5025 8.207015970933576E-11 0.0 0.0 0.0
18 1.9 0.5095 5.387033735729819 0.6611715211570851 1.0361677112222085 0.49163104411489617
18 1.9 2.008 3.660730362745788 0.4519420200927561 0.45109951577558466 0.21566015607031455
18 1.9 2.5075 2.822378171490163 0.34844174957063434 0.18319772622126976 0.13489424464767533
18 1.94 3.007 2.697656755748322 0.3188719569564122 0.0 0.043087806103130497
18 1.98 6.004 0.5287671254736842 0.05995092125419631 0.0 0.0
18 1.98 6.5035 8.609923555128434E-11 0.0 0.0 0.0
18 1.98 8.5015 7.160233593188442E-11 0.0 0.0 0.0
18 2.0 4.006 0.8942401227891535 0.09936001363638765 0.0 0.005477170803617486
20 0.04 3.5065 1.669261351902589 0.22761043857925803 1.3032687095324622 0.1451766112076286
20 0.04 9.5005 1.3907964417977967E-11 6.292187458989999E-13 0.0 0.0
20 0.06 4.5055 1.0640833675814063 0.11699854659409452 1.075600456241988 0.026258918576930218
20 0.1 0.01 6.03080241538061 0.6756447260256973 1.1966423622607385 0.08864171381486921
20 0.14 4.5055 1.7263886552465484 0.20861246876707307 0.38891570433192896 0.021208536066167707
20 0.14 8.002 1.7088559328415626E-11 6.292187458989999E-13 0.0 0.0
20 0.14 9.001 1.7088559328415626E-11 6.292187458989999E-13 0.0 0.0
20 0.16 0.5095 5.035853084419189 0.6467751407961146 1.22408702615835 0.4767885976738501
20 0.16 1.009 3.6698770746421587 0.5267991906017229 1.2012518181585765 0.49477462508668024
20 0.16 2.5075 1.8473218459007459 0.334814996999237 1.4679051621188892 0.35909116817476705
20 0.18 0.5095 4.734125676909382 0.62643345065681 1.2019192070564209 0.47323156674468964
20 0.18 1.009 3.54972941169835 0.5272288284627639 1.2064497224425803 0.4968537879623202
20 0.2 1.5085 2.6131614459475134 0.4426748914605348 1.2318470612586916 0.46443664231969645
20 0.22 0.5095 4.474731299740559 0.6305691913854263 1.208284527119753 0.46733509147377705
20 0.22 1.009 3.3318159208286917 0.5250026185826405 1.2020110776871642 0.4993037118907624
20 0.24 3.007 3.1519897401475614 0.3925999038818106 2.606791835613708 0.32113611808166653
20 0.26 4.006 1.9329523318443476 0.2612097745743593 0.0 0.044453340025253814
20 0.28 6.004 0.31090227572037465 0.04318087162694477 0.0 0.005477170803617485
20 0.28 6.5035 3.310717592057681E-11 0.0 0.0 0.0
20 0.28 8.5015 3.310717592057681E-11 0.0 0.0 0.0
20 0.3 4.006 2.1086509936679616 0.3012358562384565 0.0 0.054142274487939644
20 0.32 1.5085 2.2236812652605105 0.42780401994582395 1.2456821168624777 0.48471884698594614
20 0.34 4.5055 1.3979064353482116 0.21180400535541188 0.0 0.0350499559950017
20 0.34 9.001 0.3299978928062203 0.04999968072684909 0.0 0.0
20 0.36 1.5085 2.1613901375432265 0.42869794200287603 1.1891813412428807 0.48904452926325376
20 0.4 0.5095 3.2454070025148307 0.6094663695748365 1.2065237213151876 0.4332009088255225
20 0.4 1.009 2.5860990036309617 0.5229343386855246 1.2056108828783447 0.4963069801474473
20 0.42 4.006 1.9250000497295383 0.3318965602981711 0.0 0.09735764847601105
20 0.46 0.01 3.5086030065369287 0.6899741725112801 1.1879178793137783 0.07144042737606032
20 0.5 4.006 2.127563463364229 0.4193599342004779 0.2024978075303059 0.1394165461276174
20 0.56 1.5085 1.7901669185944167 0.4724868246953066 1.201883276343756 0.49957883698148436
20 0.6 0.01 2.5116773180017047 0.6879105696950195 1.1812665865381975 0.0649010753327452
20 0.62 4.5055 1.3041072205738318 0.3371473426373392 2.0355462626142518 0.2405747959559573
20 0.64 0.01 2.2383488848437176 0.6830511565186667 1.1916844631299952 0.05812522615230452
20 0.66 6.004 1.4370766158224488 0.42266959288890316 0.0 0.12497321441045084
20 0.66 6.5035 1.1966605844342697 0.351958995421941 0.0 0.10164207736438419
20 0.66 8.5015 0.8509281103812735 0.2502729736425723 0.0 0.05160327384530821
20 0.68 0.5095 1.8006502772820294 0.6340253723563978 1.192067038444549 0.36208818904744117
20 0.68 1.009 1.662290389636706 0.5799016603605355 1.203146924180218 0.4599442928820656
20 0.68 2.5075 1.25294835010082 0.4174103928755091 1.2042277158187786 0.46703762728732223
20 0.72 0.01 1.7186813990048497 0.6971177693950662 1.1850169826750852 0.0533095308693254
20 0.74 4.5055 0.9017084602720283 0.3471777154375626 1.3554688571521083 0.33721653365877147
20 0.76 5.005 0.8348615612619478 0.3432563131693271 1.2574975601229297 0.31930131879945167
20 0.8 4.5055 0.7660515778217653 0.37839269161989075 1.1917947266779503 0.39865419962679044
20 0.8 9.001 0.5654605372935975 0.2806611490640429 1.3542589072606936 0.14811035020426064
20 0.84 6.5035 0.6106865329847926 0.37819972685774095 1.3201330666396522 0.33168236973052706
20 0.86 5.5045 0.5980910456422238 0.42127776061641026 1.2291393434704192 0.4285745686285264
20 0.88 6.5035 0.5054472718034916 0.419148251471444 1.225212830342319 0.4139992050485854
20 0.9 7.5025 0.42405933418434477 0.4222891477121116 1.2563956680182218 0.429543932743789
20 0.92 4.006 0.43384460984737794 0.5260979451450822 1.1803636406613915 0.4949266012507144
20 0.96 5.005 0.2310095931030126 0.5598922035132288 1.1588239698671432 0.4671178605584285
20 0.98 4.006 0.14514962935804604 0.5919911561533685 1.1818414850082013 0.3850872268823459
20 0.98 5.005 0.12885751734591946 0.6006180951779486 1.1834996902259727 0.4020878004694265
20 1.0 1.009 0.3836592099579335 0.6345170033145282 1.1804594395123489 0.24350314797560205
20 1.02 4.006 0.14155030055199702 0.624604357464779 1.1493397157265441 0.33770852336348023
20 1.06 5.5045 0.4052870384410374 0.6751706079671081 1.1161752481475857 0.46116162084688606
20 1.08 1.009 0.6486230435606675 0.6374337871496405 1.1536539643634462 0.3236610853284199
20 1.1 8.5015 0.6199717918282568 0.6199717918281875 0.9429345967357929 0.4709285524443594
20 1.12 0.5095 1.05732055698392 0.6471020996446205 1.1648863183461489 0.28249504151661825
20 1.12 1.009 0.8753539619828241 0.6531447390899054 1.153015374668239 0.35194180285161814
20 1.12 2.5075 0.7861138702402386 0.6512187900350319 1.1079293583847625 0.45359011298885743
20 1.14 8.002 0.8312325692558091 0.5937375494683936 0.8115306025114087 0.4025084973034719
20 1.14 9.001 0.8150076658810783 0.5821483327726321 0.7679531776723871 0.3641893927441992
20 1.18 2.008 1.2259284261040369 0.6779992656389056 1.0941640301116549 0.4719672282202488
20 1.18 2.5075 1.193351632076383 0.6620730452363195 1.0675228019478522 0.49138450724555044
20 1.22 4.5055 1.3092076897635114 0.5950944044379209 0.8749146277192057 0.4439166808301039
20 1.24 9.5005 0.9146292333369724 0.3810955138901379 0.1958663165823399 0.11603368418064736
20 1.26 7.5025 1.2034924002460592 0.46288169240227894 0.44247435756615905 0.18289268987395266
20 1.26 8.002 1.0379785141596043 0.3992225054462697 0.33110431486353775 0.1560040199236065
20 1.26 9.001 0.8846521009715743 0.3402508080651715 0.20565115993950284 0.11565579899009266
20 1.28 4.006 1.6790471562137375 0.5996596986478119 0.8045507523520986 0.4025969062098317
20 1.3 0.01 3.0090735817710947 0.698093682848919 1.2068534536300204 0.05761028129786103
20 1.3 3.007 1.8778421785051604 0.625947392835033 0.9110063361692627 0.4583403435039409
20 1.32 7.5025 1.079812625577942 0.33744144549303146 0.13701771952999342 0.10671179001505027
20 1.32 8.002 1.0455723921519435 0.3267413725487609 0.11219432528809631 0.08913989366373942
20 1.32 9.001 0.7923971919011797 0.24762412246830293 0.0 0.05469031075334366
20 1.34 0.5095 2.4053652340138743 0.6738459496555396 1.1495453416544137 0.3850623791014882
20 1.34 2.008 2.152941552178993 0.6330668075119145 0.9812801976929573 0.49495672359047205
20 1.34 2.5075 2.1725038310074796 0.6389717150024203 0.9427134616579083 0.4701739812117272
20 1.36 1.5085 2.3976013261828486 0.6653042979527795 1.0684392382837065 0.49893709099202
20 1.38 0.01 3.473669571415454 0.6810017258217834 1.1868877009041783 0.07018224309262736
20 1.38 3.007 2.210612370728249 0.5817400975601321 0.8145077003962232 0.4026852599465816
20 1.4 9.5005 0.455322726742336 0.11383068168736395 0.0 0.025092018731697883
20 1.42 1.009 2.868152259028787 0.6803999981474249 1.0900958774564007 0.48493824307435013
20 1.44 4.006 2.2731155853323144 0.5166171784844635 0.5290643422734109 0.2270225423123446
20 1.5 0.5095 3.4135928235652147 0.6703373939052296 1.1304519451261872 0.431000117895734
20 1.5 2.008 2.95804681187868 0.5916093623757384 0.85205156811454 0.4341648938435129
20 1.5 2.5075 2.809143133510957 0.5618286267021959 0.7516809998062679 0.36559465741746955
20 1.54 5.5045 1.753472658866959 0.3247171590424861 0.0 0.049235347660905635
20 1.56 7.5025 0.49589327864863125 0.08855237118386924 0.0 0.010953848645841148
20 1.58 5.005 1.4198971649264596 0.24480985602155336 0.0 0.054690310753343546
20 1.6 6.004 1.0257987325921702 0.17096645543061811 0.0 0.02737599323677274
20 1.6 6.5035 0.6470891982427688 0.1078481997193586 0.0 0.01095384864584113
20 1.64 7.5025 0.8520236814825775 0.13312870023374013 0.0 0.007745773043537917
20 1.66 0.01 5.5752515052845 0.6944830652429085 1.1879843969147865 0.08979969410728626
20 1.66 3.007 2.884718423951795 0.4370785490842591 0.40913115714944026 0.1815127010376488
20 1.7 3.007 3.050190204487763 0.43574145778407886 0.33249711168492574 0.15295647926071598
20 1.72 8.002 1.4288989982737413E-10 0.0 0.0 0.0
20 1.72 9.001 1.4114160406211561E-10 0.0 0.0 0.0
20 1.74 6.004 9.539955339308312E-11 6.020026937418675E-12 0.0 0.0
20 1.74 6.5035 1.681430379037881E-10 0.0 0.0 0.0
20 1.74 8.5015 1.681430379037881E-10 0.0 0.0 0.0
20 1.76 4.5055 1.4339470044707243 0.188677237432251 0.0 0.03462039882092024
20 1.82 4.5055 1.8321933319668846 0.22343821121465443 0.0 0.014489927551992361
20 1.84 1.009 5.400986060050595 0.6429745309584266 0.9404861325587186 0.47058491852441864
20 1.86 2.008 4.10799034164583 0.4776732955398074 0.5489715857512609 0.2339526507063321
20 1.9 6.004 1.6762740531873858E-10 6.020026937418675E-12 0.0 0.0
20 1.9 6.5035 0.09378825083533418 0.010420916757254687 0.0 0.005477170803617488
20 1.9 8.5015 1.6762740531873858E-10 6.020026937418675E-12 0.0 0.0
20 1.92 0.5095 6.048983725156905 0.6561681569076712 1.0628575238783229 0.49271590806355403
20 1.92 2.008 4.279081870561232 0.4651175946268674 0.5069658346553811 0.21159719155801665
20 1.92 2.5075 4.43193024931185 0.48173154883773317 0.22140164299961435 0.128183250831878
20 1.92 7.003 1.4332204418108255E-10 6.020026937418675E-12 0.0 0.0
20 1.94 5.005 2.3858913530195057E-10 6.020026937418675E-12 0.0 0.0
20 1.96 0.5095 6.2687262717094345 0.6519415708902808 1.058233380330211 0.4943141704259327
20 1.96 1.009 6.044421869536122 0.6296272780766348 0.8808045040696711 0.44313595706567016
20 1.96 2.5075 2.969679987237184 0.30934166533702995 0.1547192290065754 0.1091543790033107
20 1.98 5.5045 1.386376609581035E-10 6.020026937418675E-12 0.0 0.0
