10 0.02 5.005 11.078813266041816 1.8 3.0 0.0
10 0.04 5.5045 12.903179359134416 1.8 3.0 0.0
10 0.06 0.01 21.773208333333333 3.306584440227704 4.441956934768841 0.041575618171362856
10 0.08 3.007 17.725015873015874 1.8 3.009081942336874 0.0
10 0.1 2.008 20.559244604316547 1.9929126925898752 3.0744086217919446 0.0
10 0.1 2.5075 20.053682310469316 1.8800648181490818 3.061629353233831 0.0
10 0.1 7.003 17.1 1.8 8.0 0.0
10 0.12 4.006 19.588027809965237 1.8 3.384216018784242 0.0
10 0.14 0.01 28.218114285714286 3.320100300902708 4.448513931888545 0.043399589173513775
10 0.2 7.5025 25.2 1.8 8.042097462113192 0.0
10 0.2 8.002 25.2 1.8 8.047370795980989 0.0
10 0.22 8.5015 26.82 1.8 9.0 0.0
10 0.24 1.009 34.66822754491018 2.753389312977099 3.9785840707964604 0.0
10 0.26 3.5065 30.827859116953153 1.9248191639267263 3.882349785407725 0.0
10 0.26 9.5005 30.06 1.8 9.0 0.0
10 0.3 3.5065 33.504020674646355 1.8536236236236237 4.13921875 0.0
10 0.3 9.5005 33.3 1.8 9.0 0.0
10 0.32 7.5025 34.92 1.8 9.0 0.0
10 0.34 0.01 43.829263598326364 3.320811078140455 4.456134185303514 0.0449286726784691
10 0.36 7.5025 38.16 1.8 9.0 0.0
10 0.36 8.002 38.16 1.8 9.0 0.0
10 0.38 4.006 39.78 1.8 5.391308165057068 0.0
10 0.42 1.5085 48.54797752808989 3.0733400707427996 4.1340971018082735 0.0
10 0.42 3.5065 43.79298984771574 2.0657317952415286 4.350449405624818 0.0
10 0.42 9.5005 43.02 1.8 9.0 0.0
10 0.44 7.5025 44.64 1.8 9.0 0.0
10 0.44 8.002 44.64 1.8 9.0 0.0
10 0.46 0.5095 52.26332584269663 3.283717948717949 4.325268448709162 0.0
10 0.46 2.008 51.11685880077369 3.097160154100165 4.130174032803305 0.0
10 0.46 2.5075 50.52059363957597 2.99360959651036 4.137662493981704 0.0
10 0.46 7.003 46.26 1.8 9.0 0.0
10 0.48 10.0 47.88 1.8 9.0 0.0
10 0.5 1.5085 54.35872461928934 3.25537 4.224704918032787 0.0
10 0.5 3.5065 50.86862850971922 2.347451403887689 4.158807369101487 0.0
10 0.52 2.008 55.67825801853172 3.2437484484898635 4.216074262139004 0.0
10 0.52 7.003 51.12 1.8 9.0 0.0
10 0.54 7.5025 52.74 1.8 9.0 0.0
10 0.54 8.002 52.74 1.8 9.0 0.0
10 0.54 9.001 52.74 1.8 9.0 0.0
10 0.56 7.5025 54.36 1.8 9.0 0.0
10 0.6 2.008 61.51623405851463 3.4118574514038875 4.319842284739983 0.0
10 0.6 7.003 57.6 1.8 8.0477718306471 0.0
10 0.62 0.01 64.13758018867925 3.362434210526316 4.473969414893617 0.045187842971718024
10 0.62 3.007 62.50449427679501 3.267674535409342 4.23685330713818 0.0
10 0.64 2.008 64.43997845601436 3.486423135464231 4.373465488416527 0.0
10 0.64 7.003 60.84 1.8 9.0 0.0
10 0.7 7.5025 65.7 1.8 8.018737605354486 0.0
10 0.7 8.002 65.7 1.8 5.746286811779769 0.0
10 0.7 9.001 65.7 1.8 9.0 0.0
10 0.72 2.008 70.29906288751107 3.6278554408260524 4.542910574634478 0.0
10 0.72 2.5075 70.08284217780842 3.5830289532293986 4.432057546145494 0.0
10 0.72 7.003 67.5777505168849 1.984107512060648 5.17433506044905 0.0
10 0.74 0.01 72.5074 3.349209979209979 4.475333550276603 0.04469818094060153
10 0.74 3.007 71.51027707317073 3.5643036211699166 4.44387221151198 0.0
10 0.76 6.004 71.50629694323143 2.588580786026201 4.285918219211227 0.0
10 0.76 6.5035 71.59359897501601 2.661332479180013 4.24372150122764 0.0
10 0.76 8.5015 70.76218741258741 1.9684895104895106 5.207106164383561 0.0
10 0.78 1.009 74.77246091094493 3.730926193921852 4.9057032115171655 0.0
10 0.8 0.01 76.42414587332054 3.3504092339979015 4.480822368421053 0.04452523911534864
10 0.82 1.009 77.50771448275862 3.8074470959027464 5.010584716325743 0.0
10 0.84 5.5045 78.41402828282828 3.5095803744351195 4.481853167554766 0.0
10 0.86 4.006 80.06037057408044 3.7602751629254163 4.747246244879381 0.0
10 0.86 5.005 79.95456608933455 3.641008620689655 4.628261696462533 0.0
10 0.88 5.5045 81.41776085790885 3.6885832045337454 4.55898796886058 0.0
10 0.92 1.5085 84.45596005706135 3.9963587443946187 5.094258872651357 0.0
10 0.92 3.5065 84.39463013698631 3.9517449194113525 5.056632756866734 0.0
10 0.92 9.5005 84.2610124748491 3.652387459807074 4.5373129472999345 0.0
10 0.96 6.5035 87.19998955613578 3.9961485319516408 5.077219376867264 0.0
10 0.96 9.5005 87.17615441565309 3.880686740623349 5.02835489476733 0.0
10 0.98 3.5065 88.61497146833682 4.131053652230123 5.154679051712186 0.0
10 0.98 9.5005 88.60264020933275 4.026280487804878 5.099498147926873 0.0
10 1.0 6.004 90.0 4.2084290164663996 5.200557236108899 0.0
10 1.0 8.5015 90.0 4.2104220643543675 5.191976762443083 0.0
10 1.02 3.5065 91.18784397163121 4.249586507072905 5.246745886654479 0.0
10 1.02 9.5005 91.16836496350365 4.397120141342756 5.368320987654321 0.0
10 1.06 4.006 93.48816182572615 4.443419253024724 5.411906699213453 0.0
10 1.06 5.005 93.45282416591525 4.511197648787656 5.549965229485396 0.0
10 1.08 6.004 94.48572928176796 4.732471544715447 6.011417758907144 0.0
10 1.08 6.5035 94.46009467455622 4.776735849056603 6.027824145962733 0.0
10 1.08 8.5015 94.34629787234043 5.014154838709677 6.139716588663546 0.0
10 1.1 3.007 95.75232578397213 4.481077127659574 5.521282894736842 0.0
10 1.16 1.009 99.4361228668942 4.237044943820225 5.268880233690361 0.0
10 1.18 4.5055 99.63240186190846 5.221713120326309 6.270162509448224 0.0
10 1.18 9.001 98.57510734463277 6.5241204139228595 7.282692658043359 0.0
10 1.2 5.005 100.35854442344046 5.5355 6.5661926768574475 0.0
10 1.22 0.01 103.52003476482618 3.360565445026178 4.50127147766323 0.04012306386590282
10 1.22 3.007 101.99897319932998 4.985897693079238 6.128116055165235 0.0
10 1.24 5.5045 101.99454443405051 6.0309372579395815 7.086637530221313 0.0
10 1.28 3.5065 104.57958645707376 5.489005847953217 6.4964375788146285 0.0
10 1.28 9.5005 102.63733165558152 7.8196478405315615 8.049172796877345 0.0
10 1.3 0.5095 107.74238269794722 4.1281765195670275 5.216867677463818 0.0
10 1.3 1.009 107.27781976744185 4.436404907975461 5.475692963752666 0.0
10 1.3 2.5075 106.2074067164179 5.1132406602953955 6.187288003734246 0.0
10 1.34 4.5055 106.42777064220184 6.431817657241777 7.222442293373046 0.0
10 1.36 7.5025 106.56 7.748502080443828 8.047914975496829 0.0
10 1.38 0.5095 112.33943062692703 4.205167108753316 5.251520948919074 0.0
10 1.38 1.009 111.6682281420765 4.535969773299748 5.602240789973415 0.0
10 1.38 2.5075 109.87603194444445 5.458595679012346 6.459657918018284 0.0
10 1.4 5.5045 108.53728825374695 7.320234009360375 8.03051371540534 0.0
10 1.42 6.004 109.32 7.628190591073582 8.045331765698954 0.0
10 1.42 8.5015 108.9 8.259071468767585 9.0 0.0
10 1.44 3.5065 111.31862277814352 6.414629878869449 7.2323655913978495 0.0
10 1.44 9.5005 109.8 8.47764192139738 9.0 0.0
10 1.46 6.004 110.7 7.740756676557863 8.045187842971718 0.0
10 1.46 6.5035 110.7 8.02630306988896 8.049144246937304 0.0
10 1.46 8.5015 110.7 8.35286534779834 9.0 0.0
10 1.48 4.006 112.38168268597762 7.000179324894515 7.790356294536817 0.0
10 1.5 4.5055 113.08398981324278 7.328616666666667 8.034592402902263 0.0
10 1.52 1.5085 117.82913338856669 5.173116370808678 6.220692525387048 0.0
10 1.52 10.0 113.4 8.624275875639512 9.0 0.0
10 1.54 4.006 114.96370212765957 7.175628997867804 8.021043032026709 0.0
10 1.54 5.005 114.36374325192801 7.699401947148818 8.046366729906346 0.0
10 1.58 9.5005 116.1 8.642383341695936 9.0 0.0
10 1.6 5.5045 117.0 8.07451433461703 9.0 0.0
10 1.62 6.004 117.9 8.219596528266479 9.0 0.0
10 1.62 6.5035 117.9 8.461081277213353 9.0 0.0
10 1.62 8.5015 117.9 8.617799001139051 9.0 0.0
10 1.66 0.5095 127.89562089300759 4.4165020820939915 5.463073671497584 0.0
10 1.66 2.008 122.75708965517242 6.090034782608695 7.108133833285261 0.0
10 1.66 2.5075 121.33279096868172 6.586397379912664 7.32075510625129 0.0
10 1.66 7.003 119.7 8.67955944055944 9.0 0.0
10 1.68 7.5025 120.6 8.517272237196766 9.0 0.0
10 1.68 8.002 120.6 8.8 9.0 0.0
10 1.7 0.5095 130.04962139917697 4.433024420788979 5.476481538938877 0.0
10 1.7 1.009 127.89862985685072 5.016239193083574 6.149880902339919 0.0
10 1.7 2.5075 122.98953571428572 6.745326923076923 7.439853896103896 0.0
10 1.76 0.01 136.76000380228137 3.3828031145717463 4.520353675450763 0.03264601661779081
10 1.78 1.5085 129.50858589211617 5.832090483619345 7.0184190957763235 0.0
10 1.78 10.0 125.1 9.0 9.0 0.0
10 1.82 0.01 140.4741888246628 3.3844063926940637 4.531153983565559 0.03223213739991443
10 1.82 3.007 126.9 7.602121996303142 8.045533184640425 0.0
10 1.84 6.004 127.8 8.621444652908067 9.0 0.0
10 1.84 8.5015 127.8 8.8 9.0 0.0
10 1.86 4.5055 128.7 8.238424520194785 9.0 0.0
10 1.86 8.002 128.7 8.806499648651126 9.0 0.0
10 1.86 9.001 128.7 9.0 9.0 0.0
10 1.88 2.008 131.5886735518635 6.748542986425339 7.454152542372881 0.0
10 1.88 7.003 129.6 8.650452519712033 9.0 0.0
10 1.92 4.5055 131.4 8.295543916196616 9.0 0.0
10 1.94 6.004 132.3 8.8 9.0 0.0
10 1.94 6.5035 132.3 8.804878153978866 9.0 0.0
10 1.94 8.5015 132.3 9.0 9.0 0.0
10 1.98 5.005 134.1 8.62718448705449 9.0 0.0
10 2.0 7.5025 135.0 8.809525728549518 9.0 0.0
10 2.0 8.002 135.0 8.8 9.0 0.0
10 2.0 9.001 135.0 9.0 9.0 0.0
12 0.0 3.5065 11.0 1.83333333333 2.1016797385620913 0.0
12 0.0 9.5005 11.0 1.83333333333 3.0 0.0
12 0.02 3.5065 14.545654618473895 1.83333333333 3.0 0.0
12 0.02 9.5005 14.2 1.83333333333 4.0 0.0
12 0.06 0.5095 27.851676470588234 3.281342743393607 4.655205709487825 0.0
12 0.06 1.009 25.170148148148147 2.6672132719634187 4.027354360758784 0.0
12 0.08 5.005 22.12 1.83333333333 4.685648385443362 0.0
12 0.12 10.0 25.52 1.83333333333 11.0 0.0
12 0.14 0.5095 38.76928125 3.5095602526726886 5.031429633300298 0.0
12 0.14 1.009 37.161125 3.0413716814167566 4.282489235185565 0.0
12 0.14 2.5075 34.76294623655914 2.4568445762284425 3.925347415230684 0.0
12 0.18 5.5045 32.78 1.83333333333 10.005174038703192 0.0
12 0.2 0.01 48.441830508474574 4.296522309709425 5.981479140328698 0.04400603773584906
12 0.22 5.5045 37.62 1.83333333333 11.0 0.0
12 0.24 6.5035 40.04 1.83333333333 11.0 0.0
12 0.26 7.5025 42.46 1.83333333333 11.0 0.0
12 0.28 4.006 45.6 1.878763110093081 10.026968812413582 0.0
12 0.3 7.5025 47.3 1.83333333333 11.0 0.0
12 0.32 0.01 61.86308771929825 4.324219810037737 5.996641318124208 0.044554067101134444
12 0.34 0.5095 62.76546666666667 3.903910199224959 5.260714285714286 0.0
12 0.34 1.009 62.08549137931034 3.6807844361242834 5.082567994939912 0.0
12 0.36 0.01 66.14254117647059 4.287773403323073 5.941530054644809 0.044986278235169944
12 0.38 1.5085 66.14427450980392 3.6674944529816242 5.059187817258883 0.0
12 0.38 10.0 56.98 1.83333333333 11.0 0.0
12 0.4 5.5045 59.4 1.83333333333 11.0 0.0
12 0.42 7.5025 61.82 1.83333333333 11.0 0.0
12 0.42 8.002 61.82 1.83333333333 11.0 0.0
12 0.44 0.01 74.75786928104576 4.295006485082506 5.901608271108558 0.0461943917351887
12 0.46 6.004 66.66 1.83333333333 11.0 0.0
12 0.46 8.5015 66.66 1.83333333333 11.0 0.0
12 0.48 4.5055 69.18484398807551 1.86693717566257 10.032409557565387 0.0
12 0.5 7.5025 71.5 1.83333333333 11.0 0.0
12 0.5 8.002 71.5 1.83333333333 11.0 0.0
12 0.5 9.001 71.5 1.83333333333 11.0 0.0
12 0.54 0.01 85.4 4.33333333333 6.0 0.6757217847769029
12 0.54 3.007 82.19380205655527 3.7001842156312343 5.131206395348837 0.0
12 0.56 0.01 87.53176923076923 4.337912426762099 6.004294554455446 0.04665382183821537
12 0.58 4.5055 82.70666712049012 2.439153619240898 5.494950911640954 0.0
12 0.62 1.009 92.84384363177806 4.28299999999868 5.5790114348948725 0.0
12 0.66 5.005 92.751145137881 2.7603652636667357 5.18588080466253 0.0
12 0.7 0.01 101.92633605600933 4.332060518728706 6.001579012806167 0.04576327366961972
12 0.7 3.007 100.40146834306242 4.198369036029329 5.30945694817262 0.0
12 0.74 1.009 105.45290846286701 4.501480362537794 6.010366047745358 0.0
12 0.78 3.5065 108.81822501365374 4.295910931172252 5.439317925591883 0.0
12 0.78 9.5005 105.84469917864476 2.1853781656425575 6.618289251547552 0.0
12 0.8 0.5095 111.72443830570901 4.570443695592535 6.0759433354797165 0.0
12 0.8 1.009 111.54239499553172 4.60888013998468 6.063933227732424 0.0
12 0.82 3.5065 113.09505081669691 4.430047748975409 5.584750627915321 0.0
12 0.82 9.5005 111.00789669421488 2.562867309459476 5.264157071154414 0.0
12 0.84 4.006 115.16022972972974 4.424434119607733 5.609415833973866 0.0
12 0.86 1.5085 117.64213223140496 4.716336739039235 6.104773641198599 0.0
12 0.86 10.0 116.66320476706392 3.741910436981183 5.245321440592393 0.0
12 0.88 4.006 119.47556828193832 4.580644090307058 5.991978287092883 0.0
12 0.9 7.003 121.45689162881246 4.426574253168529 5.6008412582297 0.0
12 0.92 7.5025 123.60330731707316 4.506665316045514 5.705393649412788 0.0
12 0.92 8.002 123.58466455696203 4.4680511603369135 5.625221409318445 0.0
12 0.92 9.001 123.54871353864031 4.392690227885069 5.618316831683169 0.0
12 0.94 3.5065 125.82540102098694 4.827487789984691 6.143559617058312 0.0
12 0.94 9.5005 125.70626427879962 4.517400774443717 5.757985143918291 0.0
12 0.98 7.5025 129.94880515542079 4.906709628504578 6.192857142857143 0.0
12 1.0 5.5045 132.0 5.089861687415352 6.353082524271844 0.0
12 1.02 7.5025 133.7652003929273 5.300545634918613 6.676803036693379 0.0
12 1.02 8.002 133.7647537037037 5.305124426978804 6.709745194456862 0.0
12 1.04 3.5065 135.54208695652176 5.274999999999 6.6081751259201855 0.0
12 1.04 9.5005 135.41271701913394 5.683122519843945 7.122212656048213 0.0
12 1.06 1.5085 137.35536475023562 5.140147058826333 6.443126120741184 0.0
12 1.06 10.0 136.98 6.16666666667 8.0 0.0
12 1.08 5.5045 138.7785199063232 5.783680194240762 7.179364815430662 0.0
12 1.1 5.005 140.3632808716707 5.897719917620784 7.26432520991194 0.0
12 1.14 0.5095 144.58386161879895 4.928287878786445 6.295947156291984 0.0
12 1.14 2.008 144.13195981087472 5.49022921522902 7.037239147416583 0.0
12 1.14 2.5075 144.01194999999998 5.586964171466871 7.078352760343281 0.0
12 1.16 9.5005 143.59615557476232 8.026339653751558 9.131781528867863 0.0
12 1.18 3.007 146.9813434650456 5.9838149078723735 7.333580128970623 0.0
12 1.2 3.5065 148.21794545454546 6.297753456219288 7.760798460798461 0.0
12 1.2 9.5005 145.96832750174949 8.721327937651028 9.630361904761905 0.0
12 1.22 1.009 151.2460951276102 5.339416846649056 6.825570539419087 0.0
12 1.24 4.006 150.72713198380566 6.869439040204911 8.198288787483703 0.0
12 1.26 0.5095 155.1464074733096 5.05546304411446 6.411913562695479 0.0
12 1.26 2.008 153.7267712264151 5.918818342150051 7.293147375356908 0.0
12 1.26 2.5075 153.24759234234233 6.168162751681126 7.572757847533632 0.0
12 1.26 7.003 149.98731337579616 8.556839245766557 9.482138625592418 0.0
12 1.28 7.5025 151.10672948033024 9.081832750584388 10.024631163951089 0.0
12 1.3 6.004 153.0838126361656 8.473406076165492 9.376616915422886 0.0
12 1.3 6.5035 152.80626294461953 8.791024492232529 9.66856335754641 0.0
12 1.3 8.5015 152.11042953020134 9.517917525773555 10.044236863549935 0.0
12 1.32 0.5095 160.31882142857143 5.144387947272191 6.495714763977235 0.0
12 1.32 2.008 158.12099396863692 6.159711779451816 7.556833210874357 0.0
12 1.32 2.5075 157.54231624863687 6.520256660169346 8.053006147754507 0.0
12 1.34 3.007 158.24425572801184 7.061661284536576 8.309603658536586 0.0
12 1.36 0.01 165.0511369294606 4.3375274897862575 6.019643976432243 0.04009396786905123
12 1.38 6.004 157.84 9.227010766308709 10.031581039755352 0.0
12 1.38 6.5035 157.86742260246717 9.431860600756876 10.04305270155929 0.0
12 1.38 8.5015 157.08 10.003697323085818 11.0 0.0
12 1.4 4.006 160.54710502283106 8.188108178056305 9.184758689672417 0.0
12 1.42 5.5045 160.603468164794 9.411413484969795 10.061400658815035 0.0
12 1.44 7.5025 161.0512156862745 10.073854389736399 11.0 0.0
12 1.44 8.002 161.04 10.21771849594787 11.0 0.0
12 1.46 5.5045 163.28 9.466810070107686 10.043226176808266 0.0
12 1.48 7.003 163.85361170344657 9.923871131403855 10.049828972635622 0.0
12 1.52 4.5055 167.58779436964505 9.321529284161997 10.035621402685994 0.0
12 1.52 9.001 166.32 10.8333333333 11.0 0.0
12 1.54 1.5085 175.02995625 6.558703703704878 8.056986875482519 0.0
12 1.54 10.0 167.64 10.575106718649023 11.0 0.0
12 1.56 7.003 168.96 10.255089201875899 11.0 0.0
12 1.6 4.006 172.26371196754562 9.343331128744662 10.040006669293964 0.0
12 1.62 5.5045 173.54 10.03555805244157 11.0 0.0
12 1.64 7.003 174.24 10.43184391426053 11.0 0.0
12 1.66 6.004 175.56 10.408844635790883 11.0 0.0
12 1.66 6.5035 175.62588009478674 10.32349354372957 11.0 0.0
12 1.66 8.5015 175.56 10.670950254724513 11.0 0.0
12 1.68 0.01 194.48325106382978 4.364418914416203 6.015804267279928 0.03576822361610134
12 1.7 6.004 178.2 10.346205857817091 11.0 0.0
12 1.7 6.5035 178.2 10.684422744061754 11.0 0.0
12 1.7 8.5015 178.2 10.6666666667 11.0 0.0
12 1.72 0.5095 193.74663689776733 5.527069063927482 7.070542437779196 0.0
12 1.72 2.008 184.48355294117647 7.955783385908685 9.119272691240587 0.0
12 1.72 2.5075 183.02719850885367 8.427904170974085 9.340094848027592 0.0
12 1.74 5.005 180.84 10.279952416717295 11.0 0.0
12 1.76 0.5095 196.80037766497463 5.602646337190977 7.105820323199124 0.0
12 1.76 1.009 193.12260373216247 6.396848290596227 7.979939759036145 0.0
12 1.78 4.5055 184.26 10.188509713726027 11.0 0.0
12 1.78 8.002 183.48 11.0 11.0 0.0
12 1.78 9.001 183.48 10.8333333333 11.0 0.0
12 1.8 3.5065 184.9994898911353 9.769119643202648 10.04900147151566 0.0
12 1.8 9.5005 184.8 11.0 11.0 0.0
12 1.82 1.009 197.04497583643123 6.575044279137172 8.075066435586367 0.0
12 1.84 5.5045 187.44 10.571797904711893 11.0 0.0
12 1.86 3.007 189.62 9.558417874397303 10.045418098510883 0.0
12 1.9 5.005 191.4 10.838902285135557 11.0 0.0
12 1.92 3.007 193.44353157894736 9.667051842601694 10.04805807731618 0.0
12 1.98 1.5085 202.97154545454546 7.9934049726083805 9.106080476900148 0.0
12 1.98 3.5065 196.68 10.258386336863548 11.0 0.0
12 1.98 10.0 196.68 11.0 11.0 0.0
12 2.0 0.01 223.72007874015748 4.370625864451077 6.0139201240791005 0.03181790387672741
12 2.0 3.007 198.0 9.902865728523416 10.049686402784863 0.0
14 0.0 7.5025 13.0 1.85714285714 3.0 0.0
14 0.02 7.5025 17.54 1.85714285714 5.0 0.0
14 0.04 2.008 25.73348 2.267726920089709 3.4204592363261095 0.0
14 0.04 7.003 21.08 1.85714285714 4.585157288435977 0.0
14 0.06 6.5035 24.690695145631068 1.85714285714 8.081962544230603 0.0
14 0.08 3.5065 32.632199052132705 2.1655746031763243 4.053358698504329 0.0
14 0.08 9.5005 27.4 1.85714285714 12.0 0.0
14 0.1 5.5045 29.9 1.85714285714 12.0 0.0
14 0.12 4.5055 34.273270657124264 1.8762141052715358 11.029928820843406 0.0
14 0.14 6.004 36.66 1.85714285714 13.0 0.0
14 0.14 6.5035 36.66 1.85714285714 13.0 0.0
14 0.14 8.5015 36.66 1.85714285714 13.0 0.0
14 0.16 4.006 40.88 1.85714285714 11.252819352593109 0.0
14 0.18 4.006 44.27582813599062 2.0017471736896546 11.366372863247863 0.0
14 0.2 0.5095 63.385617283950616 4.398509152668285 6.131265039532486 0.0
14 0.2 1.009 61.37367945823927 3.8632604237840047 5.377383766745469 0.0
14 0.22 4.006 51.03963384615385 2.014404261003427 12.024571076543971 0.0
14 0.28 1.5085 74.18557241379311 3.9333682617287873 5.3618920880716185 0.0
14 0.28 10.0 60.34737701631277 1.8625748048212132 13.0 0.0
14 0.3 0.01 82.10704035874438 5.297159763309553 7.1419943322706345 0.0438905830137979
14 0.32 0.5095 82.94393513513513 4.66020975687592 6.315945165945166 0.0
14 0.32 1.009 81.63720987654321 4.303177161271533 6.021721555106408 0.0
14 0.32 2.5075 78.85553658536585 3.7544414535688997 5.2416316392816205 0.0
14 0.34 6.004 71.12 2.0 13.0 0.0
14 0.34 6.5035 70.5240326370757 1.8710027352951946 13.0 0.0
14 0.34 8.5015 70.46 1.85714285714 13.0 0.0
14 0.36 0.5095 89.19077419354839 4.73492989032673 6.372125723738627 0.0
14 0.36 1.009 88.06468421052632 4.429370847174667 6.085553445469343 0.0
14 0.38 4.5055 77.84 2.0 12.048801513877208 0.0
14 0.38 9.001 77.22 1.85714285714 13.0 0.0
14 0.4 4.006 82.0131914893617 2.193617021276915 12.029414288779233 0.0
14 0.42 0.01 99.88031896551723 5.28976545841797 7.1420834832673625 0.04553318464042438
14 0.44 0.5095 101.49264864864865 4.886457925633738 6.537726465364121 0.0
14 0.44 1.009 100.53670287539936 4.633867534746637 6.239444115907747 0.0
14 0.46 5.5045 91.28 2.0 13.0 0.0
14 0.48 3.007 101.36403902439024 3.6899273607786167 5.662611879576891 0.0
14 0.5 0.01 111.28628239499554 5.3030160531823745 7.143783881460065 0.045705761812921894
14 0.5 3.007 106.56011235955056 4.19791083099917 5.755798789007918 0.0
14 0.54 1.009 115.73551388888889 4.887309127924452 6.415702479338843 0.0
14 0.56 0.5095 119.37745054945054 5.081106505103663 6.875248070562293 0.0
14 0.56 1.009 118.69277637130803 4.934035612340669 6.485234680573663 0.0
14 0.56 2.5075 117.0469010989011 4.583224332205589 6.0896943573667714 0.0
14 0.62 9.5005 118.16 2.0 13.0 0.0
14 0.66 1.5085 133.02625495049506 5.038730853392459 6.511936249576127 0.0
14 0.66 3.5065 131.66084088127295 4.620510258974208 6.095759565962307 0.0
14 0.66 10.0 124.55219031804829 1.86226483951333 13.0 0.0
14 0.68 4.006 134.16361922365988 4.531211307090918 6.092987449864148 0.0
14 0.7 1.009 139.33145328719723 5.2311701081597 7.0112152818469475 0.0
14 0.74 9.5005 138.84 2.28571428571 13.0 0.0
14 0.78 7.5025 146.966 3.2506493506468184 6.16927619047619 0.0
14 0.8 6.004 152.2120285087719 4.7097408288510705 6.085109114249037 0.0
14 0.8 6.5035 151.63892918825562 4.312195721658403 6.089503569110967 0.0
14 0.82 7.5025 154.93806874999999 4.519663003663397 6.077415159039849 0.0
14 0.84 10.0 156.62879799247176 3.3471410647038797 6.054960816205826 0.0
14 0.86 8.002 161.17211183048852 4.745868591341681 6.167096555235025 0.0
14 0.86 9.001 161.04988489208634 4.6218736319884295 6.0928701754385965 0.0
14 0.88 10.0 164.11835640648013 4.711487481594804 6.145571185654661 0.0
14 0.9 4.5055 167.55923341946598 5.355212044589679 7.025353245261344 0.0
14 0.92 0.01 170.89726637554585 5.319741824437014 7.15489010989011 0.04656771241042934
14 0.94 7.5025 173.32280170575694 5.339661120126664 7.009057847482668 0.0
14 1.0 4.006 182.0 5.992203098106557 7.608543307086614 0.0
14 1.02 0.01 184.5669506849315 5.331669758809249 7.160659057437408 0.045820778594672776
14 1.04 7.5025 186.84739433551198 6.55676342250161 8.23229751403368 0.0
14 1.06 8.002 189.0443962264151 7.0248889525725 8.8179792746114 0.0
14 1.06 9.001 188.9768041714948 7.190109890110384 9.041838603345134 0.0
14 1.08 4.006 191.64927272727272 6.638801735650306 8.312023255813953 0.0
14 1.1 1.5085 194.39964230171074 6.180839817942523 8.02743132887899 0.0
14 1.1 3.5065 194.00536384976525 6.702054403656314 8.354914070891514 0.0
14 1.1 9.5005 192.87214285714288 8.31551282050913 10.050481341265549 0.0
14 1.12 4.006 196.10606467065867 7.009518905399632 8.819059917355371 0.0
14 1.14 6.004 197.50832102272727 8.000232177000823 9.621321202531645 0.0
14 1.14 6.5035 197.34087397260274 8.181880184332703 10.002358895998473 0.0
14 1.14 8.5015 196.72048661233993 8.929666254633945 10.33772985244041 0.0
14 1.18 5.005 201.73579602649008 8.162083205875252 9.897556818181819 0.0
14 1.2 7.5025 202.2032644628099 9.62080856123904 11.05758137286497 0.0
14 1.22 3.5065 206.59684255319146 7.783288089583462 9.385612104539202 0.0
14 1.22 9.5005 203.0429307304786 10.847709194997504 12.0 0.0
14 1.26 6.004 208.1814956353055 9.792625064466588 11.116347333647948 0.0
14 1.26 8.5015 206.80443727272726 10.968154761895208 12.02505156860934 0.0
14 1.28 0.01 218.03164236588722 5.318079800495115 7.154892113095238 0.04285023424512619
14 1.3 5.5045 212.0521224256293 9.988477580813116 11.153709298422289 0.0
14 1.32 6.004 212.93877754677754 10.536027944097365 11.51611596009975 0.0
14 1.32 6.5035 212.8158718535469 10.754939276322052 11.91521978021978 0.0
14 1.32 8.5015 211.78605841860465 11.60464052285721 12.04885865321079 0.0
14 1.34 5.005 215.4821122544434 10.037718619420076 11.208790724977986 0.0
14 1.36 0.5095 226.495295958279 6.1873778998785305 8.038811501597444 0.0
14 1.36 1.009 225.2018862876254 6.6762974146100555 8.353383654346695 0.0
14 1.38 5.5045 218.5658043478261 10.756367990980829 11.843084016393442 0.0
14 1.4 7.003 219.252287626566 11.587236431666751 12.049144246937304 0.0
14 1.42 4.006 223.32726721763086 10.055092341135484 11.188729946524065 0.0
14 1.44 0.01 238.4564237074401 5.366789290820961 7.190520117762512 0.04143056060055697
14 1.48 4.5055 228.02829978586726 10.89561329683382 12.015993412466596 0.0
14 1.5 5.005 228.58018170619033 11.355075187976446 12.03916196371139 0.0
14 1.52 3.007 234.09281865284973 9.886760227721817 11.130019900497512 0.0
14 1.54 4.5055 232.28029584649016 11.243937162496287 12.037906729454656 0.0
14 1.54 8.002 231.68 12.327310182458463 13.0 0.0
14 1.54 9.001 231.14 12.7142857143 13.0 0.0
14 1.56 4.5055 233.88037701529558 11.412703848686563 12.0456194810283 0.0
14 1.6 10.0 236.6 13.0 13.0 0.0
14 1.64 4.5055 240.24 11.698886827467923 12.048315552216378 0.0
14 1.66 5.5045 243.38 12.144360346447945 13.0 0.0
14 1.68 0.5095 263.8208325123153 6.596767581206603 8.294949256549446 0.0
14 1.68 1.009 259.366632034632 7.502471447294564 9.2077430293896 0.0
14 1.7 5.5045 246.4 12.387187118453275 13.0 0.0
14 1.72 6.004 247.52 12.4285714286 13.0 0.0
14 1.72 6.5035 247.52 12.8571428571 13.0 0.0
14 1.72 8.5015 247.52 13.0 13.0 0.0
14 1.74 1.5085 260.77179493365503 8.683201267832507 10.2019463526333 0.0
14 1.74 3.5065 251.2074661117717 11.465279025670272 12.047886349969934 0.0
14 1.74 10.0 249.34 13.0 13.0 0.0
14 1.76 6.5035 251.16 12.5714285714 13.0 0.0
14 1.78 3.007 255.58777602108037 11.087827745139966 12.0369411836263 0.0
14 1.8 7.5025 254.8 12.8571428571 13.0 0.0
14 1.82 9.5005 256.62 13.0 13.0 0.0
14 1.84 4.006 258.9247165775401 11.899326244837678 13.0 0.0
14 1.86 5.005 260.26 12.5714285714 13.0 0.0
14 1.9 1.5085 274.9834631147541 9.42857142857 11.0 0.0
14 1.9 3.5065 264.8 11.79194662478699 12.04988598859886 0.0
14 1.9 10.0 263.9 13.0 13.0 0.0
14 1.92 5.005 265.72 12.61354356634678 13.0 0.0
14 1.96 4.006 269.36 12.288155094426456 13.0 0.0
14 1.96 5.005 269.36 13.0 13.0 0.0
14 1.98 7.5025 271.18 13.0 13.0 0.0
14 1.98 8.002 271.18 13.0 13.0 0.0
14 1.98 9.001 271.18 13.0 13.0 0.0
14 2.0 1.009 290.61931279620853 8.418457841850707 10.078559870550162 0.0
16 0.02 0.01 54.80254676258993 6.2796619613670135 8.331884057971015 0.04131448292564786
16 0.08 7.5025 33.0 1.875 15.0 0.0
16 0.1 4.006 39.3 2.0 12.327650219833902 0.0
16 0.12 3.007 50.539413333333336 2.6298467926689577 5.011499186029303 0.0
16 0.14 5.5045 46.5 1.875 15.0 0.0
16 0.16 1.5085 68.91692753623188 3.8718528368794325 5.522869507323569 0.0
16 0.16 10.0 51.0 1.875 15.0 0.0
16 0.18 1.5085 73.93017948717949 4.012353851444292 5.767508181393175 0.0
16 0.18 10.0 55.5 1.875 15.0 0.0
16 0.2 6.004 60.8 2.0 15.0 0.0
16 0.2 6.5035 60.0 1.875 15.0 0.0
16 0.2 8.5015 60.0 1.875 15.0 0.0
16 0.22 10.0 64.5 1.875 15.0 0.0
16 0.26 0.5095 96.25650819672131 5.312452046035806 7.270549046634505 0.0
16 0.26 1.009 93.87219230769232 4.763772648835203 6.5324895977808595 0.0
16 0.26 2.5075 89.58895454545454 3.9519902634593356 5.875511302475781 0.0
16 0.28 4.5055 78.79401653575857 2.012850093013642 15.0 0.0
16 0.28 8.002 78.0 1.875 15.0 0.0
16 0.28 9.001 78.0 1.875 15.0 0.0
16 0.3 0.5095 104.62356249999999 5.405943113772455 7.334848484848485 0.0
16 0.3 1.009 102.64046875 4.9180067218200625 6.79579746835443 0.0
16 0.3 2.5075 99.18966101694916 4.233124385447394 6.014008959922509 0.0
16 0.32 6.004 87.68 2.0 15.0 0.0
16 0.32 6.5035 87.0 1.875 15.0 0.0
16 0.32 8.5015 87.0 1.875 15.0 0.0
16 0.36 6.004 97.28 2.125 15.0 0.0
16 0.36 6.5035 97.28 2.125 15.0 0.0
16 0.36 8.5015 96.0 1.875 15.0 0.0
16 0.38 3.007 115.18734439834026 4.380108695652174 6.17120992427904 0.0
16 0.4 1.5085 122.44705667276051 4.977767379679144 6.702618943692711 0.0
16 0.4 10.0 105.0 1.875 15.0 0.0
16 0.42 0.5095 129.29037696335078 5.676310240963855 7.651672384219554 0.0
16 0.42 1.009 127.73925560538116 5.283933752417795 7.1431636726546905 0.0
16 0.44 6.5035 114.56 2.0 15.0 0.0
16 0.46 4.006 121.77829552941176 2.633864705882353 14.04971492017765 0.0
16 0.48 5.005 124.94525732899022 2.3426099348534204 15.0 0.0
16 0.5 1.009 143.73563174114022 5.510607078853047 7.30049504950495 0.0
16 0.52 4.006 135.72659787985867 2.8454681978798586 14.044236863549935 0.0
16 0.52 5.005 133.75049907120743 2.330859133126935 15.0 0.0
16 0.54 9.5005 136.5 1.875 15.0 0.0
16 0.56 6.004 142.32 2.25 15.0 0.0
16 0.56 6.5035 142.0391456680419 2.170211837511901 15.0 0.0
16 0.56 8.5015 141.88 2.125 15.0 0.0
16 0.58 5.005 147.71203921568627 2.533345004668534 9.465262076053444 0.0
16 0.6 4.006 159.65217877094972 4.756142473118279 6.583155080213904 0.0
16 0.64 4.006 167.59497625329814 4.746529649595687 6.933352112676056 0.0
16 0.66 7.5025 164.6774982359859 2.307903763230106 15.0 0.0
16 0.66 8.002 164.29463345521026 2.1671446526508227 15.0 0.0
16 0.66 9.001 163.50701915126973 1.8775805703197503 15.0 0.0
16 0.68 1.5085 178.90728104575163 5.814258213552361 7.584279312920089 0.0
16 0.68 10.0 169.02662361506808 2.2760248496359607 15.0 0.0
16 0.7 9.5005 173.1 2.125 15.0 0.0
16 0.72 4.006 184.83449944506106 5.289388426888427 7.0990697097494415 0.0
16 0.76 2.008 194.15331546894032 5.923999560246262 7.735772727272727 0.0
16 0.76 2.5075 193.85230214205185 5.796991746307559 7.500227716330514 0.0
16 0.76 7.003 188.45986764705881 3.1561810661764707 7.149752757702548 0.0
16 0.84 4.5055 208.9723267108168 5.734228271728272 7.312760118911503 0.0
16 0.86 0.01 214.3052168367347 6.3248063683304645 8.394200675053698 0.04714148161521334
16 0.86 3.007 213.30346101694914 6.092223084886128 8.031537401328155 0.0
16 0.88 4.5055 216.902743772242 5.927078214578215 7.62336032388664 0.0
16 0.92 1.009 225.12266923076925 6.528721374045801 8.41165826164343 0.0
16 0.96 0.5095 232.61145565006075 6.556572847682119 8.549453448925744 0.0
16 0.96 2.008 232.54528674698795 6.6366754302103255 8.502856147683733 0.0
16 0.96 2.5075 232.53599563794984 6.630651658767772 8.474566851912389 0.0
16 0.96 7.003 232.42583598531212 6.330094282238443 8.173455668604651 0.0
16 0.98 0.5095 236.30828238341968 6.577138386648122 8.555147615442847 0.0
16 0.98 1.009 236.30264494382024 6.7039499349804945 8.688537020517396 0.0
16 0.98 2.5075 236.2826469387755 6.724174528301887 8.675243578387954 0.0
16 1.0 10.0 240.0 6.8796906952965236 8.92222870478413 0.0
16 1.02 0.5095 243.38975 6.683785076530612 8.656830835117773 0.0
16 1.02 1.009 243.37872696245734 6.789690237797247 8.850913978494624 0.0
16 1.06 0.01 250.23220388349515 6.291799847792999 8.360333235895936 0.04673991571342565
16 1.06 3.007 249.86495744680852 7.304583897158322 9.271132339235788 0.0
16 1.1 7.5025 254.94940902021773 9.071077327327327 11.103674078091107 0.0
16 1.1 8.002 254.90748657357682 9.24856295620438 11.159945328831002 0.0
16 1.12 1.5085 259.74838532110095 7.279392317380353 9.257376315200359 0.0
16 1.12 10.0 256.79770359712234 10.454488636363637 12.186192660550459 0.0
16 1.14 5.5045 260.89910209790213 9.16733117816092 11.12477131897315 0.0
16 1.18 1.5085 269.1968502024292 7.515836247086247 9.501799930771893 0.0
16 1.18 3.5065 267.4704311050478 8.677792353823088 10.731554085970714 0.0
16 1.18 9.5005 263.6378606782768 11.844064349112426 13.156595892794988 0.0
16 1.2 0.01 274.05986599664993 6.294390527950311 8.376847437425507 0.045331765698953905
16 1.22 7.5025 269.2883090909091 11.641995990836197 13.089389547650418 0.0
16 1.24 4.5055 274.1154603174603 10.119995511669659 12.054017394905777 0.0
16 1.26 5.5045 275.14700548847424 11.126376276958002 12.774111431316042 0.0
16 1.28 0.5095 286.3952643678161 7.076737668161435 9.144687120818165 0.0
16 1.28 1.009 285.36243320363167 7.548024475524476 9.540700708162504 0.0
16 1.28 2.5075 282.2864289044289 8.896449044585987 11.008075541652184 0.0
16 1.32 5.5045 282.035865008881 11.92149545970488 13.19966869864829 0.0
16 1.34 1.5085 292.95367006802724 8.276139455782314 10.254543528913366 0.0
16 1.34 3.5065 287.6237370983447 10.462435344827586 12.19128986197049 0.0
16 1.34 9.5005 281.908225 13.774608165634675 15.0 0.0
16 1.36 6.004 285.8381739130435 12.626546493301813 14.0 0.0
16 1.36 6.5035 285.21142446043166 12.853966854724964 14.026550059942824 0.0
16 1.36 8.5015 283.2 13.777221200980392 14.049771949828962 0.0
16 1.4 4.5055 292.2885449957948 11.955021186440678 13.205889553862894 0.0
16 1.42 10.0 290.4 14.517191408204102 15.0 0.0
16 1.44 0.5095 312.00576560121766 7.316898148148148 9.321092132505177 0.0
16 1.44 1.009 309.3683812600969 8.049711277173913 10.121257142857143 0.0
16 1.46 2.008 307.0078515151515 9.631394165535957 11.433859702399028 0.0
16 1.46 7.003 296.12 14.020152529761905 15.0 0.0
16 1.5 1.5085 314.72371202113607 9.070859746434232 11.103814562160657 0.0
16 1.5 3.5065 305.5086246200608 11.879080432737535 13.15455463316132 0.0
16 1.52 5.005 304.7280819740694 13.28052597955707 14.045705761812922 0.0
16 1.54 0.01 332.2756500754148 6.331074958813838 8.394467277900727 0.04128545911416548
16 1.54 3.007 311.6146534446764 11.602711038961038 13.082529016493586 0.0
16 1.58 0.5095 333.96 7.625 10.0 0.0
16 1.58 2.008 321.35680760626394 10.44414464023495 12.17107018561485 0.0
16 1.58 2.5075 318.38919186046513 11.157096443228454 12.840446521287642 0.0
16 1.58 7.003 310.76 14.1067538593482 15.0 0.0
16 1.6 4.5055 313.39035294117645 13.47467485549133 14.047055460263007 0.0
16 1.6 9.001 312.0 14.875 15.0 0.0
16 1.62 2.008 326.0352735166426 10.60625 12.233450026255907 0.0
16 1.62 7.003 314.4 14.793387896825397 15.0 0.0
16 1.66 4.006 321.85508812260537 13.313021885521886 14.044698180940602 0.0
16 1.68 6.004 321.6 14.754490227499605 15.0 0.0
16 1.68 6.5035 322.96 14.5 15.0 0.0
16 1.72 5.5045 327.84 14.004611493758071 15.0 0.0
16 1.74 7.5025 329.54 14.625 15.0 0.0
16 1.74 8.002 328.8 15.0 15.0 0.0
16 1.74 9.001 328.8 15.0 15.0 0.0
16 1.78 5.005 334.38 14.213902493321461 15.0 0.0
16 1.84 10.0 340.8 14.875 15.0 0.0
16 1.86 3.5065 345.4056935648621 13.75655701754386 15.0 0.0
16 1.86 9.5005 343.2 15.0 15.0 0.0
16 1.88 4.006 346.48 14.3134841954023 15.0 0.0
16 1.88 5.005 345.6 15.0 15.0 0.0
16 1.9 7.5025 348.0 14.75 15.0 0.0
16 1.9 8.002 348.0 15.0 15.0 0.0
16 1.9 9.001 348.0 15.0 15.0 0.0
16 1.92 1.5085 365.45604731182794 11.045954861111111 12.585048404446038 0.0
16 1.92 3.5065 352.24332126406 14.01715500165071 15.0 0.0
16 1.94 2.008 361.8512816091954 12.165531716417911 13.274239527203198 0.0
16 1.94 2.5075 356.3559392888118 12.997941767068273 14.032468683165291 0.0
16 1.94 7.003 352.8 15.0 15.0 0.0
16 1.96 1.5085 370.0607331786543 11.116454475308641 12.680823627287854 0.0
16 1.96 10.0 355.2 15.0 15.0 0.0
16 1.98 0.01 407.0415589123867 6.384509735744089 8.422493654822334 0.036765421584134324
16 1.98 3.007 360.02360742929505 13.672154669260701 14.049315520864605 0.0
16 2.0 9.5005 360.0 15.0 15.0 0.0
18 0.0 0.5095 46.86122840690979 5.206803156321242 7.40419921875 0.0
18 0.0 1.009 32.11710182767624 3.568566869746119 5.444490711082639 0.0
18 0.0 2.5075 17.19333776374813 1.9103708626395774 3.028687564083785 0.0
18 0.02 0.5095 53.62186206896551 5.316051660513445 7.5379907621247115 0.0
18 0.02 1.009 41.51394117647059 3.8497485806989884 5.968950617283951 0.0
18 0.02 2.5075 29.952905882352944 2.2588141273498223 3.665342960288809 0.0
18 0.08 0.01 85.35579487179487 7.285804899384718 9.646033868092692 0.04122740621877744
18 0.1 1.5085 66.93868571428571 3.8871000581744855 5.981614077669903 0.0
18 0.1 10.0 45.9 1.88888888889 17.0 0.0
18 0.12 5.005 52.56 2.0 17.0 0.0
18 0.16 4.5055 65.76 2.22222222222 16.019254235188455 0.0
18 0.16 8.002 63.24 1.88888888889 17.0 0.0
18 0.16 9.001 63.24 1.88888888889 17.0 0.0
18 0.18 4.5055 70.72927339385474 2.120497749843612 17.0 0.0
18 0.18 9.001 69.02 1.88888888889 17.0 0.0
18 0.22 4.5055 81.36 2.0 17.0 0.0
18 0.22 9.001 80.58 1.88888888889 17.0 0.0
18 0.24 0.5095 116.92455319148937 6.0369338546754205 8.2476901861641 0.0
18 0.24 2.008 109.77858227848101 4.603838195741599 6.419530386740331 0.0
18 0.24 2.5075 108.3768679245283 4.368525004861074 6.261887026691496 0.0
18 0.26 6.004 92.88 2.0 17.0 0.0
18 0.26 6.5035 93.62 2.11111111111 17.0 0.0
18 0.26 8.5015 92.14 1.88888888889 17.0 0.0
18 0.28 3.007 104.1841054945055 2.8555718355732798 15.48500992720053 0.0
18 0.3 6.004 104.4 2.0 17.0 0.0
18 0.3 6.5035 103.7 1.88888888889 17.0 0.0
18 0.3 8.5015 104.4 2.0 17.0 0.0
18 0.32 5.5045 110.23503193798449 2.0122601205855792 17.0 0.0
18 0.38 5.005 128.1127774308653 2.1205694320535073 17.0 0.0
18 0.4 4.5055 135.3295760316563 2.394365931784261 17.0 0.0
18 0.4 9.001 132.6 1.88888888889 17.0 0.0
18 0.42 6.004 139.54 2.11111111111 17.0 0.0
18 0.42 6.5035 138.38 1.88888888889 17.0 0.0
18 0.48 1.5085 176.4271056910569 5.873609314360902 8.008056152776021 0.0
18 0.48 3.5065 164.00908274231676 3.660060415028353 7.19564816946811 0.0
18 0.5 6.5035 163.08365917914585 2.2408131509188958 17.0 0.0
18 0.5 9.5005 162.0 2.0 17.0 0.0
18 0.52 1.5085 186.95984210526316 6.006021825396765 8.092953068592058 0.0
18 0.56 5.5045 181.60774688589933 2.587814870180726 17.0 0.0
18 0.58 1.5085 202.3012909090909 6.195522388057746 8.187649186256781 0.0
18 0.58 3.5065 199.38670710571924 5.555269699233852 7.303636363636364 0.0
18 0.6 1.5085 207.3697572815534 6.24445586387788 8.25521878335112 0.0
18 0.64 1.5085 217.67238309859155 6.386207311203449 8.35992 0.0
18 0.66 0.01 225.71099999999998 7.296154706010899 9.66377808344796 0.04656771241042934
18 0.66 3.007 220.65499831365935 5.923561668465346 7.8425520833333335 0.0
18 0.68 4.5055 224.5494415405777 5.636922398592696 7.30320581320795 0.0
18 0.68 8.002 215.686635451505 2.6411928651094967 17.0 0.0
18 0.68 9.001 214.48 2.22222222222 17.0 0.0
18 0.72 1.5085 237.68494736842106 6.614780835885606 8.69600538599641 0.0
18 0.78 0.5095 253.61618640776697 7.143530338848052 9.373812316715542 0.0
18 0.78 2.008 252.30155219780218 6.679320987657528 8.796873398257304 0.0
18 0.78 2.5075 252.03580472103005 6.568163701763821 8.514005505849966 0.0
18 0.82 0.5095 263.29151972555746 7.236487078403242 9.45462746408286 0.0
18 0.82 2.008 262.3627626546682 6.855814905816348 9.07781355188058 0.0
18 0.82 2.5075 262.021475 6.7085452223412405 8.85349593495935 0.0
18 0.84 3.007 266.85081549815493 6.707649667408688 8.750460941290635 0.0
18 0.88 3.007 276.81290909090905 6.90601112294497 9.086915887850468 0.0
18 0.9 4.006 281.60493320610686 6.8768643306391475 9.05622281464852 0.0
18 0.9 5.005 281.46442168674696 6.72852612887131 8.734517766497461 0.0
18 0.92 6.5035 286.3414563758389 6.6950627537867335 8.695363352652697 0.0
18 0.94 0.5095 291.8281490066225 7.459149403637661 9.79224049331963 0.0
18 0.94 1.009 291.77977302631575 7.473599880201542 9.7629168740667 0.0
18 0.94 2.5075 291.63435470668486 7.349576657545025 9.504376292212267 0.0
18 0.96 6.004 296.3463538663172 7.183159268927672 9.287889824721148 0.0
18 0.96 8.5015 296.26563612903226 6.959202059202467 9.143095318288987 0.0
18 0.98 6.004 301.223646772229 7.46325925925632 9.608732057416269 0.0
18 0.98 6.5035 301.2155464231355 7.418804713800526 9.557709750566893 0.0
18 0.98 8.5015 301.20657429718875 7.3698572066004955 9.920584415584415 0.0
18 1.0 4.5055 306.0 7.741305807320479 10.061527777777778 0.0
18 1.02 6.004 310.2720033840947 8.15472184326054 10.368470254957508 0.0
18 1.02 6.5035 310.26177943368106 8.164273761711877 10.3616590649943 0.0
18 1.02 8.5015 310.2331866913124 8.277556237216038 10.510843806104129 0.0
18 1.04 0.5095 314.69450084033616 7.625458286573143 10.034031568077888 0.0
18 1.04 1.009 314.6519012345679 7.794921081421022 10.111644882023425 0.0
18 1.04 2.5075 314.57429982363317 8.030772569444137 10.265445636957537 0.0
18 1.06 1.009 318.94949695740365 7.86226145889205 10.16238986784141 0.0
18 1.08 4.5055 322.4137365269461 8.93706543967343 11.212445998765686 0.0
18 1.1 0.01 327.9002852348993 7.3228690228657936 9.67964318389753 0.047399452516319225
18 1.12 4.5055 329.82266433566434 9.627621430064178 12.05029407741759 0.0
18 1.12 8.002 328.3062545454545 11.199793194189457 13.243896400685584 0.0
18 1.12 9.001 327.9010754716981 11.620214424989245 13.623484848484848 0.0
18 1.16 0.5095 340.4561533546326 7.876271186441915 10.190216086434575 0.0
18 1.16 2.008 339.1073731343284 8.788238238240357 11.130731622140736 0.0
18 1.16 2.5075 338.582303030303 9.099077345896143 11.345657568238213 0.0
18 1.18 7.5025 337.6652626728111 12.515814971101884 14.247697368421052 0.0
18 1.18 8.002 337.4326191024166 12.75101364524907 14.465208207604103 0.0
18 1.2 0.5095 348.93787456445995 7.910129629630529 10.2302067126028 0.0
18 1.2 1.009 348.1747347740668 8.361617600502873 10.715286923800564 0.0
18 1.2 2.5075 346.0514808652246 9.474360380114907 11.855155210643016 0.0
18 1.26 4.006 353.75143749999995 11.503859060405771 13.472145976294447 0.0
18 1.28 6.004 353.7351240105541 13.399568066686287 15.06854856801017 0.0
18 1.28 6.5035 353.1667491082045 13.716500415655947 15.132064691071083 0.0
18 1.28 8.5015 350.53445801526715 14.749454702540982 16.027476813463547 0.0
18 1.3 2.008 365.113125 9.838994910943086 12.143938591847538 0.0
18 1.32 4.006 362.9329004594181 12.246663802953568 14.133347056401812 0.0
18 1.34 7.5025 359.64426943556975 15.199211248265401 16.04282130334905 0.0
18 1.34 8.002 359.72620521446595 15.243628612007848 16.045935767654857 0.0
18 1.34 9.001 358.7 15.85439796546225 17.0 0.0
18 1.36 5.5045 365.4601845062093 14.082180555547337 15.320890621793556 0.0
18 1.38 2.008 378.75637373737374 10.452870517538697 12.623995026937422 0.0
18 1.42 4.5055 375.86469215017064 13.929818244177115 15.210661520031945 0.0
18 1.44 6.004 375.5208575044292 15.477944340325196 16.046251844712828 0.0
18 1.44 6.5035 374.70954237288134 15.713119857711588 17.0 0.0
18 1.44 8.5015 374.2355673798277 16.3333333333 17.0 0.0
18 1.48 5.005 383.6055468113975 14.942926587307294 16.03881199538639 0.0
18 1.5 7.5025 383.5 16.1262356159089 17.0 0.0
18 1.5 8.002 382.5 17.0 17.0 0.0
18 1.5 9.001 383.0 16.46005468063296 17.0 0.0
18 1.52 3.5065 392.85852694610776 13.676600166283379 15.151197536496351 0.0
18 1.52 9.5005 386.08 16.5555555556 17.0 0.0
18 1.56 4.006 396.3199073359074 14.70724068122494 16.01654347826087 0.0
18 1.56 5.005 393.95542363112395 15.45993468415113 16.049458202011106 0.0
18 1.58 6.004 396.62635265911075 16.002941900541312 17.0 0.0
18 1.58 6.5035 395.32 16.16811981628314 17.0 0.0
18 1.58 8.5015 395.32 16.8888888889 17.0 0.0
18 1.6 3.007 406.26174348697396 13.864800806871816 15.16124500285551 0.0
18 1.64 4.006 407.537491644679 15.162280977845485 16.045849528458223 0.0
18 1.64 5.005 405.9340986093552 15.812126105362886 17.0 0.0
18 1.7 2.008 427.64217187500003 12.738298212031278 14.382983345401883 0.0
18 1.74 0.01 467.82245454545455 7.366666666663 9.75388888888889 0.04154661016949153
18 1.74 3.007 424.7997817919075 14.602959124967741 16.000116826118532 0.0
18 1.78 3.5065 429.1115644067797 15.412821255997365 16.048258347609174 0.0
18 1.78 9.5005 425.34 17.0 17.0 0.0
18 1.8 0.5095 468.8144937833037 9.11773962803888 11.359994408722393 0.0
18 1.8 1.009 458.6404152249135 10.627528735669431 12.940787119856887 0.0
18 1.8 2.5075 437.6276449704142 14.025934992517467 15.268098366178204 0.0
18 1.84 4.5055 434.52 16.37966799464995 17.0 0.0
18 1.86 7.5025 437.58 17.0 17.0 0.0
18 1.88 1.5085 461.2170189155107 12.417883079115802 14.213532454530286 0.0
18 1.9 0.01 502.73388059701495 7.380483592396886 9.84384401114206 0.03889951136605056
18 1.9 3.007 447.5584090909091 15.447643849164464 17.0 0.0
18 1.92 7.5025 446.76 17.0 17.0 0.0
18 1.92 8.002 446.76 17.0 17.0 0.0
18 1.92 9.001 446.76 17.0 17.0 0.0
18 1.96 4.5055 453.84 16.4444444444 17.0 0.0
18 1.96 8.002 452.88 17.0 17.0 0.0
18 1.96 9.001 452.88 17.0 17.0 0.0
18 1.98 1.009 488.1492816455696 11.357515432063014 13.333020004820439 0.0
20 0.0 6.004 19.0 1.9 3.0 0.0
20 0.0 6.5035 19.0 1.9 3.0 0.0
20 0.0 8.5015 19.0 1.9 3.0625677885856932 0.0
20 0.02 6.004 26.22 1.9 19.0 0.0
20 0.02 6.5035 27.24 1.9 16.0 0.0
20 0.02 8.5015 26.56 1.9 18.0 0.0
20 0.04 4.006 42.56782716049383 2.2256607744107746 5.054276186739898 0.0
20 0.06 2.008 60.425074074074075 3.3604531085353 5.280641733956651 0.0
20 0.06 2.5075 58.4327 3.0642841648590022 5.114680376610505 0.0
20 0.08 0.5095 89.95257142857142 6.308765432098765 8.903061849357012 0.0
20 0.08 1.009 79.34994594594595 4.981261980830671 7.245050977060323 0.0
20 0.08 2.5075 67.88546478873239 3.286982456140351 5.284914238479025 0.0
20 0.1 4.5055 57.7 2.0 18.0 0.0
20 0.1 9.001 55.1 1.9 19.0 0.0
20 0.12 1.5085 90.88835714285715 4.54648 6.601515740380878 0.0
20 0.12 3.5065 67.6 2.4444139344262297 7.177292899408284 0.0
20 0.12 9.5005 62.32 1.9 19.0 0.0
20 0.14 2.008 96.9009494949495 4.301253430924062 6.327495908346972 0.0
20 0.16 3.007 82.01247916666667 2.5218440779610196 7.158221680876979 0.0
20 0.18 3.007 109.41724528301887 4.174832474226804 6.35893605870021 0.0
20 0.22 3.007 105.15839404553415 2.762583187390543 17.20153536370501 0.0
20 0.24 6.004 106.4 2.0 19.0 0.0
20 0.24 8.5015 105.64 1.9 19.0 0.0
20 0.26 5.5045 114.34 2.1 19.0 0.0
20 0.28 5.005 122.3785268065268 2.2192398342398345 19.0 0.0
20 0.3 5.5045 129.4 2.2 19.0 0.0
20 0.34 2.008 170.1813287671233 5.648667334669339 7.83978102189781 0.0
20 0.34 2.5075 168.82847540983607 5.418824020016681 7.317922015015743 0.0
20 0.38 3.5065 163.97854222972973 3.157829391891892 18.038140509674086 0.0
20 0.38 9.5005 156.18 1.9 19.0 0.0
20 0.4 3.007 187.70931147540983 5.508318401102688 7.350685995340409 0.0
20 0.46 4.5055 189.50689498141264 2.7234990706319704 19.0 0.0
20 0.48 7.5025 193.84 2.2 19.0 0.0
20 0.48 8.002 192.8 2.0 19.0 0.0
20 0.48 9.001 192.8 2.0 19.0 0.0
20 0.52 4.5055 212.01178443113773 3.0024550898203595 19.0 0.0
20 0.52 8.002 207.68 2.1 19.0 0.0
20 0.52 9.001 207.2 2.0 19.0 0.0
20 0.58 7.5025 230.1145197034725 2.312980881779165 19.0 0.0
20 0.58 8.002 230.06 2.3 19.0 0.0
20 0.58 9.001 229.22534708392604 2.1012731152204838 19.0 0.0
20 0.6 4.5055 251.12867256637168 5.60228813559322 7.984166164960867 0.0
20 0.6 8.002 236.8 2.2 19.0 0.0
20 0.6 9.001 236.8 2.2 19.0 0.0
20 0.62 0.5095 266.0849830508475 7.69662109375 10.209593852908892 0.0
20 0.62 2.008 262.401918699187 6.7369345579793345 9.028984077779343 0.0
20 0.62 2.5075 261.51476190476194 6.6 9.0 0.0
20 0.64 4.5055 257.98457692307693 4.106826923076923 8.275430916552668 0.0
20 0.64 8.002 252.2592003862868 2.5164445517463383 19.0 0.0
20 0.64 9.001 251.48 2.3 19.0 0.0
20 0.66 1.009 277.2645040650406 7.426811188811189 9.999175126903554 0.0
20 0.68 3.007 280.0350558659218 6.593637640449438 8.785279441117764 0.0
20 0.72 4.5055 291.50024046920817 6.305707220573689 8.265944837018464 0.0
20 0.72 8.002 281.54677891424075 2.8381353265145552 19.0 0.0
20 0.72 9.001 281.0409507735584 2.657482419127989 19.0 0.0
20 0.74 0.5095 302.7537874396135 7.952019801980198 10.457565453927236 0.0
20 0.74 2.008 300.6338823529412 7.232769580022701 9.449715909090909 0.0
20 0.74 2.5075 299.89376350364967 7.003260219341974 9.1824557956778 0.0
20 0.76 5.5045 304.04975646879757 6.321232073011734 8.281341868183974 0.0
20 0.78 6.004 310.2737521301317 6.288364269141531 8.252828241123039 0.0
20 0.78 6.5035 310.2221029668412 6.2480234375 8.155820750121773 0.0
20 0.78 8.5015 303.97187092391306 3.441759510869565 19.0 0.0
20 0.8 2.008 319.2353071253071 7.45411528150134 10.005968754172788 0.0
20 0.8 2.5075 318.85687281213535 7.316962719298245 9.570749901845309 0.0
20 0.82 6.004 323.5899492140266 6.604889018691589 8.508896434634975 0.0
20 0.82 6.5035 323.17057142857146 6.421705627705628 8.348321131027518 0.0
20 0.82 8.5015 322.60381963190184 6.111418960244648 8.125382203057624 0.0
20 0.84 5.005 330.3393236151603 6.932147826086957 9.110536809815951 0.0
20 0.86 3.5065 337.1912891566265 7.362655440414508 9.629325153374234 0.0
20 0.86 9.5005 335.6282346368715 6.30561556791104 8.19585291113381 0.0
20 0.88 5.005 343.03284615384615 7.179729344729345 9.33402724235415 0.0
20 0.9 1.5085 350.2331811023622 8.109651162790698 10.550677200902935 0.0
20 0.94 6.004 361.795939481268 7.657528571428571 10.081134586591249 0.0
20 0.94 6.5035 361.7644347826087 7.606824894514768 10.029639021479714 0.0
20 0.94 8.5015 361.6334642857143 7.388161865569273 9.606369168356999 0.0
20 0.96 5.5045 368.01236666666665 8.029126328217238 10.394261330194231 0.0
20 0.98 5.5045 374.06916097560975 8.343402555910544 10.92203889216264 0.0
20 1.04 6.004 390.48683571428575 9.547851711026615 12.15146828504307 0.0
20 1.04 6.5035 390.4276993736952 9.651816479400749 12.205473820856772 0.0
20 1.04 8.5015 390.2956785046729 9.959858299595142 12.487474120082815 0.0
20 1.06 3.5065 395.7748510638298 9.428674033149171 12.07743487638958 0.0
20 1.06 9.5005 394.85847058823526 10.957272727272727 13.452135637430715 0.0
20 1.1 0.5095 407.0270817843866 8.708167456556081 11.259322033898306 0.0
20 1.1 1.009 406.8304886561955 8.955770547945205 11.491696364932288 0.0
20 1.12 3.007 410.7638390804598 10.066416184971098 12.599124270225188 0.0
20 1.16 6.004 417.0651220400729 12.678525252525253 15.060984069886947 0.0
20 1.16 6.5035 416.6682851919561 12.947915129151292 15.196634874932517 0.0
20 1.16 8.5015 415.1856712328767 14.077637969094923 16.136627140974966 0.0
20 1.18 0.01 429.26401593625496 8.297575107296138 11.0528611710068 0.04765728377240467
20 1.2 6.004 424.73772262773724 13.519113924050632 15.683501535761298 0.0
20 1.2 6.5035 424.12158088235293 13.930290275761974 16.075929317961428 0.0
20 1.2 8.5015 422.0759665427509 15.284075286415712 17.076617807578355 0.0
20 1.22 0.5095 438.8626594827586 8.988895463510849 11.523786407766991 0.0
20 1.22 2.008 435.59733760683764 10.411845238095239 13.062690854119426 0.0
20 1.22 2.5075 434.5785043177893 10.887219827586208 13.39659638554217 0.0
20 1.24 5.005 433.71880519480516 13.540311926605504 15.771885770556377 0.0
20 1.28 5.5045 440.1683973941368 14.72446956521739 16.453912783751495 0.0
20 1.3 4.5055 446.00316648531015 14.158646748681898 16.140671544290566 0.0
20 1.34 0.01 473.1416108108108 8.342118811881189 11.06160472972973 0.04559071729957806
20 1.4 5.005 462.632487135506 15.968656527249683 17.27739220065281 0.0
20 1.42 3.007 473.2596952662722 13.797276190476191 16.03958768763063 0.0
20 1.48 1.5085 495.68560278745645 11.646619718309859 14.13041341917994 0.0
20 1.48 3.5065 481.25996799999996 15.234697609001406 17.05647572051777 0.0
20 1.5 0.01 516.5826126126126 8.35319526627219 11.060953206239168 0.04449640938989802
20 1.5 3.007 487.58587662337663 14.66199604743083 16.45909224874742 0.0
20 1.52 7.5025 479.97398820058993 17.922774690038477 19.0 0.0
20 1.52 8.002 479.84 18.334527421236874 19.0 0.0
20 1.54 3.5065 491.8717401812689 15.651089630931459 17.143339490968803 0.0
20 1.54 9.5005 483.68 18.6 19.0 0.0
20 1.56 1.5085 512.2226516853932 12.206504201680671 14.501796200345423 0.0
20 1.58 5.5045 491.94 17.927979973878973 19.0 0.0
20 1.6 5.005 495.94324535679374 17.55848528356066 19.0 0.0
20 1.64 1.5085 528.142783625731 12.730708534621577 15.094842295760083 0.0
20 1.66 4.5055 508.9589441509434 17.537242960052392 18.04576327366962 0.0
20 1.74 1.009 557.4678895705522 11.797944111776447 14.215558171473416 0.0
20 1.76 2.008 543.146704819277 14.554231536926148 16.449856979405034 0.0
20 1.76 2.5075 537.8842924901186 15.655127436281859 17.14518729721758 0.0
20 1.78 7.5025 528.2 19.0 19.0 0.0
20 1.8 6.004 532.8 18.704072344322345 19.0 0.0
20 1.8 6.5035 532.8 18.9 19.0 0.0
20 1.8 8.5015 532.0 19.0 19.0 0.0
20 1.82 0.5095 588.09783436853 10.308696498054475 13.025057045065601 0.0
20 1.82 2.008 553.9743544813696 14.932699680511183 16.836004108885465 0.0
20 1.82 2.5075 547.672612565445 16.069930191972077 17.379720776147657 0.0
20 1.84 3.007 545.7212901134523 16.908055391868 18.036706819979315 0.0
20 1.86 0.01 615.0637982300884 8.361507430997877 11.074047906255386 0.04090798958144043
20 1.88 4.5055 549.84 18.35808092948718 19.0 0.0
20 1.88 8.002 547.2 19.0 19.0 0.0
20 1.88 9.001 548.08 18.9 19.0 0.0
20 1.9 1.009 590.6247625698325 12.44472485768501 14.956366928183463 0.0
20 1.92 0.01 631.0264460431655 8.358670634920635 11.068807810894143 0.04058836004483898
20 1.94 5.5045 559.54 18.9 19.0 0.0
20 1.96 0.01 641.938946902655 8.35852422907489 11.07839929639402 0.03989024649061638
20 1.96 3.007 567.3102063694267 17.34596253902185 19.0 0.0
20 1.98 9.5005 566.2 19.0 19.0 0.0
