10 0.0 2.008 9.0 1.8 2.11919568493694 0.0
10 0.0 7.003 9.0 1.8 2.0442773090586144 0.0
10 0.02 2.008 11.427536458333334 1.8 2.231016713091922 0.0
10 0.02 7.003 10.948443407234539 1.8 3.0 0.0
10 0.04 3.007 13.500761904761905 1.8 2.3330733853229355 0.0
10 0.06 4.006 14.970242839352428 1.8 3.0 0.0
10 0.1 3.5065 18.438422425032595 1.8 3.14562253090353 0.0
10 0.1 9.5005 17.1 1.8 9.0 0.0
10 0.12 1.009 23.783252173913045 2.4057251585623676 3.3360753880266074 0.0
10 0.14 4.006 20.648093643862204 1.8 3.7004893238434162 0.0
10 0.16 7.5025 21.96 1.8 8.0 0.0
10 0.18 7.5025 23.58 1.8 8.0 0.0
10 0.18 8.002 23.58 1.8 9.0 0.0
10 0.2 5.5045 25.2 1.8 8.027088389812283 0.0
10 0.22 7.5025 26.82 1.8 9.0 0.0
10 0.22 8.002 26.82 1.8 9.0 0.0
10 0.24 10.0 28.44 1.8 9.0 0.0
10 0.28 0.01 39.24519672131148 3.3088311688311687 4.456162196679438 0.044726998491704376
10 0.34 4.006 36.54 1.8 5.384180327868853 0.0
10 0.36 5.5045 38.16 1.8 9.0 0.0
10 0.38 0.5095 46.34644502617801 3.1861567516525025 4.24015436746988 0.0
10 0.38 1.009 45.945554744525545 3.068755162241888 4.149593159564198 0.0
10 0.4 7.5025 41.4 1.8 9.0 0.0
10 0.4 8.002 41.4 1.8 9.0 0.0
10 0.42 8.5015 43.02 1.8 9.0 0.0
10 0.44 5.5045 44.64 1.8 9.0 0.0
10 0.46 1.5085 51.568731861198735 3.1918579686209747 4.175113186191284 0.0
10 0.46 3.5065 47.78901428571429 2.361288819875776 4.1084717856608295 0.0
10 0.46 9.5005 46.26 1.8 9.0 0.0
10 0.48 6.5035 47.88 1.8 9.0 0.0
10 0.48 9.5005 47.88 1.8 9.0 0.0
10 0.5 6.004 49.5 1.8 9.0 0.0
10 0.5 8.5015 49.5 1.8 9.0 0.0
10 0.52 3.5065 52.72179393939394 2.464374384236453 4.189758747403738 0.0
10 0.52 9.5005 51.12 1.8 9.0 0.0
10 0.54 5.5045 52.74 1.8 6.791449814126394 0.0
10 0.58 9.5005 55.98 1.8 9.0 0.0
10 0.6 3.5065 59.49997210599721 2.7474166666666666 4.193952387993494 0.0
10 0.6 9.5005 57.6 1.8 9.0 0.0
10 0.62 4.006 60.88268466522678 2.673923240938166 4.280233895705521 0.0
10 0.64 3.5065 63.61890211907164 3.2331223175965667 4.206982413372802 0.0
10 0.64 9.5005 60.84 1.8 9.0 0.0
10 0.68 7.5025 64.08 1.8 8.0474567604151 0.0
10 0.7 5.5045 66.38037900874635 2.253586005830904 4.371892025755324 0.0
10 0.72 3.5065 69.78193736951984 3.4372201834862386 4.35484375 0.0
10 0.72 9.5005 67.32 1.8 9.0 0.0
10 0.74 4.006 71.10237864611997 3.426702302631579 4.331887966804979 0.0
10 0.76 4.5055 72.51090665291387 3.4066867469879516 4.307116788321168 0.0
10 0.76 9.001 70.62635294117648 1.8552941176470588 8.02228225632159 0.0
10 0.78 7.003 73.07177446300716 2.610704057279236 4.312219707879037 0.0
10 0.8 4.006 75.64144461077844 3.616557637345189 4.4736098587315904 0.0
10 0.82 7.003 76.58763419117648 3.0965724703737467 4.262297465724969 0.0
10 0.84 0.01 79.17180143884892 3.354294940796555 4.4809127248501 0.04469818094060153
10 0.86 0.5095 80.3825364321608 3.71793327908869 5.00609804309152 0.0
10 0.86 1.009 80.30574666666666 3.8524584895554366 5.035848668654261 0.0
10 0.86 2.008 80.20570782056372 3.868929273084479 5.020093905711001 0.0
10 0.86 2.5075 80.15703034300792 3.8606950160036577 5.0196608572774375 0.0
10 0.88 0.01 81.86560532150776 3.3652085682074406 4.488661522978866 0.04363070790045905
10 0.92 6.004 84.32874805194804 3.8203157121879587 4.966979472140762 0.0
10 0.92 8.5015 84.27505584826132 3.6872125984251967 4.593890093998554 0.0
10 0.94 2.008 85.83436223506743 4.024100917431193 5.098236141108711 0.0
10 0.94 7.003 85.7613224852071 3.8699560761346996 5.009264029438823 0.0
10 0.96 4.5055 87.2085167724388 4.0360651408450705 5.105028395646001 0.0
10 1.0 7.5025 90.0 4.203148295003965 5.193953846153846 0.0
10 1.0 8.002 90.0 4.2038690969345485 5.197205169628433 0.0
10 1.0 9.001 90.0 4.202407648848327 5.19821083172147 0.0
10 1.04 2.008 92.37564126984127 4.233559322033899 5.2376799028957866 0.0
10 1.04 7.003 92.30801174168298 4.486389244558259 5.471333534925915 0.0
10 1.06 0.5095 93.6179416058394 3.9085525349008083 5.094457620771439 0.0
10 1.06 2.008 93.5501236520489 4.255484949832776 5.257667671439337 0.0
10 1.06 2.5075 93.5300337909187 4.315827633378933 5.314494651822746 0.0
10 1.08 7.5025 94.40604663212436 4.897835294117647 6.083422887847262 0.0
10 1.08 8.002 94.37818661639963 4.963827281648675 6.109853882381355 0.0
10 1.08 9.001 94.32653206002728 5.0757463263727765 6.159132290184922 0.0
10 1.12 7.5025 96.31761397058823 5.390274423710209 6.376892330751936 0.0
10 1.14 4.006 97.76316047430831 4.8243407960199 6.050161744756339 0.0
10 1.14 5.005 97.59109104704098 5.0315947712418305 6.151235795454546 0.0
10 1.2 2.008 101.35008695652175 4.605796006475985 5.727301587301588 0.0
10 1.2 7.003 99.85697290930506 6.183415178571429 7.12411476109215 0.0
10 1.24 0.01 104.74161445783132 3.3819753086419753 4.5202764976958525 0.03922026699029126
10 1.24 3.007 102.97602526847757 5.062842025699169 6.161897221822369 0.0
10 1.26 5.005 102.92118683127572 6.062006220839813 7.086330451488953 0.0
10 1.3 1.5085 106.89822384428223 4.664236387782204 5.872466124661247 0.0
10 1.3 10.0 103.5 8.015747984472977 8.048915785679961 0.0
10 1.32 5.005 105.40452785923753 6.521585040071238 7.2826664173522815 0.0
10 1.38 1.5085 111.0013438016529 4.841875808538163 6.053633690401176 0.0
10 1.38 10.0 107.1 8.213944141689373 9.0 0.0
10 1.4 0.01 114.53952696310313 3.382443946188341 4.510056061667835 0.03597369782946209
10 1.4 3.007 110.12158236057068 5.895668449197861 7.040666611529237 0.0
10 1.42 7.5025 108.9 8.221577311577311 9.0 0.0
10 1.42 8.002 108.9 8.213947506561679 9.0 0.0
10 1.42 9.001 108.9 8.27815873015873 9.0 0.0
10 1.46 4.5055 111.38449001814882 7.12297256097561 8.007978823381993 0.0
10 1.46 8.002 110.7 8.299672836848902 9.0 0.0
10 1.46 9.001 110.7 8.384323943661972 9.0 0.0
10 1.48 1.009 116.92456887565152 4.6780168776371305 5.939132947976878 0.0
10 1.52 6.004 113.4 8.000623994853651 8.049515262478614 0.0
10 1.52 6.5035 113.4 8.212237697307334 9.0 0.0
10 1.52 8.5015 113.4 8.510893054024256 9.0 0.0
10 1.54 0.5095 121.78517840054683 4.318684429641966 5.3604425658876185 0.0
10 1.54 1.009 120.01054963235293 4.782982635342186 6.029958432304038 0.0
10 1.54 2.5075 116.52484760705289 6.133909324208726 7.113788473455897 0.0
10 1.56 1.009 120.92070833333334 4.803058823529412 6.04687467280913 0.0
10 1.58 4.5055 116.17074403669724 7.734862096138691 8.046510297482838 0.0
10 1.6 0.01 127.06406813627255 3.3754761904761903 4.496332767402377 0.03397394832372411
10 1.62 4.5055 117.9 7.920823104693141 8.049771949828962 0.0
10 1.62 8.002 117.9 8.609896673387096 9.0 0.0
10 1.62 9.001 117.9 8.63205859375 9.0 0.0
10 1.64 1.009 124.94530960854092 4.942432667245873 6.101548780487805 0.0
10 1.66 1.5085 124.27313333333333 5.503081180811808 6.564393673110721 0.0
10 1.66 3.5065 119.993218520986 7.433539480949752 8.034032882896623 0.0
10 1.66 10.0 119.7 8.80811185844998 9.0 0.0
10 1.68 5.5045 120.6 8.265063893016345 9.0 0.0
10 1.7 1.5085 126.14017840375587 5.6552971137521215 6.930639534883721 0.0
10 1.7 10.0 121.5 9.0 9.0 0.0
10 1.72 4.006 122.40738223938224 7.862095150960658 8.04957231609592 0.0
10 1.72 5.005 122.4 8.30845406360424 9.0 0.0
10 1.76 4.006 124.2 7.984271844660194 9.0 0.0
10 1.78 6.004 125.1 8.606105540897097 9.0 0.0
10 1.78 6.5035 125.1 8.8 9.0 0.0
10 1.78 8.5015 125.1 9.0 9.0 0.0
10 1.8 2.008 128.51266893534273 6.484133891213389 7.245995385629532 0.0
10 1.8 7.003 126.0 8.8 9.0 0.0
10 1.82 4.006 127.02097828886845 8.059869505494506 9.0 0.0
10 1.84 7.5025 127.8 8.806847819457152 9.0 0.0
10 1.84 8.002 127.8 9.0 9.0 0.0
10 1.84 9.001 127.8 8.80565054621333 9.0 0.0
10 1.86 5.5045 128.7 8.562570093457945 9.0 0.0
10 1.88 3.5065 129.6 8.035904825737266 8.049828972635622 0.0
10 1.88 9.5005 129.6 9.0 9.0 0.0
10 1.94 4.5055 132.3 8.34973801916933 9.0 0.0
10 1.94 9.001 132.3 9.0 9.0 0.0
10 1.96 7.5025 133.2 9.0 9.0 0.0
10 1.98 0.5095 144.90130718085106 4.683103192279138 5.9912911084043845 0.0
10 1.98 2.008 135.66868467629251 7.051887096774194 8.002416204637097 0.0
10 1.98 2.5075 134.3722306111967 7.470166865315853 8.043312890849219 0.0
10 2.0 5.5045 135.0 9.0 9.0 0.0
12 0.04 5.005 16.2 1.83333333333 3.308127137396902 0.0
12 0.06 10.0 18.8 1.83333333333 10.0 0.0
12 0.08 2.008 26.42550819672131 2.2711709159576046 3.342466044142615 0.0
12 0.08 7.003 20.68 1.83333333333 10.0 0.0
12 0.1 7.5025 23.1 1.83333333333 10.0 0.0
12 0.1 8.002 23.1 1.83333333333 10.0 0.0
12 0.12 6.5035 25.52 1.83333333333 11.0 0.0
12 0.14 1.5085 36.172924137931034 2.7506291390728226 4.081682264323214 0.0
12 0.14 10.0 27.94 1.83333333333 11.0 0.0
12 0.16 0.01 44.076564705882355 4.284738186460935 5.9469350961538465 0.0438905830137979
12 0.18 0.01 46.33025263157895 4.3027268760886415 5.951096224116931 0.04449640938989802
12 0.2 4.006 35.22059240975008 1.83333333333 10.004892687678723 0.0
12 0.22 0.01 50.75580346820809 4.309487534623659 5.963343465045593 0.04360182416719519
12 0.24 4.5055 40.04 1.83333333333 10.041720631846516 0.0
12 0.28 0.5095 55.939365853658536 3.810701174740597 5.206873413130214 0.0
12 0.28 1.009 55.04184126984127 3.5153886776513428 5.002901738948251 0.0
12 0.28 2.5075 51.4590303030303 2.9058833169433815 4.328297199638663 0.0
12 0.32 4.006 49.72 1.83333333333 10.027566405650237 0.0
12 0.34 1.5085 61.45858252427185 3.5323115860523897 4.909679203539823 0.0
12 0.34 10.0 52.14 1.83333333333 11.0 0.0
12 0.36 4.006 54.64061483467382 1.8543267798600593 9.135867446393762 0.0
12 0.38 6.004 56.98 1.83333333333 11.0 0.0
12 0.38 6.5035 56.98 1.83333333333 11.0 0.0
12 0.38 8.5015 56.98 1.83333333333 11.0 0.0
12 0.4 0.01 70.4434090909091 4.308658310118359 5.936794717887155 0.04561948102829933
12 0.42 5.5045 62.4 2.0 11.0 0.0
12 0.44 4.006 64.89967823343848 2.0296661409049044 7.2932743362831856 0.0
12 0.46 7.5025 66.66 1.83333333333 11.0 0.0
12 0.46 8.002 66.66 1.83333333333 11.0 0.0
12 0.46 9.001 66.66 1.83333333333 11.0 0.0
12 0.5 5.5045 72.0 2.0 10.048000841750842 0.0
12 0.52 7.5025 73.92 1.83333333333 11.0 0.0
12 0.54 4.006 78.30555437665782 2.545490716181281 5.234347614410906 0.0
12 0.56 4.006 81.16141195476575 2.742959073775187 5.107804682809686 0.0
12 0.6 7.5025 84.02026101141925 2.008442088091523 11.0 0.0
12 0.64 7.5025 88.85707448533998 2.0264233728431154 11.0 0.0
12 0.66 0.5095 97.31407726597325 4.377707275801276 5.913070776255708 0.0
12 0.66 2.008 96.59971739130434 4.235926404132261 5.385539403213466 0.0
12 0.66 2.5075 96.28136848792884 4.177827004222296 5.312911668484188 0.0
12 0.68 0.01 99.84885230024213 4.310309050770214 5.940431913617276 0.04642416212472523
12 0.7 4.006 99.73941485371343 3.9774270948685038 5.202804896947156 0.0
12 0.72 7.5025 98.68 2.16666666667 8.05354927636113 0.0
12 0.74 7.003 101.44125454545454 2.4110606060588275 5.454952198852773 0.0
12 0.76 3.007 106.69103339882122 4.3420692090363895 5.515898912348049 0.0
12 0.78 4.5055 108.53799878934625 4.194999150961616 5.3379726651480635 0.0
12 0.8 10.0 108.34549217002238 2.2879101416837933 9.891149635036497 0.0
12 0.82 4.5055 112.90887701612904 4.290654608094842 5.488358114520722 0.0
12 0.84 0.5095 115.80793423597679 4.621347736627942 6.096105134141359 0.0
12 0.84 1.009 115.72331898734177 4.677973613690781 6.100272514923437 0.0
12 0.86 6.004 117.1036147798742 4.261484593837076 5.448104465037911 0.0
12 0.86 6.5035 117.12571304347826 4.2882382996101605 5.38721271393643 0.0
12 0.86 8.5015 116.78331595576618 3.884565958560503 5.237942516649142 0.0
12 0.88 0.5095 119.8750376940133 4.674542532149408 6.125940800237989 0.0
12 0.88 1.009 119.78036285097193 4.741113875069455 6.132459533018192 0.0
12 0.9 3.5065 121.631033081834 4.690634674924976 6.05459177627681 0.0
12 0.9 9.5005 121.33486470588235 4.224642367235974 5.389369982972513 0.0
12 0.92 5.5045 123.65482798353909 4.610126752968761 6.0091925331018015 0.0
12 0.96 3.007 127.91197539543057 4.935777777776493 6.217810858143608 0.0
12 1.0 0.01 132.0 4.346583178722967 6.011169877849137 0.04435223466216012
12 1.0 3.007 132.0 5.0615817181156135 6.335105871029836 0.0
12 1.02 5.5045 133.77821481481482 5.240058036841175 6.55513049696103 0.0
12 1.06 6.004 137.14002612826602 5.648551587304558 7.1078888578609325 0.0
12 1.06 6.5035 137.11826840633736 5.682593457946622 7.133905516431925 0.0
12 1.06 8.5015 137.02272642607682 5.9249999999985 7.29381086344947 0.0
12 1.08 0.01 139.34177963737798 4.339128481578094 6.0034534347338235 0.043486271785423025
12 1.08 3.007 138.97833107454016 5.418061874429663 6.96374926079243 0.0
12 1.1 2.008 140.7848106060606 5.3419038164539305 6.7434376459598315 0.0
12 1.1 2.5075 140.71677625570774 5.434832366214041 6.968102932375823 0.0
12 1.1 7.003 140.13674532940018 6.290880893298612 7.705538186690487 0.0
12 1.12 0.01 143.01841389290882 4.3359189723287335 6.001888004109941 0.04342848512309319
12 1.14 1.5085 144.25927336448598 5.349859055670006 6.776553398058253 0.0
12 1.14 10.0 142.2750186915888 7.833270440248241 9.074163216011042 0.0
12 1.16 4.5055 144.90468144690783 6.375735051203328 7.925057077625571 0.0
12 1.22 7.003 148.06 8.16666666667 9.691258557135335 0.0
12 1.24 1.009 152.95723819517315 5.357032241682847 6.8761930585683295 0.0
12 1.26 1.5085 154.15886380597016 5.6739774675514125 7.117995035852179 0.0
12 1.26 3.5065 152.42331113423518 6.774937499999003 8.144233154195948 0.0
12 1.26 9.5005 149.59483673469387 9.32279320987363 10.040210341274172 0.0
12 1.3 8.002 152.23085315832648 9.345702833703104 10.036120411517624 0.0
12 1.3 9.001 152.1129118099846 9.669111709289911 10.049201345102984 0.0
12 1.32 1.5085 158.9142817869416 5.838806175899726 7.225664718084103 0.0
12 1.32 3.5065 156.30274470734744 7.233036959554375 8.477432266009853 0.0
12 1.32 10.0 153.12 10.027063464034613 11.0 0.0
12 1.36 4.006 158.23989743589743 7.955328376702948 9.096909492273731 0.0
12 1.38 4.5055 158.98872799097063 8.286836650081446 9.242788538498479 0.0
12 1.38 8.002 157.46 9.915352476449234 11.0 0.0
12 1.38 9.001 157.08 10.178376844523541 11.0 0.0
12 1.4 1.009 166.00241877256317 5.668301201456188 7.134203460620525 0.0
12 1.42 0.01 170.551136239782 4.3443494299096965 6.007990314769976 0.03910365335598981
12 1.44 5.5045 161.93937695704534 9.308942065488827 10.038928679817905 0.0
12 1.46 0.01 174.2460554785021 4.351636904758937 6.012658705216845 0.039540808589366414
12 1.46 3.007 165.8390626029654 7.835747549016323 9.08450418686646 0.0
12 1.48 9.5005 163.68 10.67360145497784 11.0 0.0
12 1.54 6.004 168.18 10.004341510652901 11.0 0.0
12 1.54 6.5035 167.64 10.221916540479011 11.0 0.0
12 1.54 8.5015 167.64 10.8333333333 11.0 0.0
12 1.56 3.5065 170.64015288611543 8.854546420222286 10.0 0.0
12 1.56 9.5005 168.96 10.678962896318044 11.0 0.0
12 1.6 0.5095 183.9171234428086 5.420924453278737 7.017044943820225 0.0
12 1.6 1.009 181.39501501501502 6.091630355847875 7.451717847370022 0.0
12 1.62 0.01 188.9712 4.345154471541618 6.006384071933205 0.03629640900791236
12 1.62 3.007 175.6133155737705 8.579179229482321 9.43804259908331 0.0
12 1.64 3.5065 176.00451951738822 9.091264649770155 10.025651518414818 0.0
12 1.64 9.5005 174.24 10.8333333333 11.0 0.0
12 1.66 7.5025 175.56 10.6666666667 11.0 0.0
12 1.66 8.002 175.56 10.752444514236878 11.0 0.0
12 1.66 9.001 175.56 10.8333333333 11.0 0.0
12 1.68 4.006 177.07541108097635 9.59975142045654 10.04900147151566 0.0
12 1.7 4.5055 178.29085054678006 10.044992211847005 11.0 0.0
12 1.7 8.002 178.2 10.840633995579779 11.0 0.0
12 1.7 9.001 178.2 10.8333333333 11.0 0.0
12 1.72 1.5085 186.97792700729926 7.15854586130071 8.383489254108722 0.0
12 1.72 10.0 179.52 10.699498570412382 11.0 0.0
12 1.74 0.5095 195.45106198830408 5.563543689321659 7.08839025681758 0.0
12 1.74 2.008 185.78639215686275 8.045680667263351 9.134545650766242 0.0
12 1.74 2.5075 183.66359422382672 8.612553897183014 9.471290230703504 0.0
12 1.74 7.003 180.84 10.70541368416048 11.0 0.0
12 1.76 10.0 182.16 10.833515761327712 11.0 0.0
12 1.78 5.5045 183.48 10.528900995432199 11.0 0.0
12 1.8 4.5055 184.80097220200847 10.233618181824735 11.0 0.0
12 1.82 7.003 186.12 11.0 11.0 0.0
12 1.84 0.01 209.10789784946238 4.353545425764719 6.0182083122149015 0.033384206831293305
12 1.88 7.5025 190.08 10.837087281711613 11.0 0.0
12 1.9 0.5095 208.06973516949154 5.740376290376675 7.184388735145694 0.0
12 1.9 2.008 195.45198595787363 8.514046044575348 9.387251092763478 0.0
12 1.9 2.5075 193.56342222222221 9.214922607370054 10.033354700854701 0.0
12 1.94 3.007 194.3001492371706 9.681245704470104 10.048286950772376 0.0
12 1.98 6.004 196.68 11.0 11.0 0.0
12 1.98 6.5035 196.68 11.0 11.0 0.0
12 1.98 8.5015 196.68 11.0 11.0 0.0
12 2.0 4.006 198.0 10.47700742239756 11.0 0.0
14 0.04 3.5065 23.41637744533947 1.9017312215755788 3.2972022823486102 0.0
14 0.04 9.5005 20.2 1.85714285714 12.0 0.0
14 0.06 4.5055 26.825292020373514 1.85714285714 4.269207521826729 0.0
14 0.1 0.01 52.410131578947365 5.282973033202894 7.13586936690385 0.04244504248435185
14 0.14 4.5055 36.66 1.85714285714 11.0 0.0
14 0.14 8.002 36.66 1.85714285714 13.0 0.0
14 0.14 9.001 36.66 1.85714285714 13.0 0.0
14 0.16 0.5095 56.5628 4.279795021957943 6.056643356643357 0.0
14 0.16 1.009 54.32179527559055 3.7261940946628305 5.25205066344994 0.0
14 0.16 2.5075 50.977333333333334 2.9681337809268773 4.46240298936476 0.0
14 0.18 0.5095 60.062155555555556 4.339559202055994 6.104611268492288 0.0
14 0.18 1.009 57.976032258064514 3.8126384839643825 5.321025029797378 0.0
14 0.2 1.5085 60.23704861111111 3.5731554160140218 5.1268705181978085 0.0
14 0.2 10.0 46.8 1.85714285714 13.0 0.0
14 0.22 0.5095 66.75314492753624 4.444339356294765 6.166520226981512 0.0
14 0.22 1.009 65.0619625 3.972779278562939 5.466801367733914 0.0
14 0.24 3.007 57.28630009871669 2.4651295564332067 5.180163098878695 0.0
14 0.26 4.006 57.68923509400179 2.001782836679918 12.044899867294005 0.0
14 0.28 6.004 61.04 2.0 13.0 0.0
14 0.28 6.5035 61.04 2.0 13.0 0.0
14 0.28 8.5015 60.32 1.85714285714 13.0 0.0
14 0.3 4.006 65.1 2.14285714286 12.048458533653847 0.0
14 0.32 1.5085 80.82934193548387 4.073152709361069 5.524669749009247 0.0
14 0.32 10.0 67.08 1.85714285714 13.0 0.0
14 0.34 4.5055 71.12 2.0 13.0 0.0
14 0.34 9.001 70.46 1.85714285714 13.0 0.0
14 0.36 1.5085 87.22922137404579 4.223357205677938 5.841950464396285 0.0
14 0.36 10.0 73.84 1.85714285714 13.0 0.0
14 0.4 0.5095 95.32352697095436 4.808356790991842 6.42524886877828 0.0
14 0.4 1.009 94.27435700575816 4.539616252822463 6.152150279776179 0.0
14 0.42 4.006 85.5376386352715 2.240797693414587 12.04099512431483 0.0
14 0.44 10.0 87.36 1.85714285714 13.0 0.0
14 0.46 0.01 105.76098832684825 5.299728859511331 7.147927124000744 0.04561948102829933
14 0.5 4.006 99.6876101321586 2.4821743234735263 12.002416204637097 0.0
14 0.56 1.5085 118.13025742574258 4.7911196911201355 6.284867032503166 0.0
14 0.56 10.0 107.64 1.85714285714 13.0 0.0
14 0.6 0.01 125.88274238227147 5.294155844151727 7.138508064516129 0.046338011202794675
14 0.62 4.5055 121.72428277634961 3.339955930955301 5.999819603126879 0.0
14 0.64 0.01 131.76067889908256 5.320556227324102 7.144141990068052 0.0460507290034944
14 0.66 6.004 125.97193857758622 2.458797721674053 13.0 0.0
14 0.66 6.5035 125.81025762195122 2.390864547036145 13.0 0.0
14 0.66 8.5015 124.54 1.85714285714 13.0 0.0
14 0.68 0.5095 136.84204705882354 5.286711565855079 7.069318976366942 0.0
14 0.68 1.009 136.38374364191253 5.181947830327572 6.939273356401384 0.0
14 0.68 2.5075 135.16711578947368 4.885400017955866 6.314911894273128 0.0
14 0.7 7.003 132.73422980849293 2.5401094326164797 12.04409261048056 0.0
14 0.72 0.01 143.02231203566123 5.311008509864045 7.147801392451448 0.04665382183821537
14 0.74 4.5055 143.49026846499677 4.717106813617509 6.100431499460626 0.0
14 0.76 5.005 146.31798276735935 4.712223719680794 6.08295168762409 0.0
14 0.8 4.5055 152.52093059936908 4.911581701878442 6.282724252491694 0.0
14 0.8 9.001 149.24675718015666 2.604826557256852 12.02983058117092 0.0
14 0.84 6.5035 158.32770517928287 4.860260608538616 6.182051282051282 0.0
14 0.86 5.5045 161.4801277419355 5.053077391835309 6.364649099921732 0.0
14 0.88 6.5035 164.3858269109286 5.028562577447907 6.407611272056887 0.0
14 0.9 7.5025 167.34273735273737 5.060198467283578 6.455744286596665 0.0
14 0.92 4.006 170.52877117117117 5.498900189214737 7.113629160063391 0.0
14 0.96 5.005 176.31279999999998 5.685006027731247 7.227584204413473 0.0
14 0.98 4.006 179.18236477007017 5.866344378052732 7.406297229219144 0.0
14 0.98 5.005 179.17775921908895 5.836950549448702 7.392045771699693 0.0
14 1.0 1.009 182.0 5.858359872608633 7.452531842187015 0.0
14 1.02 4.006 184.5050464839094 6.111808884629912 7.882317408017573 0.0
14 1.06 5.5045 189.23449234693877 6.605253650461235 8.294762122598353 0.0
14 1.08 1.009 192.02630023094687 6.011327822268374 7.721362372567192 0.0
14 1.1 8.5015 193.09939436619717 7.99768726975026 9.613196951464099 0.0
14 1.12 0.5095 197.12978546712804 5.8677042272639035 7.555035042419771 0.0
14 1.12 1.009 196.9667389443652 6.1068826590587095 7.959052757793765 0.0
14 1.12 2.5075 196.5396827586207 6.571528173023628 8.248148927219184 0.0
14 1.14 8.002 196.91728614157526 8.749391617848406 10.227530152071317 0.0
14 1.14 9.001 196.5757859589041 9.130905554357492 10.536574547935858 0.0
14 1.18 2.008 203.54214883720928 6.70565849771282 8.379858272008722 0.0
14 1.18 2.5075 203.2677258064516 6.9253550042756675 8.640460251046026 0.0
14 1.18 7.003 200.72548857644992 9.14901728004476 10.516178385416667 0.0
14 1.22 4.5055 205.80295238095238 8.421937261549944 10.098479688640234 0.0
14 1.24 9.5005 204.93436108108108 11.010632288632927 12.020861418588831 0.0
14 1.26 7.5025 207.17037524557958 10.54060512289935 11.602585579024035 0.0
14 1.26 8.002 206.94708710217756 10.726629134421735 11.867706131078224 0.0
14 1.26 9.001 206.30804356435644 11.1428571429 12.090978036048458 0.0
14 1.28 4.006 211.8114090909091 8.787321842890922 10.23611454834718 0.0
14 1.3 0.01 220.52879470198675 5.334691244236325 7.168406125921725 0.04305270155928925
14 1.3 3.007 214.87917857142855 8.194324135522464 9.929631760644419 0.0
14 1.32 7.5025 211.99986680541105 11.093637750937823 12.042908090790945 0.0
14 1.32 8.002 211.98866003976144 11.281757941908948 12.043139447046382 0.0
14 1.32 9.001 211.77910251903924 11.670444743936445 12.046768610216429 0.0
14 1.34 0.5095 224.13721597633136 6.158034000550494 8.020411491657258 0.0
14 1.34 2.008 220.68830831099194 7.555716586152483 9.230160572644612 0.0
14 1.34 2.5075 219.51706682297774 7.999278057317859 9.676899827288429 0.0
14 1.34 7.003 214.0572872983871 11.06982825919347 12.031640266650358 0.0
14 1.36 1.5085 223.94465217391303 7.1450515002266615 9.024756820877817 0.0
14 1.36 10.0 215.12 12.31005620608201 13.0 0.0
14 1.38 0.01 230.90439733333332 5.327051282047823 7.164505943536404 0.04145957562732694
14 1.38 3.007 222.31007504363 8.785033160065275 10.254348229185982 0.0
14 1.4 9.5005 218.83763700256435 12.178319109490639 13.0 0.0
14 1.42 1.009 231.7660387596899 6.840620384045237 8.55825462788062 0.0
14 1.44 4.006 224.9050337078652 10.178074141077595 11.260207670406967 0.0
14 1.5 0.5095 243.07110497237568 6.364607762177308 8.139591377091378 0.0
14 1.5 2.008 235.95332871012482 8.404733602205695 10.086283029947152 0.0
14 1.5 2.5075 233.87327844311378 9.075235808610662 10.51515250901935 0.0
14 1.5 7.003 228.0 12.124844720534348 13.0 0.0
14 1.54 5.5045 231.68 11.740306672834823 12.049286979495031 0.0
14 1.56 7.5025 233.52 12.492229340169668 13.0 0.0
14 1.58 5.005 235.94 11.857305946093746 12.049743435858964 0.0
14 1.6 6.004 237.2 12.187807986430995 13.0 0.0
14 1.6 6.5035 236.6 12.432241689155585 13.0 0.0
14 1.64 7.5025 240.88 12.413497250776201 13.0 0.0
14 1.66 0.01 266.8428512820513 5.352721530741992 7.186541871921182 0.039132809418332984
14 1.66 3.007 246.35588066825775 10.564269553949728 11.52095025510204 0.0
14 1.68 10.0 243.88 13.0 13.0 0.0
14 1.7 3.007 248.58195610687022 10.827977397824503 12.0 0.0
14 1.72 8.002 247.52 13.0 13.0 0.0
14 1.72 9.001 247.52 13.0 13.0 0.0
14 1.74 6.004 249.34 12.8571428571 13.0 0.0
14 1.74 6.5035 249.34 13.0 13.0 0.0
14 1.74 8.5015 249.34 13.0 13.0 0.0
14 1.76 4.5055 251.92 12.15332440388567 13.0 0.0
14 1.82 4.5055 257.44 12.255166904899976 13.0 0.0
14 1.84 1.009 274.68135058823526 7.97969047619007 9.663863060016906 0.0
14 1.86 2.008 267.11032453567935 10.209280026019863 11.236408789885612 0.0
14 1.86 7.003 260.26 13.0 13.0 0.0
14 1.9 6.004 263.9 13.0 13.0 0.0
14 1.9 6.5035 263.9 12.863429433921292 13.0 0.0
14 1.9 8.5015 263.9 13.0 13.0 0.0
14 1.92 0.5095 290.54068135095446 6.921221401547695 8.664489259096888 0.0
14 1.92 2.008 272.80057819103973 10.311433385479047 11.283695076760191 0.0
14 1.92 2.5075 268.92416346749224 11.098738532139715 12.037116881537338 0.0
14 1.92 7.003 265.72 13.0 13.0 0.0
14 1.94 5.005 267.54 12.62243403737117 13.0 0.0
14 1.96 0.5095 294.6664587155963 7.009746618995997 8.792882382635034 0.0
14 1.96 1.009 285.8894276923077 8.373894436516737 10.06992540687161 0.0
14 1.96 2.5075 272.34775382611525 11.194538878864861 12.035856294717613 0.0
14 1.98 5.5045 271.18 12.8571428571 13.0 0.0
16 0.0 4.006 15.0 1.875 3.0 0.0
16 0.0 5.005 15.0 1.875 3.0 0.0
16 0.02 4.006 21.95261217948718 1.875 3.1964160733679257 0.0
16 0.04 7.5025 25.84 1.875 10.0 0.0
16 0.06 3.007 36.74229411764706 2.3149556737588655 4.155789620535714 0.0
16 0.1 0.5095 60.83948979591837 4.877126218851571 7.009698065952414 0.0
16 0.1 1.009 55.714892086330934 3.961379641485275 5.77554347826087 0.0
16 0.14 3.007 58.782666666666664 2.9602158948685857 5.10645458736745 0.0
16 0.16 6.004 51.84 2.0 15.0 0.0
16 0.16 6.5035 51.0 1.875 15.0 0.0
16 0.16 8.5015 51.0 1.875 15.0 0.0
16 0.18 6.004 55.5 1.875 15.0 0.0
16 0.18 6.5035 56.32 2.0 15.0 0.0
16 0.18 8.5015 55.5 1.875 15.0 0.0
16 0.2 4.5055 60.8 2.0 15.0 0.0
16 0.2 9.001 60.0 1.875 15.0 0.0
16 0.22 6.004 64.5 1.875 15.0 0.0
16 0.22 6.5035 64.5 1.875 15.0 0.0
16 0.24 5.005 69.76 2.0 15.0 0.0
16 0.26 1.5085 92.4771282051282 4.423697033898305 6.1755848930481285 0.0
16 0.26 10.0 73.5 1.875 15.0 0.0
16 0.28 5.5045 78.72 2.0 15.0 0.0
16 0.3 1.5085 101.2455982905983 4.59674676025918 6.278473828042884 0.0
16 0.3 10.0 83.2 2.0 15.0 0.0
16 0.32 4.5055 88.36 2.125 15.0 0.0
16 0.32 8.002 87.68 2.0 15.0 0.0
16 0.32 9.001 87.0 1.875 15.0 0.0
16 0.34 3.007 96.93865287356321 2.9050478927203067 6.17335035349568 0.0
16 0.36 4.5055 97.79748919949174 2.2260721092757305 15.0 0.0
16 0.36 9.001 96.0 1.875 15.0 0.0
16 0.4 6.004 105.0 1.875 15.0 0.0
16 0.4 6.5035 105.6 2.0 15.0 0.0
16 0.4 8.5015 105.6 2.0 15.0 0.0
16 0.42 10.0 109.5 1.875 15.0 0.0
16 0.44 4.5055 115.82980873180874 2.283439449064449 14.049429669208141 0.0
16 0.44 9.001 114.0 1.875 15.0 0.0
16 0.46 1.009 136.06193031358885 5.41429392824287 7.239727697622435 0.0
16 0.48 0.5095 141.15587610619468 5.788893939393939 7.805615662029881 0.0
16 0.48 2.008 138.07011042944785 5.07305900621118 6.752076528231451 0.0
16 0.48 2.5075 137.45636046511626 4.932429604261796 6.499261400128452 0.0
16 0.48 7.003 123.52 2.0 15.0 0.0
16 0.5 10.0 127.5 1.875 15.0 0.0
16 0.52 0.5095 149.26214354066985 5.849982168330956 7.960864272671942 0.0
16 0.52 1.009 147.9344458598726 5.5545165745856355 7.361544544016869 0.0
16 0.52 2.5075 145.51084210526315 5.047110259826782 6.700994809688582 0.0
16 0.54 4.5055 139.7177529953917 2.749389400921659 14.043370691478113 0.0
16 0.56 4.5055 144.26956413793104 2.803853448275862 14.039977566240223 0.0
16 0.56 8.002 141.44 2.0 15.0 0.0
16 0.56 9.001 141.0 1.875 15.0 0.0
16 0.58 0.5095 160.90383122362869 5.959254807692307 8.046750433275562 0.0
16 0.58 2.008 158.49352772073922 5.363443396226415 7.11188535723988 0.0
16 0.58 2.5075 157.90979338842976 5.2499625 7.027255392682636 0.0
16 0.58 7.003 146.76 2.25 15.0 0.0
16 0.6 0.5095 164.6309305760709 5.9979563492063495 8.055997088791848 0.0
16 0.6 1.009 163.75444444444446 5.7415019132653065 7.5797286821705425 0.0
16 0.6 2.5075 161.89331010452963 5.292318925233645 7.045412339645694 0.0
16 0.64 0.5095 172.49555801104972 6.063859375 8.105023056653492 0.0
16 0.64 1.009 171.7272105263158 5.8654244652406415 7.78230921704658 0.0
16 0.64 2.5075 170.02092427184468 5.404491786447639 7.140427713490552 0.0
16 0.66 5.5045 167.1254074074074 3.2078703703703706 6.481100569259962 0.0
16 0.68 6.004 170.58029331184528 2.882927074939565 7.973140172278779 0.0
16 0.68 6.5035 169.78217036654618 2.5711602994321114 15.0 0.0
16 0.68 8.5015 169.06869104665827 2.2924574401008826 15.0 0.0
16 0.7 4.5055 180.47285563751316 5.1100218658892125 6.8537181487259495 0.0
16 0.72 0.5095 187.75016727272728 6.180436862244898 8.196464153154913 0.0
16 0.72 1.009 187.23526436781611 6.048140608034744 8.045888338833883 0.0
16 0.76 3.5065 193.3338321995465 5.6000128600823045 7.192266519010705 0.0
16 0.76 9.5005 187.10647389558233 2.451288487282463 15.0 0.0
16 0.78 4.006 197.2210548271752 5.565453539823009 7.23801734331888 0.0
16 0.78 5.005 196.7932298136646 5.369266419491526 7.088448090371167 0.0
16 0.8 3.007 201.4851652173913 5.837596432015429 7.502732422525825 0.0
16 0.82 4.006 205.19836031331593 5.733282800441014 7.360557474099655 0.0
16 0.82 5.005 204.86466171003718 5.546310975609756 7.214785918173169 0.0
16 0.92 10.0 224.4371606557377 5.68286620294599 7.307744774477448 0.0
16 0.94 4.006 228.67045682451254 6.387213150926743 8.211096153846153 0.0
16 0.94 5.005 228.6216446991404 6.290344101123596 8.136501901140685 0.0
16 0.96 1.5085 232.56894478527607 6.66342091007584 8.580877260484801 0.0
16 0.96 3.5065 232.5085487179487 6.563492298578199 8.39560034061879 0.0
16 0.98 1.5085 236.29371614583334 6.731999341238471 8.682923558337059 0.0
16 0.98 10.0 236.2394029451138 6.496268406961178 8.314162773543153 0.0
16 1.0 6.5035 240.0 6.856887393767705 8.845869098712447 0.0
16 1.0 9.5005 240.0 6.866916899441341 8.873922775601567 0.0
16 1.02 1.5085 243.3680642201835 6.876442826321467 8.975830258302583 0.0
16 1.02 10.0 243.282575 7.355911420204978 9.315819774718397 0.0
16 1.04 4.006 246.63081379310344 7.318031609195402 10.0 0.0
16 1.04 5.005 246.56065546218488 7.332349860335196 9.285644257703082 0.0
16 1.08 9.5005 251.91339750445633 9.161089562764458 11.125600121543604 0.0
16 1.1 5.5045 255.4540028901734 8.466802325581396 10.398835888699603 0.0
16 1.12 6.004 258.0322566037736 8.962400159744409 11.042450142450143 0.0
16 1.12 6.5035 257.9159839142091 9.140320025348542 11.120092758827049 0.0
16 1.12 8.5015 257.19678712871286 9.96717803030303 11.898991596638655 0.0
16 1.14 0.01 263.87855172413794 6.331659663865546 8.374912587412588 0.045705761812921894
16 1.14 3.007 262.1321911170929 7.978532210834554 10.094904747505291 0.0
16 1.16 5.005 263.759601659751 9.210518549747048 11.159320601656244 0.0
16 1.18 8.5015 264.22019056429235 11.347755570117956 13.025710833096388 0.0
16 1.2 4.006 269.7821835443038 9.234338111298483 11.166402970616726 0.0
16 1.26 0.01 284.4424144736842 6.3538217905405405 8.395119760479043 0.044554067101134444
16 1.28 1.5085 284.24404864864863 7.982508605851979 10.08714349046845 0.0
16 1.28 10.0 274.44 13.738432985553771 14.048772941635878 0.0
16 1.32 0.01 294.5638493975904 6.340535071942446 8.404188644120385 0.04345737932701021
16 1.32 3.007 286.31680938416423 9.748376334519573 11.57201198950918 0.0
16 1.34 6.004 283.4486581196581 12.451393678160919 13.578971150503998 0.0
16 1.34 8.5015 281.73315542521993 13.752864705882352 15.0 0.0
16 1.36 4.5055 287.85180275229357 11.642185777287763 13.10397903899103 0.0
16 1.36 8.002 283.9865781697905 13.626263513513514 14.049201345102984 0.0
16 1.36 9.001 283.5775917296713 13.995771719038817 15.0 0.0
16 1.42 6.5035 292.087489003881 13.426421161825726 14.049743435858964 0.0
16 1.42 9.5005 290.4 14.376875864453666 15.0 0.0
16 1.44 1.5085 306.7941409395973 8.780767906336088 10.837587885343428 0.0
16 1.44 10.0 292.8 14.625 15.0 0.0
16 1.46 3.5065 301.0044192229039 11.629122023809524 13.093353927625772 0.0
16 1.46 9.5005 295.2 14.875 15.0 0.0
16 1.5 6.004 300.5 13.804131265930332 15.0 0.0
16 1.5 6.5035 300.5 13.755901332223148 15.0 0.0
16 1.5 8.5015 300.5 14.485776337562053 15.0 0.0
16 1.52 2.008 314.16192927864216 10.04578125 12.016991132402406 0.0
16 1.52 2.5075 311.58431275720164 10.796027542372881 12.37912977485454 0.0
16 1.52 7.003 303.44 14.145305974943785 15.0 0.0
16 1.58 1.5085 325.3768747099768 9.481180884676146 11.314194160930453 0.0
16 1.58 3.5065 314.3207563232572 12.485199652777778 13.500975907288808 0.0
16 1.58 10.0 309.6 14.875 15.0 0.0
16 1.62 3.5065 318.2644583333333 12.815340375586855 14.013633390437626 0.0
16 1.62 9.5005 314.4 15.0 15.0 0.0
16 1.66 1.009 340.2799364548495 8.7629329004329 10.781006979062811 0.0
16 1.68 4.5055 323.8568842105263 13.759934422457432 15.0 0.0
16 1.68 9.001 321.6 14.875 15.0 0.0
16 1.7 5.005 324.0 14.638448361469711 15.0 0.0
16 1.72 0.01 362.68984474885843 6.35106783919598 8.404167972422439 0.040733672603901615
16 1.72 3.007 331.15514482758624 12.637435699588478 14.0 0.0
16 1.74 5.5045 329.54 14.189775600505689 15.0 0.0
16 1.76 3.007 335.4956219512195 12.833384146341464 14.00934430332228 0.0
16 1.78 2.008 343.8453071297989 11.465181213017752 13.04896898976982 0.0
16 1.78 7.003 333.6 15.0 15.0 0.0
16 1.8 4.006 337.6 13.95233666061706 15.0 0.0
16 1.8 5.005 336.8498404322151 14.178832053072625 15.0 0.0
16 1.84 6.5035 340.8 15.0 15.0 0.0
16 1.88 0.5095 378.5765997171146 8.034519754768393 10.12603164247268 0.0
16 1.88 1.009 368.6600740740741 9.509464798850574 11.339584402257568 0.0
16 1.88 2.5075 349.9323636363636 12.868595467032968 14.021194325101227 0.0
16 1.9 5.5045 348.9 14.5 15.0 0.0
16 1.92 6.004 350.4 15.0 15.0 0.0
16 1.92 8.5015 350.4 15.0 15.0 0.0
16 1.94 3.5065 354.68 13.89557423857868 15.0 0.0
16 1.94 9.5005 352.8 15.0 15.0 0.0
16 1.96 6.004 355.2 15.0 15.0 0.0
16 1.96 6.5035 355.2 15.0 15.0 0.0
16 1.96 8.5015 355.2 15.0 15.0 0.0
16 1.98 4.006 359.56 14.242488052568698 15.0 0.0
16 2.0 4.5055 360.22610579115366 14.375 15.0 0.0
18 0.0 1.5085 22.946784232365147 2.5496426924889874 4.122684659090909 0.0
18 0.0 10.0 17.0 1.88888888889 3.0 0.0
18 0.02 1.5085 34.427052631578945 2.922357586013185 4.561860978300846 0.0
18 0.02 10.0 23.08 1.88888888889 16.0 0.0
18 0.04 0.01 75.68482474226805 7.2903547907342965 9.633800964489259 0.042068485691814386
18 0.06 5.005 37.04 1.88888888889 13.0 0.0
18 0.08 4.006 41.04 1.88888888889 15.104133695523798 0.0
18 0.1 6.004 45.9 1.88888888889 17.0 0.0
18 0.1 6.5035 45.9 1.88888888889 17.0 0.0
18 0.1 8.5015 45.9 1.88888888889 17.0 0.0
18 0.12 0.5095 83.86685714285714 5.724579710147681 8.056473002841805 0.0
18 0.12 2.008 71.91552475247525 3.679901433694957 5.489551777434312 0.0
18 0.12 2.5075 70.47335714285714 3.425042362619812 5.299103139013453 0.0
18 0.12 7.003 51.68 1.88888888889 17.0 0.0
18 0.14 5.005 58.32 2.0 17.0 0.0
18 0.16 5.5045 64.92 2.11111111111 17.0 0.0
18 0.2 3.007 81.81807339449541 2.8597748082171903 6.177293967714529 0.0
18 0.24 1.5085 111.3128 4.897397580564206 6.997386018237082 0.0
18 0.24 3.5065 90.2029068585944 2.4507173769835444 16.042937016441005 0.0
18 0.24 9.5005 86.36 1.88888888889 17.0 0.0
18 0.26 4.5055 94.36 2.22222222222 17.0 0.0
18 0.26 8.002 92.14 1.88888888889 17.0 0.0
18 0.26 9.001 92.14 1.88888888889 17.0 0.0
18 0.3 4.5055 105.1 2.11111111111 17.0 0.0
18 0.3 8.002 104.4 2.0 17.0 0.0
18 0.3 9.001 104.4 2.0 17.0 0.0
18 0.32 3.007 119.28205141388175 3.4889598410662375 6.655826906598115 0.0
18 0.34 5.005 116.58 2.11111111111 17.0 0.0
18 0.36 3.007 127.92418348623855 3.0840596330266825 7.119933554817276 0.0
18 0.38 2.008 148.7789638554217 5.295364307241615 7.162420280612245 0.0
18 0.38 2.5075 147.34107692307694 5.0708706108699015 7.074131548974943 0.0
18 0.42 4.5055 140.768210562651 2.34640049092585 17.0 0.0
18 0.42 9.001 138.38 1.88888888889 17.0 0.0
18 0.44 3.007 162.82721818181818 5.186106362771168 7.106603237716558 0.0
18 0.46 6.5035 150.48 2.0 17.0 0.0
18 0.48 6.004 156.88717382413088 2.138285005154788 17.0 0.0
18 0.48 8.5015 156.26782174039582 2.0059448163238316 17.0 0.0
18 0.5 4.5055 165.22176823638043 2.715948496976268 17.0 0.0
18 0.52 6.004 168.93584241628363 2.2721857445073828 17.0 0.0
18 0.52 6.5035 168.47779326923077 2.1661558493573128 17.0 0.0
18 0.52 8.5015 167.76 2.0 17.0 0.0
18 0.56 3.007 194.34476883116884 5.55590580520602 7.3002687569988804 0.0
18 0.58 6.004 186.93597952218428 2.5015818841758675 17.0 0.0
18 0.58 6.5035 186.52898130841123 2.3939103990466473 17.0 0.0
18 0.58 8.5015 185.46 2.11111111111 17.0 0.0
18 0.6 6.004 193.19775401069518 2.6660427807520026 17.0 0.0
18 0.6 6.5035 192.05942535211267 2.3498403755833563 17.0 0.0
18 0.6 8.5015 191.6079814061592 2.224439279486425 17.0 0.0
18 0.62 5.005 200.3649117647059 3.1125472996204775 16.048201136124554 0.0
18 0.64 6.004 205.05822886421862 2.845132365501122 17.0 0.0
18 0.64 6.5035 203.88473337637186 2.482942400113405 17.0 0.0
18 0.64 8.5015 203.4 2.33333333333 17.0 0.0
18 0.66 4.006 219.96299045801527 5.693087755455585 7.393060686015831 0.0
18 0.68 5.5045 218.5194161331626 3.6247972684629923 7.36871905940594 0.0
18 0.72 6.004 229.4560187793427 3.6254042775206994 8.080122568611777 0.0
18 0.72 6.5035 228.3380404040404 3.1817620650935807 16.005330276093854 0.0
18 0.72 8.5015 226.27588759689922 2.3634474590833596 17.0 0.0
18 0.74 5.005 240.19375794251135 5.785931685275931 7.595232646834478 0.0
18 0.76 7.5025 239.85184725536993 3.375855210815653 7.447117718446602 0.0
18 0.76 8.002 239.31748314606742 3.128464419474371 17.0 0.0
18 0.78 1.5085 252.72963241678727 6.860274170275567 9.060454478382765 0.0
18 0.8 5.005 255.81492327365729 6.0894915625675905 8.058893333333334 0.0
18 0.82 1.5085 262.57289709762534 6.9791480931156125 9.151017159030603 0.0
18 0.9 0.5095 282.3216595744681 7.373747431638431 9.672690401081569 0.0
18 0.9 1.009 282.2218648310388 7.367412698409024 9.6112843660238 0.0
18 0.9 2.008 281.9548956884562 7.184029756250138 9.319706714689993 0.0
18 0.9 2.5075 281.83827889447235 7.094352548035815 9.20735324407827 0.0
18 0.92 4.5055 286.53074258600236 6.946404494382558 9.100733229329173 0.0
18 0.94 1.5085 291.7219371221282 7.437558432214251 9.640338688666956 0.0
18 0.96 7.5025 296.293185 7.035374999999646 9.17175670709298 0.0
18 0.96 8.002 296.2882375 7.0219103719101525 9.127046263345196 0.0
18 0.96 9.001 296.2684233378562 6.9670275146597795 9.10136741006023 0.0
18 0.98 4.5055 301.23412444444443 7.517875101380181 9.736368015414259 0.0
18 0.98 8.002 301.20472621809745 7.359074503734486 9.46043236161153 0.0
18 0.98 9.001 301.1954744318182 7.308191287875705 9.393662173788357 0.0
18 1.02 4.5055 310.2891734693877 8.01567071272938 10.261754966887418 0.0
18 1.02 9.001 310.2267402799378 8.328494932106105 10.591157294213529 0.0
18 1.04 1.5085 314.63490693069303 7.885046375166776 10.174468496327792 0.0
18 1.1 4.006 326.38918326693226 9.0650074571209 11.324739311783107 0.0
18 1.12 5.5045 329.4290272873194 10.144243338346561 12.301900347624565 0.0
18 1.14 1.009 335.8141402061856 8.115522875815838 10.352922814982973 0.0
18 1.16 1.5085 339.5000203045685 8.49638124362866 10.91844262295082 0.0
18 1.16 3.5065 337.75614814814816 9.692269024097374 12.056276267862147 0.0
18 1.18 5.5045 339.3150288858322 11.305494281015202 13.3161131898971 0.0
18 1.2 1.5085 347.4402333333333 8.720094161961368 11.105917835017934 0.0
18 1.22 4.006 347.4403550834598 10.941633428305932 13.100788981010966 0.0
18 1.22 5.005 346.21615625 11.760183486262514 13.80633416458853 0.0
18 1.26 1.009 360.34540594059405 8.530189798341679 11.01335744908896 0.0
18 1.28 4.5055 355.7981976893453 12.227777777755 14.125431294486669 0.0
18 1.28 8.002 351.4868657894737 14.581149682759317 15.872137203166227 0.0
18 1.28 9.001 350.63037547169813 15.080907911794762 16.04630929076946 0.0
18 1.3 3.5065 361.1092061281337 11.526768503385663 13.510063312229256 0.0
18 1.3 9.5005 353.2910126582278 15.401264737366091 17.0 0.0
18 1.32 1.009 372.0511826401447 8.777514673145314 11.120766163979892 0.0
18 1.34 5.5045 362.664652173913 13.802590401071681 15.18210825474745 0.0
18 1.36 3.007 371.3755451263538 11.652362459581688 13.597142857142858 0.0
18 1.38 3.5065 373.08556407185625 12.50066956207075 14.24135028653295 0.0
18 1.38 9.5005 364.52 16.119267962467525 17.0 0.0
18 1.44 4.5055 378.3459515885023 14.050194704044825 15.2672270334522 0.0
18 1.44 9.001 374.2 16.288970655008807 17.0 0.0
18 1.46 7.5025 376.84080608604404 16.29288624597886 17.0 0.0
18 1.48 0.5095 406.50035179153093 8.483443344333109 10.961519756838905 0.0
18 1.48 2.008 395.2335705521472 11.26460262343033 13.25950956937799 0.0
18 1.48 2.5075 392.2637441860465 12.063865388224484 14.079757211039635 0.0
18 1.5 5.5045 385.0800473933649 15.422752869786619 16.049372598463016 0.0
18 1.54 2.008 404.3273940256045 11.684088210379343 13.657233502538071 0.0
18 1.56 0.5095 422.42320707964603 8.644274086696724 11.06929003021148 0.0
18 1.56 2.008 407.45506806282725 11.723849607210555 13.792388059701493 0.0
18 1.56 2.5075 403.91026955074875 12.688938863932488 14.376224308551128 0.0
18 1.58 7.5025 394.74 16.581609520085525 17.0 0.0
18 1.58 8.002 395.33067202645685 16.46744050917819 17.0 0.0
18 1.58 9.001 395.32 16.8888888889 17.0 0.0
18 1.62 7.5025 400.86 16.680779466428408 17.0 0.0
18 1.64 0.5095 438.2108400702988 8.776300344062145 11.124497509019069 0.0
18 1.64 2.008 419.64667733333334 12.354600802510548 14.169036144578314 0.0
18 1.64 2.5075 415.9525574912892 13.211846019226408 15.033333333333333 0.0
18 1.66 9.5005 407.00041925074527 16.78300808263026 17.0 0.0
18 1.68 3.007 417.42149768303983 14.248602226935576 15.446369958275383 0.0
18 1.7 3.5065 417.40389204545454 14.836278034599491 16.031610654108437 0.0
18 1.7 9.5005 413.1 17.0 17.0 0.0
18 1.72 1.009 445.1871533742331 10.33135376752753 12.492652510953825 0.0
18 1.74 4.006 422.4715226512618 15.62608949647389 17.0 0.0
18 1.76 5.005 423.04 16.535974807323385 17.0 0.0
18 1.8 1.5085 449.37937753721246 12.070735267279918 14.07906095741017 0.0
18 1.82 5.005 433.1 16.28779956424137 17.0 0.0
18 1.88 6.004 440.64 17.0 17.0 0.0
18 1.88 6.5035 440.64 16.8888888889 17.0 0.0
18 1.88 8.5015 440.64 17.0 17.0 0.0
18 1.9 4.006 445.5 16.177312252946695 17.0 0.0
18 1.92 5.5045 446.76 16.7777777778 17.0 0.0
18 1.94 7.5025 449.82 17.0 17.0 0.0
18 1.94 8.002 449.82 17.0 17.0 0.0
18 1.96 5.5045 453.84 16.68804181842659 17.0 0.0
20 0.0 4.5055 19.0 1.9 3.0 0.0
20 0.0 8.002 19.0 1.9 3.0022904851921863 0.0
20 0.0 9.001 19.0 1.9 3.0 0.0
20 0.02 4.5055 30.54 1.9 5.110773169482847 0.0
20 0.02 8.002 26.22 1.9 19.0 0.0
20 0.02 9.001 26.22 1.9 19.0 0.0
20 0.04 0.5095 75.38411111111111 6.171519823788547 8.652016498625114 0.0
20 0.04 1.009 61.4152 4.569141414141414 6.940036231884058 0.0
20 0.04 2.5075 47.53596721311476 2.73862812769629 4.631259659969088 0.0
20 0.06 1.5085 63.59015909090909 3.8386472945891783 6.055358819584172 0.0
20 0.06 3.5065 54.209483870967745 2.639148185483871 5.152858504049547 0.0
20 0.06 9.5005 40.66 1.9 19.0 0.0
20 0.08 1.5085 73.21336170212766 4.10934928229665 6.195794930875576 0.0
20 0.12 6.004 62.32 1.9 19.0 0.0
20 0.12 8.5015 62.32 1.9 19.0 0.0
20 0.14 3.5065 73.96402009518773 2.4060488599348533 17.202628873549713 0.0
20 0.14 9.5005 69.54 1.9 19.0 0.0
20 0.2 5.005 92.8 2.1 19.0 0.0
20 0.24 7.5025 105.64 1.9 19.0 0.0
20 0.24 8.002 105.64 1.9 19.0 0.0
20 0.24 9.001 106.4 2.0 19.0 0.0
20 0.26 0.01 160.70655000000002 8.260397489539749 11.026503851827568 0.04443874471937236
20 0.26 3.007 121.10952685185185 3.0129953703703705 17.16013097072419 0.0
20 0.28 2.008 149.5209066666667 5.346847492323439 7.359456087824351 0.0
20 0.3 3.007 134.7789630681818 2.9684232954545453 18.01274161366754 0.0
20 0.32 5.005 137.24 2.3 19.0 0.0
20 0.34 3.5065 147.93468831168832 2.8385891381345925 19.0 0.0
20 0.34 9.5005 142.4 2.0 19.0 0.0
20 0.36 5.005 151.7067052494899 2.329172695232795 19.0 0.0
20 0.42 3.007 194.7468121827411 5.619211119459053 7.516039004707465 0.0
20 0.44 5.005 180.64 2.4 19.0 0.0
20 0.48 5.5045 194.73286650485437 2.3717050970873785 19.0 0.0
20 0.52 5.5045 209.49641725175528 2.478420260782347 19.0 0.0
20 0.54 5.005 218.55840976645433 2.9040021231422504 19.0 0.0
20 0.56 5.005 225.59082547559967 2.907005789909016 19.0 0.0
20 0.58 5.5045 232.3812724137931 2.852683908045977 19.0 0.0
20 0.6 5.5045 239.85131736526947 2.962829341317365 19.0 0.0
20 0.62 1.5085 263.3288434504792 6.973062068965517 9.25997767857143 0.0
20 0.62 3.5065 259.9049001490313 6.20846314325452 8.115806288885151 0.0
20 0.64 5.5045 255.44423688155922 3.4011769115442276 19.0 0.0
20 0.7 5.005 284.7229866270431 6.131523579201935 8.152735584722018 0.0
20 0.72 5.5045 290.85156956521735 6.052575516693164 8.065938195991091 0.0
20 0.74 1.5085 301.20313172541745 7.45417704011065 9.92017441860465 0.0
20 0.74 3.5065 299.069184 6.699406077348066 8.842925531914894 0.0
20 0.76 0.01 309.67891002570695 8.322806691449815 11.058226797277104 0.04754270933589991
20 0.78 8.002 304.3586346328196 3.6175611967361743 16.380299625468165 0.0
20 0.78 9.001 303.36346610169494 3.1652118644067797 19.0 0.0
20 0.8 1.5085 319.73120111731845 7.692761437908497 10.148681010289991 0.0
20 0.8 3.5065 318.2111674208145 7.035286697247706 9.195581078450457 0.0
20 0.8 9.5005 310.90119010819166 3.450595054095827 18.016360191340002 0.0
20 0.82 8.002 322.66493698630137 6.145832575068244 8.115949820788531 0.0
20 0.82 9.001 322.5924298615292 6.1038858858858855 8.118855721393034 0.0
20 0.84 2.008 331.64202843601896 7.650545722713864 10.092601233127812 0.0
20 0.84 2.5075 331.4358184110971 7.539026548672566 10.02208413001912 0.0
20 0.86 4.5055 336.844756684492 7.150665887850467 9.265278757939308 0.0
20 0.88 2.008 343.9736682170543 7.8688969521045 10.261489210339104 0.0
20 0.88 2.5075 343.831727148704 7.76553412462908 10.166201696512724 0.0
20 0.9 6.004 349.2338069414317 7.228432835820896 9.398866463920376 0.0
20 0.9 6.5035 349.1358084449022 7.133871614844534 9.266392285983066 0.0
20 0.9 8.5015 348.82315524193547 6.822480079681275 9.058723464079854 0.0
20 0.92 3.007 355.9943353293413 7.959800531914894 10.282173805397376 0.0
20 0.94 4.5055 361.94438402061854 7.895391621129327 10.256240232194687 0.0
20 0.94 8.002 361.67234688995217 7.453847072879331 9.775709939148072 0.0
20 0.94 9.001 361.61377372262774 7.356167883211679 9.543021103295075 0.0
20 0.96 0.01 368.3109378531073 8.333809523809524 11.054062657061484 0.04848712478591389
20 0.98 0.01 374.1560708955224 8.342642706131079 11.075293103448276 0.04900147151566113
20 0.98 3.007 374.0898747940692 8.430388198757765 11.047800586510263 0.0
20 1.02 3.007 385.38968679245284 8.874094339622642 11.360943833236828 0.0
20 1.04 4.5055 390.56884602368865 9.316491499227203 12.01163327086637 0.0
20 1.04 8.002 390.32955 9.905852459016394 12.445580296896086 0.0
20 1.04 9.001 390.249938697318 10.082514851485149 12.658246723904202 0.0
20 1.06 4.5055 395.6228556149733 9.640218253968253 12.227944890929965 0.0
20 1.14 3.5065 415.12072 10.658835164835164 13.190980810234542 0.0
20 1.14 9.5005 410.96926081871345 13.938421985815603 16.079468573257923 0.0
20 1.16 7.5025 415.86587387387385 13.534213286713287 15.820490093847758 0.0
20 1.16 8.002 415.40860075093866 13.893796133567664 16.04614726840855 0.0
20 1.16 9.001 414.61632688172045 14.383704379562044 16.259972993827162 0.0
20 1.18 4.006 423.3769114391144 11.702774086378737 14.134816929795095 0.0
20 1.2 4.5055 427.01415954415955 12.422399380804954 14.78746854554605 0.0
20 1.2 8.002 422.53846315789474 14.898904347826088 16.757946554149086 0.0
20 1.2 9.001 421.8381584158416 15.349222873900294 17.102452035563875 0.0
20 1.22 1.5085 436.6632092050209 9.940825335892514 12.462287694974004 0.0
20 1.24 0.5095 444.1414275092937 9.025804878048781 11.597429414243573 0.0
20 1.24 2.008 440.1728097165992 10.605120147874306 13.158297793435935 0.0
20 1.24 2.5075 438.980816 11.121732142857143 13.629191238416176 0.0
20 1.26 6.5035 434.8394011461318 15.158456090651558 17.036724480701995 0.0
20 1.28 3.007 445.99634782608695 12.184686098654709 14.539797760924522 0.0
20 1.3 7.5025 440.5468720930233 16.533504380475595 18.0 0.0
20 1.32 9.5005 441.76 17.62996023856859 19.0 0.0
20 1.34 4.006 454.5300261627907 14.05517441860465 16.113142343268244 0.0
20 1.36 5.005 454.8130080645161 15.39094298245614 17.100937448149992 0.0
20 1.38 7.5025 454.5327057195572 17.46663387978142 18.04814391776128 0.0
20 1.4 0.5095 485.4695185185185 9.356452762923352 12.053555383423703 0.0
20 1.4 2.008 475.1043326039387 11.994762931034483 14.358328855454056 0.0
20 1.4 2.5075 471.7962007168459 12.846859813084112 15.141957273012881 0.0
20 1.44 3.007 477.2949611307421 14.002859216255443 16.09793220338983 0.0
20 1.48 6.004 473.8440870978226 17.568770661157025 18.049771949828962 0.0
20 1.48 6.5035 473.12 17.803970820189274 19.0 0.0
20 1.48 8.5015 471.68 18.7 19.0 0.0
20 1.5 4.006 481.6040465116279 15.944911616161617 17.29554945054945 0.0
20 1.52 5.5045 481.3687501995211 17.335701612903225 18.042676622630673 0.0
20 1.56 6.004 487.52 18.016534736842104 19.0 0.0
20 1.56 6.5035 487.52 18.292140634723086 19.0 0.0
20 1.56 8.5015 486.4 19.0 19.0 0.0
20 1.58 0.01 538.7748194174757 8.317577519379846 11.06482866585493 0.043110533631473984
20 1.58 3.007 501.7820476190476 15.338970814132106 17.080020443465955 0.0
20 1.6 2.008 514.5253245033113 13.646075731497417 15.859498399146212 0.0
20 1.6 2.5075 509.8892 14.536501416430594 16.357448260177392 0.0
20 1.64 6.004 502.88 18.084165202108963 19.0 0.0
20 1.64 6.5035 503.55405084745763 18.265954653937946 19.0 0.0
20 1.64 8.5015 501.6 19.0 19.0 0.0
20 1.68 5.005 511.26218805412975 18.302754779717375 19.0 0.0
20 1.7 7.5025 513.7 18.9 19.0 0.0
20 1.72 3.5065 522.5083198494825 16.80989841986456 18.019618587659824 0.0
20 1.72 9.5005 517.52 18.8 19.0 0.0
20 1.76 1.5085 551.4006710097719 13.376066536203522 15.454565150108326 0.0
20 1.76 3.5065 531.0268315724053 17.011225 18.048286950772376 0.0
20 1.76 9.5005 525.16 18.9 19.0 0.0
20 1.8 8.002 532.0 18.9 19.0 0.0
20 1.8 9.001 532.0 19.0 19.0 0.0
20 1.82 1.5085 563.1011689922481 13.641614583333332 15.93553386911596 0.0
20 1.82 3.5065 540.7431314617619 17.559567346938778 19.0 0.0
20 1.86 4.006 546.84 17.860303975058457 19.0 0.0
20 1.88 5.5045 547.2 18.9 19.0 0.0
20 1.9 7.003 551.9 18.8 19.0 0.0
20 1.92 4.006 557.56 18.136456815816857 19.0 0.0
20 1.94 0.01 636.4358623655914 8.390116822429906 11.072267857142856 0.03956993812932185
20 1.98 4.5055 567.18 18.5 19.0 0.0
20 2.0 5.005 571.0218594594595 18.8 19.0 0.0
