10 0.04 5.005 13.090383003835939 1.8 3.0 0.0
10 0.06 10.0 14.28 1.8 6.083109093856379 0.0
10 0.08 2.008 18.473978723404255 1.9076498800959234 3.023090600501091 0.0
10 0.08 7.003 16.04 1.8 4.696054362121877 0.0
10 0.1 7.5025 17.1 1.8 9.0 0.0
10 0.1 8.002 17.1 1.8 8.0 0.0
10 0.12 6.5035 18.72 1.8 9.0 0.0
10 0.14 1.5085 25.16365174129353 2.2760288461538463 3.2185447818714352 0.0
10 0.14 10.0 20.34 1.8 9.0 0.0
10 0.16 0.01 29.805203539823008 3.3119887955182072 4.446384591095674 0.04337069147811377
10 0.18 0.01 31.39754887218045 3.306877551020408 4.435996240601503 0.043515162498489794
10 0.2 4.006 26.0 1.8 4.132834828846793 0.0
10 0.22 0.01 34.58856962025317 3.3234122287968444 4.435525907539559 0.04449640938989802
10 0.24 4.5055 28.44 1.8 7.162445287423402 0.0
10 0.28 0.5095 38.5226847826087 3.0271075330649797 4.149319727891156 0.0
10 0.28 1.009 37.99414492753623 2.8494957563654517 4.036209830813895 0.0
10 0.28 2.5075 36.36830612244898 2.494104938271605 3.5461335965778216 0.0
10 0.32 4.006 34.92 1.8 5.630984555984556 0.0
10 0.34 1.5085 42.491783037475344 2.8897942857142858 4.052439849260798 0.0
10 0.34 10.0 36.54 1.8 9.0 0.0
10 0.36 4.006 38.240240365774 1.8250751143043762 5.925478468899522 0.0
10 0.38 6.004 39.78 1.8 9.0 0.0
10 0.38 6.5035 39.78 1.8 9.0 0.0
10 0.38 8.5015 39.78 1.8 9.0 0.0
10 0.4 0.01 48.272882653061224 3.3191313131313134 4.4529392971246 0.045561951837005336
10 0.42 5.5045 43.02 1.8 8.04957231609592 0.0
10 0.44 4.006 45.2 2.0 4.613336347197107 0.0
10 0.46 7.5025 46.26 1.8 9.0 0.0
10 0.46 8.002 46.26 1.8 9.0 0.0
10 0.46 9.001 46.26 1.8 9.0 0.0
10 0.5 5.5045 49.5 1.8 9.0 0.0
10 0.52 7.5025 51.12 1.8 9.0 0.0
10 0.54 4.006 53.68809254302103 2.2122141491395797 4.270653718616769 0.0
10 0.56 4.006 55.308108626198084 2.230958466453674 4.243645518630413 0.0
10 0.6 7.5025 57.6 1.8 9.0 0.0
10 0.64 7.5025 60.84 1.8 9.0 0.0
10 0.66 0.5095 66.53720265780731 3.5262261146496816 4.59815858699737 0.0
10 0.66 2.008 65.85678880407124 3.514092570036541 4.386211149481993 0.0
10 0.66 2.5075 65.84084588175847 3.4437043554773425 4.339044444444444 0.0
10 0.68 0.01 68.24890463215259 3.336578947368421 4.471051763930102 0.04536054503798384
10 0.7 4.006 67.69348514851485 3.108107202680067 4.276 0.0
10 0.72 7.5025 67.41292324805339 1.8663737486095662 5.430883392226148 0.0
10 0.74 7.003 69.37751936758893 2.1365533596837945 4.627648202137998 0.0
10 0.76 3.007 72.80071698113207 3.6060902777777777 4.486866566716642 0.0
10 0.78 4.5055 74.01093572311495 3.4386311389759667 4.420026455026455 0.0
10 0.8 10.0 73.87383586083854 1.873835860838537 4.919580838323354 0.0
10 0.82 4.5055 77.05026472675657 3.603089378238342 4.507202732070786 0.0
10 0.84 0.5095 78.99705109489051 3.708965003723008 4.989572031344183 0.0
10 0.84 1.009 78.9086592095451 3.8266441983630233 5.023021654525497 0.0
10 0.86 6.004 79.90539078498294 3.5710766721044047 4.492938990399504 0.0
10 0.86 6.5035 79.86220951156812 3.5155908513341805 4.383445247933884 0.0
10 0.86 8.5015 79.66123065902579 3.229713876967096 4.322994760177348 0.0
10 0.88 0.5095 81.75692936802974 3.7680615942028983 5.020602496647065 0.0
10 0.88 1.009 81.70308019639934 3.867390521895621 5.050364572163843 0.0
10 0.9 3.5065 82.95205172413793 3.8753495440729484 5.021638754849087 0.0
10 0.9 9.5005 82.73372881355932 3.4674079528718704 4.436552296624239 0.0
10 0.92 5.5045 84.33653519895059 3.837705199828105 4.9883242589231696 0.0
10 0.96 3.007 87.2178261802575 4.060231772090778 5.118992248062016 0.0
10 1.0 0.01 90.0 3.33824016563147 4.483574554022215 0.04325508323514306
10 1.0 3.007 90.0 4.168958837772397 5.185936784241869 0.0
10 1.02 5.5045 91.18229254955571 4.3027710843373494 5.285479618738592 0.0
10 1.06 6.004 93.42839663629994 4.563965065502183 5.604361016306409 0.0
10 1.06 6.5035 93.41032394366198 4.618318681318681 5.742651162790698 0.0
10 1.06 8.5015 93.341056640625 4.786530612244897 6.026021339998078 0.0
10 1.08 0.01 94.91680879120878 3.3626711560044895 4.5002415458937195 0.04192357728496657
10 1.08 3.007 94.64920026791695 4.423939551849922 5.394464847848898 0.0
10 1.1 2.008 95.83890559732664 4.365688524590165 5.341776007497657 0.0
10 1.1 2.5075 95.8060667539267 4.423596445373759 5.416561730084862 0.0
10 1.1 7.003 95.41510653409091 5.049152067274002 6.1580817300940875 0.0
10 1.12 0.01 97.36788498402555 3.3678656554712894 4.500573549257759 0.040704613613643935
10 1.14 1.5085 98.16476257861636 4.347037671232877 5.355766458433445 0.0
10 1.14 10.0 96.87010371075166 6.213972240581626 7.141405269761606 0.0
10 1.16 4.5055 98.64503402985075 5.075262345679012 6.163179487179487 0.0
10 1.22 7.003 100.61981122763726 6.429725848563969 7.225068912710567 0.0
10 1.24 1.009 103.95244126074499 4.355561268209083 5.369545009784736 0.0
10 1.26 1.5085 104.78427850877192 4.582592945662536 5.660715771951727 0.0
10 1.26 3.5065 103.62355703703703 5.418241451500349 6.438651362984218 0.0
10 1.26 9.5005 101.7948005123279 7.635882936507937 8.044611717854341 0.0
10 1.3 8.002 103.8 7.482554002541296 8.040966081162932 0.0
10 1.3 9.001 103.54438898450947 7.743716381418093 8.049087141913398 0.0
10 1.32 1.5085 107.92812390572391 4.718292476754015 6.0156463212244145 0.0
10 1.32 3.5065 106.23835168738898 5.771304347826087 7.005025232781292 0.0
10 1.32 10.0 104.4 8.079149746192893 9.0 0.0
10 1.36 4.006 107.657140625 6.265316265060241 7.163198529411765 0.0
10 1.38 4.5055 108.05295145631068 6.721866438356164 7.421983428275505 0.0
10 1.38 8.002 107.1 8.011566333808844 8.049771949828962 0.0
10 1.38 9.001 107.1 8.206153532053898 8.049629362864259 0.0
10 1.4 1.009 112.6809514370664 4.5742568807339445 5.696957671957672 0.0
10 1.42 0.01 115.81353501945526 3.374878048780488 4.517414155571128 0.03702904059601642
10 1.44 5.5045 110.24 7.545008103727715 8.041140313692242 0.0
10 1.46 0.01 118.25598558187436 3.3732171893147505 4.5088888888888885 0.03667751650290512
10 1.46 3.007 112.5942339499456 6.135379746835443 7.117551415957791 0.0
10 1.48 9.5005 111.6 8.481481149012568 9.0 0.0
10 1.54 6.004 114.3 8.002618492618492 8.049971499714998 0.0
10 1.54 6.5035 114.3 8.197074175824175 9.0 0.0
10 1.54 8.5015 114.3 8.554004376367615 9.0 0.0
10 1.56 3.5065 116.22367567567566 7.038893129770992 7.888550026752274 0.0
10 1.56 9.5005 115.2 8.611266480965645 9.0 0.0
10 1.6 0.5095 124.61639053254437 4.356105072463769 5.405683981506663 0.0
10 1.6 1.009 122.95250539956804 4.879375 6.083049089651993 0.0
10 1.62 0.01 128.3003656927427 3.3876477404403245 4.520837808807734 0.03370865372879287
10 1.62 3.007 119.43158646616541 6.8740069204152245 7.562824897400821 0.0
10 1.64 3.5065 119.46931378576495 7.267662162162162 8.026879110073136 0.0
10 1.64 9.5005 118.8 8.8 9.0 0.0
10 1.66 7.5025 119.7 8.609724467909585 9.0 0.0
10 1.66 8.002 119.7 8.805142294557426 9.0 0.0
10 1.66 9.001 119.7 8.8 9.0 0.0
10 1.68 4.006 120.79721431076815 7.738016129032258 8.046452875639867 0.0
10 1.7 4.5055 121.5 8.055648241206029 9.0 0.0
10 1.7 8.002 121.5 8.8 9.0 0.0
10 1.7 9.001 121.5 8.8 9.0 0.0
10 1.72 1.5085 126.88280366972477 5.678010204081632 6.8463987473903964 0.0
10 1.72 10.0 122.4 9.0 9.0 0.0
10 1.74 0.5095 132.2466955201215 4.458839160839161 5.5306143344709895 0.0
10 1.74 2.008 126.10769086987779 6.401285285285286 7.2083685053121815 0.0
10 1.74 2.5075 124.84981176470588 6.892650793650794 7.666948130277443 0.0
10 1.74 7.003 123.3 8.63027157360406 9.0 0.0
10 1.76 10.0 124.2 9.0 9.0 0.0
10 1.78 5.5045 125.1 8.46447427293065 9.0 0.0
10 1.8 4.5055 126.0 8.268190871369294 9.0 0.0
10 1.82 7.003 126.9 8.623481105840012 9.0 0.0
10 1.84 0.01 141.65383650190114 3.4032614942528734 4.5305132743362835 0.0306917661463116
10 1.88 7.5025 129.6 9.0 9.0 0.0
10 1.9 0.5095 140.69370203160273 4.60236977676016 5.7736942980354575 0.0
10 1.9 2.008 132.63302738336714 6.820660317460317 7.565862900447812 0.0
10 1.9 2.5075 131.58743215640501 7.333171953255426 8.030573072919855 0.0
10 1.94 3.007 132.36361059441975 7.76554732510288 8.047886349969934 0.0
10 1.98 6.004 134.1 9.0 9.0 0.0
10 1.98 6.5035 134.1 9.0 9.0 0.0
10 1.98 8.5015 134.1 9.0 9.0 0.0
10 2.0 4.006 135.0 8.387901234567902 9.0 0.0
12 0.04 3.5065 17.806068181818183 1.83333333333 3.0811774164731105 0.0
12 0.04 9.5005 16.56 1.83333333333 8.0 0.0
12 0.06 4.5055 20.70769907881269 1.83333333333 3.4818561623396 0.0
12 0.1 0.01 37.30521126760563 4.28801523297339 5.8727937043282745 0.042647681238285266
12 0.14 4.5055 28.8 1.83333333333 8.568935496636328 0.0
12 0.14 8.002 27.94 1.83333333333 11.0 0.0
12 0.14 9.001 27.94 1.83333333333 11.0 0.0
12 0.16 0.5095 41.32325 3.546440536014329 5.057456025203465 0.0
12 0.16 1.009 39.81806211180124 3.094379358439823 4.343760205271752 0.0
12 0.16 2.5075 37.57306666666667 2.5304197416980254 4.03550614275561 0.0
12 0.18 0.5095 43.77420869565218 3.5786872466495314 5.069866193336974 0.0
12 0.18 1.009 42.49455208333333 3.184206740652036 4.422486698403809 0.0
12 0.2 1.5085 44.257661971830984 3.0217630109854885 4.248847841989758 0.0
12 0.2 10.0 35.2 1.83333333333 11.0 0.0
12 0.22 0.5095 48.725265060240964 3.671444866923294 5.123929509970629 0.0
12 0.22 1.009 47.712722222222226 3.332044491522142 4.656421830118999 0.0
12 0.24 3.007 43.21427272727273 2.4336699306392284 4.270936059330527 0.0
12 0.26 4.006 43.2 2.0 9.75131761442441 0.0
12 0.28 6.004 44.88 1.83333333333 11.0 0.0
12 0.28 6.5035 44.88 1.83333333333 11.0 0.0
12 0.28 8.5015 44.88 1.83333333333 11.0 0.0
12 0.3 4.006 48.0 2.0 10.033885532979438 0.0
12 0.32 1.5085 59.17050393700787 3.474734513273831 4.764098972922502 0.0
12 0.32 10.0 49.72 1.83333333333 11.0 0.0
12 0.34 4.5055 52.259299890230515 1.8634595682372983 10.049800462087797 0.0
12 0.34 9.001 52.14 1.83333333333 11.0 0.0
12 0.36 1.5085 63.86332584269663 3.6044569288410404 5.016325480917601 0.0
12 0.36 10.0 54.56 1.83333333333 11.0 0.0
12 0.4 0.5095 69.51465573770491 4.022633283508176 5.365243118085927 0.0
12 0.4 1.009 68.85806191117092 3.8495927865007733 5.168118811881188 0.0
12 0.42 4.006 62.66007436656795 2.0747340133830896 10.019419083784438 0.0
12 0.44 10.0 64.24 1.83333333333 11.0 0.0
12 0.46 0.01 76.90217730496454 4.2989986648845555 5.957995079950799 0.046309290769462434
12 0.5 4.006 72.58563992651561 2.1952133088407297 6.32515873015873 0.0
12 0.56 1.5085 85.9605321888412 4.098069345943648 5.314457567804024 0.0
12 0.56 10.0 78.76 1.83333333333 11.0 0.0
12 0.6 0.01 91.55946251768033 4.312127280816385 5.952084592145015 0.04659641728134879
12 0.62 4.5055 87.57141598207618 2.5137789395073704 5.460007251631617 0.0
12 0.64 0.01 95.78869333333334 4.324360730590633 5.992857142857143 0.045820778594672776
12 0.66 6.004 91.55453118908383 2.173789798573549 10.006110727512397 0.0
12 0.66 6.5035 91.32748794326241 2.062494089835765 10.01879841358369 0.0
12 0.66 8.5015 91.2 2.0 11.0 0.0
12 0.68 0.5095 99.48854838709678 4.421415525112583 6.00239673072675 0.0
12 0.68 1.009 99.07105479452055 4.397832854404086 5.757035294117647 0.0
12 0.68 2.5075 98.31417791411043 4.225691583285258 5.357536898136947 0.0
12 0.7 7.003 96.4195991778006 2.2331106543343515 10.043890583013798 0.0
12 0.72 0.01 103.94992195121951 4.318154346812708 5.926925338036449 0.04602199126374454
12 0.74 4.5055 104.14383846153846 3.9870457209845007 5.273716071079868 0.0
12 0.76 5.005 105.99627968923419 3.925779376497317 5.229778343023256 0.0
12 0.8 4.5055 110.66716491661519 4.20247542448805 5.384254897098934 0.0
12 0.8 9.001 108.750869247626 2.625724373024185 5.274019225772928 0.0
12 0.84 6.5035 114.88749376797699 4.1723075729391725 5.344876088412592 0.0
12 0.86 5.5045 117.18445392311743 4.354447826819345 5.488351846292405 0.0
12 0.88 6.5035 119.2983053722903 4.356978164602422 5.464709319310546 0.0
12 0.9 7.5025 121.42925520833333 4.382041276445785 5.531014975041598 0.0
12 0.92 4.006 123.71842014579192 4.731411429734321 6.074626681475997 0.0
12 0.96 5.005 127.88777326968973 4.860936591038522 6.171756516587678 0.0
12 0.98 4.006 129.9614862932062 5.002065486388772 6.260589541691904 0.0
12 0.98 5.005 129.95708903467667 4.971917596034134 6.248199070487994 0.0
12 1.0 1.009 132.0 4.9427903469068495 6.279119710822879 0.0
12 1.02 4.006 133.78409432146296 5.192131863085247 6.474111831943158 0.0
12 1.06 5.5045 137.16174762316334 5.584053308825211 7.0831656346749226 0.0
12 1.08 1.009 139.16114162162162 5.075983698708659 6.384515958849907 0.0
12 1.1 8.5015 139.9135009140768 6.665461573445784 8.090894781450539 0.0
12 1.12 0.5095 142.8120223255814 4.91705459769949 6.273837209302325 0.0
12 1.12 1.009 142.66690469798658 5.133770090848238 6.476156473144986 0.0
12 1.12 2.5075 142.38253658536584 5.531806316889177 7.046905424200278 0.0
12 1.14 8.002 142.66130726256984 7.243794930004031 8.495001581777919 0.0
12 1.14 9.001 142.42105856353592 7.511857769423796 8.92974358974359 0.0
12 1.18 2.008 147.41552843601895 5.607722431079849 7.0918658391654565 0.0
12 1.18 2.5075 147.19677227722772 5.804080522304692 7.202158028887001 0.0
12 1.18 7.003 145.5101889298893 7.522790628707455 8.895005488474204 0.0
12 1.22 4.5055 149.06215303983228 6.897099156116085 8.214943688014792 0.0
12 1.24 9.5005 148.24943103448277 9.214584795323054 10.03347271395434 0.0
12 1.26 7.5025 149.94246417910446 8.727995207668611 9.629980952380953 0.0
12 1.26 8.002 149.89759344894026 9.009127291505475 10.01697088222512 0.0
12 1.26 9.001 149.6484475104979 9.255757820927494 10.035298239200634 0.0
12 1.28 4.006 153.3856646884273 7.229419642857966 8.474900276158332 0.0
12 1.3 0.01 159.53744764397905 4.359253780404812 6.018359524722116 0.0411983771345525
12 1.3 3.007 155.5138904109589 6.766048689137935 8.15006219765031 0.0
12 1.32 7.5025 153.52360554455444 9.306617886176596 10.039744678270361 0.0
12 1.32 8.002 153.76 9.426797658861412 10.04498627823517 0.0
12 1.32 9.001 153.12 9.79726562499811 10.049458202011106 0.0
12 1.34 0.5095 162.05868034557236 5.166607284247196 6.559566654425266 0.0
12 1.34 2.008 159.61758891013383 6.281509803920308 7.757766059443912 0.0
12 1.34 2.5075 158.89626094276096 6.6600996965788415 8.09985201627821 0.0
12 1.34 7.003 155.02684498777506 9.34709941520162 10.03889951136605 0.0
12 1.36 1.5085 162.0102276923077 5.944450651767976 7.3092500000000005 0.0
12 1.36 10.0 155.79177244414916 10.189865710733056 11.0 0.0
12 1.38 0.01 166.94596005706134 4.343772184572544 6.0084281020975485 0.03901617455163415
12 1.38 3.007 160.8616924829157 7.30317171716959 8.529206896551724 0.0
12 1.4 9.5005 158.4 10.265287803066252 11.0 0.0
12 1.42 1.009 167.61140072202164 5.704535428730796 7.154915575193309 0.0
12 1.44 4.006 162.8932833545108 8.510755457444414 9.357686420293025 0.0
12 1.5 0.5095 175.6407120743034 5.322955607473717 6.782481389578164 0.0
12 1.5 2.008 170.6907598499062 6.99659523809517 8.267694994179278 0.0
12 1.5 2.5075 169.40763962065333 7.527157923952805 8.90670731707317 0.0
12 1.5 7.003 165.0 10.230540491692526 11.0 0.0
12 1.54 5.5045 167.64 9.917765151513507 11.0 0.0
12 1.56 7.5025 168.96 10.615139473297143 11.0 0.0
12 1.58 5.005 170.28 9.803936087293243 10.049144246937304 0.0
12 1.6 6.004 171.6 10.204437295769859 11.0 0.0
12 1.6 6.5035 171.6 10.425365153871354 11.0 0.0
12 1.64 7.5025 174.24 10.51118741476943 11.0 0.0
12 1.66 0.01 192.61991977077363 4.362003872214084 6.006224437627812 0.03562140268599446
12 1.66 3.007 177.7673013519407 8.830099206346002 9.768590041879945 0.0
12 1.68 10.0 176.88 11.0 11.0 0.0
12 1.7 3.007 180.3791154138193 9.060029299077152 10.010582390801725 0.0
12 1.72 8.002 179.52 10.8333333333 11.0 0.0
12 1.72 9.001 179.52 11.0 11.0 0.0
12 1.74 6.004 180.84 10.8333333333 11.0 0.0
12 1.74 6.5035 180.84 10.35899151671891 11.0 0.0
12 1.74 8.5015 180.84 11.0 11.0 0.0
12 1.76 4.5055 182.16 10.084282925114477 11.0 0.0
12 1.82 4.5055 186.12 10.20186963981342 11.0 0.0
12 1.84 1.009 198.51231325301205 6.600632911394418 8.088238045130364 0.0
12 1.86 2.008 192.5269029255319 8.476268939393465 9.329051670471053 0.0
12 1.86 7.003 188.76 11.0 11.0 0.0
12 1.9 6.004 191.4 10.6666666667 11.0 0.0
12 1.9 6.5035 191.4 11.0 11.0 0.0
12 1.9 8.5015 191.4 11.0 11.0 0.0
12 1.92 0.5095 209.59048426812586 5.7893323293156955 7.246518621327781 0.0
12 1.92 2.008 196.8581998602376 8.607209377009209 9.397240537240537 0.0
12 1.92 2.5075 194.09290702947845 9.239429824561826 10.035592033134364 0.0
12 1.92 7.003 192.72 10.83714760299951 11.0 0.0
12 1.94 5.005 194.04 10.543697785262454 11.0 0.0
12 1.96 0.5095 212.563811634349 5.802513067951256 7.222098475967175 0.0
12 1.96 1.009 206.75632625698324 6.879945669540584 8.211594445373933 0.0
12 1.96 2.5075 197.1855139784946 9.44930239611667 10.044669361650778 0.0
12 1.98 5.5045 196.68 10.699863636383691 11.0 0.0
14 0.0 4.006 13.0 1.85714285714 3.0 0.0
14 0.0 5.005 13.0 1.85714285714 2.132950057052576 0.0
14 0.02 4.006 18.264648802736602 1.85714285714 3.079359960307616 0.0
14 0.04 7.5025 21.0 1.85714285714 9.012611266108676 0.0
14 0.06 3.007 28.36172957746479 2.0531603288808165 3.5711776859504134 0.0
14 0.1 0.5095 46.17709219858156 4.155351976858548 5.999184441656211 0.0
14 0.1 1.009 42.63032467532468 3.4067972350211777 5.047247052727037 0.0
14 0.14 3.007 39.86043669250646 2.1388506981767836 4.435039149888143 0.0
14 0.16 6.004 40.04 1.85714285714 13.0 0.0
14 0.16 6.5035 40.04 1.85714285714 13.0 0.0
14 0.16 8.5015 40.04 1.85714285714 13.0 0.0
14 0.18 6.004 44.24 2.0 13.0 0.0
14 0.18 6.5035 43.42 1.85714285714 13.0 0.0
14 0.18 8.5015 43.42 1.85714285714 13.0 0.0
14 0.2 4.5055 46.88106580166821 1.87161889315247 13.0 0.0
14 0.2 9.001 46.8 1.85714285714 13.0 0.0
14 0.22 6.004 50.96 2.0 13.0 0.0
14 0.22 6.5035 50.18 1.85714285714 13.0 0.0
14 0.24 5.005 53.56 1.85714285714 13.0 0.0
14 0.26 1.5085 70.84982938388626 3.85255264353623 5.303905402473422 0.0
14 0.26 10.0 56.94 1.85714285714 13.0 0.0
14 0.28 5.5045 60.32 1.85714285714 13.0 0.0
14 0.3 1.5085 77.5896862745098 4.025739760925461 5.43681690140845 0.0
14 0.3 10.0 63.7 1.85714285714 13.0 0.0
14 0.32 4.5055 67.08 1.85714285714 13.0 0.0
14 0.32 8.002 67.08 1.85714285714 13.0 0.0
14 0.32 9.001 67.08 1.85714285714 13.0 0.0
14 0.34 3.007 74.56319934102142 2.74410449517813 5.324298409728718 0.0
14 0.36 4.5055 73.947122696041 1.8810541732210602 13.0 0.0
14 0.36 9.001 73.84 1.85714285714 13.0 0.0
14 0.4 6.004 80.6 1.85714285714 13.0 0.0
14 0.4 6.5035 80.6 1.85714285714 13.0 0.0
14 0.4 8.5015 80.6 1.85714285714 13.0 0.0
14 0.42 10.0 83.98 1.85714285714 13.0 0.0
14 0.44 4.5055 88.48 2.14285714286 13.0 0.0
14 0.44 9.001 87.36 1.85714285714 13.0 0.0
14 0.46 1.009 103.6112268370607 4.693454319842553 6.23504090377873 0.0
14 0.48 0.5095 107.54985053380783 4.973114575779013 6.649767441860465 0.0
14 0.48 2.008 105.45579919678715 4.464052943860532 6.044612286002014 0.0
14 0.48 2.5075 104.43295348837209 4.255406373072776 5.79672050905531 0.0
14 0.48 7.003 94.64 2.0 13.0 0.0
14 0.5 10.0 97.5 1.85714285714 13.0 0.0
14 0.52 0.5095 113.43845112781955 5.02088125259845 6.796200607902736 0.0
14 0.52 1.009 112.76492631578947 4.844859367549005 6.381307154384078 0.0
14 0.52 2.5075 110.96436585365853 4.477137376689349 6.041800894854586 0.0
14 0.54 4.5055 106.20416513761468 2.4609208501901128 12.0474567604151 0.0
14 0.56 4.5055 109.90379225352113 2.5921403420541567 6.739433962264151 0.0
14 0.56 8.002 108.52 2.14285714286 13.0 0.0
14 0.56 9.001 107.64 1.85714285714 13.0 0.0
14 0.58 0.5095 122.33608845208845 5.10555955379844 6.92732018561485 0.0
14 0.58 2.008 120.656099270073 4.741568274000218 6.209168724279835 0.0
14 0.58 2.5075 120.18079301075268 4.62557814248666 6.110996655518394 0.0
14 0.58 7.003 111.46523707074886 2.0085840376698525 13.0 0.0
14 0.6 0.5095 125.17832826747721 5.148845857914843 7.015222600580149 0.0
14 0.6 1.009 124.54544378698225 5.024651924652417 6.574648408586232 0.0
14 0.6 2.5075 123.05934397163121 4.672881987581097 6.151151195189911 0.0
14 0.64 0.5095 131.0929012658228 5.213190529875327 7.037824458121488 0.0
14 0.64 1.009 130.48511287758348 5.09589891041354 6.711919642857143 0.0
14 0.64 2.5075 129.30216666666666 4.776025204009049 6.203318620238679 0.0
14 0.66 5.5045 127.1812658610272 2.9669184290023596 6.085965266558966 0.0
14 0.68 6.004 129.7101912072575 2.6563353603859396 8.08429220287661 0.0
14 0.68 6.5035 129.364964360587 2.502216232404956 12.038928679817905 0.0
14 0.68 8.5015 128.30254019873533 2.0279197315788267 13.0 0.0
14 0.7 4.5055 136.9437422037422 4.472841656987455 6.077502986857826 0.0
14 0.72 0.5095 142.57939877300615 5.327183118141761 7.093978267431331 0.0
14 0.72 1.009 142.20077449822904 5.2654481132042745 7.020578189802391 0.0
14 0.76 3.5065 146.76417519908986 4.925640049489329 6.285064655172413 0.0
14 0.76 9.5005 142.14546829268292 2.2770644599264607 13.0 0.0
14 0.78 4.006 149.65006982543642 4.927311960541086 6.272232196289647 0.0
14 0.78 5.005 149.27450770359502 4.7288078566917475 6.154289822655376 0.0
14 0.8 3.007 152.95091213389122 5.171682648964615 6.608796648895659 0.0
14 0.82 4.006 155.70181267738883 5.061550484527645 6.422455257270694 0.0
14 0.82 5.005 155.44498104265404 4.907495334851975 6.2388324367403865 0.0
14 0.92 10.0 170.26547065868263 5.045456099855572 6.408434690639873 0.0
14 0.94 4.006 173.44184974093264 5.610959383755721 7.199982406755805 0.0
14 0.94 5.005 173.41501849836777 5.5525580689246885 7.145828965104089 0.0
14 0.96 1.5085 176.3785427230047 5.8007841459936875 7.406425813568671 0.0
14 0.96 3.5065 176.33150737207285 5.738157131255268 7.286521264994548 0.0
14 0.98 1.5085 179.19273273942093 5.833671096343831 7.432924641148325 0.0
14 0.98 10.0 179.15074570135747 5.6481835811277215 7.216745283018868 0.0
14 1.0 6.5035 182.0 5.9795416527262555 7.6227471218737595 0.0
14 1.0 9.5005 182.0 5.974077476649305 7.558140389562661 0.0
14 1.02 1.5085 184.52775180722892 5.964862757329303 7.596939170864006 0.0
14 1.02 10.0 184.4575542347697 6.339239926736711 8.106360529053351 0.0
14 1.04 4.006 186.94252867830423 6.297229813660541 8.066861571933641 0.0
14 1.04 5.005 186.91521511627906 6.3562824506721 8.099464853919583 0.0
14 1.08 9.5005 190.99536788874843 7.758147804578469 9.363605794102432 0.0
14 1.1 5.5045 193.6131704095112 7.224823529410523 9.038237127540206 0.0
14 1.12 6.004 195.5930814479638 7.5930478502099055 9.265570599613152 0.0
14 1.12 6.5035 195.40661403508773 7.809212283043598 9.406620808254514 0.0
14 1.12 8.5015 194.95585811732607 8.49517668732196 10.121638081034055 0.0
14 1.14 0.01 199.9508117977528 5.310987609325666 7.1539893126957805 0.045043876843279755
14 1.14 3.007 198.62254265734265 6.83530728530552 8.543119596541787 0.0
14 1.16 5.005 199.78392677345536 7.918626373624746 9.524176570458405 0.0
14 1.18 8.5015 200.08810778443114 9.743587174351518 11.098491399135314 0.0
14 1.2 4.006 204.34488826815644 7.8294514940632025 9.450825802430664 0.0
14 1.26 0.01 215.32866666666666 5.337909949968965 7.177408322249668 0.042994862496222426
14 1.28 1.5085 215.25037730496453 6.84580225664334 8.517281348788199 0.0
14 1.28 10.0 207.76 11.645177858087523 12.049800462087797 0.0
14 1.32 0.01 223.03978756476684 5.366746363814828 7.174310705457311 0.04224231792886523
14 1.32 3.007 216.70245544554456 8.331126596976878 10.049572375454352 0.0
14 1.34 6.004 214.95802196193264 10.655422673653247 11.682683627410752 0.0
14 1.34 8.5015 213.28 11.645124875118412 12.048201136124552 0.0
14 1.36 4.5055 218.00989804772234 9.989476861166791 11.162802164762477 0.0
14 1.36 8.002 215.48 11.625454776733598 12.049087141913398 0.0
14 1.36 9.001 214.82728658951666 12.099351377352034 13.0 0.0
14 1.42 6.5035 221.2251416159861 11.546515030574637 12.048544301895863 0.0
14 1.42 9.5005 220.64 12.257322282977249 13.0 0.0
14 1.44 1.5085 232.16600398406374 7.497866034380515 9.197639214272842 0.0
14 1.44 10.0 222.48 12.477276524654036 13.0 0.0
14 1.46 3.5065 227.8291146131805 9.917525617840424 11.127271780993025 0.0
14 1.46 9.5005 223.86 12.514508749851226 13.0 0.0
14 1.5 6.004 228.1216577060932 11.787867457437148 13.0 0.0
14 1.5 6.5035 228.08241336191497 11.950665950575962 13.0 0.0
14 1.5 8.5015 228.0 12.378503314880502 13.0 0.0
14 1.52 2.008 238.06867226890756 8.522169379916303 10.12351411106776 0.0
14 1.52 2.5075 236.1127195301028 9.21890967973997 10.635953711093375 0.0
14 1.52 7.003 229.84 12.059601997596573 13.0 0.0
14 1.58 1.5085 245.8166722846442 8.08466295609322 9.803977844914401 0.0
14 1.58 3.5065 238.06706044678054 10.705262343302092 11.913550884955752 0.0
14 1.58 10.0 234.78 12.8571428571 13.0 0.0
14 1.62 3.5065 241.3425805266381 10.833070442698444 12.009839909949347 0.0
14 1.62 9.5005 238.42 12.8571428571 13.0 0.0
14 1.66 1.009 257.2136186440678 7.480897435897054 9.17932883584155 0.0
14 1.68 4.5055 245.24 11.84918055172214 13.0 0.0
14 1.68 9.001 243.88 12.8571428571 13.0 0.0
14 1.7 5.005 246.4 12.177161145137106 13.0 0.0
14 1.72 0.01 274.1107399030695 5.338494108980569 7.173630069238378 0.03837417630803802
14 1.72 3.007 250.86826706231454 10.893479685420205 12.011909887984025 0.0
14 1.74 5.5045 249.34 12.487716535437984 13.0 0.0
14 1.76 3.007 254.84253231939164 11.105498652322755 12.122073487228521 0.0
14 1.78 2.008 260.65921470588233 9.73358630952713 11.093375831485588 0.0
14 1.78 7.003 252.98 12.85905536338732 13.0 0.0
14 1.8 4.006 255.6 11.888433843350867 13.0 0.0
14 1.8 5.005 255.6 12.487232302586246 13.0 0.0
14 1.84 6.5035 259.28 12.577137850972095 13.0 0.0
14 1.88 0.5095 286.18757426900584 6.866083049269092 8.58450540958269 0.0
14 1.88 1.009 278.72861095100865 8.120596393899778 9.902504268639728 0.0
14 1.88 2.5075 265.9391818867925 10.990400363964364 12.01666563159856 0.0
14 1.9 5.5045 263.9 12.8571428571 13.0 0.0
14 1.92 6.004 265.72 13.0 13.0 0.0
14 1.92 8.5015 265.72 13.0 13.0 0.0
14 1.94 3.5065 268.48 11.921392995470132 13.0 0.0
14 1.94 9.5005 267.54 13.0 13.0 0.0
14 1.96 6.004 269.36 13.0 13.0 0.0
14 1.96 6.5035 269.36 12.8571428571 13.0 0.0
14 1.96 8.5015 269.36 13.0 13.0 0.0
14 1.98 4.006 271.18 12.316277710323584 13.0 0.0
14 2.0 4.5055 273.0 12.492135642138788 13.0 0.0
16 0.0 1.5085 18.107133333333334 2.2633916666666667 3.431193463670849 0.0
16 0.0 10.0 15.0 1.875 3.0 0.0
16 0.02 1.5085 27.79864705882353 2.6413533134772895 4.159311881877699 0.0
16 0.02 10.0 20.02 1.875 13.0 0.0
16 0.04 0.01 58.57786440677966 6.2651901004304165 8.319125536480687 0.041575618171362856
16 0.06 5.005 32.04 1.875 6.144123886296139 0.0
16 0.08 4.006 37.713381818181816 2.0741384180790963 5.246415508412582 0.0
16 0.1 6.004 37.5 1.875 14.0 0.0
16 0.1 6.5035 38.4 1.875 14.0 0.0
16 0.1 8.5015 37.5 1.875 15.0 0.0
16 0.12 0.5095 65.63527272727272 4.9556818181818185 7.044550388734047 0.0
16 0.12 2.008 57.14255670103093 3.283976391825229 5.074583526145303 0.0
16 0.12 2.5075 55.75620779220779 3.0396963824289407 4.881721004810262 0.0
16 0.12 7.003 42.0 1.875 15.0 0.0
16 0.14 5.005 46.5 1.875 15.0 0.0
16 0.16 5.5045 51.0 1.875 15.0 0.0
16 0.2 3.007 65.33363636363637 2.6005528586839266 5.786643145161291 0.0
16 0.24 1.5085 87.9477 4.329082336706532 6.114741442097596 0.0
16 0.24 3.5065 71.28 2.25 14.03110696365194 0.0
16 0.24 9.5005 69.0 1.875 15.0 0.0
16 0.26 4.5055 74.32144835256499 2.013758167663006 15.0 0.0
16 0.26 8.002 74.24 2.0 15.0 0.0
16 0.26 9.001 74.24 2.0 15.0 0.0
16 0.3 4.5055 83.9 2.125 15.0 0.0
16 0.3 8.002 82.5 1.875 15.0 0.0
16 0.3 9.001 82.5 1.875 15.0 0.0
16 0.32 3.007 92.86787580299786 2.9536536402569595 6.280952380952381 0.0
16 0.34 5.005 92.82 2.125 15.0 0.0
16 0.36 3.007 106.04331914893618 3.7068843594009984 6.139547247470417 0.0
16 0.38 2.008 117.36920253164557 4.7241391509433965 6.319124833407375 0.0
16 0.38 2.5075 116.60913333333333 4.578049471299094 6.193980108183563 0.0
16 0.38 7.003 101.12 2.0 15.0 0.0
16 0.42 4.5055 111.24 2.25 15.0 0.0
16 0.42 9.001 109.5 1.875 15.0 0.0
16 0.44 3.007 123.4981628959276 3.902758097165992 6.22101250977326 0.0
16 0.46 6.5035 119.58 2.125 15.0 0.0
16 0.48 6.004 124.56 2.25 15.0 0.0
16 0.48 8.5015 123.0 1.875 15.0 0.0
16 0.5 4.5055 130.24436440677965 2.5610911016949154 14.0387244634672 0.0
16 0.52 6.004 132.78626435246997 2.079756341789052 15.0 0.0
16 0.52 6.5035 133.19271401634194 2.185602608422376 15.0 0.0
16 0.52 8.5015 132.48 2.0 15.0 0.0
16 0.56 3.007 152.96734775374375 4.9859375 6.690690817186184 0.0
16 0.58 6.004 145.97929634073185 2.017647720455909 15.0 0.0
16 0.58 6.5035 145.92 2.0 15.0 0.0
16 0.58 8.5015 145.5 1.875 15.0 0.0
16 0.6 6.004 151.6 2.375 15.0 0.0
16 0.6 6.5035 151.36698072805137 2.30218147751606 15.0 0.0
16 0.6 8.5015 150.86923929708692 2.1466372803396627 15.0 0.0
16 0.62 5.005 157.3634702920443 2.8169310171198387 14.036853310623803 0.0
16 0.64 6.004 161.1809354473386 2.6322692525481313 15.0 0.0
16 0.64 6.5035 160.28582678571428 2.3214676339285716 15.0 0.0
16 0.64 8.5015 159.0 1.875 15.0 0.0
16 0.66 4.006 172.6750914396887 5.131081922310757 6.877359490986215 0.0
16 0.68 5.5045 171.16703903903903 3.1121246246246246 6.8970965940815185 0.0
16 0.72 6.004 180.7600606060606 3.553598484848485 7.061070063694268 0.0
16 0.72 6.5035 179.62977301161752 3.0490058087578196 7.580121792083514 0.0
16 0.72 8.5015 178.0098188319428 2.325811978545888 15.0 0.0
16 0.74 5.005 188.501094017094 5.169210790884718 6.742941443486155 0.0
16 0.76 7.5025 188.4096299659478 3.1300156072644723 7.2957339449541285 0.0
16 0.76 8.002 187.72493382352943 2.7734030330882353 15.0 0.0
16 0.78 1.5085 198.3643721461187 6.075951704545455 8.05622722979355 0.0
16 0.78 10.0 191.4651934858472 2.4234053896859247 15.0 0.0
16 0.8 5.005 200.83601069518718 5.508636031204291 7.174036074797286 0.0
16 0.82 1.5085 206.09902222222223 6.20810546875 8.121835545483975 0.0
16 0.82 10.0 201.80543686502176 3.4759978229317854 7.0490397206460065 0.0
16 0.86 7.003 212.58088524590164 5.515010523150932 7.138789868667917 0.0
16 0.9 0.5095 221.49654338549075 6.497484871406959 8.438761395787488 0.0
16 0.9 1.009 221.3688173455979 6.467783333333333 8.358588044360292 0.0
16 0.9 2.008 221.20457117595046 6.392492746615087 8.258293530178028 0.0
16 0.9 2.5075 221.13133136094675 6.349467165898617 8.201862437765074 0.0
16 0.92 4.5055 224.7987867730901 6.233961496746204 8.100100864553314 0.0
16 0.94 1.5085 228.82066584766585 6.580506674757282 8.468723473718576 0.0
16 0.94 10.0 228.4179564744287 5.870742655059848 7.535052289938695 0.0
16 0.96 7.5025 232.4168446969697 6.302471617786187 8.156918132611638 0.0
16 0.96 8.002 232.40926075504828 6.278670026292725 8.151854360711262 0.0
16 0.96 9.001 232.38765901639346 6.211434426229508 8.094010863350485 0.0
16 0.98 4.5055 236.26791269035533 6.6690875 8.513117606123869 0.0
16 0.98 8.002 236.2506659192825 6.566661995515695 8.389755823744036 0.0
16 0.98 9.001 236.2410008984726 6.506255615453728 8.332189582819057 0.0
16 1.02 4.5055 243.33823198594024 7.078403540903541 9.106277123372598 0.0
16 1.02 9.001 243.2907107195301 7.2955346106304075 9.251885739790225 0.0
16 1.04 1.5085 246.7147013888889 6.940893085787452 9.034753424657534 0.0
16 1.04 10.0 246.35686925795054 7.942399328859061 10.057156475554951 0.0
16 1.06 7.003 249.48539008894537 8.01728527607362 10.089393258426966 0.0
16 1.1 4.006 255.85549483013295 7.9387587412587415 10.063785208824754 0.0
16 1.12 5.5045 258.2478049940547 8.763671352074967 10.777904667328698 0.0
16 1.14 1.009 263.20688461538464 7.113915441176471 9.147461250668092 0.0
16 1.16 1.5085 266.0392655737705 7.452554602184088 9.441729559748428 0.0
16 1.16 3.5065 264.67508556832695 8.440885826771654 10.415822194591234 0.0
16 1.16 10.0 261.34622620016273 11.629691320293398 13.095672043010753 0.0
16 1.18 5.5045 265.94427954545455 9.915531716417911 11.820306905370844 0.0
16 1.2 1.5085 272.2296479791395 7.6210580065359474 9.580805316653636 0.0
16 1.2 10.0 265.7025033467202 12.428355627306273 13.398912518124698 0.0
16 1.22 4.006 272.23923333333335 9.5195281124498 11.351078960274645 0.0
16 1.22 5.005 271.06488404133177 10.188170289855073 12.07391150023663 0.0
16 1.26 1.009 282.17326735598226 7.512308823529412 9.47232558139535 0.0
16 1.28 4.5055 278.69718181818183 10.72064453125 12.312739121294934 0.0
16 1.28 8.002 275.5085826906598 12.822413389513109 14.003546255506608 0.0
16 1.28 9.001 274.7747272727273 13.208637184115524 14.037935958196622 0.0
16 1.3 3.5065 282.9 10.119397668393782 12.04282882882883 0.0
16 1.3 9.5005 276.7579714576962 13.611831225680934 14.048172527802825 0.0
16 1.32 1.009 291.5532783505154 7.662233688415446 9.681082310140972 0.0
16 1.34 5.5045 284.13475405007364 12.069412364130434 13.28284691136974 0.0
16 1.36 3.007 291.06380134228186 10.135326086956521 12.062527323826377 0.0
16 1.38 3.5065 292.14237242798356 10.853959760273973 12.415094843708255 0.0
16 1.38 9.5005 285.6 14.008563769751692 15.0 0.0
16 1.44 4.5055 296.3328701472557 12.38482730263158 13.4156337668962 0.0
16 1.44 9.001 293.24 14.30218689477082 15.0 0.0
16 1.46 7.5025 296.12 14.09436761546724 15.0 0.0
16 1.48 0.5095 318.23806315789477 7.3746910646387835 9.351700863930885 0.0
16 1.48 2.008 309.6 9.811130136986302 12.0 0.0
16 1.48 2.5075 306.8390711610487 10.551404671717172 12.199599423169364 0.0
16 1.5 5.5045 302.15428909152314 13.477728583196047 14.04894434934078 0.0
16 1.54 2.008 316.47718344827587 10.1518838028169 12.052491658594338 0.0
16 1.54 7.003 305.34 14.386357016769638 15.0 0.0
16 1.56 0.5095 330.6333191489362 7.526758879781421 9.518266143417767 0.0
16 1.56 2.008 319.201317535545 10.284343971631206 12.109382123575285 0.0
16 1.56 2.5075 316.5653763033176 11.079227140783745 12.686629881154499 0.0
16 1.58 7.5025 310.18 14.477920129270546 15.0 0.0
16 1.58 8.002 309.6 14.5 15.0 0.0
16 1.58 9.001 309.6 15.0 15.0 0.0
16 1.62 7.5025 314.4 14.420921178725443 15.0 0.0
16 1.64 0.5095 342.83582300884956 7.646798780487805 9.704606172270843 0.0
16 1.64 2.008 328.82145054945056 10.67925319488818 12.287636899747262 0.0
16 1.64 2.5075 325.3329520225776 11.56421358629131 13.074720804084237 0.0
16 1.66 9.5005 319.2 15.0 15.0 0.0
16 1.68 3.007 327.0653253642137 12.546765279583875 13.690776900706274 0.0
16 1.7 3.5065 326.62101733232856 13.112215227817746 14.039278563193982 0.0
16 1.7 9.5005 324.7 14.875 15.0 0.0
16 1.72 1.009 347.87463105175294 9.010863095238095 11.069755452742895 0.0
16 1.74 4.006 330.31654728835974 13.607957018498368 15.0 0.0
16 1.76 5.005 331.96 14.33921201814059 15.0 0.0
16 1.8 1.5085 352.2208256880734 10.477779937791603 12.170460358056266 0.0
16 1.8 10.0 336.0 15.0 15.0 0.0
16 1.82 5.005 338.4 14.625 15.0 0.0
16 1.88 6.004 346.48 14.754040106951871 15.0 0.0
16 1.88 6.5035 345.6 15.0 15.0 0.0
16 1.88 8.5015 345.6 15.0 15.0 0.0
16 1.9 4.006 348.9 14.480629189518586 15.0 0.0
16 1.92 5.5045 350.4 14.875353071763705 15.0 0.0
16 1.94 7.5025 352.8 15.0 15.0 0.0
16 1.94 8.002 352.8 15.0 15.0 0.0
16 1.96 5.5045 355.2 15.0 15.0 0.0
16 1.98 7.003 357.6 15.0 15.0 0.0
18 0.0 4.5055 17.0 1.88888888889 3.0 0.0
18 0.0 8.002 17.0 1.88888888889 3.0 0.0
18 0.0 9.001 17.0 1.88888888889 3.0 0.0
18 0.02 4.5055 26.51281607688947 1.88888888889 4.0 0.0
18 0.02 8.002 22.78 1.88888888889 17.0 0.0
18 0.02 9.001 23.08 1.88888888889 16.0 0.0
18 0.04 0.5095 60.04651428571429 5.417978142072323 7.6853051643192485 0.0
18 0.04 1.009 49.5384705882353 4.055899359274328 6.13195 0.0
18 0.04 2.5075 39.29420512820513 2.5508542926921716 4.208848292295473 0.0
18 0.06 1.5085 52.095444444444446 3.491119903285365 5.294293712316968 0.0
18 0.06 3.5065 43.15548 2.3229312865464786 4.912995337995338 0.0
18 0.06 9.5005 34.34 1.88888888889 17.0 0.0
18 0.08 1.5085 59.687599999999996 3.6972598323692427 5.540424778761062 0.0
18 0.08 10.0 40.12 1.88888888889 17.0 0.0
18 0.12 6.004 51.68 1.88888888889 17.0 0.0
18 0.12 8.5015 51.68 1.88888888889 17.0 0.0
18 0.14 3.5065 59.6019392020266 2.1585368839898442 15.297530641672674 0.0
18 0.14 9.5005 57.46 1.88888888889 17.0 0.0
18 0.2 5.005 74.8 1.88888888889 17.0 0.0
18 0.24 7.5025 86.36 1.88888888889 17.0 0.0
18 0.24 8.002 86.36 1.88888888889 17.0 0.0
18 0.24 9.001 86.36 1.88888888889 17.0 0.0
18 0.26 0.01 129.04585321100916 7.289595375719648 9.705320665083136 0.04371734863354975
18 0.26 3.007 97.31870570342204 2.666472327844484 7.024127083988676 0.0
18 0.28 2.008 121.2313488372093 4.823945448780702 6.654258804258804 0.0
18 0.3 3.007 110.75984969053935 3.0094999508791664 7.0055309080153805 0.0
18 0.32 5.005 110.84 2.11111111111 17.0 0.0
18 0.34 3.5065 119.68238551401869 2.6333982346869473 16.04021034127417 0.0
18 0.34 9.5005 115.26 1.88888888889 17.0 0.0
18 0.36 5.005 121.12712510036937 1.9040147743706402 17.0 0.0
18 0.42 3.007 153.41943023255814 4.5912294238724005 7.053483432455395 0.0
18 0.44 5.005 145.84331108364236 2.2228791832601438 17.0 0.0
18 0.48 5.5045 157.71474810810813 2.315117117113966 17.0 0.0
18 0.52 5.5045 169.2 2.33333333333 17.0 0.0
18 0.54 5.005 175.76147883817427 2.5414200092241526 17.0 0.0
18 0.56 5.005 183.0455048439182 2.950885061595994 17.0 0.0
18 0.58 5.5045 186.5792469813392 2.4072081961174066 17.0 0.0
18 0.6 5.5045 193.03236333052985 2.6201009251509815 16.043399589173514 0.0
18 0.62 1.5085 212.499090487239 6.308399999996916 8.298447424135498 0.0
18 0.62 3.5065 209.65208153477218 5.620428353993794 7.34546618852459 0.0
18 0.64 5.5045 205.26759971408148 2.9097529981742007 16.020316173740873 0.0
18 0.7 5.005 229.70218922651932 5.609451945992785 7.193619996504108 0.0
18 0.72 5.5045 234.3179296482412 5.509868788387166 7.393786457012427 0.0
18 0.74 1.5085 242.78991875 6.704276315792431 9.002796031439248 0.0
18 0.74 3.5065 240.997469273743 6.121815154037083 8.08150525884442 0.0
18 0.76 0.01 249.40051851851854 7.324195011334626 9.67753488372093 0.04737079598098791
18 0.78 8.002 246.52577260273972 3.9625114155254892 7.3444289369620845 0.0
18 0.78 9.001 244.5948844936709 2.987315400844009 17.0 0.0
18 0.8 1.5085 257.60278455284555 6.912899786781255 9.090759655282477 0.0
18 0.8 3.5065 256.38739952718674 6.374750146968622 8.24483185475552 0.0
18 0.8 9.5005 249.74819314641746 2.748996192456646 16.007699056810704 0.0
18 0.82 8.002 259.9231024622717 5.555880544580638 7.309130735531474 0.0
18 0.82 9.001 257.0590913173653 3.789562541585604 8.03653390742734 0.0
18 0.84 2.008 267.2402698412698 6.934362599207006 9.115082122552117 0.0
18 0.84 2.5075 267.038425087108 6.822727862052855 9.00515731874145 0.0
18 0.86 4.5055 271.39648697621743 6.513688085677132 8.402673796791444 0.0
18 0.88 2.008 277.08466666666664 7.118918010751498 9.246829374591414 0.0
18 0.88 2.5075 276.92794981179424 6.992694726657064 9.141875988055506 0.0
18 0.9 6.004 281.3205253456221 6.575890985329188 8.472077708264734 0.0
18 0.9 6.5035 281.2662043010753 6.513765038925376 8.430452545568825 0.0
18 0.9 8.5015 281.0206985871272 6.244713962786633 8.148859375 0.0
18 0.92 3.007 286.7209454545455 7.1788679808823215 9.282129017551858 0.0
18 0.94 4.5055 291.4952046908316 7.130430327867548 9.208096103371695 0.0
18 0.94 8.002 291.2700142011834 6.721722550956103 8.774899799599199 0.0
18 0.94 9.001 291.23553333333336 6.657846364886824 8.617237163814181 0.0
18 0.96 0.01 296.60071248246845 7.317799564266974 9.708813559322033 0.048229742726616974
18 0.98 0.01 301.3049331395349 7.33420225549675 9.740757575757575 0.04814391776127927
18 0.98 3.007 301.2501820652174 7.5963581833802145 9.91259387637204 0.0
18 1.02 3.007 310.3176926070039 7.934359660866342 10.176195102992615 0.0
18 1.04 4.5055 314.44997826086956 8.315567230975633 10.5763470681458 0.0
18 1.04 8.002 314.26811194029847 8.79016472868427 11.137495658214657 0.0
18 1.04 9.001 314.2091648690293 8.916471897607957 11.214100932994063 0.0
18 1.06 4.5055 318.5023786574871 8.636126984130623 11.038819605568445 0.0
18 1.14 3.5065 334.13395737122556 9.438432122366553 11.71197604790419 0.0
18 1.14 9.5005 330.78627870461236 12.507283763283521 14.259500090563304 0.0
18 1.16 7.5025 334.87766771159875 12.015469858154482 14.039640612725844 0.0
18 1.16 8.002 334.37432804232805 12.258290333651502 14.152909014439928 0.0
18 1.16 9.001 333.83120803443325 12.847989190922847 14.448546762589928 0.0
18 1.18 4.006 340.78615596330275 10.295797842105571 12.432545336787564 0.0
18 1.2 4.5055 343.58224913494814 10.982922535212975 13.143859906213365 0.0
18 1.2 8.002 340.0754207920792 13.247288995701766 15.03328435488385 0.0
18 1.2 9.001 339.24684985279686 13.618867589672476 15.125111088147152 0.0
18 1.22 1.5085 351.3990049261084 8.827307274703138 11.1588161209068 0.0
18 1.24 0.5095 357.3400396825397 8.00866895172799 10.26304964539007 0.0
18 1.24 2.008 354.2303181818182 9.441023921301202 11.731214149139578 0.0
18 1.24 2.5075 353.29028108108105 9.83446428571594 12.145188210227273 0.0
18 1.26 6.5035 350.44579252110975 13.43979977018415 15.070819139052338 0.0
18 1.28 3.007 359.0297493188011 10.741394716420578 13.035116133082235 0.0
18 1.3 7.5025 354.1800815217391 14.86091903074677 16.03152180561502 0.0
18 1.32 9.5005 355.92 15.64517693184194 17.0 0.0
18 1.34 4.006 366.00170909090906 12.581173282362942 14.283133903133903 0.0
18 1.36 5.005 366.45977019748653 13.788176795601293 15.162943752881512 0.0
18 1.38 7.5025 366.0901342182891 15.474071743213996 16.04800084175084 0.0
18 1.4 0.5095 390.3967049808429 8.283398473847901 10.563514033064205 0.0
18 1.4 2.008 382.1143661971831 10.61378367007229 12.93193624557261 0.0
18 1.4 2.5075 379.9244042232278 11.357294253979836 13.374853645556147 0.0
18 1.44 3.007 384.006871459695 12.369213278726154 14.16592 0.0
18 1.48 6.004 381.5722092180217 15.557978125363634 16.049800462087795 0.0
18 1.48 6.5035 381.00984766584764 15.738561377998003 17.0 0.0
18 1.48 8.5015 380.4 16.452216255342584 17.0 0.0
18 1.5 4.006 388.5470998925886 14.228850210947579 15.484706229701802 0.0
18 1.52 5.5045 387.6005968992248 15.45078695892634 17.0 0.0
18 1.56 6.004 394.04712461380024 15.800442086668939 17.0 0.0
18 1.56 6.5035 393.36 16.042625607775317 17.0 0.0
18 1.56 8.5015 391.68 17.0 17.0 0.0
18 1.58 0.01 432.98809005628516 7.3381808278833285 9.742836041358936 0.04221335027069534
18 1.58 3.007 403.83061778471136 13.626907630559398 15.108317739520958 0.0
18 1.6 2.008 413.37572916666664 12.041800486613825 14.088850330236204 0.0
18 1.6 2.5075 409.59758241758243 12.967035966605737 14.63325406262386 0.0
18 1.64 6.004 404.56 16.16218484313828 17.0 0.0
18 1.64 6.5035 403.92 16.8888888889 17.0 0.0
18 1.64 8.5015 404.56 16.77931307722995 17.0 0.0
18 1.68 5.005 412.13855957446805 15.795209027027509 17.0 0.0
18 1.7 7.5025 413.8 16.7777777778 17.0 0.0
18 1.72 3.5065 419.40156811862835 15.106857275675042 16.040762729833702 0.0
18 1.72 9.5005 416.16 17.0 17.0 0.0
18 1.76 1.5085 443.5306739130435 11.79893946812257 13.950855457227139 0.0
18 1.76 3.5065 426.05587390029325 15.201420099855014 16.046050729003493 0.0
18 1.76 9.5005 422.28 17.0 17.0 0.0
18 1.8 8.002 428.4 17.0 17.0 0.0
18 1.8 9.001 428.4 17.0 17.0 0.0
18 1.82 1.5085 452.38332090545936 12.1886961093397 14.11870613008891 0.0
18 1.82 3.5065 435.1414168224299 15.58796235021401 17.0 0.0
18 1.86 4.006 439.3 16.368714121662325 17.0 0.0
18 1.88 5.5045 441.52 16.48912992971193 17.0 0.0
18 1.92 4.006 448.6 16.182460136656015 17.0 0.0
18 1.94 0.01 511.13800000000003 7.402011325908887 9.843394140409066 0.03892867981790592
18 1.98 4.5055 455.94 17.0 17.0 0.0
18 2.0 5.005 460.0 16.60950992432798 17.0 0.0
20 0.0 0.01 82.53297180043384 8.253297180043385 11.016028368794327 0.04035576835661687
20 0.0 3.007 19.0 1.9 3.0 0.0
20 0.02 3.007 32.99552293577981 2.1555577557755776 4.056101809735798 0.0
20 0.04 6.004 33.44 1.9 19.0 0.0
20 0.04 6.5035 33.44 1.9 19.0 0.0
20 0.04 8.5015 33.44 1.9 19.0 0.0
20 0.06 7.5025 40.66 1.9 19.0 0.0
20 0.06 8.002 40.66 1.9 19.0 0.0
20 0.06 9.001 40.66 1.9 19.0 0.0
20 0.08 4.5055 49.72 2.0 18.0 0.0
20 0.08 8.002 47.88 1.9 19.0 0.0
20 0.08 9.001 47.88 1.9 19.0 0.0
20 0.12 5.5045 64.08 2.1 19.0 0.0
20 0.14 7.5025 69.54 1.9 19.0 0.0
20 0.16 2.008 104.95250909090909 4.51275078369906 6.510048309178744 0.0
20 0.18 2.008 112.79505128205128 4.65422966507177 6.775900681596884 0.0
20 0.18 2.5075 110.76635 4.35555900621118 6.424343891402715 0.0
20 0.2 3.5065 93.65079424059451 2.206349280074315 18.034945450112758 0.0
20 0.2 9.5005 91.2 1.9 19.0 0.0
20 0.22 2.008 127.75560714285714 4.929388729703916 7.081990179087232 0.0
20 0.22 2.5075 126.32083076923077 4.710949416342412 7.006749878817256 0.0
20 0.24 0.01 155.0073661202186 8.29252723311547 11.051493256262042 0.0429370164410058
20 0.26 5.005 114.34 2.1 19.0 0.0
20 0.3 5.005 128.7 2.1 19.0 0.0
20 0.32 3.5065 140.92481596452328 2.8418847006651884 18.04942966920814 0.0
20 0.32 9.5005 134.52 1.9 19.0 0.0
20 0.34 7.5025 142.4 2.0 19.0 0.0
20 0.34 8.002 141.74 1.9 19.0 0.0
20 0.36 3.5065 155.0689491525424 2.854523305084746 18.03353170969908 0.0
20 0.36 9.5005 148.96 1.9 19.0 0.0
20 0.38 5.5045 159.28 2.4 19.0 0.0
20 0.4 2.008 190.273640776699 5.911500829187396 8.063536842105263 0.0
20 0.4 2.5075 189.18588477366254 5.716341463414635 7.681247348324141 0.0
20 0.42 5.005 172.36 2.2 19.0 0.0
20 0.44 1.5085 205.32709826589596 6.36283196239718 8.54139650872818 0.0
20 0.44 3.5065 186.7257961432507 3.4867493112947656 10.879850746268657 0.0
20 0.44 9.5005 177.84 1.9 19.0 0.0
20 0.48 4.006 198.67117391304348 3.129071906354515 18.042908090790945 0.0
20 0.5 5.005 203.0598184056633 2.6119636811326563 19.0 0.0
20 0.54 1.5085 237.83038095238098 6.705534934497817 9.04001446131598 0.0
20 0.54 3.5065 227.65044554455446 4.837276422764227 8.059375 0.0
20 0.56 3.5065 240.2329261083744 5.995305699481865 8.078905654625819 0.0
20 0.56 9.5005 221.6 2.0 19.0 0.0
20 0.58 4.006 246.01650994575047 5.912238507661559 7.965604719764012 0.0
20 0.62 7.5025 244.89008286403862 2.4447586484312147 19.0 0.0
20 0.62 8.002 244.42262945417096 2.3217445932028835 19.0 0.0
20 0.62 9.001 243.58 2.1 19.0 0.0
20 0.66 4.5055 271.8753912133891 6.111709589041095 8.188181818181818 0.0
20 0.68 2.008 281.4240299625468 6.939224904701398 9.185972509885143 0.0
20 0.7 1.5085 288.5851152073733 7.268466850828729 9.552956785443518 0.0
20 0.7 3.5065 285.7609178082192 6.472441731409545 8.473146357188911 0.0
20 0.74 7.5025 289.8614290876242 3.331318879855465 18.037468085106383 0.0
20 0.74 8.002 289.22670366492144 3.087193717277487 18.023247277998827 0.0
20 0.74 9.001 288.1247965299685 2.663383280757098 19.0 0.0
20 0.76 0.5095 308.797306122449 7.9999392712550605 10.539621913580246 0.0
20 0.76 1.009 308.0060987654321 7.733719599427754 10.19277384423157 0.0
20 0.78 0.01 315.5248535980149 8.335996015936255 11.04682789464966 0.04748541177886061
20 0.78 3.007 312.18581027667983 7.051051428571428 9.228341483292583 0.0
20 0.8 7.5025 316.4169768540387 6.204006395614436 8.115008907363421 0.0
20 0.8 8.002 315.6163386727689 5.806541850220264 8.101336593317033 0.0
20 0.82 0.01 327.342796460177 8.306352705410822 11.057564016172506 0.04788634996993386
20 0.82 3.007 324.8798241758242 7.281570014144272 9.486740890688258 0.0
20 0.84 6.004 329.8887076591154 6.671204569055036 8.874149286498353 0.0
20 0.84 8.5015 329.259352866242 6.285222363405337 8.312288583509513 0.0
20 0.88 6.004 342.7874 6.982759776536313 9.141409300674477 0.0
20 0.88 8.5015 342.377257918552 6.647413273001508 8.531852654387865 0.0
20 0.9 5.5045 349.31089073634206 7.305258823529412 9.498518263266712 0.0
20 0.92 5.005 355.67515184678524 7.586111850865512 10.022677907973707 0.0
20 0.94 0.01 362.4627558139535 8.319271186440679 11.045074928439131 0.04840134623474968
20 0.94 3.007 362.0657524071527 8.088021148036253 10.487243502051983 0.0
20 0.96 1.009 368.2325356521739 8.428850574712644 11.046611706512778 0.0
20 1.0 0.5095 380.0 8.527284403669725 11.13649789029536 0.0056426036989355366
20 1.0 2.008 380.0 8.643203252032519 11.176515748031496 0.0
20 1.0 2.5075 380.0 8.658966725043783 11.202063829787233 0.0
20 1.02 5.005 385.35334845360825 9.014122383252818 11.531348314606742 0.0
20 1.04 0.01 390.9375603960396 8.32156015037594 11.044596651445966 0.04837274994741113
20 1.04 3.007 390.6643147792706 9.07632380952381 11.65230972283326 0.0
20 1.08 0.5095 401.65469491525425 8.697818532818532 11.249225352112676 0.0
20 1.08 2.008 401.2175740072202 9.247583187390543 11.905627962085308 0.0
20 1.08 2.5075 401.09009037328093 9.384586614173228 12.055596184419715 0.0
20 1.1 4.5055 405.2369841269841 10.492568421052631 13.095108514190317 0.0
20 1.1 9.001 403.43571197411 12.435235294117648 14.93455710955711 0.0
20 1.12 2.008 411.4047643312102 9.554471698113208 12.158315163528245 0.0
20 1.14 7.5025 412.00471031096566 13.004510135135135 15.237661336929301 0.0
20 1.16 0.01 423.7125037037037 8.320019685039371 11.057006590357267 0.047055460263007436
20 1.16 3.007 420.1601964912281 10.576646586345381 13.144275525525526 0.0
20 1.2 3.007 429.19130612244896 11.158402255639098 13.638199917046869 0.0
20 1.22 8.002 425.9704535714286 15.301973154362416 17.0827223058041 0.0
20 1.22 9.001 425.44757425018287 16.081791979949877 17.252885969028625 0.0
20 1.24 6.004 431.751271070615 14.407648766328013 16.269066300510005 0.0
20 1.24 6.5035 431.60555704697987 14.654876923076923 16.500379867046533 0.0
20 1.24 8.5015 428.7768899082569 16.006021080368907 17.32531910441515 0.0
20 1.28 5.005 440.8880302114804 14.351737649063033 16.23869869152178 0.0
20 1.36 3.5065 459.63441411764705 13.826792792792794 16.024243332334432 0.0
20 1.36 9.5005 449.48 17.841509625126648 19.0 0.0
20 1.4 6.004 459.97161010830325 16.72860252004582 18.027148167491013 0.0
20 1.4 6.5035 458.78565864833905 17.113459915611816 18.049515262478614 0.0
20 1.4 8.5015 457.6 17.873414358394573 19.0 0.0
20 1.42 0.5095 490.34265454545454 9.417145242070116 12.087030774433547 0.0
20 1.42 2.008 479.0332205882353 12.240437262357414 14.560991058122205 0.0
20 1.42 2.5075 476.2128623853211 12.982652259332024 15.250091370558376 0.0
20 1.44 5.005 469.4140039408867 16.35403110047847 18.0 0.0
20 1.46 0.5095 500.5791205432937 9.494356223175966 12.125662188099808 0.0
20 1.46 1.009 495.895432967033 10.477424593967518 13.109513422818791 0.0
20 1.46 2.5075 483.8845746031746 13.413604294478528 15.55845045045045 0.0
20 1.48 5.5045 473.988008 17.202511177347244 19.0 0.0
20 1.52 4.006 486.2933805073431 16.191137980085347 17.387470280551593 0.0
20 1.56 5.5045 489.4089711286089 17.545939323220537 19.0 0.0
20 1.58 1.009 523.3854027303754 11.037397003745319 13.55917673716012 0.0
20 1.6 8.5015 494.6 18.6 19.0 0.0
20 1.62 0.5095 540.0431623616237 9.873988549618321 12.429571332886805 0.0
20 1.62 1.009 532.0051824561403 11.23561669829222 13.769387755102041 0.0
20 1.62 2.5075 512.7780727272727 14.80789705882353 16.58022800142501 0.0
20 1.64 5.5045 504.8 17.855874730021597 19.0 0.0
20 1.68 1.5085 536.7443680555556 12.90791150442478 15.19264046880386 0.0
20 1.68 3.5065 515.0906775658492 16.793195084485408 18.037380308234795 0.0
20 1.68 9.5005 509.2 19.0 19.0 0.0
20 1.7 0.01 571.0520952380953 8.355111561866126 11.067531788886953 0.04238712994042759
20 1.72 7.5025 516.8 18.9 19.0 0.0
20 1.74 4.5055 522.08 18.193247508305646 19.0 0.0
20 1.76 7.5025 524.4 19.0 19.0 0.0
20 1.76 8.002 524.4 19.0 19.0 0.0
20 1.76 9.001 524.4 19.0 19.0 0.0
20 1.78 4.006 531.4544959488273 17.583317013463894 19.0 0.0
20 1.8 0.01 598.2682823529411 8.331191406250001 11.06490145672665 0.04050115137559084
20 1.8 3.007 540.7709763617677 16.738971631205672 18.02240298829994 0.0
20 1.82 7.5025 535.8 19.0 19.0 0.0
20 1.82 8.002 535.8 19.0 19.0 0.0
20 1.82 9.001 535.8 19.0 19.0 0.0
20 1.84 0.5095 592.8748008213553 10.33947189097104 13.023644406392695 0.0
20 1.84 2.008 557.9468655834564 15.258580901856764 17.049095238095237 0.0
20 1.84 2.5075 550.3305544989026 16.279534534534534 17.431193373026147 0.0
20 1.86 1.5085 570.3727984395318 13.93368530020704 16.096057991852383 0.0
20 1.9 4.5055 552.8 18.28621887287025 19.0 0.0
20 1.94 0.5095 616.0171619937695 10.604429012345678 13.156499133448873 0.0
20 1.94 1.009 598.2156832579186 12.658498098859315 15.076330762422556 0.0
20 1.96 2.008 577.4679192348565 15.77655523255814 17.2233202136632 0.0
20 1.96 7.003 562.4 18.9 19.0 0.0
20 2.0 1.5085 595.5745169082126 14.574615384615385 16.380452061599602 0.0
20 2.0 3.5065 574.0139426097885 18.05910885805763 19.0 0.0
