10 0.0 3.5065 9.0 1.8 2.0670949205832927 0.0
10 0.0 9.5005 9.0 1.8 2.0599037807367093 0.0
10 0.02 3.5065 11.196073637702503 1.8 2.158992737003058 0.0
10 0.02 9.5005 10.76 1.8 3.0 0.0
10 0.06 0.5095 19.070533333333334 2.601892351274788 3.6503121098626714 0.0
10 0.06 1.009 17.569184615384614 2.187563996696945 3.1474527687296416 0.0
10 0.08 5.005 16.04 1.8 3.1940408626560726 0.0
10 0.12 10.0 18.72 1.8 9.0 0.0
10 0.14 0.5095 26.598639344262295 2.7541689373297 4.006346632068332 0.0
10 0.14 1.009 25.742934065934065 2.4675178026449642 3.4034034814237466 0.0
10 0.14 2.5075 24.000537735849058 2.0184610983981695 3.1588477865372955 0.0
10 0.18 5.5045 23.58 1.8 8.048372749947411 0.0
10 0.2 0.01 32.97542857142857 3.3351458333333333 4.474395029431001 0.04391944930861663
10 0.22 5.5045 26.82 1.8 8.030543395071177 0.0
10 0.24 6.5035 28.44 1.8 9.0 0.0
10 0.26 7.5025 30.06 1.8 9.0 0.0
10 0.28 4.006 31.68 1.8 5.952289512555391 0.0
10 0.3 7.5025 33.3 1.8 9.0 0.0
10 0.32 0.01 42.31331365313653 3.325093555093555 4.454650798621985 0.04573451860780473
10 0.34 0.5095 43.1895046728972 3.109171185127808 4.197739072182214 0.0
10 0.34 1.009 42.8326051502146 3.0052170176192523 4.112194244604317 0.0
10 0.36 0.01 45.340302405498285 3.3243887775551104 4.462903225806452 0.04544687264506406
10 0.38 1.5085 45.48018579234973 2.9985775492716367 4.094585355094839 0.0
10 0.38 10.0 39.78 1.8 9.0 0.0
10 0.4 5.5045 41.4 1.8 9.0 0.0
10 0.42 7.5025 43.02 1.8 9.0 0.0
10 0.42 8.002 43.02 1.8 9.0 0.0
10 0.44 0.01 51.27602919708029 3.343638211382114 4.477324037184595 0.04587827658933414
10 0.46 6.004 46.26 1.8 9.0 0.0
10 0.46 8.5015 46.26 1.8 9.0 0.0
10 0.48 4.5055 47.98589157474771 1.84072752874912 5.772514619883041 0.0
10 0.5 7.5025 49.5 1.8 9.0 0.0
10 0.5 8.002 49.5 1.8 9.0 0.0
10 0.5 9.001 49.5 1.8 9.0 0.0
10 0.54 0.01 58.464619047619045 3.3584043715846996 4.495838971583221 0.04538932264190758
10 0.54 3.007 55.20977267759563 2.857602283539486 4.194007209372184 0.0
10 0.56 0.01 59.905239130434786 3.3220245398773005 4.4610718870346595 0.0452454172696575
10 0.58 4.5055 56.48553138075314 2.040729228930066 4.769007858546169 0.0
10 0.62 1.009 63.53876425269646 3.4881829573934837 4.483379672536299 0.0
10 0.66 5.005 63.23234494773519 2.2543205574912895 4.3074347093513055 0.0
10 0.7 0.01 69.61633838383838 3.3223084780388152 4.460180122225796 0.045101468504055726
10 0.7 3.007 68.51822833142421 3.477964946445959 4.352846083788707 0.0
10 0.74 1.009 72.0359321113374 3.677887413029728 4.78932882665379 0.0
10 0.78 3.5065 74.19397622080679 3.5848258283772303 4.498652882205514 0.0
10 0.78 9.5005 72.33176894929431 1.9379717720857292 6.513877551020408 0.0
10 0.8 0.5095 76.2372337962963 3.672508229098091 4.878659517426273 0.0
10 0.8 1.009 76.11592087312415 3.769860869565217 5.004226785053644 0.0
10 0.82 3.5065 77.16189413988658 3.684056974459725 4.5986589343965205 0.0
10 0.82 9.5005 75.86233767926988 2.2914863102998697 4.350094384143464 0.0
10 0.84 4.006 78.5594822954823 3.673774278215223 4.600255009107468 0.0
10 0.86 1.5085 80.24426819923372 3.8716565096952906 5.032474016710821 0.0
10 0.86 10.0 79.31149835706462 2.7307119386637457 4.283235908141963 0.0
10 0.88 4.006 81.49857075471698 3.816098430813124 4.883432593394694 0.0
10 0.9 7.003 82.83298917944094 3.664702726866339 4.573687918281085 0.0
10 0.92 7.5025 84.29328097494921 3.732571041948579 4.6962947368421055 0.0
10 0.92 8.002 84.27886674132138 3.696787506971556 4.6221004911220245 0.0
10 0.92 9.001 84.25348514022603 3.6331273486430065 4.581886387995713 0.0
10 0.94 3.5065 85.8111178807947 4.01435303514377 5.071515630290035 0.0
10 0.94 9.5005 85.73492686567164 3.7830895522388057 4.8104258443465495 0.0
10 0.98 7.5025 88.60484995251662 4.048244202555608 5.118821222889352 0.0
10 1.0 5.5045 90.0 4.2022367275892085 5.191114982578397 0.0
10 1.02 7.5025 91.1753847715736 4.330634218289086 5.313964160839161 0.0
10 1.02 8.002 91.17404826254827 4.340287009063444 5.33914737565895 0.0
10 1.04 3.5065 92.35492592592593 4.319873772791024 5.300952582557155 0.0
10 1.04 9.5005 92.27626164079823 4.6069284294234585 5.665002098195552 0.0
10 1.06 1.5085 93.5634549918167 4.2120734126984125 5.22672338947734 0.0
10 1.06 10.0 93.30161054766734 4.904341801385681 6.090641771019678 0.0
10 1.08 5.5045 94.51690256410257 4.664686084142395 5.861689691817216 0.0
10 1.1 5.005 95.58796255506607 4.760422297297297 6.026299896197037 0.0
10 1.14 0.5095 98.38744770857815 3.9969332079021638 5.128013888888889 0.0
10 1.14 2.008 98.08520484359234 4.459884991374353 5.469426751592357 0.0
10 1.14 2.5075 97.99990949554896 4.539531380753138 5.594841421474971 0.0
10 1.16 9.5005 97.77469643934822 6.380636267232238 7.213726644107695 0.0
10 1.18 3.007 99.99262303664922 4.805679300291545 6.037289325842696 0.0
10 1.2 3.5065 100.82822010869565 5.047731204258151 6.153631127967411 0.0
10 1.2 9.5005 99.40096083231334 6.967664562669071 7.791264916467781 0.0
10 1.22 1.009 102.82709305993691 4.303313868613139 5.3347244639151485 0.0
10 1.24 4.006 102.50088971962617 5.4575862068965515 6.473560049019608 0.0
10 1.26 0.5095 105.41960160000001 4.085878084179971 5.190526816883529 0.0
10 1.26 2.008 104.485562 4.765318021201413 6.0210345841089445 0.0
10 1.26 2.5075 104.21341906474821 4.974792079207921 6.114955246146196 0.0
10 1.26 7.003 102.22711689263467 6.841665556295803 7.567148262813897 0.0
10 1.28 7.5025 102.87555584585238 7.209437325905292 8.019952339688041 0.0
10 1.3 6.004 104.08161221590909 6.832354098360655 7.580285204991087 0.0
10 1.3 6.5035 104.1067523364486 7.048559218559219 7.926729910714286 0.0
10 1.3 8.5015 103.52620152091255 7.629693053311793 8.043572938689218 0.0
10 1.32 0.5095 108.91170704225351 4.133338788870704 5.219975744975745 0.0
10 1.32 2.008 107.52453493013972 4.939187442289935 6.102435105067985 0.0
10 1.32 2.5075 107.133694799659 5.195197294250282 6.2448294434470375 0.0
10 1.34 3.007 107.49399114391144 5.601841397849462 6.665014577259475 0.0
10 1.36 0.01 112.27325170068026 3.386972067039106 4.544614822928076 0.037841408338197796
10 1.38 6.004 107.28011576011157 7.412404021937843 8.034239097285758 0.0
10 1.38 6.5035 107.1 7.601823788546255 8.041372525276987 0.0
10 1.38 8.5015 107.1 8.15466265060241 9.0 0.0
10 1.4 4.006 109.24454997239094 6.554428571428571 7.308346487766377 0.0
10 1.42 5.5045 109.1407545945946 7.42067617538299 8.038374176308038 0.0
10 1.44 7.5025 109.8 8.142648221343872 9.0 0.0
10 1.44 8.002 109.8 8.270962914769031 9.0 0.0
10 1.46 5.5045 110.7 7.651265536723163 8.0456194810283 0.0
10 1.48 7.003 111.6 8.154794685990337 9.0 0.0
10 1.52 4.5055 113.78928072562358 7.4650927703134995 8.040093967869051 0.0
10 1.52 9.001 113.4 8.48070363073459 9.0 0.0
10 1.54 1.5085 118.76028000000001 5.231808367071525 6.279413524835428 0.0
10 1.54 10.0 114.3 8.612593238822246 9.0 0.0
10 1.56 7.003 115.2 8.24592611862643 9.0 0.0
10 1.6 4.006 117.08888677450048 7.483513664249861 8.040966081162932 0.0
10 1.62 5.5045 117.9 8.158740888005301 9.0 0.0
10 1.64 7.003 118.8 8.421899809325707 9.0 0.0
10 1.66 6.004 119.7 8.418035714285715 9.0 0.0
10 1.66 6.5035 119.7 8.483389330975537 9.0 0.0
10 1.66 8.5015 119.7 8.57659793814433 9.0 0.0
10 1.68 0.01 131.94939471106758 3.384513966480447 4.5291161796151105 0.032705113323966035
10 1.7 6.004 121.5 8.424778420038535 9.0 0.0
10 1.7 6.5035 121.5 8.548257645968489 9.0 0.0
10 1.7 8.5015 121.5 8.751662100456622 9.0 0.0
10 1.72 0.5095 131.16969501466275 4.4644241573033705 5.549754213483146 0.0
10 1.72 2.008 125.30425154835636 6.268209069946195 7.163230958230958 0.0
10 1.72 2.5075 124.31451301115241 6.80071619454837 7.473475874024849 0.0
10 1.74 5.005 123.3 8.381483225426722 9.0 0.0
10 1.76 0.5095 133.28706945975745 4.505774754346183 5.587425816023739 0.0
10 1.76 1.009 130.8244431372549 5.14515666965085 6.212039395483104 0.0
10 1.78 4.5055 125.1 8.255454253611557 9.0 0.0
10 1.78 8.002 125.1 8.802818804483188 9.0 0.0
10 1.78 9.001 125.1 9.0 9.0 0.0
10 1.8 3.5065 126.15109811565952 7.802760032760032 8.047342137721488 0.0
10 1.8 9.5005 126.0 8.8 9.0 0.0
10 1.82 1.009 133.53354285714286 5.221412688031394 6.261043643263757 0.0
10 1.84 5.5045 127.8 8.47853518821604 9.0 0.0
10 1.86 3.007 128.91674310386182 7.630835707502374 8.045446872645064 0.0
10 1.9 5.005 130.5 8.474038657171922 9.0 0.0
10 1.92 3.007 131.5007556818182 7.798032473734479 8.049144246937304 0.0
10 1.98 1.5085 137.83806890894175 6.307557522123894 7.181707794751273 0.0
10 1.98 3.5065 134.1076350200577 8.22525819265144 9.0 0.0
10 1.98 10.0 134.1 9.0 9.0 0.0
10 2.0 0.01 151.35888468809074 3.4012340425531913 4.548051470588235 0.02777538990544026
10 2.0 3.007 135.0 8.010171095740809 8.049914494014581 0.0
12 0.0 7.5025 11.0 1.83333333333 2.0721941292550565 0.0
12 0.02 7.5025 14.278056644880174 1.83333333333 3.0188016380487106 0.0
12 0.04 2.008 19.36545856353591 2.001736209669824 3.1016419324281657 0.0
12 0.04 7.003 17.04 1.83333333333 6.003067212230786 0.0
12 0.06 6.5035 18.940286897223576 1.83333333333 6.115138461538462 0.0
12 0.08 3.5065 22.038391459074735 1.83333333333 3.4014037774374684 0.0
12 0.08 9.5005 20.68 1.83333333333 11.0 0.0
12 0.1 5.5045 24.0 1.83333333333 7.0 0.0
12 0.12 4.5055 25.52 1.83333333333 7.277809694793537 0.0
12 0.14 6.004 27.94 1.83333333333 11.0 0.0
12 0.14 6.5035 27.94 1.83333333333 11.0 0.0
12 0.14 8.5015 27.94 1.83333333333 11.0 0.0
12 0.16 4.006 30.36 1.83333333333 8.584711964549482 0.0
12 0.18 4.006 32.78 1.83333333333 7.603799019607843 0.0
12 0.2 0.5095 46.203963553530755 3.625135658917231 5.1030243755642495 0.0
12 0.2 1.009 44.96761726078799 3.24155926206756 4.501808375634518 0.0
12 0.22 4.006 37.62 1.83333333333 8.507225913621262 0.0
12 0.28 1.5085 54.43908965517241 3.3336486025869934 4.560484720758693 0.0
12 0.28 10.0 44.88 1.83333333333 11.0 0.0
12 0.3 0.01 59.58788079470199 4.321125827811724 6.001079806379546 0.04449640938989802
12 0.32 0.5095 60.518936708860764 3.8719081740951027 5.236423054070113 0.0
12 0.32 1.009 59.788610909090906 3.6259471365663956 5.05794580523015 0.0
12 0.32 2.5075 58.05586928104575 3.2323265550246303 4.474808033077378 0.0
12 0.34 6.004 52.14 1.83333333333 11.0 0.0
12 0.34 6.5035 52.14 1.83333333333 11.0 0.0
12 0.34 8.5015 52.14 1.83333333333 11.0 0.0
12 0.36 0.5095 65.14279365079365 3.9431502204125626 5.295453522394778 0.0
12 0.36 1.009 64.43038297872342 3.732544306871298 5.1119118442401295 0.0
12 0.38 4.5055 57.6 2.0 10.045159053218756 0.0
12 0.38 9.001 56.98 1.83333333333 11.0 0.0
12 0.4 4.006 60.0 2.0 10.029949456272018 0.0
12 0.42 0.01 72.6648203125 4.299707207205219 5.977909887359199 0.04553318464042438
12 0.44 0.5095 74.05167804878049 4.0714264792047095 5.422087162763119 0.0
12 0.44 1.009 73.3915875 3.9149042145576853 5.219365880021618 0.0
12 0.46 5.5045 66.749887694974 1.8610764490632719 11.0 0.0
12 0.48 3.007 74.270944971537 3.3666864373243404 5.041001506024096 0.0
12 0.5 0.01 80.95663992869875 4.311133244796138 5.946775165762507 0.04596451058958214
12 0.5 3.007 77.11035211267605 3.508372310570794 5.086599351782598 0.0
12 0.54 1.009 84.24061714285713 4.136857769426296 5.368871692461308 0.0
12 0.56 0.5095 86.88938181818182 4.249562636676056 5.689978021978022 0.0
12 0.56 1.009 86.42958545454546 4.180342679130512 5.422970687711387 0.0
12 0.56 2.5075 85.31166598778005 3.945352564101471 5.162207977207977 0.0
12 0.62 9.5005 86.02 1.83333333333 11.0 0.0
12 0.66 1.5085 96.91933333333334 4.322217167118737 5.570588235294117 0.0
12 0.66 3.5065 95.60505298457412 3.948372566113469 5.226941049604601 0.0
12 0.66 10.0 90.86 1.83333333333 11.0 0.0
12 0.68 4.006 97.28762105263158 3.8554325699716636 5.2039873206539875 0.0
12 0.7 1.009 101.31711059190032 4.448360409144575 5.88206106870229 0.0
12 0.74 9.5005 100.8 2.0 11.0 0.0
12 0.78 7.5025 106.45992547660312 2.6514586943993317 5.423110034974441 0.0
12 0.8 6.004 110.3413696369637 3.9451160928732016 5.21127620934456 0.0
12 0.8 6.5035 110.1524462640737 3.791236068893994 5.225841958271727 0.0
12 0.82 7.5025 111.84879069767442 3.341472868213884 5.350423131170663 0.0
12 0.84 10.0 113.50022222222222 2.729398148148972 5.434620213433773 0.0
12 0.86 8.002 116.806395 3.91198175787552 5.283384013900956 0.0
12 0.86 9.001 116.88869520412207 4.01033504814689 5.232651991614256 0.0
12 0.88 10.0 119.05606250000001 4.022277383767191 5.217384196185286 0.0
12 0.9 4.5055 121.56259945130316 4.591004093947091 6.022696421225833 0.0
12 0.92 0.01 123.99052530120483 4.3334431889483325 6.010280954748882 0.044323394495412845
12 0.94 7.5025 125.73677376565955 4.602074128622562 6.0405329593267885 0.0
12 1.0 4.006 132.0 5.085801464607086 6.35283853526665 0.0
12 1.02 0.01 133.83554046242776 4.332315340905798 6.006323959791322 0.044554067101134444
12 1.04 7.5025 135.45873862433862 5.542492954138693 7.057608946276228 0.0
12 1.06 8.002 137.0410633561644 5.875464834273984 7.254881213815133 0.0
12 1.06 9.001 136.99709879032258 5.952964205815614 7.316953824948311 0.0
12 1.08 4.006 138.89597575757577 5.555286885247008 7.067339202739056 0.0
12 1.1 1.5085 140.85816503800217 5.22284688995324 6.562368706990221 0.0
12 1.1 3.5065 140.57383610451305 5.600432692309701 7.091208088047095 0.0
12 1.1 9.5005 139.799 6.8514738162403654 8.196967688483845 0.0
12 1.12 4.006 142.08186807387864 5.836331220281988 7.222249761677788 0.0
12 1.14 6.004 143.09301787394168 6.62217531162287 8.08340642408439 0.0
12 1.14 6.5035 142.9749478957916 6.730254557964326 8.133266479475866 0.0
12 1.14 8.5015 142.51507223672758 7.373958333330812 8.62031857031857 0.0
12 1.18 5.005 146.1510505050505 6.747636815920493 8.136790767962632 0.0
12 1.2 7.5025 146.42217921146954 8.009565580618403 9.132959372617362 0.0
12 1.22 3.5065 149.67976687116564 6.419276001468433 8.008636139832594 0.0
12 1.22 9.5005 146.98604107981222 8.935656883297106 10.007792329865898 0.0
12 1.26 6.004 150.7314949010198 8.093196143865416 9.160450794432812 0.0
12 1.26 8.5015 149.54644817255843 9.053019431989103 10.01660455872306 0.0
12 1.28 0.01 157.74121965317917 4.353570269390126 6.006634772755886 0.04012306386590282
12 1.3 5.5045 153.43435222672065 8.331183541374468 9.245911441499677 0.0
12 1.32 6.004 154.27845014245014 8.72676447264169 9.608552388004442 0.0
12 1.32 6.5035 153.96625136612022 8.998764805414528 10.007232428365414 0.0
12 1.32 8.5015 153.58572197309417 9.518879595748766 10.043168358714045 0.0
12 1.34 5.005 155.99706762295082 8.39747378455467 9.291518188567187 0.0
12 1.36 0.5095 163.7703409770688 5.176687038454677 6.554261572373255 0.0
12 1.36 1.009 162.8003942992874 5.567848141148175 7.081502816180236 0.0
12 1.38 5.5045 157.98128381642513 8.984389400921346 10.009003285870756 0.0
12 1.4 7.003 158.80423863444315 9.765198760028568 10.049543790143465 0.0
12 1.42 4.006 162.03195174262734 8.327229166663578 9.235676412664748 0.0
12 1.44 0.01 172.41316621253407 4.358401221993095 6.0213362344809935 0.04026851739604801
12 1.48 4.5055 164.86173866666667 9.036268871316326 10.014768838280132 0.0
12 1.5 5.005 165.64221501390176 9.445238095237 10.043139447046382 0.0
12 1.52 3.007 169.55506732941708 8.175847572555178 9.184302631578948 0.0
12 1.54 4.5055 168.3194961832061 9.415146683671772 10.043659589889167 0.0
12 1.54 8.002 167.64 10.38432926826955 11.0 0.0
12 1.54 9.001 167.64 10.676813483380903 11.0 0.0
12 1.56 4.5055 169.88520529801326 9.387790573680844 10.039540808589367 0.0
12 1.6 10.0 171.6 11.0 11.0 0.0
12 1.64 4.5055 174.24 9.8669470224258 10.049458202011106 0.0
12 1.66 5.5045 175.56 10.220463965782638 11.0 0.0
12 1.68 0.5095 190.4449475100942 5.537701441900669 7.069773686229382 0.0
12 1.68 1.009 187.29870095238095 6.285988372091584 7.69916958041958 0.0
12 1.7 5.5045 178.2 10.259092295953648 11.0 0.0
12 1.72 6.004 179.52 10.30591312054501 11.0 0.0
12 1.72 6.5035 179.52 10.8333333333 11.0 0.0
12 1.72 8.5015 179.52 11.0 11.0 0.0
12 1.74 1.5085 188.39481732283465 7.230919987043199 8.439834851936219 0.0
12 1.74 3.5065 182.27904982206405 9.513159179687763 10.04708413577275 0.0
12 1.74 10.0 180.84 11.0 11.0 0.0
12 1.76 6.5035 182.16 11.0 11.0 0.0
12 1.78 3.007 185.12741423417512 9.197357423797582 10.030691766146312 0.0
12 1.8 7.5025 184.8 11.0 11.0 0.0
12 1.82 9.5005 186.12 11.0 11.0 0.0
12 1.84 4.006 187.44 10.216368199714985 11.0 0.0
12 1.86 5.005 188.76 10.428475759276395 11.0 0.0
12 1.9 1.5085 198.48887589928057 7.732799352751497 9.051007085423135 0.0
12 1.9 3.5065 191.59576390048423 10.073362273100702 11.0 0.0
12 1.9 10.0 191.4 11.0 11.0 0.0
12 1.92 5.005 192.72 10.577323059376194 11.0 0.0
12 1.96 4.006 195.36 10.465916013918335 11.0 0.0
12 1.96 5.005 195.36 10.674716816011989 11.0 0.0
12 1.98 7.5025 196.68 11.0 11.0 0.0
12 1.98 8.002 196.68 11.0 11.0 0.0
12 1.98 9.001 196.68 11.0 11.0 0.0
12 2.0 1.009 209.50293847566576 7.016804750069378 8.279642014162077 0.0
14 0.02 0.01 40.74485714285714 5.288498083009606 7.14221385001794 0.04084989096195784
14 0.08 7.5025 26.52 1.85714285714 12.0 0.0
14 0.1 4.006 31.82557894736842 1.85714285714 6.035106998264893 0.0
14 0.12 3.007 41.52440506329114 2.497832656038302 4.232234100380504 0.0
14 0.14 5.5045 36.66 1.85714285714 12.0 0.0
14 0.16 1.5085 52.943031250000004 3.36304321214073 5.020230350858483 0.0
14 0.16 10.0 40.04 1.85714285714 13.0 0.0
14 0.18 1.5085 56.754740740740736 3.477262528047414 5.084244091534325 0.0
14 0.18 10.0 43.42 1.85714285714 13.0 0.0
14 0.2 6.004 47.6 1.8671547738604193 12.047743196511803 0.0
14 0.2 6.5035 46.800850446358154 1.8572947225611027 13.0 0.0
14 0.2 8.5015 47.6 2.0 13.0 0.0
14 0.22 10.0 50.18 1.85714285714 13.0 0.0
14 0.26 0.5095 73.314 4.5263549783555055 6.214865671641791 0.0
14 0.26 1.009 71.81254088050314 4.100250352059586 5.673039423484528 0.0
14 0.26 2.5075 68.81764516129032 3.460121389231528 5.0964446206714245 0.0
14 0.28 4.5055 61.76 2.14285714286 12.048572887874053 0.0
14 0.28 8.002 60.32 1.85714285714 13.0 0.0
14 0.28 9.001 60.32 1.85714285714 13.0 0.0
14 0.3 0.5095 79.70825301204819 4.608848614074672 6.265431266846361 0.0
14 0.3 1.009 78.43579591836735 4.248394949031507 6.001311071268489 0.0
14 0.3 2.5075 75.08543859649123 3.5883205456113143 5.210733863837312 0.0
14 0.32 6.004 67.08 1.85714285714 13.0 0.0
14 0.32 6.5035 67.76 2.0 13.0 0.0
14 0.32 8.5015 67.08 1.85714285714 13.0 0.0
14 0.36 6.004 74.48 2.0 13.0 0.0
14 0.36 6.5035 73.84 1.85714285714 13.0 0.0
14 0.36 8.5015 73.84 1.85714285714 13.0 0.0
14 0.38 3.007 82.29701859504132 3.020018975332469 5.526266804550155 0.0
14 0.4 1.5085 93.49742236024845 4.348824451407634 6.021300247024478 0.0
14 0.4 10.0 80.6 1.85714285714 13.0 0.0
14 0.42 0.5095 98.40952432432432 4.862946031743291 6.493073593073593 0.0
14 0.42 1.009 97.52512962962963 4.599191159719459 6.186608066184075 0.0
14 0.44 6.5035 87.92 2.0 13.0 0.0
14 0.46 4.006 92.17985832642916 2.238057758312691 12.049971499714998 0.0
14 0.48 5.005 95.32237100949094 2.1874645630475884 13.0 0.0
14 0.5 1.009 109.50037895675435 4.789730507588164 6.314322610941535 0.0
14 0.52 4.006 102.66619512195122 2.388748548197543 6.209229137199435 0.0
14 0.52 5.005 101.70962564632886 2.104055251885668 13.0 0.0
14 0.54 9.5005 104.29533517067982 1.868116512630846 13.0 0.0
14 0.56 6.004 108.28432079905993 2.066337921774031 13.0 0.0
14 0.56 6.5035 107.64 1.85714285714 13.0 0.0
14 0.56 8.5015 107.66652472043583 1.8657547793595985 13.0 0.0
14 0.58 5.005 112.87480487804878 2.48802887008438 12.042155409697227 0.0
14 0.6 4.006 121.29643564356437 4.202313883299683 6.002845949994239 0.0
14 0.64 4.006 128.00953623188406 4.472404961984242 6.043220930232558 0.0
14 0.66 7.5025 124.65145151893466 1.9039712264412159 13.0 0.0
14 0.66 8.002 125.22 2.14285714286 13.0 0.0
14 0.66 9.001 125.05314579439252 2.072750333779826 13.0 0.0
14 0.68 1.5085 135.93173109243696 5.08531306991052 6.647902960526316 0.0
14 0.68 10.0 128.24 2.0 13.0 0.0
14 0.7 9.5005 131.6717165991903 2.0341507615198657 13.0 0.0
14 0.72 4.006 140.49400746268657 4.724493403198018 6.148638838475499 0.0
14 0.76 2.008 147.39579725448786 5.195542593000443 6.759110070257611 0.0
14 0.76 2.5075 147.17544840887174 5.118013052939271 6.541279069767442 0.0
14 0.76 7.003 143.42601354401808 3.0392937762020114 6.106510193592599 0.0
14 0.84 4.5055 158.568097640358 5.054800420169163 6.452251461988304 0.0
14 0.86 0.01 162.58385478547856 5.318807422082487 7.152415191740413 0.04625184471282716
14 0.86 3.007 161.83383166332666 5.357897701664576 7.018675188843695 0.0
14 0.88 4.5055 164.61525347593582 5.292803275152073 6.914691151919866 0.0
14 0.92 1.009 170.75721671525753 5.666020524518713 7.283289299867899 0.0
14 0.96 0.5095 176.41390811339198 5.66643567875244 7.3267222358421185 0.0
14 0.96 2.008 176.36523879380604 5.789730807577782 7.3746527777777775 0.0
14 0.96 2.5075 176.35635820895524 5.787401465911293 7.337028657616893 0.0
14 0.96 7.003 176.28064445955133 5.572366131839839 7.1446845981428115 0.0
14 0.98 0.5095 179.20772955974843 5.670934197071268 7.329549950544016 0.0
14 0.98 1.009 179.2001728594507 5.785594363664339 7.395111847555924 0.0
14 0.98 2.5075 179.1885211786372 5.873770682821992 7.448236386138614 0.0
14 1.0 10.0 182.0 5.98757142857118 7.623073836276084 0.0
14 1.02 0.5095 184.5421056338028 5.728723110869532 7.3896210407239815 0.0
14 1.02 1.009 184.53098618784531 5.875645604393117 7.505622895622896 0.0
14 1.06 0.01 189.696247566064 5.338171852896339 7.175795807453416 0.044871060171919774
14 1.06 3.007 189.39324210526314 6.322352772599972 8.091653872993719 0.0
14 1.1 7.5025 193.2243103448276 7.704827435565477 9.332205452775073 0.0
14 1.1 8.002 193.15611809045225 7.854151851074473 9.47181847032688 0.0
14 1.12 1.5085 196.79515346534652 6.273563869988763 8.074657628994329 0.0
14 1.12 10.0 194.65355241935484 8.999933862433862 10.374925447316103 0.0
14 1.14 5.5045 197.70550480256136 7.795220057720297 9.39749449339207 0.0
14 1.18 1.5085 203.85279094540613 6.470754716980547 8.192246520874752 0.0
14 1.18 3.5065 202.62542181340342 7.424437781107934 9.148750790638836 0.0
14 1.18 9.5005 199.6730547588005 10.11827099942236 11.223343992690726 0.0
14 1.2 0.01 207.633104434907 5.321726190472625 7.169088482074752 0.043486271785423025
14 1.22 7.5025 203.93219072615923 9.988730385163826 11.159570428384953 0.0
14 1.24 4.5055 207.71674784276127 8.620814865328022 10.173698841698842 0.0
14 1.26 5.5045 208.52872840605522 9.491007257921577 11.023499278499278 0.0
14 1.28 0.5095 216.84055754475702 6.086827242526653 7.9027809307605 0.0
14 1.28 1.009 216.0714826147427 6.475008098476986 8.189163391353173 0.0
14 1.28 2.5075 213.68970292887028 7.602492927866265 9.263427487352445 0.0
14 1.32 5.5045 213.562578784758 10.08944315547927 11.21216486023959 0.0
14 1.34 1.5085 221.86085071090048 7.0858754027944135 8.978619018776499 0.0
14 1.34 3.5065 217.59370260223048 8.934853358560664 10.351115809255344 0.0
14 1.34 9.5005 213.28 12.001067961165369 12.049914494014581 0.0
14 1.36 6.004 216.25965681233933 10.890129009317258 12.009777986241401 0.0
14 1.36 6.5035 215.76409907120743 11.129018976050164 12.034209643477995 0.0
14 1.36 8.5015 215.48 11.764085365848025 13.0 0.0
14 1.4 4.5055 221.0796577540107 10.301172506728896 11.342368873602751 0.0
14 1.42 10.0 220.64 12.279160623628654 13.0 0.0
14 1.44 0.5095 235.92913593539706 6.292857142853 8.10198221833552 0.0
14 1.44 1.009 233.9809700854701 6.879589490966393 8.658805841924398 0.0
14 1.46 2.008 232.23959899117276 8.18635204081701 10.002477498376171 0.0
14 1.46 7.003 224.39308580926655 11.942000978456182 13.0 0.0
14 1.5 1.5085 238.05159691629956 7.725485569072522 9.366845349772179 0.0
14 1.5 3.5065 231.29430794430795 10.201940412547872 11.216782307025152 0.0
14 1.52 5.005 230.6621093877551 11.415091804771505 12.044640540622078 0.0
14 1.54 0.01 251.1191585976628 5.3657571623438365 7.1916260003903965 0.040530222693531286
14 1.54 3.007 235.73790384615384 10.006756396590513 11.175607117095456 0.0
14 1.58 0.5095 252.28862216624685 6.470458457204854 8.197230710466005 0.0
14 1.58 2.008 243.4952201986755 8.83808835672807 10.284428571428572 0.0
14 1.58 2.5075 241.07521104972375 9.60032467532668 11.050582086006177 0.0
14 1.58 7.003 234.78 12.447751814501338 13.0 0.0
14 1.6 4.5055 237.8 11.594910773276556 12.047313477737665 0.0
14 1.6 9.001 236.6 12.8571428571 13.0 0.0
14 1.62 2.008 246.572833869239 9.05899567099685 10.439695314745617 0.0
14 1.62 7.003 238.42 12.8571428571 13.0 0.0
14 1.66 4.006 243.42071374253123 11.565685766113212 12.049429669208141 0.0
14 1.68 6.004 244.56 12.324492164826134 13.0 0.0
14 1.68 6.5035 243.88 12.455478885911788 13.0 0.0
14 1.72 5.5045 247.67176341584982 12.373812615967616 13.0 0.0
14 1.74 7.5025 249.34 12.7142857143 13.0 0.0
14 1.74 8.002 249.34 13.0 13.0 0.0
14 1.74 9.001 249.34 12.8571428571 13.0 0.0
14 1.78 5.005 253.76 12.296256868120745 13.0 0.0
14 1.84 10.0 258.44 13.0 13.0 0.0
14 1.86 3.5065 261.98 11.717684610088842 13.0 0.0
14 1.86 9.5005 260.26 13.0 13.0 0.0
14 1.88 4.006 262.96 12.04812925171512 13.0 0.0
14 1.88 5.005 262.96 12.402644360517286 13.0 0.0
14 1.9 7.5025 263.9 13.0 13.0 0.0
14 1.9 8.002 263.9 12.8571428571 13.0 0.0
14 1.9 9.001 263.9 13.0 13.0 0.0
14 1.92 1.5085 277.0597781954887 9.378190137262434 10.99859756097561 0.0
14 1.92 3.5065 266.64 11.95662323560045 13.0 0.0
14 1.94 2.008 273.36846766169157 10.46297730308557 11.415468630937262 0.0
14 1.94 2.5075 270.7676075 11.262378199829895 12.04498627823517 0.0
14 1.94 7.003 267.54 13.0 13.0 0.0
14 1.96 1.5085 280.24856454388987 9.603383861585286 11.058506035071737 0.0
14 1.96 10.0 269.36 13.0 13.0 0.0
14 1.98 0.01 307.1863610675039 5.356272764060257 7.187860798362333 0.03497485905835746
14 1.98 3.007 272.16 11.730868379748214 13.0 0.0
14 2.0 9.5005 273.0 13.0 13.0 0.0
16 0.0 0.5095 36.00217391304348 4.500271739130435 6.43009394233884 0.0
16 0.0 1.009 25.139913700107876 3.1424892125134845 4.890280898876404 0.0
16 0.0 2.5075 15.0 1.875 3.0 0.0
16 0.02 0.5095 41.505153846153846 4.600305374592834 6.517348854675179 0.0
16 0.02 1.009 32.32962790697675 3.328225344036697 5.102112015018774 0.0
16 0.02 2.5075 24.25553125 2.0862410071942445 3.291497898356897 0.0
16 0.08 0.01 66.2302015503876 6.284602272727272 8.336811023622047 0.04122740621877744
16 0.1 1.5085 53.083241379310344 3.4357660228270412 5.153324056895485 0.0
16 0.1 10.0 37.5 1.875 15.0 0.0
16 0.12 5.005 42.0 1.875 15.0 0.0
16 0.16 4.5055 51.0 1.875 15.0 0.0
16 0.16 8.002 51.84 2.0 15.0 0.0
16 0.16 9.001 51.0 1.875 15.0 0.0
16 0.18 4.5055 55.5 1.875 15.0 0.0
16 0.18 9.001 55.5 1.875 15.0 0.0
16 0.22 4.5055 66.06 2.125 15.0 0.0
16 0.22 9.001 64.5 1.875 15.0 0.0
16 0.24 0.5095 91.85156756756757 5.227267779390421 7.20605121850475 0.0
16 0.24 2.008 86.93676923076923 4.098871359223301 5.839397036280021 0.0
16 0.24 2.5075 85.51521311475409 3.878868626062323 5.629028436018958 0.0
16 0.24 7.003 69.76 2.0 15.0 0.0
16 0.26 6.004 74.24 2.0 15.0 0.0
16 0.26 6.5035 74.24 2.0 15.0 0.0
16 0.26 8.5015 73.5 1.875 15.0 0.0
16 0.28 3.007 82.43137278106508 2.642917899408284 8.822647058823529 0.0
16 0.3 6.004 82.5 1.875 15.0 0.0
16 0.3 6.5035 83.2 2.0 15.0 0.0
16 0.3 8.5015 82.5 1.875 15.0 0.0
16 0.32 5.5045 87.68 2.0 15.0 0.0
16 0.38 5.005 101.12 2.0 15.0 0.0
16 0.4 4.5055 106.91675213675214 2.274323361823362 15.0 0.0
16 0.4 9.001 105.6 2.0 15.0 0.0
16 0.42 6.004 109.5 1.875 15.0 0.0
16 0.42 6.5035 110.08 2.0 15.0 0.0
16 0.46 10.0 119.04 2.0 15.0 0.0
16 0.48 1.5085 139.01773737373736 5.253290816326531 7.078544423440453 0.0
16 0.48 3.5065 129.13195490417138 3.3490276211950394 6.364107538802661 0.0
16 0.5 6.5035 128.0 2.0 15.0 0.0
16 0.5 9.5005 128.02959931456905 2.007399828642263 15.0 0.0
16 0.52 1.5085 146.9942142857143 5.3508263378803775 7.1263781952571605 0.0
16 0.52 10.0 132.0 1.875 15.0 0.0
16 0.56 5.5045 142.8464266169154 2.399553016169154 15.0 0.0
16 0.58 1.5085 159.19650205761317 5.536452821869489 7.295024988641527 0.0
16 0.58 3.5065 156.35378787878787 4.8948042168674695 6.586313056379822 0.0
16 0.58 10.0 145.54926836581708 1.8896632041122297 15.0 0.0
16 0.6 1.5085 163.06147632311976 5.5906714285714285 7.3190834312573445 0.0
16 0.6 10.0 150.8 2.125 15.0 0.0
16 0.64 1.5085 171.06710828025479 5.687898803589232 7.444055106319257 0.0
16 0.64 10.0 159.36 2.0 15.0 0.0
16 0.66 0.01 177.0865105263158 6.322552588996764 8.367414094350611 0.04688337095560572
16 0.66 3.007 173.66697687861273 5.351143702906351 7.076893436088228 0.0
16 0.68 4.5055 176.52791384615384 5.131666211790393 6.670829875518672 0.0
16 0.68 8.002 169.2674591291062 2.3701012223071047 15.0 0.0
16 0.68 9.001 168.32 2.0 15.0 0.0
16 0.72 1.5085 186.76912437810947 5.930247701736466 7.797726124305204 0.0
16 0.72 10.0 177.56 2.125 15.0 0.0
16 0.78 0.5095 199.0730266666667 6.293789707750953 8.263288634864805 0.0
16 0.78 2.008 198.1111243144424 5.9792444574095684 7.9030933633295835 0.0
16 0.78 2.5075 197.75578531073447 5.864131079478055 7.560409683426443 0.0
16 0.82 0.5095 206.61648979591837 6.325018355359765 8.282950978024632 0.0
16 0.82 2.008 205.9141303538175 6.112160912453761 8.043935574229693 0.0
16 0.82 2.5075 205.73725724319578 6.035553825622776 7.959018332347723 0.0
16 0.84 3.007 209.3806959775491 5.9990313653136536 7.767668444013572 0.0
16 0.88 3.007 217.19123241954708 6.183851616062683 8.102352767090855 0.0
16 0.9 4.006 220.92156303972368 6.133316967792616 8.047629766949152 0.0
16 0.9 5.005 220.8312297181896 6.030198120915033 7.834302023871302 0.0
16 0.92 6.5035 224.64845863570392 6.012473021582734 7.818350930115636 0.0
16 0.94 0.5095 228.91226927502876 6.497972440944882 8.476217668794089 0.0
16 0.94 1.009 228.8662645631068 6.585711920529802 8.517583187390542 0.0
16 0.94 2.5075 228.76174907749078 6.537684016824396 8.370771802730566 0.0
16 0.96 6.004 232.44948046874998 6.402633495145631 8.247981046559538 0.0
16 0.96 8.5015 232.3901846153846 6.218914835164835 8.123136449778901 0.0
16 0.98 6.004 236.25875871313673 6.6146854304635765 8.447438271604938 0.0
16 0.98 6.5035 236.25535286935286 6.594581807081807 8.42436286407767 0.0
16 0.98 8.5015 236.24285944494181 6.5178715308863024 8.353663101604278 0.0
16 1.0 4.5055 240.0 6.864272103658537 8.889097103918228 0.0
16 1.02 6.004 243.31612765957448 7.173708991494532 9.175727089811597 0.0
16 1.02 6.5035 243.32 7.213001432664757 9.382801491918773 0.0
16 1.02 8.5015 243.29736177474405 7.269515864332604 9.243558673469387 0.0
16 1.04 0.5095 246.76799393019726 6.68324332909784 8.705309325946445 0.0
16 1.04 1.009 246.72903172413794 6.859750361794501 8.959150717703348 0.0
16 1.04 2.5075 246.65860479041916 7.132790041067762 9.14016024036054 0.0
16 1.06 1.009 250.06786666666667 6.898474914481186 9.024127282491945 0.0
16 1.08 4.5055 252.77151252086813 7.812251529051988 10.009863861386139 0.0
16 1.1 0.01 257.05283360790776 6.321097662771286 8.379680567879326 0.04628056860619203
16 1.12 4.5055 258.6003694412771 8.351776079136691 10.327888860036355 0.0
16 1.12 8.002 257.3288 9.79081105710814 11.582341867469879 0.0
16 1.12 9.001 257.06840786240787 10.135616666666667 12.062625313283208 0.0
16 1.16 0.5095 266.79741704035877 6.8529508797653955 9.02112810707457 0.0
16 1.16 2.008 265.70040701754385 7.699716288384512 9.766732380482997 0.0
16 1.16 2.5075 265.39837419354836 7.956312589413447 10.063948138854036 0.0
16 1.16 7.003 262.579382746051 10.30021637816245 12.109462947032076 0.0
16 1.18 7.5025 264.59600925069384 10.948597972972973 12.481931748933578 0.0
16 1.18 8.002 264.2734871134021 11.136946494464945 12.678911851539436 0.0
16 1.2 0.5095 273.3738989169675 6.956739631336405 9.070198974977389 0.0
16 1.2 1.009 272.7812323943662 7.2803571428571425 9.273572097378278 0.0
16 1.2 2.5075 271.1628785046729 8.278446691176471 10.252474619289341 0.0
16 1.26 4.006 277.0635351925631 10.060118194842406 12.021720472056959 0.0
16 1.28 6.004 276.97013879003555 11.7634625 13.125396208070004 0.0
16 1.28 6.5035 276.41280459770115 12.007638017565872 13.201092065247442 0.0
16 1.28 8.5015 274.6940164609054 13.099698221092757 14.034445223648504 0.0
16 1.3 2.008 286.06306318681317 8.613264006791171 10.565332834704563 0.0
16 1.3 7.003 278.25519527235355 12.494806477093206 13.540734667103969 0.0
16 1.32 4.006 284.1928504983389 10.795180901542112 12.33511416537353 0.0
16 1.34 7.5025 282.47540634005765 13.24448851203501 14.036853310623803 0.0
16 1.34 8.002 281.91492326809566 13.511770196877121 14.049458202011106 0.0
16 1.34 9.001 281.4915357142857 13.704848310291858 15.0 0.0
16 1.36 5.5045 286.26829360465115 12.26793358946213 13.406631366616239 0.0
16 1.38 2.008 296.7390065876153 9.103032081377151 11.102995127543709 0.0
16 1.38 7.003 286.83470525917517 13.446266816143497 14.046539005810978 0.0
16 1.42 4.5055 294.6711477031802 12.253417642140468 13.28717993380944 0.0
16 1.44 6.004 293.68 13.301265088207986 14.046711219482827 0.0
16 1.44 6.5035 293.3660618556701 13.520395435244161 15.0 0.0
16 1.44 8.5015 293.68 14.26899205202312 15.0 0.0
16 1.48 5.005 299.83195604395604 13.03487962962963 14.039599065902404 0.0
16 1.5 7.5025 301.0 14.082894349617423 15.0 0.0
16 1.5 8.002 300.5 14.267898230088496 15.0 0.0
16 1.5 9.001 300.5 14.705142487046633 15.0 0.0
16 1.52 3.5065 307.3664198062433 12.05599593495935 13.229908608490566 0.0
16 1.52 9.5005 302.4 14.511348593964335 15.0 0.0
16 1.56 4.006 309.33881818181817 12.919368327402136 14.026190842276822 0.0
16 1.56 5.005 308.32 13.557964743589743 15.0 0.0
16 1.58 6.004 311.34 13.989592723760463 15.0 0.0
16 1.58 6.5035 309.6 14.390881944444445 15.0 0.0
16 1.58 8.5015 310.18 14.5 15.0 0.0
16 1.6 3.007 318.54402347024313 11.954728335625859 13.200329337373205 0.0
16 1.64 4.006 319.38825196850394 13.293038840262582 14.045101468504056 0.0
16 1.64 5.005 317.44 13.9183125 15.0 0.0
16 1.7 2.008 335.093547925608 11.06114771151179 12.613160941721343 0.0
16 1.7 7.003 324.7 14.422792104062072 15.0 0.0
16 1.74 0.01 366.2161361426256 6.355186631944444 8.418605398457583 0.03971555932922947
16 1.74 3.007 333.38935000000004 12.76734361424848 14.0 0.0
16 1.78 3.5065 335.94 13.482056213017751 14.048630054677643 0.0
16 1.78 9.5005 333.6 15.0 15.0 0.0
16 1.8 0.5095 366.6634055727554 7.948902157164869 10.069066937119675 0.0
16 1.8 1.009 358.5611009174312 9.257600911458333 11.182831065954883 0.0
16 1.8 2.5075 342.7827726432532 12.335823170731707 13.327983125753315 0.0
16 1.84 4.5055 341.64 14.388698287366548 15.0 0.0
16 1.86 7.5025 343.2 15.0 15.0 0.0
16 1.88 1.5085 361.21660606060607 10.848238636363636 12.401040832666133 0.0
16 1.88 10.0 345.6 15.0 15.0 0.0
16 1.9 0.01 393.167125 6.376396952104499 8.427928503032238 0.03764359083449827
16 1.9 3.007 351.6894720788363 13.33056148590948 14.044150316933294 0.0
16 1.92 7.5025 350.4 14.875 15.0 0.0
16 1.92 8.002 350.4 15.0 15.0 0.0
16 1.92 9.001 350.4 15.0 15.0 0.0
16 1.96 4.5055 355.2 14.75 15.0 0.0
16 1.96 8.002 355.2 15.0 15.0 0.0
16 1.96 9.001 355.2 15.0 15.0 0.0
16 1.98 1.009 381.74013316582915 9.883429176755447 11.770230105465005 0.0
18 0.0 6.004 17.0 1.88888888889 3.0 0.0
18 0.0 6.5035 17.0 1.88888888889 3.0 0.0
18 0.0 8.5015 17.0 1.88888888889 3.0 0.0
18 0.02 6.004 26.44192140641158 1.88888888889 5.0 0.0
18 0.02 6.5035 24.84 1.88888888889 10.0 0.0
18 0.02 8.5015 22.78 1.88888888889 17.0 0.0
18 0.04 4.006 33.2 1.9382957445347229 4.291783166904422 0.0
18 0.06 2.008 49.280358974358975 3.0302518756695798 4.952067559697146 0.0
18 0.06 2.5075 47.824528735632185 2.7808121151627843 4.564823241162058 0.0
18 0.06 7.003 35.24 1.88888888889 16.0 0.0
18 0.08 0.5095 71.91814285714285 5.539324212275119 7.835534934497817 0.0
18 0.08 1.009 63.66996721311475 4.3471846846812126 6.332240853658536 0.0
18 0.08 2.5075 56.13168992248062 3.0680375802888413 5.023117697966248 0.0
18 0.1 4.5055 46.8 2.0 17.0 0.0
18 0.1 9.001 45.9 1.88888888889 17.0 0.0
18 0.12 1.5085 73.7685625 4.043319118691819 6.070260423694508 0.0
18 0.12 3.5065 54.40731576673866 2.1593923989332886 7.018998862343572 0.0
18 0.12 9.5005 51.68 1.88888888889 17.0 0.0
18 0.14 2.008 78.573 3.8598537336426637 5.848771562990068 0.0
18 0.14 7.003 57.46 1.88888888889 17.0 0.0
18 0.16 3.007 69.87687248322148 2.5987894144184263 6.085150595377073 0.0
18 0.18 3.007 81.12864 3.1721541155849686 6.036150456405414 0.0
18 0.22 3.007 87.12395316455695 2.808542303773576 6.558329764453961 0.0
18 0.24 6.004 87.12 2.0 17.0 0.0
18 0.24 8.5015 86.36 1.88888888889 17.0 0.0
18 0.26 5.5045 92.88 2.0 17.0 0.0
18 0.28 5.005 99.85553393907001 2.1875823980027564 17.0 0.0
18 0.3 5.5045 104.4 2.0 17.0 0.0
18 0.34 2.008 137.771671875 5.104935241989407 7.0719017239038955 0.0
18 0.34 2.5075 136.91303296703296 4.951001821494115 6.945333333333333 0.0
18 0.38 3.5065 132.48696538583678 2.904474083484248 16.0396573161486 0.0
18 0.38 9.5005 127.44 2.0 17.0 0.0
18 0.4 3.007 151.73815631262525 5.019079906678141 7.00999464811346 0.0
18 0.46 4.5055 152.83438773191972 2.4844419201468475 17.0 0.0
18 0.48 7.5025 156.24 2.0 17.0 0.0
18 0.48 8.002 155.72 1.88888888889 17.0 0.0
18 0.48 9.001 156.24 2.0 17.0 0.0
18 0.52 4.5055 171.0541723446894 2.7625398946063973 16.04971492017765 0.0
18 0.52 8.002 167.76 2.0 17.0 0.0
18 0.52 9.001 167.76 2.0 17.0 0.0
18 0.58 7.5025 185.04 2.0 17.0 0.0
18 0.58 8.002 185.88 2.22222222222 17.0 0.0
18 0.58 9.001 185.07090825514766 2.0081767870760188 17.0 0.0
18 0.6 4.5055 195.47482142857143 3.2985615079335227 9.580270574971815 0.0
18 0.6 8.002 191.6 2.22222222222 17.0 0.0
18 0.6 9.001 190.8 2.0 17.0 0.0
18 0.62 0.5095 214.6235035460993 6.865658174099008 9.15370335645978 0.0
18 0.62 2.008 211.74081679389312 6.118546863188534 8.109914712153518 0.0
18 0.62 2.5075 210.98585496183208 5.948379002309058 7.987682038834952 0.0
18 0.64 4.5055 212.70016470588234 5.075133773999878 7.4077195853791595 0.0
18 0.64 8.002 203.61646975088968 2.4001449848384926 17.0 0.0
18 0.64 9.001 202.32 2.0 17.0 0.0
18 0.66 1.009 223.37398461538461 6.668679199810496 8.940200708382527 0.0
18 0.68 3.007 225.95654411764707 6.022212717422076 8.046399246197335 0.0
18 0.72 4.5055 235.14706742857143 5.814130165802403 7.569129193433262 0.0
18 0.72 8.002 227.35212547528516 2.790525982258115 16.047886349969932 0.0
18 0.72 9.001 226.35582561307902 2.395168894075024 17.0 0.0
18 0.74 0.5095 244.04746122448978 7.100829475307633 9.32904160084255 0.0
18 0.74 2.008 242.27724 6.543914662088278 8.534729064039409 0.0
18 0.74 2.5075 241.7743705722071 6.393636156644515 8.287071428571428 0.0
18 0.76 5.5045 244.988961352657 5.722076318745764 7.6982954545454545 0.0
18 0.78 6.004 250.27521764705884 5.801170548279523 7.486847133757962 0.0
18 0.78 6.5035 250.09224121557455 5.732478632481308 7.429630689951331 0.0
18 0.78 8.5015 244.90882730923695 3.14587237840104 7.8465303926842385 0.0
18 0.8 2.008 257.2530936819172 6.7631980426045555 9.022332219079455 0.0
18 0.8 2.5075 256.99737579617835 6.6555291319891765 8.635417523652817 0.0
18 0.82 6.004 260.54847861507125 5.935702693931185 7.883386752136752 0.0
18 0.82 6.5035 260.44997746478873 5.87374836305153 7.753015427769986 0.0
18 0.82 8.5015 260.0143353658537 5.6121953945936385 7.260201026518391 0.0
18 0.84 5.005 266.1509058971142 6.304927211643087 8.239139499620926 0.0
18 0.86 3.5065 271.62883589138136 6.669308095394174 8.705160706201902 0.0
18 0.86 9.5005 270.3009193548387 5.666756169291148 7.641214314435063 0.0
18 0.88 5.005 276.36900275482094 6.546697453124363 8.484562663185379 0.0
18 0.9 1.5085 282.1000739957717 7.293402309188849 9.423735650015514 0.0
18 0.94 6.004 291.39377751479293 6.949954302128716 9.09132224861441 0.0
18 0.94 6.5035 291.36487461773703 6.897056510505467 9.06087772484481 0.0
18 0.94 8.5015 291.25840350877195 6.700314056749803 8.700527472527472 0.0
18 0.96 5.5045 296.3729285714286 7.254806362376429 9.343608829568788 0.0
18 0.98 5.5045 301.2247085852479 7.468366800532944 9.618901927912825 0.0
18 1.04 6.004 314.3787090301003 8.50431516422117 10.867808988764045 0.0
18 1.04 6.5035 314.3248917609047 8.603850210974425 11.037471363115692 0.0
18 1.04 8.5015 314.2398943089431 8.849121802216095 11.169671490027376 0.0
18 1.06 3.5065 318.6183500810373 8.41451730418529 10.72990922121357 0.0
18 1.06 9.5005 317.88164853556486 9.740682870372964 12.102492944496708 0.0
18 1.1 0.5095 327.6525609756098 7.728026269083302 10.098357046070461 0.0
18 1.1 1.009 327.44564569536425 7.980291005291202 10.270346628679961 0.0
18 1.12 3.007 330.6457826086957 8.927453045463249 11.222135306553911 0.0
18 1.16 6.004 335.75668686868687 11.270967175679415 13.295302459561267 0.0
18 1.16 6.5035 335.3411751412429 11.569727299143695 13.56140287769784 0.0
18 1.16 8.5015 333.9088 12.504366292901896 14.273187549251379 0.0
18 1.18 0.01 345.4147351778656 7.318065693427476 9.704708737864078 0.04642416212472523
18 1.2 6.004 341.9978313253012 11.984011799411629 14.03835517490455 0.0
18 1.2 6.5035 341.40768549280176 12.368184663499958 14.198302973688307 0.0
18 1.2 8.5015 339.86772967265046 13.419669117605093 15.065075335735342 0.0
18 1.22 0.5095 353.1298050420168 7.954574074074529 10.258046534173534 0.0
18 1.22 2.008 350.5951831932773 9.202835538750334 11.433919843597263 0.0
18 1.22 2.5075 349.7479736346516 9.654850833924053 12.037943848059456 0.0
18 1.24 5.005 349.0396987012987 12.064065335746768 14.063134393378348 0.0
18 1.28 5.5045 354.318 13.080135135127122 14.837068965517242 0.0
18 1.3 4.5055 358.6594407894737 12.592283950658056 14.316941176470587 0.0
18 1.34 0.01 380.4516867924528 7.347078853043124 9.736744882675985 0.04507267354200591
18 1.4 5.005 371.91383720930236 14.267632204370146 15.437285867237687 0.0
18 1.42 3.007 380.9878261964736 12.17355902776042 14.128486686000528 0.0
18 1.48 1.5085 398.64 10.399501612390422 12.770883429168844 0.0
18 1.48 3.5065 386.9543300970874 13.430098170416606 15.068216737495913 0.0
18 1.5 0.01 415.27739852398525 7.348582855152139 9.725981580222976 0.04221335027069534
18 1.5 3.007 392.5094439117929 12.933418410760444 14.64715088282504 0.0
18 1.52 7.5025 387.12 16.27739481688549 17.0 0.0
18 1.52 8.002 386.08 16.7777777778 17.0 0.0
18 1.54 3.5065 395.42688075313805 13.9365824308126 15.233960759291753 0.0
18 1.54 9.5005 389.16 16.8888888889 17.0 0.0
18 1.56 1.5085 411.71538411669366 10.836564931195278 13.077764767109029 0.0
18 1.58 5.5045 395.9 15.618158407173414 17.0 0.0
18 1.6 5.005 399.05616618911176 15.541532060728281 17.0 0.0
18 1.64 1.5085 425.1139575671853 11.209248677227752 13.247551751592356 0.0
18 1.66 4.5055 409.4290050301811 15.537442234307631 16.046998104065725 0.0
18 1.74 1.009 448.3924818181818 10.449377179829956 12.636313559322033 0.0
18 1.76 2.008 436.6777 13.059859024293774 14.766480706648071 0.0
18 1.76 2.5075 431.8675074875208 14.072306185271247 15.215034328149082 0.0
18 1.78 7.5025 425.34 17.0 17.0 0.0
18 1.8 6.004 429.2 16.6666666667 17.0 0.0
18 1.8 6.5035 428.4 17.0 17.0 0.0
18 1.8 8.5015 428.4 17.0 17.0 0.0
18 1.82 0.5095 472.59127821939586 9.105304659497156 11.374013340744858 0.0
18 1.82 2.008 445.862569664903 13.275786163494434 15.049798627684964 0.0
18 1.82 2.5075 440.5839347568209 14.256756428892325 15.373507972665148 0.0
18 1.84 3.007 441.1604582524272 15.12378306877069 16.04495747632547 0.0
18 1.86 0.01 493.7853010380623 7.364492753619543 9.780316622691293 0.03942427275760609
18 1.88 4.5055 441.52 16.522233088852342 17.0 0.0
18 1.88 8.002 440.64 17.0 17.0 0.0
18 1.88 9.001 440.64 17.0 17.0 0.0
18 1.9 1.009 474.8020684292379 10.991873361565645 13.138722153465347 0.0
18 1.92 0.01 507.0611011235955 7.380421519685602 9.813905167820991 0.03907449552419967
18 1.94 5.5045 450.76 16.5555555556 17.0 0.0
18 1.96 0.01 515.9154877589455 7.374756006002259 9.76187341772152 0.03828656462585034
18 1.96 3.007 455.8707616353818 15.54435859704309 16.04988598859886 0.0
18 1.98 9.5005 455.94 17.0 17.0 0.0
20 0.0 5.5045 19.0 1.9 3.0 0.0
20 0.02 5.5045 29.32 1.9 7.0 0.0
20 0.04 1.5085 53.839872340425536 3.6128105263157897 5.523756345177665 0.0
20 0.06 6.004 40.66 1.9 19.0 0.0
20 0.06 8.5015 40.66 1.9 19.0 0.0
20 0.08 6.004 47.88 1.9 19.0 0.0
20 0.08 6.5035 48.8 2.0 19.0 0.0
20 0.08 8.5015 47.88 1.9 19.0 0.0
20 0.1 3.007 73.55048780487805 3.1928222013170275 5.526427847245691 0.0
20 0.12 7.5025 62.32 1.9 19.0 0.0
20 0.12 8.002 62.32 1.9 19.0 0.0
20 0.12 9.001 62.32 1.9 19.0 0.0
20 0.16 5.005 78.44 2.1 19.0 0.0
20 0.18 5.005 83.98 1.9 19.0 0.0
20 0.2 2.008 120.1604375 4.790665829145729 7.0451432291666665 0.0
20 0.2 2.5075 118.94428246013668 4.5743464730290455 6.681825975139306 0.0
20 0.22 5.005 100.76 2.2 19.0 0.0
20 0.24 5.5045 105.64 1.9 19.0 0.0
20 0.28 3.5065 124.06037810945274 2.4528302929795465 19.0 0.0
20 0.28 9.5005 120.08 1.9 19.0 0.0
20 0.32 2.008 163.20998373983738 5.518290840415486 7.493403964456596 0.0
20 0.36 2.008 176.71186111111112 5.6904512195121955 7.8378080755112745 0.0
20 0.36 2.5075 175.341664 5.499965517241379 7.427190605239386 0.0
20 0.38 7.5025 156.18 1.9 19.0 0.0
20 0.38 8.002 156.18 1.9 19.0 0.0
20 0.4 5.005 164.75534587714444 2.125890979524073 19.0 0.0
20 0.44 2.008 203.7999381443299 6.078881036513545 8.187896825396825 0.0
20 0.44 2.5075 202.52887441860466 5.871806588735388 8.04654985058408 0.0
20 0.46 3.007 207.9118222222222 5.758643911439115 7.6709144792548685 0.0
20 0.48 0.01 226.53732608695654 8.30084380610413 11.046381684277938 0.04622311908921149
20 0.52 0.01 238.4499797979798 8.315675213675215 11.047774825639323 0.046309290769462434
20 0.52 3.007 227.80212048192772 5.959614181438999 8.063090987001857 0.0
20 0.54 0.5095 241.38126530612246 7.553859649122807 10.118377575645072 0.0
20 0.54 2.008 236.51406191950466 6.430790909090909 8.49552384041518 0.0
20 0.54 2.5075 235.41058064516128 6.231995268138801 8.213829787234042 0.0
20 0.56 2.008 242.93770342205323 6.515013927576602 8.602886516409647 0.0
20 0.58 0.01 256.23716923076927 8.2886875 11.040569694926681 0.04682599404027331
20 0.58 3.007 247.68146280991735 6.22495262704565 8.174566160520607 0.0
20 0.6 3.007 254.078281938326 6.2755875 8.312010201715744 0.0
20 0.62 6.004 245.96034375000002 2.72640625 19.0 0.0
20 0.62 6.5035 245.93530453879941 2.719816983894583 19.0 0.0
20 0.62 8.5015 243.96 2.2 19.0 0.0
20 0.64 3.007 267.2467619047619 6.453323471400394 8.448047589993898 0.0
20 0.66 9.5005 258.62 2.3 19.0 0.0
20 0.68 5.005 277.08919083969465 5.7626642335766425 8.039905027018175 0.0
20 0.7 0.5095 290.5737150127227 7.856096153846154 10.367692307692307 0.0
20 0.7 2.008 287.84134105960266 7.035817361894025 9.243619337979094 0.0
20 0.7 2.5075 287.2171409395973 6.8699301513387665 9.13760877131918 0.0
20 0.72 3.007 292.9907128712871 6.754925883694413 8.90035735556879 0.0
20 0.74 6.004 297.030067299396 6.003575899843505 8.0586993006993 0.0
20 0.74 6.5035 296.77496537678206 5.918209219858157 8.0 0.0
20 0.74 8.5015 288.38043239712607 2.761704768125408 19.0 0.0
20 0.76 4.006 304.98865638766523 6.6693265993266 8.819093686354378 0.0
20 0.78 5.5045 310.61904667981594 6.406064476885645 8.3683349609375 0.0
20 0.8 8.5015 312.2022741764081 4.101137088204038 8.280408515535099 0.0
20 0.82 5.5045 323.64962072767366 6.676034482758621 8.665563468789275 0.0
20 0.84 1.5085 332.090131147541 7.85546494992847 10.249644576931896 0.0
20 0.84 3.5065 330.87750581395346 7.249479418886199 9.434211313977851 0.0
20 0.84 9.5005 329.1480599571735 6.216046511627907 8.161791717206723 0.0
20 0.86 7.5025 336.0826532582462 6.629159397303727 8.606721056721057 0.0
20 0.88 1.5085 344.22680263157895 8.02997028231798 10.4525712414019 0.0
20 0.88 3.5065 343.4631346938775 7.51756067961165 10.016755428103236 0.0
20 0.88 9.5005 342.24974307304785 6.541417785234899 8.536193122612017 0.0
20 0.9 8.002 348.92242452830186 6.921841121495327 9.08976603773585 0.0
20 0.9 9.001 348.79297202797204 6.791516203703703 9.04216960494145 0.0
20 0.94 5.5045 361.84796649484537 7.744139240506329 10.133698384201077 0.0
20 0.96 4.006 368.07756305506217 8.181295336787564 10.618838103374626 0.0
20 1.0 5.005 380.0 8.646539101497504 11.189798850574713 0.0
20 1.04 5.5045 390.5037637474542 9.475138888888889 12.12930907754502 0.0
20 1.06 7.5025 395.14205813953487 10.513155963302752 13.118430500940331 0.0
20 1.08 5.005 400.36775670840785 10.260969072164949 12.923812351543942 0.0
20 1.1 6.004 404.60682971014495 11.124944852941177 13.624715789473685 0.0
20 1.1 6.5035 404.4316373239436 11.342966601178782 13.978642590286427 0.0
20 1.12 5.005 409.5453862068965 11.076361788617886 13.56426368542791 0.0
20 1.14 4.5055 414.37101906412477 11.242953367875648 13.837925356750823 0.0
20 1.16 5.5045 417.6139363057325 12.27214442013129 14.7078191238813 0.0
20 1.18 0.5095 428.36175155279506 8.897312030075188 11.406860902255639 0.0
20 1.18 1.009 427.5944980988593 9.317384615384617 12.009995570648162 0.0
20 1.2 5.5045 425.62132882882884 13.209580745341615 15.336885043263289 0.0
20 1.22 6.004 428.59494249201276 14.010662420382166 16.08142778085224 0.0
20 1.22 6.5035 427.69758193979936 14.426352 16.291751295336788 0.0
20 1.22 8.5015 425.4538026755853 15.660390309555854 17.173837716564876 0.0
20 1.24 1.5085 441.5503043478261 10.063225152129817 12.594446764091858 0.0
20 1.24 3.5065 436.70897931034483 12.212449999999999 14.512522234080398 0.0
20 1.26 4.5055 438.41622727272727 13.53526402640264 15.657090012330457 0.0
20 1.32 4.5055 449.2648017429194 14.34868670886076 16.22859259259259 0.0
20 1.34 1.009 467.4730138067061 10.005431893687708 12.515841584158416 0.0
20 1.36 2.008 467.0048851351351 11.645294117647058 14.14432104997476 0.0
20 1.36 2.5075 464.11612977099236 12.458081395348838 14.903993154592127 0.0
20 1.4 1.5085 478.2959493670886 11.160870488322717 13.698543468365953 0.0
20 1.4 3.5065 466.97725685785537 14.241490787269681 16.197910629861216 0.0
20 1.42 5.005 465.82895478723407 16.191419185282523 17.36132321041215 0.0
20 1.46 4.006 475.3080544904137 15.607172489082968 17.14841814159292 0.0
20 1.46 5.005 471.22313995485325 16.600180851063833 18.018007318283303 0.0
20 1.48 7.5025 473.12 17.95471421345473 19.0 0.0
20 1.48 8.002 472.16 18.23653725490196 19.0 0.0
20 1.48 9.001 472.64 18.258502269288957 19.0 0.0
20 1.5 1.009 504.95791208791206 10.737085714285714 13.268842250922509 0.0
20 1.52 0.01 522.4417330895795 8.375758196721312 11.08268997749697 0.04360182416719519
20 1.54 7.5025 483.68 18.5 19.0 0.0
20 1.56 8.002 486.96 18.8 19.0 0.0
20 1.56 9.001 486.96 18.9 19.0 0.0
20 1.58 4.006 496.1238906976744 16.720058577405858 18.009220324134912 0.0
20 1.6 1.5085 520.6616190476191 12.459737373737374 14.876773835920178 0.0
20 1.6 3.5065 502.6082306163022 16.08668049792531 17.423808303434136 0.0
20 1.6 9.5005 494.0 18.90256215384615 19.0 0.0
20 1.62 4.006 502.84895454545455 17.0154851228978 18.0460794650119 0.0
20 1.62 5.005 500.4000529938059 17.531445945945947 19.0 0.0
20 1.64 8.002 502.24 18.8 19.0 0.0
20 1.64 9.001 502.24 18.9 19.0 0.0
20 1.68 2.008 529.0766269956458 14.098719512195121 16.135106242576217 0.0
20 1.68 2.5075 523.5303108108109 15.110129240710824 17.0305702822754 0.0
20 1.72 4.5055 518.24 17.827999252056845 19.0 0.0
20 1.74 9.5005 521.34 18.9 19.0 0.0
20 1.76 6.004 525.16 18.9 19.0 0.0
20 1.76 8.5015 524.4 19.0 19.0 0.0
20 1.78 0.01 592.8643112033195 8.336588693957115 11.086241904428496 0.04145957562732694
20 1.8 5.5045 532.8 18.60419317819573 19.0 0.0
20 1.82 6.004 535.8 19.0 19.0 0.0
20 1.82 6.5035 536.62 18.9 19.0 0.0
20 1.82 8.5015 536.62 18.9 19.0 0.0
20 1.84 5.005 540.44 18.036366487455197 19.0 0.0
20 1.86 0.5095 597.9440500963392 10.420428305400373 13.05762325015216 0.0
20 1.86 1.009 582.5408995363215 12.3428007518797 14.769234519746465 0.0
20 1.86 2.5075 553.4016457399104 16.1930625 17.446982995063085 0.0
20 1.88 0.01 620.0153702882484 8.32106589147287 11.056501057082452 0.04105320534173152
20 1.88 3.007 552.6930505767525 17.239217993079585 18.04524541726966 0.0
20 1.9 9.5005 551.0 19.0 19.0 0.0
20 1.92 1.009 594.0849090909092 12.526261343012704 15.016246532384514 0.0
20 1.94 4.006 562.36 18.02344576466079 19.0 0.0
20 2.0 0.5095 629.6576519916142 10.716398026315789 13.244372051224444 0.0
20 2.0 2.008 584.8710306406686 15.939045454545456 17.212182672934855 0.0
20 2.0 2.5075 576.2825625473844 16.843542319749215 18.038490967056322 0.0
20 2.0 7.003 570.0 19.0 19.0 0.0
