10 0.0 5.5045 9.0 1.8 2.0593430731507967 0.0
10 0.02 5.5045 11.126536345776032 1.8 3.0 0.0
10 0.04 1.5085 14.51526380368098 1.8860065735414955 3.0 0.0
10 0.04 10.0 12.52 1.8 4.0 0.0
10 0.06 6.004 13.86 1.8 3.417581423401689 0.0
10 0.06 8.5015 14.28 1.8 4.053624442218378 0.0
10 0.08 6.004 16.04 1.8 5.416412390198798 0.0
10 0.08 6.5035 16.04 1.8 3.8990263459335623 0.0
10 0.08 8.5015 16.04 1.8 8.0 0.0
10 0.1 3.007 19.265670731707317 1.8 3.0622463191404696 0.0
10 0.12 7.5025 18.72 1.8 8.0 0.0
10 0.12 8.002 18.72 1.8 9.0 0.0
10 0.12 9.001 18.72 1.8 9.0 0.0
10 0.16 5.005 21.96 1.8 7.180109765329296 0.0
10 0.18 5.005 23.58 1.8 7.3201931034482755 0.0
10 0.2 2.008 30.2 2.4 4.0 0.0
10 0.2 2.5075 29.31787234042553 2.234968760276225 3.3014200729226637 0.0
10 0.2 7.003 25.2 1.8 9.0 0.0
10 0.22 5.005 26.82 1.8 7.54804228660924 0.0
10 0.24 5.5045 28.44 1.8 9.0 0.0
10 0.28 3.5065 31.84392918660287 1.8395860338699561 4.1867170022371365 0.0
10 0.28 9.5005 31.68 1.8 9.0 0.0
10 0.32 2.008 40.56434375 2.7833133433283357 3.9409399773499434 0.0
10 0.32 7.003 34.92 1.8 8.043659589889167 0.0
10 0.36 2.008 43.60520993227991 2.8520863970588235 4.032718315301391 0.0
10 0.36 2.5075 42.99752131147541 2.8007177914110426 4.011422748447205 0.0
10 0.36 7.003 38.16 1.8 9.0 0.0
10 0.38 7.5025 39.78 1.8 9.0 0.0
10 0.38 8.002 39.78 1.8 9.0 0.0
10 0.4 5.005 41.4 1.8 8.047170151948247 0.0
10 0.44 2.008 49.67171480804387 3.054421052631579 4.1144371649791545 0.0
10 0.44 2.5075 49.115865248226946 2.97924404272802 4.08365478914678 0.0
10 0.44 7.003 44.64 1.8 9.0 0.0
10 0.46 3.007 48.797720496894414 2.70924126172208 4.121049336338593 0.0
10 0.48 0.01 54.088499999999996 3.328780971258672 4.470315581854043 0.04628056860619203
10 0.52 0.01 56.96977540106952 3.3512127659574467 4.486294927779644 0.046338011202794675
10 0.52 3.007 54.35777168949772 3.0079936642027456 4.168629518072289 0.0
10 0.54 0.5095 58.217027746947835 3.4000752688172042 4.436622554660529 0.0
10 0.54 2.008 57.22780696661829 3.2748490749756574 4.227689506785833 0.0
10 0.54 2.5075 56.756657553956835 3.214530164533821 4.204706416464891 0.0
10 0.54 7.003 52.74 1.8 9.0 0.0
10 0.56 2.008 58.697146020761245 3.325850706119704 4.244722080571137 0.0
10 0.56 7.003 54.36 1.8 8.049771949828962 0.0
10 0.58 0.01 61.40367191011236 3.3234510595358224 4.447644305772231 0.04553318464042438
10 0.58 3.007 59.35762436548224 3.185642512077295 4.222511167836631 0.0
10 0.6 3.007 60.776405405405406 3.2094992707826933 4.224645390070922 0.0
10 0.62 6.004 59.6 2.0 8.045418098510883 0.0
10 0.62 6.5035 59.22 1.8 8.04814391776128 0.0
10 0.62 8.5015 59.22 1.8 9.0 0.0
10 0.64 3.007 64.01933513513514 3.3121035169210353 4.269015407741451 0.0
10 0.66 9.5005 62.46 1.8 9.0 0.0
10 0.68 5.005 65.2525142364107 2.532821397756687 4.328749166851811 0.0
10 0.7 0.5095 69.39365131578948 3.577826086956522 4.686413969335605 0.0
10 0.7 2.008 68.90622712146423 3.583391167192429 4.48337342152736 0.0
10 0.7 2.5075 68.59106358381503 3.5423778920308484 4.411884506316061 0.0
10 0.72 3.007 70.0022662057044 3.4827201667535173 4.392028805562454 0.0
10 0.74 6.004 69.80691428571429 2.4668571428571426 4.199941690962099 0.0
10 0.74 6.5035 69.62539008264463 2.327223140495868 4.346628937007874 0.0
10 0.74 8.5015 69.2 2.0 8.025861326442723 0.0
10 0.76 4.006 72.57158099352053 3.4463462394303517 4.376660296225514 0.0
10 0.78 5.5045 73.72431046511628 3.203009234111896 4.341444778884001 0.0
10 0.8 8.5015 74.19812448132781 2.198124481327801 4.3910534274193544 0.0
10 0.82 5.5045 76.79707692307693 3.3229707602339182 4.426159033436359 0.0
10 0.84 1.5085 78.84292823954569 3.8416658452439623 5.027390710382513 0.0
10 0.84 3.5065 78.61556598240469 3.7230685920577615 4.717654926437806 0.0
10 0.84 9.5005 77.75103087885986 2.688788598574822 4.276915653348774 0.0
10 0.86 7.5025 79.78890177638453 3.4109420289855072 4.353392685274303 0.0
10 0.88 1.5085 81.64619533851275 3.901908349026993 5.055778894472362 0.0
10 0.88 3.5065 81.52064644549763 3.8435502471169687 4.929124579124579 0.0
10 0.88 9.5005 81.1890657318142 3.3151095530236634 4.32709051724138 0.0
10 0.9 8.002 82.78225594749794 3.563839869281046 4.492938990399504 0.0
10 0.9 9.001 82.7835996835443 3.5670411392405064 4.4453329694323145 0.0
10 0.94 5.5045 85.78199214145383 3.935946119307248 5.041056506167926 0.0
10 0.96 4.006 87.2140612987013 4.058477611940298 5.110628724309863 0.0
10 1.0 5.005 90.0 4.199256698357822 5.189672897196262 0.0
10 1.04 5.5045 92.32547988505746 4.42095952023988 5.414316527365867 0.0
10 1.06 7.5025 93.38282891566266 4.675207439198855 5.871152815013405 0.0
10 1.08 5.005 94.53345685740237 4.625225955967554 5.72960615663196 0.0
10 1.1 6.004 95.50432236842106 4.884140565317036 6.079625 0.0
10 1.1 6.5035 95.46483989021043 4.972603015075377 6.110854246507603 0.0
10 1.12 5.005 96.59730697674418 4.904423529411765 6.087294520547945 0.0
10 1.14 4.5055 97.68116244131456 4.915088566827698 6.09808159019993 0.0
10 1.16 5.5045 98.4186015037594 5.322502283105023 6.352141837220371 0.0
10 1.18 0.5095 100.75531097560976 4.031917159763314 5.152572936519572 0.0
10 1.18 1.009 100.5768679245283 4.254729811778993 5.284891348913489 0.0
10 1.2 5.5045 100.1926740665994 5.686056945642795 6.928440890919474 0.0
10 1.22 6.004 100.98014141414141 6.090583038869258 7.10369548436897 0.0
10 1.22 6.5035 100.81667070484582 6.252339137017412 7.15324720670391 0.0
10 1.22 8.5015 100.33259934426229 6.936645626690712 7.746572855197458 0.0
10 1.24 1.5085 103.69810128291695 4.555839598997493 5.6334122287968444 0.0
10 1.24 3.5065 102.72659035369774 5.2539878234398785 6.274216914643696 0.0
10 1.24 10.0 100.8 7.5147166799680765 8.043688470133478 0.0
10 1.26 4.5055 103.15648255382331 5.821490963855422 7.020291095890411 0.0
10 1.32 4.5055 105.70302568351285 6.261169871794872 7.161966025480889 0.0
10 1.34 1.009 109.48559459459459 4.464856943475227 5.524252603291904 0.0
10 1.36 2.008 109.3853987473904 5.072535657686212 6.180059835452505 0.0
10 1.36 2.5075 108.86867918858002 5.373370535714286 6.3809731113956465 0.0
10 1.36 7.003 106.56 7.619607341015791 8.044842251312058 0.0
10 1.4 1.5085 112.01607118412046 4.845413839891452 6.065252872329003 0.0
10 1.4 3.5065 109.52080489938757 6.193855140186916 7.139507772020726 0.0
10 1.4 10.0 108.0 8.212319868995632 9.0 0.0
10 1.42 5.005 109.43066164053076 7.129369527145359 8.014768838280132 0.0
10 1.46 4.006 111.76479256654947 6.866933158584534 7.605414364640884 0.0
10 1.46 5.005 110.97676420150053 7.3897971602434085 8.031373688557183 0.0
10 1.48 7.5025 111.6 8.331361746361747 9.0 0.0
10 1.48 8.002 111.6 8.406348665530949 9.0 0.0
10 1.48 9.001 111.6 8.635313684210526 9.0 0.0
10 1.5 1.009 117.97012331838565 4.726984387838948 6.00742708042121 0.0
10 1.52 0.01 122.21628428428428 3.3940295119182746 4.527373304782298 0.03559203313436472
10 1.54 7.5025 114.3 8.446554168072899 9.0 0.0
10 1.56 8.002 115.2 8.6 9.0 0.0
10 1.56 9.001 115.2 8.774310148232612 9.0 0.0
10 1.58 4.006 116.46349522154648 7.408229357798166 8.038023633767732 0.0
10 1.6 1.5085 121.49039432176656 5.348645533141211 6.366008392989386 0.0
10 1.6 3.5065 117.20747027027026 7.262401746724891 8.028729603729603 0.0
10 1.6 9.5005 117.0 8.80877234299517 9.0 0.0
10 1.62 4.006 118.21963848202397 7.555096674400619 8.045130261729586 0.0
10 1.62 5.005 117.9 8.025398230088495 9.0 0.0
10 1.64 8.002 118.8 8.662272608808966 9.0 0.0
10 1.64 9.001 118.8 8.622530131738765 9.0 0.0
10 1.68 2.008 123.62924496288441 6.152795918367347 7.122751600377794 0.0
10 1.68 2.5075 122.569472303207 6.660025396825397 7.372976080956762 0.0
10 1.68 7.003 120.6 8.618565588132228 9.0 0.0
10 1.72 4.5055 122.4 8.110377101317583 9.0 0.0
10 1.74 9.5005 123.3 8.808117672008969 9.0 0.0
10 1.76 6.004 124.2 8.462628032345014 9.0 0.0
10 1.76 8.5015 124.2 8.8 9.0 0.0
10 1.78 0.01 138.05987326732674 3.380872560275545 4.523150105708245 0.031699486301369866
10 1.8 5.5045 126.0 8.607859853275993 9.0 0.0
10 1.82 6.004 126.9 8.622278338039532 9.0 0.0
10 1.82 6.5035 126.9 9.0 9.0 0.0
10 1.82 8.5015 126.9 9.0 9.0 0.0
10 1.84 5.005 127.8 8.484438461538462 9.0 0.0
10 1.86 0.5095 138.45709766637856 4.600931976432779 5.774345295829292 0.0
10 1.86 1.009 135.53424415055952 5.28786699107867 6.307386867790594 0.0
10 1.86 2.5075 129.45648498168498 7.314556126192223 8.03146256422804 0.0
10 1.88 0.01 144.08166384976528 3.3914742857142857 4.529985496736765 0.029265526331923242
10 1.88 3.007 129.6 7.690813214739517 8.045130261729586 0.0
10 1.9 9.5005 130.5 9.0 9.0 0.0
10 1.92 1.009 138.156881953867 5.416915887850467 6.410010735373055 0.0
10 1.94 4.006 132.3 8.245530821917807 9.0 0.0
10 2.0 0.5095 145.87482088024564 4.690550381033023 6.002393146475463 0.0
10 2.0 2.008 136.36671943015432 7.057377501725328 8.00392237040765 0.0
10 2.0 2.5075 135.30675848814863 7.5246285226302305 8.043283987915407 0.0
10 2.0 7.003 135.0 9.0 9.0 0.0
12 0.04 4.5055 17.327369111508645 1.83333333333 3.154329553035357 0.0
12 0.04 8.002 16.92396846062162 1.83333333333 5.0 0.0
12 0.04 9.001 16.867352686019352 1.83333333333 4.117199262559533 0.0
12 0.06 5.5045 19.34 1.83333333333 4.082351274787535 0.0
12 0.08 5.5045 21.4 1.83333333333 7.23026167698368 0.0
12 0.1 5.005 24.0 1.83333333333 9.0 0.0
12 0.12 0.01 39.55085217391304 4.282430310167529 5.906002331002331 0.04221335027069534
12 0.16 3.5065 32.74341108986616 2.0288551744362264 4.203297210053032 0.0
12 0.16 9.5005 30.36 1.83333333333 11.0 0.0
12 0.18 3.5065 34.40267385138968 1.9132578357337948 4.360163749294184 0.0
12 0.18 9.5005 32.78 1.83333333333 11.0 0.0
12 0.22 1.5085 46.94323469387755 3.1096282527902965 4.327439550949913 0.0
12 0.22 3.5065 38.4 2.0 5.15460333006856 0.0
12 0.22 9.5005 37.62 1.83333333333 11.0 0.0
12 0.24 4.006 40.04 1.83333333333 9.356473988439307 0.0
12 0.26 2.008 51.376991304347825 3.140089358248131 4.324516806722689 0.0
12 0.26 7.003 42.46 1.83333333333 11.0 0.0
12 0.28 7.5025 44.88 1.83333333333 11.0 0.0
12 0.3 2.008 56.20983974358975 3.2716433566424907 4.441886688668867 0.0
12 0.3 7.003 47.3 1.83333333333 11.0 0.0
12 0.34 5.5045 52.8 2.0 11.0 0.0
12 0.38 0.01 68.28805479452055 4.291100754547846 5.9543912780133255 0.04538932264190758
12 0.4 3.5065 61.04806569343066 2.290926601782629 5.470197668525088 0.0
12 0.4 9.5005 59.4 1.83333333333 11.0 0.0
12 0.42 2.008 70.18297590361446 3.675489766084852 5.035309631817702 0.0
12 0.42 2.5075 69.32095 3.523018067847068 4.986006006006006 0.0
12 0.42 7.003 61.82 1.83333333333 11.0 0.0
12 0.44 6.004 64.2705603235228 1.8424286677119688 11.0 0.0
12 0.44 8.5015 64.24 1.83333333333 11.0 0.0
12 0.46 5.005 67.2 2.0 11.0 0.0
12 0.48 1.009 77.82604188481676 4.016386118038565 5.280249437742793 0.0
12 0.5 0.5095 80.24195258889581 4.170269953054833 5.529961765728189 0.0
12 0.5 2.008 78.85156705539359 3.880695308081277 5.132200357781753 0.0
12 0.5 2.5075 78.16829723674384 3.7480199222546955 5.091858116637213 0.0
12 0.5 7.003 71.56831461743434 1.856104872475234 11.0 0.0
12 0.54 6.004 76.8 2.0 11.0 0.0
12 0.54 6.5035 76.34 1.83333333333 11.0 0.0
12 0.54 8.5015 76.34 1.83333333333 11.0 0.0
12 0.58 1.009 88.58371024734983 4.212426503845918 5.474154221274002 0.0
12 0.6 5.005 84.96976536312849 2.4040689013016197 5.467127071823205 0.0
12 0.62 5.5045 86.67816774791474 2.1220033982106576 6.639759036144579 0.0
12 0.64 5.005 89.4685680317041 2.309522236897663 6.699093904448105 0.0
12 0.68 3.5065 97.34727458492975 3.8838252832415643 5.263986826811314 0.0
12 0.68 9.5005 93.30267691757554 1.8451442279008303 11.0 0.0
12 0.7 6.004 96.98641870824054 2.5480103934679237 5.960037878787879 0.0
12 0.7 6.5035 96.4139050131926 2.2299472295522533 5.473424124513619 0.0
12 0.7 8.5015 96.08707476635514 2.0483748701982676 11.0 0.0
12 0.72 5.005 101.24005806451613 3.68314942529003 5.140062548866302 0.0
12 0.74 5.5045 102.93934653465347 3.3680966843810625 5.183807395367737 0.0
12 0.76 1.5085 107.22298292902066 4.523885580220655 6.006204006541292 0.0
12 0.76 10.0 103.24127084361125 2.02866030806394 10.049743435858964 0.0
12 0.8 5.5045 110.5976164874552 4.1403389378197275 5.264771021021021 0.0
12 0.84 7.5025 114.68540476190476 3.9631903353049838 5.2833915724563205 0.0
12 0.84 8.002 114.64035406698565 3.916193013615849 5.179259379567972 0.0
12 0.84 9.001 113.99955209953343 3.2495334370140156 5.141703422053232 0.0
12 0.88 7.5025 119.24549394347241 4.281712962961694 5.422733460386605 0.0
12 0.88 8.002 119.16504112441436 4.173650051924135 5.351697259240634 0.0
12 0.88 9.001 119.11550943396226 4.104070921987897 5.309444798978941 0.0
12 0.9 0.01 121.99443509615385 4.337314635715637 6.0100875 0.04515905321875471
12 0.9 3.007 121.66303685897437 4.725643542758392 6.086973518284994 0.0
12 0.92 0.5095 123.91879501698754 4.682802795033744 6.13697166744078 0.0
12 0.92 2.008 123.80253674121406 4.834143389195938 6.160635359116022 0.0
12 0.92 2.5075 123.781426987061 4.827071383043443 6.127326675350991 0.0
12 0.92 7.003 123.61338735177866 4.5268282729355676 5.711265709156194 0.0
12 0.96 10.0 127.8409094449854 4.670374878289456 6.056822742474917 0.0
12 0.98 2.008 129.96760746268657 4.994970820459907 6.270422820149706 0.0
12 0.98 7.003 129.95314630225081 4.9416466506526895 6.211716530168812 0.0
12 1.0 1.5085 132.0 5.027569002123694 6.321093023255814 0.0
12 1.0 3.5065 132.0 5.076342780028518 6.330740995641202 0.0
12 1.02 2.008 133.79663145258104 5.0979651162810296 6.3933441120991645 0.0
12 1.02 2.5075 133.79342018779343 5.128028905291614 6.422446083995459 0.0
12 1.02 7.003 133.7700576923077 5.279505813952308 6.639620355411955 0.0
12 1.08 1.5085 139.10820271940668 5.194548736464312 6.535194942044257 0.0
12 1.08 3.5065 138.93082298850575 5.511770833333569 7.035574069847067 0.0
12 1.08 10.0 138.39014736842105 6.530885885886503 8.04898369680288 0.0
12 1.12 3.5065 142.20006656101424 5.732853605695517 7.175402006049992 0.0
12 1.12 9.5005 141.09311842105262 7.270450545581723 8.484436881188119 0.0
12 1.16 4.006 145.0993782129743 6.203237206674192 7.5723230826231935 0.0
12 1.18 6.004 145.7526830769231 7.1529683698327435 8.388383170150833 0.0
12 1.18 6.5035 145.58063401109058 7.323447488581537 8.581164762255806 0.0
12 1.22 5.5045 148.56181775333857 7.388894575228075 8.684978723404255 0.0
12 1.24 7.5025 148.85973673036094 8.500076053889615 9.365535307517085 0.0
12 1.24 8.002 148.83515846994536 8.784621905729372 9.629996178830723 0.0
12 1.24 9.001 148.49239768786128 9.142328308210551 10.033148108570208 0.0
12 1.26 3.007 152.8093151408451 6.457378679394533 8.024110988680757 0.0
12 1.28 2.008 155.14830961298378 6.0268487394963355 7.382148541114058 0.0
12 1.28 7.003 151.49058219727345 8.81905048076647 9.85721027792344 0.0
12 1.3 4.006 154.5689093588799 7.359667581576943 8.614269319051262 0.0
12 1.3 5.005 153.79926446280993 8.03311326291146 9.14816016105581 0.0
12 1.34 6.5035 155.399347792409 9.078558951966636 10.021889671361503 0.0
12 1.38 4.006 159.47938666666667 8.113024627126784 9.158347205707491 0.0
12 1.38 5.005 158.2310947093403 8.68826587971017 9.594965592176747 0.0
12 1.4 7.5025 158.4572608 9.984144664466129 11.0 0.0
12 1.4 8.002 158.4 9.943148717947581 11.0 0.0
12 1.4 9.001 158.4 10.309262363765063 11.0 0.0
12 1.42 1.5085 166.4764756097561 6.1415839536835595 7.5192531688934565 0.0
12 1.42 3.5065 162.63758453038673 7.943048878203989 9.107366004591277 0.0
12 1.44 2.008 166.81411930926217 6.690179623088376 8.112448400412797 0.0
12 1.44 2.5075 165.73006614785993 7.166378546102619 8.405074626865671 0.0
12 1.44 7.003 161.48 9.951747311826992 10.048201136124552 0.0
12 1.46 1.5085 169.3321770057899 6.2848734873473395 7.740325581395349 0.0
12 1.46 10.0 162.36 10.509426789682392 11.0 0.0
12 1.48 0.01 176.01215760869565 4.3800379572094705 6.019902271526678 0.03831577029366212
12 1.48 3.007 167.06231748589846 7.871707105716672 9.087152091937511 0.0
12 1.5 9.5005 165.0 10.8333333333 11.0 0.0
12 1.52 0.5095 177.38391082802548 5.324833137020956 6.822045220966085 0.0
12 1.52 1.009 175.4000499432463 5.8916666666644995 7.2696683459277915 0.0
12 1.56 0.01 183.48652717391306 4.3525089605705265 6.006920103092783 0.03776055910057733
12 1.56 3.007 171.9175867768595 8.372966269838729 9.280291314511778 0.0
12 1.6 7.5025 171.6 10.835998902044967 11.0 0.0
12 1.6 8.002 171.6 10.529254104217129 11.0 0.0
12 1.62 1.5085 180.39809254498715 6.801813590447882 8.164994581204521 0.0
12 1.62 10.0 172.92 10.8333333333 11.0 0.0
12 1.64 0.01 190.8021930294906 4.365499671266212 6.009713914174252 0.03647234223817927
12 1.64 3.007 176.74261914744935 8.708025585326324 9.523729351969504 0.0
12 1.66 5.005 175.56 10.174944720870265 11.0 0.0
12 1.68 8.5015 176.88 10.8333333333 11.0 0.0
12 1.7 4.006 178.2 9.675883960144398 10.047800463060408 0.0
12 1.76 5.5045 182.16 10.432603730477576 11.0 0.0
12 1.78 0.5095 198.45802500000002 5.624543501613662 7.120396237172178 0.0
12 1.78 1.009 194.3487656850192 6.479785894206145 8.034106994171523 0.0
12 1.78 2.5075 186.5294451901566 8.880913134482181 9.917098731384446 0.0
12 1.82 5.5045 186.12 10.6666666667 11.0 0.0
12 1.84 1.5085 194.6463290129611 7.534921398781577 8.923037249283668 0.0
12 1.84 3.5065 187.49618858242462 9.890821124975208 11.0 0.0
12 1.84 9.5005 187.44 11.0 11.0 0.0
12 1.86 6.004 188.76 10.8333333333 11.0 0.0
12 1.86 6.5035 188.76 10.688884167478019 11.0 0.0
12 1.86 8.5015 188.76 11.0 11.0 0.0
12 1.92 6.5035 192.72 10.835477452169922 11.0 0.0
12 1.92 9.5005 192.72 11.0 11.0 0.0
12 1.94 1.5085 200.98793166666667 7.795887445885611 9.068430826369545 0.0
12 1.94 10.0 194.04 11.0 11.0 0.0
12 1.96 3.5065 195.36 10.14096498265316 11.0 0.0
12 1.96 9.5005 195.36 11.0 11.0 0.0
12 2.0 6.004 198.0 11.0 11.0 0.0
12 2.0 6.5035 198.0 10.8333333333 11.0 0.0
12 2.0 8.5015 198.0 11.0 11.0 0.0
14 0.0 2.008 13.0 1.85714285714 3.0 0.0
14 0.0 7.003 13.0 1.85714285714 3.0 0.0
14 0.02 2.008 20.053242424242423 2.047384305835958 3.1701698087979677 0.0
14 0.02 7.003 17.58 1.85714285714 5.0 0.0
14 0.04 3.007 23.40801680672269 1.9353922590921262 3.2651520509193777 0.0
14 0.06 4.006 26.591273113708823 1.903225226303442 4.027197416456052 0.0
14 0.1 3.5065 34.39390763765542 2.0757598072046215 4.258561946902655 0.0
14 0.1 9.5005 29.9 1.85714285714 13.0 0.0
14 0.12 1.009 46.5925504587156 3.5020231213873236 5.1234108298999415 0.0
14 0.14 4.006 37.52 2.0 10.147305997966791 0.0
14 0.16 7.5025 40.04 1.85714285714 13.0 0.0
14 0.18 7.5025 43.42 1.85714285714 13.0 0.0
14 0.18 8.002 43.42 1.85714285714 13.0 0.0
14 0.2 5.5045 46.8 1.85714285714 13.0 0.0
14 0.22 7.5025 50.18 1.85714285714 13.0 0.0
14 0.22 8.002 50.18 1.85714285714 13.0 0.0
14 0.24 10.0 53.56 1.85714285714 13.0 0.0
14 0.28 0.01 79.13937837837838 5.289229024939095 7.135518834399432 0.043399589173513775
14 0.34 4.006 72.00362812089357 2.1912614980293466 13.0 0.0
14 0.36 5.5045 74.48 2.0 13.0 0.0
14 0.38 0.5095 92.25821176470588 4.7833413500088495 6.424940262843489 0.0
14 0.38 1.009 91.23853038674032 4.478602032072041 6.122251655629139 0.0
14 0.4 7.5025 80.6 1.85714285714 13.0 0.0
14 0.4 8.002 80.6 1.85714285714 13.0 0.0
14 0.42 8.5015 83.98 1.85714285714 13.0 0.0
14 0.44 5.5045 87.92 2.0 13.0 0.0
14 0.46 1.5085 102.98822926829268 4.553231995278515 6.113510915831388 0.0
14 0.46 3.5065 93.64280095541402 2.6250796178368963 6.314801561483409 0.0
14 0.46 9.5005 90.74 1.85714285714 13.0 0.0
14 0.48 6.5035 94.64 2.0 13.0 0.0
14 0.48 9.5005 94.12 1.85714285714 13.0 0.0
14 0.5 6.004 98.03125153374233 2.0089290096408448 13.0 0.0
14 0.5 8.5015 97.50793206296603 1.8594091608446257 13.0 0.0
14 0.52 3.5065 106.20338227848102 3.436282871356224 5.976196101594802 0.0
14 0.52 9.5005 100.88 1.85714285714 13.0 0.0
14 0.54 5.5045 105.25215328244275 2.165264994549174 13.0 0.0
14 0.58 9.5005 111.44 2.0 13.0 0.0
14 0.6 3.5065 122.3156237218814 4.491172413792927 6.102475898334794 0.0
14 0.6 9.5005 114.83198895027624 2.0114246250988868 13.0 0.0
14 0.62 4.006 122.49961507936509 3.6310325318272314 6.003173231263119 0.0
14 0.64 3.5065 128.61792439862543 4.5777389750685575 6.104977437440175 0.0
14 0.64 9.5005 121.52 2.0 13.0 0.0
14 0.68 7.5025 128.56 2.14285714286 13.0 0.0
14 0.7 5.5045 134.6614534883721 3.457834994462058 6.073139777468707 0.0
14 0.72 3.5065 140.74315079365078 4.787615087615707 6.16967093532177 0.0
14 0.72 9.5005 135.25947851851853 2.1527951625118087 13.0 0.0
14 0.74 4.006 143.5196180698152 4.778022738508267 6.197115031238515 0.0
14 0.76 4.5055 146.42572781065087 4.7746325473207145 6.164622365339579 0.0
14 0.76 9.001 142.40574080000002 2.4319885714272114 12.043977176669484 0.0
14 0.78 7.003 147.62954915254238 3.681525423732444 5.933882888004548 0.0
14 0.8 4.006 152.67276124567474 5.013544213931011 6.343944558054988 0.0
14 0.82 7.003 155.00008873239437 4.567745664741239 6.125488754961046 0.0
14 0.84 0.01 159.82191363636363 5.310933470857488 7.151760631133346 0.046338011202794675
14 0.86 0.5095 162.39604015056463 5.516741854636926 7.217400707825403 0.0
14 0.86 1.009 162.23902508960572 5.557059607060748 7.195265526552655 0.0
14 0.86 2.008 162.0064717557252 5.475464887332697 7.108894917190177 0.0
14 0.86 2.5075 161.90883333333332 5.4160560344810795 7.068117058144012 0.0
14 0.88 0.01 165.38227995520717 5.333820346317022 7.17174499229584 0.04616566265060241
14 0.92 6.004 170.42898747236552 5.333784062754727 6.9583284628872 0.0
14 0.92 8.5015 170.3131230628988 5.1303278688550655 6.581327953044754 0.0
14 0.94 2.008 173.53011184210524 5.747087727711179 7.316144633809304 0.0
14 0.94 7.003 173.34584916201118 5.392554032681035 7.030959064327486 0.0
14 0.96 4.5055 176.32313984539704 5.7195186123602895 7.245322117357406 0.0
14 1.0 7.5025 182.0 5.990818656229432 7.578369065849923 0.0
14 1.0 8.002 182.0 5.992475342029757 7.6165682802046435 0.0
14 1.0 9.001 182.0 5.987233691164072 7.6003470883146935 0.0
14 1.04 2.008 187.01115282791818 6.062501865951392 7.790133862171542 0.0
14 1.04 7.003 186.861385 6.515869232079323 8.212790247678019 0.0
14 1.06 0.5095 189.59981224489798 5.7963270142181935 7.45242870573488 0.0
14 1.06 2.008 189.47544475138122 6.155134556167727 8.008761574074073 0.0
14 1.06 2.5075 189.4409843260188 6.221880848408139 8.045355055341375 0.0
14 1.08 7.5025 191.24089002557545 7.29693242441799 9.089307921059746 0.0
14 1.08 8.002 191.1685590851334 7.435828800456775 9.155185428290121 0.0
14 1.08 9.001 191.02618731117823 7.716005416388763 9.342598561864618 0.0
14 1.12 7.5025 195.18955158184318 8.163241525425567 9.921927293710329 0.0
14 1.14 4.006 198.222030816641 7.206146616541046 9.052266091151454 0.0
14 1.14 5.005 197.86661684460262 7.594250281850814 9.282364016736402 0.0
14 1.2 2.008 205.81459837019793 6.78426120448258 8.464967948717948 0.0
14 1.2 7.003 202.4402840909091 9.40424710424519 11.003824639910501 0.0
14 1.24 0.01 212.8052989130435 5.341317254171224 7.158537511870845 0.042821303349050904
14 1.24 3.007 209.07367760342368 7.640829735313498 9.28039974210187 0.0
14 1.26 5.005 208.92628848223896 9.23923381769949 10.641502611490559 0.0
14 1.3 1.5085 217.386641337386 6.9421370182938995 8.643978405315615 0.0
14 1.3 10.0 209.6 11.751369202225797 13.0 0.0
14 1.32 5.005 214.12089789029537 9.815973132371417 11.122070982052833 0.0
14 1.38 1.5085 226.0374524590164 7.233133406032513 9.05606289308176 0.0
14 1.38 10.0 216.58 12.45321347832639 13.0 0.0
14 1.4 0.01 233.4383949044586 5.323955236926012 7.168648148148148 0.04116934629242741
14 1.4 3.007 224.13144769874478 8.92299474922895 10.349112845990064 0.0
14 1.42 7.5025 220.64 11.945601599402073 13.0 0.0
14 1.42 8.002 220.64 12.214270298061567 13.0 0.0
14 1.42 9.001 220.22 12.396639212363969 13.0 0.0
14 1.46 4.5055 226.3258545966229 10.777945717524982 12.00520529010775 0.0
14 1.46 8.002 224.32 12.206263642995909 13.0 0.0
14 1.46 9.001 223.86 12.288161201777578 13.0 0.0
14 1.48 1.009 238.30973778920307 7.020187001839766 8.825052966101694 0.0
14 1.52 6.004 229.84 12.0 13.0 0.0
14 1.52 6.5035 229.84 12.072650680514343 13.0 0.0
14 1.52 8.5015 229.84 12.49473577892906 13.0 0.0
14 1.54 0.5095 247.80777021276594 6.40896635099556 8.160921352250831 0.0
14 1.54 1.009 244.85745945945945 7.156600557795786 9.028691418137553 0.0
14 1.54 2.5075 237.56767342073897 9.29441964285303 10.826402470406588 0.0
14 1.56 1.009 247.01494450261782 7.219809767696101 9.056947112306313 0.0
14 1.58 4.5055 236.23073913043478 11.44443765283396 12.046711219482827 0.0
14 1.6 0.01 259.22084134615386 5.363889453360415 7.172515408320493 0.03887034114362025
14 1.62 4.5055 239.661980489671 11.709829795384914 12.04885865321079 0.0
14 1.62 8.002 239.04 12.57863437381125 13.0 0.0
14 1.62 9.001 238.42 13.0 13.0 0.0
14 1.64 1.009 255.4466956521739 7.4226172300965985 9.15650609946825 0.0
14 1.66 1.5085 253.21516576086955 8.422081691891455 10.097133487185715 0.0
14 1.66 3.5065 243.89969832985386 11.201985859865328 12.033738138101485 0.0
14 1.66 10.0 242.06 13.0 13.0 0.0
14 1.68 5.5045 244.56 12.335895270271038 13.0 0.0
14 1.7 1.5085 257.1759068384539 8.631248020275034 10.165188993885492 0.0
14 1.7 10.0 245.7 13.0 13.0 0.0
14 1.72 4.006 248.24 11.906907854022784 13.0 0.0
14 1.72 5.005 248.24 12.235665612076797 13.0 0.0
14 1.76 4.006 251.92 11.897680031109825 13.0 0.0
14 1.78 6.004 252.98 12.611398048939073 13.0 0.0
14 1.78 6.5035 252.98 12.8571428571 13.0 0.0
14 1.78 8.5015 252.98 13.0 13.0 0.0
14 1.8 2.008 262.1458728557013 9.94800068352596 11.148609483217902 0.0
14 1.8 7.003 254.8 12.7142857143 13.0 0.0
14 1.82 4.006 257.44 11.950925458507909 13.0 0.0
14 1.84 7.5025 258.44 13.0 13.0 0.0
14 1.84 8.002 258.44 13.0 13.0 0.0
14 1.84 9.001 258.44 13.0 13.0 0.0
14 1.86 5.5045 260.26 12.60873929940795 13.0 0.0
14 1.88 3.5065 263.84 11.802129899558027 12.049828972635622 0.0
14 1.88 9.5005 262.08 13.0 13.0 0.0
14 1.94 4.5055 268.48 12.366087599344514 13.0 0.0
14 1.94 9.001 267.54 13.0 13.0 0.0
14 1.96 7.5025 269.36 13.0 13.0 0.0
14 1.98 0.5095 296.9722429057889 7.021736385162234 8.826937269372694 0.0
14 1.98 2.008 277.3135014037058 10.57499735250877 11.516608335984728 0.0
14 1.98 2.5075 271.18 11.44398850680161 12.047370795980989 0.0
14 2.0 5.5045 273.0 13.0 13.0 0.0
16 0.04 5.005 27.479920529801323 1.875 4.640353905912818 0.0
16 0.06 10.0 28.5 1.875 15.0 0.0
16 0.08 2.008 45.460482758620685 2.904825036075036 4.448337091319053 0.0
16 0.08 7.003 33.0 1.875 15.0 0.0
16 0.1 7.5025 37.5 1.875 15.0 0.0
16 0.1 8.002 37.5 1.875 15.0 0.0
16 0.12 6.5035 42.88 2.0 15.0 0.0
16 0.14 1.5085 63.88481739130435 3.7368519585253455 5.373456629330555 0.0
16 0.14 10.0 46.5 1.875 15.0 0.0
16 0.16 0.01 81.68105714285716 6.297110849056604 8.359392185238784 0.04296594034271208
16 0.18 0.01 85.36998757763975 6.285559116809117 8.360705218617772 0.04363070790045905
16 0.2 4.006 60.8 2.0 15.0 0.0
16 0.22 0.01 93.05581818181818 6.278302238805971 8.339784649364992 0.0436595898891674
16 0.24 4.5055 70.52 2.125 15.0 0.0
16 0.28 0.5095 100.6095 5.391438547486033 7.332469232783451 0.0
16 0.28 1.009 98.25335384615384 4.833940489432703 6.630253113700281 0.0
16 0.28 2.5075 94.16615730337078 4.049689226519337 5.972587329780936 0.0
16 0.32 4.006 89.07150656405614 2.255791647804436 14.04842994080351 0.0
16 0.34 1.5085 109.99455474452554 4.757750732064422 6.446631047788661 0.0
16 0.34 10.0 91.5 1.875 15.0 0.0
16 0.36 4.006 98.13437133865892 2.2918694020818204 15.0 0.0
16 0.38 6.004 101.12 2.0 15.0 0.0
16 0.38 6.5035 100.5 1.875 15.0 0.0
16 0.38 8.5015 101.12 2.0 15.0 0.0
16 0.4 0.01 127.65363914373089 6.299221014492754 8.350056022408964 0.04475581430424422
16 0.42 5.5045 110.78831526603679 2.152654152163103 15.0 0.0
16 0.44 4.006 116.46791371872304 2.4258735979292494 14.045820778594672 0.0
16 0.46 7.5025 118.5 1.875 15.0 0.0
16 0.46 8.002 119.04 2.0 15.0 0.0
16 0.46 9.001 119.04 2.0 15.0 0.0
16 0.5 5.5045 129.0758535336292 2.268963383407306 15.0 0.0
16 0.52 7.5025 132.48 2.0 15.0 0.0
16 0.54 4.006 140.48980776699028 2.9591868932038836 7.026305970149254 0.0
16 0.56 4.006 144.9676507703595 3.0021735143066763 7.170802098950524 0.0
16 0.6 7.5025 150.8 2.125 15.0 0.0
16 0.64 7.5025 159.9059849246231 2.1895780988274707 15.0 0.0
16 0.66 0.5095 176.3738675496689 6.077864963503649 8.1163997330664 0.0
16 0.66 2.008 174.37539504132232 5.611968713105076 7.302761296211775 0.0
16 0.66 2.5075 174.01479772079773 5.4490149456521735 7.138977688977689 0.0
16 0.68 0.01 180.83594285714287 6.299000726744186 8.357013442431327 0.04628056860619203
16 0.7 4.006 180.8956813186813 5.280462398373984 7.01368906767629 0.0
16 0.72 7.5025 178.95041644325292 2.7457216264521893 14.04757135552949 0.0
16 0.74 7.003 183.6593820093458 2.9131644275700936 14.025831359399515 0.0
16 0.76 3.007 193.5718958502848 5.697755456349206 7.30626383355467 0.0
16 0.78 4.5055 197.0026488939308 5.460160944206009 7.126499608457322 0.0
16 0.8 10.0 196.064478021978 2.540298763736264 14.028729603729603 0.0
16 0.82 4.5055 205.0360701754386 5.648850677120456 7.264238410596026 0.0
16 0.84 0.5095 210.3252295514512 6.394480319803198 8.325089331291474 0.0
16 0.84 1.009 210.13333783783784 6.341573952879581 8.25432776801406 0.0
16 0.86 6.004 212.70655339153794 5.6223375 7.221754451038576 0.0
16 0.86 6.5035 212.67913435700575 5.598967038068709 7.247039473684211 0.0
16 0.86 8.5015 212.36935662063362 5.328561339790153 7.051265164644714 0.0
16 0.88 0.5095 217.7899666666667 6.443758644536653 8.402037201062887 0.0
16 0.88 1.009 217.65056041131106 6.45400974025974 8.343672520661157 0.0
16 0.9 3.5065 221.00043711656443 6.208338036117381 8.105035026269702 0.0
16 0.9 9.5005 220.4375764036958 5.546815117104329 7.195451538207079 0.0
16 0.92 5.5045 224.72224769992923 6.122692102454643 8.045738222438077 0.0
16 0.96 3.007 232.52148282828284 6.599855212355212 8.448594884748974 0.0
16 1.0 0.01 240.0 6.3478365384615385 8.387671641791044 0.04673991571342565
16 1.0 3.007 240.0 6.842874479889043 8.917068965517242 0.0
16 1.02 5.5045 243.3261855388813 7.1093217329545455 9.131635802469136 0.0
16 1.06 6.004 249.58266126418152 7.80642217630854 10.002823383084577 0.0
16 1.06 6.5035 249.5509352331606 7.8854617834394904 10.031422976501306 0.0
16 1.06 8.5015 249.35296515679443 8.288210641399417 10.25047311827957 0.0
16 1.08 0.01 253.6542687609075 6.324096638655462 8.369944068295554 0.04613693183529625
16 1.08 3.007 253.04110167310168 7.453115558912387 9.414018404907976 0.0
16 1.1 2.008 256.39335164835165 7.340748480243161 9.310169491525423 0.0
16 1.1 2.5075 256.25861685214625 7.49567775974026 9.46247537754432 0.0
16 1.1 7.003 255.11693528693527 8.925690298507464 11.026496830241841 0.0
16 1.12 0.01 260.4602388059701 6.329468503937008 8.390113951339698 0.045820778594672776
16 1.14 1.5085 262.9285348837209 7.347722222222222 9.318440436880874 0.0
16 1.14 10.0 259.0376004206099 11.077237171464331 12.625409523809523 0.0
16 1.16 4.5055 264.0400966442953 8.951293731778426 11.054774305555556 0.0
16 1.22 7.003 269.4178541666667 11.479479865771813 13.051113742322208 0.0
16 1.24 1.009 279.12654545454546 7.389811756935271 9.363705583756346 0.0
16 1.26 1.5085 281.38579973649536 7.894256756756757 10.044051619841376 0.0
16 1.26 3.5065 277.96045898234684 9.6046875 11.37723730180059 0.0
16 1.26 9.5005 272.32731241830066 13.208881909547738 14.043283987915407 0.0
16 1.3 8.002 277.4797170731707 13.047812831389184 14.037233977866958 0.0
16 1.3 9.001 276.9544784422809 13.321835309060118 14.043977176669484 0.0
16 1.32 1.5085 290.0791285930409 8.165207454289733 10.185919485919486 0.0
16 1.32 3.5065 285.08937313432835 10.320050077041602 12.118782936010037 0.0
16 1.32 10.0 279.13698940738624 13.900498089519651 15.0 0.0
16 1.36 4.006 288.6160900321544 11.18561580882353 12.82571283095723 0.0
16 1.38 4.5055 290.0980087565674 11.8335 13.174613353451528 0.0
16 1.38 8.002 285.98 13.91325844304522 14.049971499714998 0.0
16 1.38 9.001 286.152988672406 13.94657699742268 15.0 0.0
16 1.4 1.009 303.61483091787443 7.911132271468144 10.044743899168678 0.0
16 1.42 0.01 311.6785145631068 6.349978849407783 8.4060336906585 0.043515162498489794
16 1.44 5.5045 294.60733760683763 13.074141328828828 14.038228147968171 0.0
16 1.46 0.01 318.4337243697479 6.343519332161687 8.386228251253318 0.042271283834870714
16 1.46 3.007 302.7178835877863 11.046185601056804 12.656960985626283 0.0
16 1.48 9.5005 297.6 14.407016656288917 15.0 0.0
16 1.54 6.004 305.39846488294313 13.935324302134648 15.0 0.0
16 1.54 6.5035 304.8 14.110538383152173 15.0 0.0
16 1.54 8.5015 305.34 14.419741566920566 15.0 0.0
16 1.56 3.5065 312.4170639175258 12.312965291750503 13.345919016323935 0.0
16 1.56 9.5005 307.2 15.0 15.0 0.0
16 1.6 0.5095 336.7611403508772 7.551788294797688 9.566460825935932 0.0
16 1.6 1.009 332.03923295454547 8.525915446071904 10.474515698062792 0.0
16 1.62 0.01 345.85045283018866 6.37640503875969 8.41062787136294 0.041517600411634735
16 1.62 3.007 320.7850515297907 12.108875 13.266151545363908 0.0
16 1.64 3.5065 320.28271096345514 12.943556547619048 14.020497989483452 0.0
16 1.64 9.5005 317.44 14.875 15.0 0.0
16 1.66 7.5025 319.2 14.875 15.0 0.0
16 1.66 8.002 319.2 15.0 15.0 0.0
16 1.66 9.001 319.2 15.0 15.0 0.0
16 1.68 4.006 324.5014877384196 13.388851925254814 14.046969423377874 0.0
16 1.7 4.5055 325.1810127282789 13.66289866255144 15.0 0.0
16 1.7 8.002 324.0 14.875 15.0 0.0
16 1.7 9.001 324.0 15.0 15.0 0.0
16 1.72 1.5085 342.07349416342413 10.16762912482066 12.066453562710683 0.0
16 1.72 10.0 326.4 15.0 15.0 0.0
16 1.74 0.5095 357.7347295774648 7.805324074074074 10.010018528321863 0.0
16 1.74 2.008 340.24713755458515 11.297464923469388 13.005650056700688 0.0
16 1.74 2.5075 335.2579131944444 12.167280487804877 13.291190303907381 0.0
16 1.74 7.003 328.8 15.0 15.0 0.0
16 1.76 10.0 331.2 15.0 15.0 0.0
16 1.78 5.5045 334.38 14.439575599055011 15.0 0.0
16 1.8 4.5055 337.6 14.053893939393939 15.0 0.0
16 1.82 7.003 338.4 15.0 15.0 0.0
16 1.84 0.01 383.2028424242424 6.359835701598579 8.418650031989763 0.037175433262389784
16 1.88 7.5025 345.6 14.875 15.0 0.0
16 1.9 0.5095 381.15765478424015 8.118260676156584 10.155530859976064 0.0
16 1.9 2.008 357.39258620689657 12.01441914022518 13.220888372768181 0.0
16 1.9 2.5075 352.3232175689479 12.742154403567447 14.005049013447278 0.0
16 1.94 3.007 355.53371282051285 13.474663616792249 14.049087141913398 0.0
16 1.98 6.004 357.6 14.649165129151292 15.0 0.0
16 1.98 6.5035 357.6 15.0 15.0 0.0
16 1.98 8.5015 357.6 15.0 15.0 0.0
16 2.0 4.006 361.0 14.328999739854318 15.0 0.0
18 0.04 3.5065 35.787379310344825 2.179557921908498 4.174551679165308 0.0
18 0.04 9.5005 28.56 1.88888888889 17.0 0.0
18 0.06 4.5055 41.2056043956044 2.1557781099469557 5.909992758870384 0.0
18 0.1 0.01 90.11705035971222 7.2645104895078445 9.637695652173914 0.04290809079094508
18 0.14 4.5055 59.18 2.11111111111 17.0 0.0
18 0.14 8.002 58.32 2.0 17.0 0.0
18 0.14 9.001 57.46 1.88888888889 17.0 0.0
18 0.16 0.5095 94.75335 5.784477366257299 8.116560170394036 0.0
18 0.16 1.009 89.8356551724138 4.928768530750749 7.088733663812528 0.0
18 0.16 2.5075 83.81141818181818 3.7798214549232583 5.719675010979358 0.0
18 0.18 0.5095 100.61391428571429 5.888408521304375 8.17180607987284 0.0
18 0.18 1.009 95.77626829268293 5.022336638697971 7.126880456682337 0.0
18 0.2 1.5085 99.26295165394403 4.62605493133957 6.497456798174111 0.0
18 0.2 10.0 74.8 1.88888888889 17.0 0.0
18 0.22 0.5095 111.62151612903226 5.989105594956768 8.247602817541468 0.0
18 0.22 1.009 107.39356043956045 5.180676968357281 7.237648841740636 0.0
18 0.24 3.007 91.2602671009772 2.6053022077491512 6.992531394580304 0.0
18 0.26 4.006 94.36 2.22222222222 16.0490871419134 0.0
18 0.28 6.004 98.64 2.0 17.0 0.0
18 0.28 6.5035 99.36 2.11111111111 17.0 0.0
18 0.28 8.5015 98.64 2.0 17.0 0.0
18 0.3 4.006 105.86732620320855 2.2329089211418864 16.04484225131206 0.0
18 0.32 1.5085 133.76923287671232 5.275798020239707 7.217979915025106 0.0
18 0.34 4.5055 117.24 2.22222222222 17.0 0.0
18 0.34 9.001 115.26 1.88888888889 17.0 0.0
18 0.36 1.5085 144.5652717948718 5.416855100710581 7.318979591836735 0.0
18 0.4 0.5095 159.08192052980132 6.436797042221746 8.673954545454546 0.0
18 0.4 1.009 156.82849514563108 5.908690518361995 8.076855700712589 0.0
18 0.42 4.006 142.93003458646618 2.760543024229629 17.0 0.0
18 0.46 0.01 177.46125806451613 7.301902448893966 9.675081661222585 0.04547564504461056
18 0.5 4.006 166.6530215231788 3.034004782928284 16.04325508323514 0.0
18 0.56 1.5085 197.11562934362934 6.122056539296698 8.166267776621575 0.0
18 0.6 0.01 211.11668316831683 7.317520514523327 9.708269598470363 0.046912056822969964
18 0.62 4.5055 201.31757692307693 3.3911043634688736 7.780574773815859 0.0
18 0.64 0.01 220.6798052434457 7.249044103726451 9.626436265709156 0.047084135772749156
18 0.66 6.004 210.92635646958013 2.930181852804659 17.0 0.0
18 0.66 6.5035 209.64305406824147 2.5108019830863118 17.0 0.0
18 0.66 8.5015 209.1704604510266 2.3563596245149303 17.0 0.0
18 0.68 0.5095 229.42818843683085 6.993833333333395 9.221035314762009 0.0
18 0.68 1.009 228.48203377110693 6.718025630195751 9.011135950817382 0.0
18 0.68 2.5075 226.49825757575758 6.160902175076072 8.122825750541628 0.0
18 0.72 0.01 239.89770443349752 7.282958681221747 9.670241411327762 0.04679730299199326
18 0.74 4.5055 240.4509653821032 5.887394167451738 7.657473598700244 0.0
18 0.76 5.005 245.4041560798548 5.891463612736628 7.648245976062732 0.0
18 0.8 4.5055 255.98412345679012 6.165385033125315 8.113697798025816 0.0
18 0.8 9.001 250.5710054844607 3.2061141580316583 15.741235728676964 0.0
18 0.84 6.5035 265.7511265907569 6.043091724536606 7.959591836734694 0.0
18 0.86 5.5045 271.1825351867941 6.356531029353551 8.230392959476054 0.0
18 0.88 6.5035 276.13084974093266 6.340525082040664 8.239044382247101 0.0
18 0.9 7.5025 281.10899857954547 6.342759272380224 8.260327533265098 0.0
18 0.92 4.006 286.58254379977245 7.015938942136866 9.1387605230163 0.0
18 0.96 5.005 296.3828907563025 7.280799791582447 9.386895780944398 0.0
18 0.98 4.006 301.23788719512197 7.533513868376224 9.775299401197605 0.0
18 0.98 5.005 301.2340962406015 7.5198389217635855 9.750220696419813 0.0
18 1.0 1.009 306.0 7.669851754003008 10.04233137829912 0.0
18 1.02 4.006 310.2938003992016 7.999733004723765 10.21916684199453 0.0
18 1.06 5.5045 318.37768159203983 8.82524288995052 11.147782442051469 0.0
18 1.08 1.009 323.2033098827471 7.912366873311956 10.192131213523847 0.0
18 1.1 8.5015 324.9376935483871 10.77276400369582 13.054070488955075 0.0
18 1.12 0.5095 331.93244790046657 7.7981612446979165 10.134531710914453 0.0
18 1.12 1.009 331.636075862069 8.067877830436395 10.325516713447309 0.0
18 1.12 2.5075 330.8566965517241 8.702296414064097 11.094131950072946 0.0
18 1.14 8.002 331.5099859320047 11.793307900195522 13.81901554404145 0.0
18 1.14 9.001 330.93980363636365 12.173624595451892 14.1339221248066 0.0
18 1.18 2.008 342.84520253164555 8.928543447294162 11.22311231959841 0.0
18 1.18 2.5075 342.4210341296928 9.269045138886199 11.517805688954562 0.0
18 1.22 4.5055 346.6786448275862 11.370209580801303 13.378959810874704 0.0
18 1.24 9.5005 344.20636930455635 14.655946333237479 16.017550336611546 0.0
18 1.26 7.5025 348.92666294820714 14.21839243496634 15.311633663366337 0.0
18 1.26 8.002 348.86092671927844 14.2943118535903 15.381217677480018 0.0
18 1.26 9.001 347.4325075630252 14.812120303775783 16.023217149907463 0.0
18 1.28 4.006 356.7584827586207 11.748070739575033 13.761920529801325 0.0
18 1.3 0.01 371.64878243512976 7.344164193864016 9.714966313763234 0.04530298462466084
18 1.3 3.007 362.3753112840467 10.946003584234791 13.113298473713963 0.0
18 1.32 7.5025 356.11719736842105 14.814159408833575 16.02195008956699 0.0
18 1.32 8.002 356.14836523652366 15.205694098067543 16.04230024798887 0.0
18 1.32 9.001 355.6 15.644722895930613 17.0 0.0
18 1.34 0.5095 378.0769046653144 8.221940104164446 10.516043557168784 0.0
18 1.34 2.008 372.1343488372093 10.14956721425814 12.32534026231131 0.0
18 1.34 2.5075 370.1095359116022 10.79028431887672 13.061284379523622 0.0
18 1.36 1.5085 377.51647304347824 9.65829698858078 12.027492201274923 0.0
18 1.38 0.01 389.1789351669941 7.345831269601956 9.73233708966193 0.043803973669907605
18 1.38 3.007 374.6257410832232 11.882472324735 14.015288346015218 0.0
18 1.4 9.5005 367.6 16.126180494608942 17.0 0.0
18 1.42 1.009 391.2404875 9.171550019768945 11.42962367320682 0.0
18 1.44 4.006 379.86771142284573 13.514167108296089 15.108015267175572 0.0
18 1.5 0.5095 410.70205592105265 8.490011037526795 10.935940298507463 0.0
18 1.5 2.008 398.2778005464481 11.33221164017842 13.343264379414732 0.0
18 1.5 2.5075 394.8596477794793 12.254230235758211 14.130021169621592 0.0
18 1.54 5.5045 390.24 15.600070894600446 17.0 0.0
18 1.56 7.5025 391.68 16.564022038611093 17.0 0.0
18 1.58 5.005 397.8857879464286 15.462954588249994 17.0 0.0
18 1.6 6.004 399.0 16.250707643788957 17.0 0.0
18 1.6 6.5035 398.4 16.6666666667 17.0 0.0
18 1.64 7.5025 404.56 16.5555555556 17.0 0.0
18 1.66 0.01 450.50071221532096 7.358094692627194 9.78901156677182 0.04221335027069534
18 1.66 3.007 415.04150730688934 14.093787537528158 15.298553240740741 0.0
18 1.7 3.007 420.3813076923077 14.306130268168621 15.486970588235295 0.0
18 1.72 8.002 416.88 16.8888888889 17.0 0.0
18 1.72 9.001 416.1877975651963 16.8888888889 17.0 0.0
18 1.74 6.004 419.96 16.67314921491577 17.0 0.0
18 1.74 6.5035 419.22 17.0 17.0 0.0
18 1.74 8.5015 419.22 17.0 17.0 0.0
18 1.76 4.5055 423.8077808135073 15.907880406334481 17.0 0.0
18 1.82 4.5055 433.1 16.190200546927198 17.0 0.0
18 1.84 1.009 465.3512507739938 10.77771016454781 13.041813942071673 0.0
18 1.86 2.008 451.2211392045454 13.569669004595758 15.116172360948346 0.0
18 1.9 6.004 443.7 17.0 17.0 0.0
18 1.9 6.5035 443.7 17.0 17.0 0.0
18 1.9 8.5015 443.7 17.0 17.0 0.0
18 1.92 0.5095 491.37879934747144 9.340185185181783 11.60490115321252 0.0
18 1.92 2.008 458.8938917197452 13.897400284910546 15.224978404837316 0.0
18 1.92 2.5075 453.90180263157896 14.78924904216667 16.021224578104718 0.0
18 1.94 5.005 450.76 16.34922187226005 17.0 0.0
18 1.96 0.5095 498.85041340782124 9.389522677754076 11.723292220113851 0.0
18 1.96 1.009 483.79743396226417 11.296930320120966 13.288601261692408 0.0
18 1.96 2.5075 458.8533537284895 14.928599033823566 16.02657998278618 0.0
18 1.98 5.5045 455.94 16.8888888889 17.0 0.0
20 0.0 4.006 19.0 1.9 3.0 0.0
20 0.0 5.005 19.0 1.9 3.0 0.0
20 0.02 4.006 32.211582366589326 2.107814371257485 4.0 0.0
20 0.04 7.5025 34.12 1.9 18.0 0.0
20 0.06 3.007 56.21775609756097 2.7836177884615383 5.084791583433214 0.0
20 0.1 0.5095 96.98532467532468 6.380687622789784 8.98595717884131 0.0
20 0.1 1.009 87.15021052631579 5.079324090121317 7.3370642701525055 0.0
20 0.14 3.007 83.10513043478261 3.154714285714286 6.140361201298702 0.0
20 0.16 6.004 76.76 1.9 19.0 0.0
20 0.16 6.5035 77.6 2.0 19.0 0.0
20 0.16 8.5015 76.76 1.9 19.0 0.0
20 0.18 6.004 86.44 2.2 19.0 0.0
20 0.18 6.5035 84.8 2.0 19.0 0.0
20 0.18 8.5015 83.98 1.9 19.0 0.0
20 0.2 4.5055 92.8 2.1 19.0 0.0
20 0.2 9.001 91.2 1.9 19.0 0.0
20 0.22 6.004 99.2 2.0 19.0 0.0
20 0.22 6.5035 98.42 1.9 19.0 0.0
20 0.24 5.005 106.4 2.0 19.0 0.0
20 0.26 1.5085 144.16154054054053 5.531495124593716 7.671806920119607 0.0
20 0.28 5.5045 120.8 2.0 19.0 0.0
20 0.3 1.5085 157.98129213483145 5.731467098166127 8.03577731637685 0.0
20 0.32 4.5055 137.24 2.3 19.0 0.0
20 0.32 8.002 135.2 2.0 19.0 0.0
20 0.32 9.001 134.52 1.9 19.0 0.0
20 0.34 3.007 166.8878375 5.2282035928143715 7.260499359795134 0.0
20 0.36 4.5055 150.88 2.2 19.0 0.0
20 0.36 9.001 149.6 2.0 19.0 0.0
20 0.4 6.004 165.8 2.3 19.0 0.0
20 0.4 6.5035 164.6 2.1 19.0 0.0
20 0.4 8.5015 164.0 2.0 19.0 0.0
20 0.44 4.5055 182.28953552492047 2.694559915164369 19.0 0.0
20 0.44 9.001 177.84 1.9 19.0 0.0
20 0.46 1.009 213.54233333333335 6.7773224852071 9.167626859977108 0.0
20 0.48 0.5095 222.41914814814814 7.407369186046512 10.0408788071066 0.0
20 0.48 2.008 217.01048571428572 6.212588785046729 8.30555685267336 0.0
20 0.48 2.5075 215.5700353982301 5.977055276381909 8.088653218629487 0.0
20 0.52 0.5095 235.0769069767442 7.481445086705202 10.081517682601742 0.0
20 0.52 1.009 233.00395375722545 6.973703703703704 9.28501342445692 0.0
20 0.52 2.5075 228.8629964664311 6.170138004246285 8.161987466427933 0.0
20 0.54 4.5055 219.6636603773585 3.144273995077933 18.04145957562733 0.0
20 0.56 4.5055 226.9516797385621 3.216290849673203 18.04942966920814 0.0
20 0.56 8.002 222.92 2.3 19.0 0.0
20 0.56 9.001 222.48 2.2 19.0 0.0
20 0.58 0.5095 253.73660784313725 7.629312080536913 10.182636457260557 0.0
20 0.58 2.008 249.43124489795917 6.580903465346535 8.836632124352331 0.0
20 0.58 2.5075 248.51772323759792 6.395808297567955 8.42009692132269 0.0
20 0.6 0.5095 259.9550952380952 7.69919776119403 10.214955156950673 0.0
20 0.6 1.009 258.31333333333333 7.242589413447782 9.645501066098081 0.0
20 0.6 2.5075 254.92059171597634 6.450078299776287 8.471573282684394 0.0
20 0.64 0.5095 272.2632745098039 7.7365268456375835 10.262849369280238 0.0
20 0.64 1.009 270.827230125523 7.33828530259366 9.804052631578948 0.0
20 0.64 2.5075 267.8812450331126 6.602462686567164 8.787575452716299 0.0
20 0.66 5.5045 261.9352176386913 3.2750640113798006 18.0369411836263 0.0
20 0.68 6.004 269.0804643799472 3.337645118733509 18.048258347609174 0.0
20 0.68 6.5035 268.4714947368421 3.147342105263158 19.0 0.0
20 0.68 8.5015 265.87524610736693 2.3360144085521726 19.0 0.0
20 0.7 4.5055 285.11386075949366 6.28273732718894 8.157733845872231 0.0
20 0.72 0.5095 296.68525373134327 7.920526315789474 10.414362373737374 0.0
20 0.72 1.009 295.7506486486486 7.629682959048877 10.120207351555136 0.0
20 0.76 3.5065 305.44609596928984 6.811994535519125 9.037975212365966 0.0
20 0.76 9.5005 295.94613370473536 2.9775557103064068 19.0 0.0
20 0.78 4.006 311.52399336283185 6.7782225063938615 9.00702130341611 0.0
20 0.78 5.005 310.92 6.594365384615385 9.0 0.0
20 0.8 3.007 318.4692238470191 7.151888035126235 9.321320604614161 0.0
20 0.82 4.006 324.3396009280743 7.0100186046511626 9.170685881065305 0.0
20 0.82 5.005 323.823469808542 6.753180026281209 9.038498724318517 0.0
20 0.94 4.006 361.9807758887172 7.957097744360903 10.320256477361948 0.0
20 0.94 5.005 361.90556779661017 7.836512605042016 10.180940254652302 0.0
20 0.96 1.5085 368.19697435897433 8.390500963391137 11.023860750037352 0.0
20 0.96 3.5065 368.0964627575277 8.225592203898051 10.66 0.0
20 0.98 1.5085 374.11273575129536 8.481162790697674 11.082961283571677 0.0
20 1.0 6.5035 380.0 8.676595365418894 11.200021061499578 0.0
20 1.0 9.5005 380.0 8.689514388489208 11.196123863144217 0.0
20 1.02 1.5085 385.41277459016396 8.74427304964539 11.272855377008653 0.0
20 1.04 4.006 390.6095750915751 9.267123552123552 11.92239952718676 0.0
20 1.04 5.005 390.5345371024735 9.409885993485343 12.068169537318473 0.0
20 1.08 9.5005 399.1525539452496 11.84809963099631 14.266243272335846 0.0
20 1.1 5.5045 404.8076811594203 10.9474375 13.380126545872878 0.0
20 1.12 6.004 408.8538614564831 11.74223880597015 14.191440933032355 0.0
20 1.12 6.5035 408.65141252699783 11.91299823633157 14.298905022613663 0.0
20 1.12 8.5015 407.56690547263685 12.94129326047359 15.179455954452001 0.0
20 1.14 0.01 418.24387452471484 8.320962671905699 11.04360693263571 0.04800084175084175
20 1.14 3.007 415.48069547325105 10.364404536862004 13.04665991902834 0.0
20 1.16 5.005 418.038976744186 12.008674496644295 14.345537104307214 0.0
20 1.18 8.5015 418.83467015706805 14.590815660685154 16.371904191616768 0.0
20 1.2 4.006 427.5490650406504 11.953150943396226 14.324080444562053 0.0
20 1.26 0.01 450.977433106576 8.345037735849058 11.068967306694343 0.045935767654856595
20 1.28 1.5085 451.02930093457945 10.342145390070922 13.033607741190064 0.0
20 1.32 0.01 467.50258969072166 8.303716981132077 11.057429019334611 0.04576327366961972
20 1.32 3.007 454.29341699346406 12.749767857142857 15.092727272727272 0.0
20 1.34 6.004 449.4544276169265 16.015878453038674 17.271838309292185 0.0
20 1.34 8.5015 446.64 17.522465415019763 19.0 0.0
20 1.36 4.5055 456.1737222222222 14.96569471624266 16.882954545454545 0.0
20 1.36 8.002 450.57694661190965 17.44063552833078 18.048772941635878 0.0
20 1.36 9.001 449.9160824027724 17.762930174563593 19.0 0.0
20 1.42 6.5035 462.0683563636363 17.449341563786007 19.0 0.0
20 1.42 9.5005 460.6542558979809 18.353302591128678 19.0 0.0
20 1.44 1.5085 487.056531835206 11.415357798165138 14.018582995951418 0.0
20 1.46 3.5065 477.747872600349 14.972777777777777 17.002184222830806 0.0
20 1.46 9.5005 468.32 18.392816901408448 19.0 0.0
20 1.5 6.004 477.5 17.569231441048036 19.0 0.0
20 1.5 6.5035 477.0 18.030433137089993 19.0 0.0
20 1.5 8.5015 476.0 18.50135337069112 19.0 0.0
20 1.52 2.008 499.3091418685121 13.038885077186963 15.21604549431321 0.0
20 1.52 2.5075 494.9277333333333 13.951703821656052 16.086771754180425 0.0
20 1.58 1.5085 516.299669829222 12.364885057471264 14.689659863945579 0.0
20 1.58 3.5065 498.0494060150376 16.069556048834627 17.324933902786253 0.0
20 1.62 3.5065 505.5820044692737 16.229472759226713 17.525950782997764 0.0
20 1.62 9.5005 498.42 18.8 19.0 0.0
20 1.66 1.009 540.4836071428572 11.406011029411765 14.023919030570092 0.0
20 1.68 4.5055 511.96161754671 17.510590185676392 18.049828972635623 0.0
20 1.68 9.001 509.2 18.7 19.0 0.0
20 1.7 5.005 514.4651278210505 18.139397163120567 19.0 0.0
20 1.72 0.01 576.3730234541578 8.358176470588235 11.072703366058906 0.042271283834870714
20 1.72 3.007 525.753513761468 16.214407407407407 17.563034623217924 0.0
20 1.74 5.5045 521.34 18.6 19.0 0.0
20 1.76 3.007 532.0603700862896 16.70900669642857 18.015962835213326 0.0
20 1.78 2.008 546.4611716101695 14.76162408759124 16.599159049360146 0.0
20 1.8 4.006 535.2 17.870014749262538 19.0 0.0
20 1.8 5.005 534.4 17.99858275520317 19.0 0.0
20 1.84 6.5035 539.6 18.9 19.0 0.0
20 1.88 0.5095 602.1939089253187 10.488471337579618 13.104360173738725 0.0
20 1.88 1.009 586.4518024691357 12.320977859778598 14.678860374075684 0.0
20 1.88 2.5075 557.0723709765412 16.304541884816754 18.0 0.0
20 1.9 5.5045 551.9 18.800704565408253 19.0 0.0
20 1.92 6.004 556.64 18.7 19.0 0.0
20 1.92 8.5015 554.8 19.0 19.0 0.0
20 1.94 3.5065 561.4933752885677 17.81137290167866 19.0 0.0
20 1.94 9.5005 558.6 19.0 19.0 0.0
20 1.96 6.004 562.4 19.0 19.0 0.0
20 1.96 6.5035 562.4 19.0 19.0 0.0
20 1.96 8.5015 562.4 19.0 19.0 0.0
20 1.98 4.006 568.16 18.20858205128205 19.0 0.0
20 2.0 4.5055 572.0 18.405669654985058 19.0 0.0
