10 0.0 7.5025 9.0 1.8 2.0497983686188253 0.0
10 0.02 7.5025 11.131853427895981 1.8 2.2915915915915916 0.0
10 0.04 2.008 14.060277456647398 1.8 3.0 0.0
10 0.04 7.003 12.72 1.8 3.1530271123979996 0.0
10 0.06 6.5035 14.463921282798834 1.8 3.3436961628817543 0.0
10 0.08 3.5065 17.19309387755102 1.8 3.0 0.0
10 0.08 9.5005 15.48 1.8 9.0 0.0
10 0.1 5.5045 17.8 1.8 4.118654516215492 0.0
10 0.12 4.5055 19.56 1.8 3.6807759372275504 0.0
10 0.14 6.004 20.34 1.8 7.077741892073745 0.0
10 0.14 6.5035 20.34 1.8 8.0 0.0
10 0.14 8.5015 20.34 1.8 9.0 0.0
10 0.16 4.006 22.8 1.8 4.1227061763655835 0.0
10 0.18 4.006 23.58 1.8 5.130704441041348 0.0
10 0.2 0.5095 31.799108527131782 2.879484679665738 4.074096311726504 0.0
10 0.2 1.009 31.130542005420054 2.636452753916119 3.66531862745098 0.0
10 0.22 4.006 26.82 1.8 5.228274616079494 0.0
10 0.28 1.5085 37.55697402597403 2.712406103286385 3.869889064976228 0.0
10 0.28 10.0 31.68 1.8 9.0 0.0
10 0.3 0.01 40.764593749999996 3.3141117764471058 4.449290444654683 0.044554067101134444
10 0.32 0.5095 41.657409395973154 3.090289343683839 4.19218072690897 0.0
10 0.32 1.009 41.25279036144578 2.9340265486725663 4.091947374390382 0.0
10 0.32 2.5075 39.92807088607595 2.665344522968198 3.760412844036697 0.0
10 0.34 6.004 36.54 1.8 9.0 0.0
10 0.34 6.5035 36.54 1.8 9.0 0.0
10 0.34 8.5015 36.54 1.8 9.0 0.0
10 0.36 0.5095 44.81881818181818 3.156416083916084 4.2344343065693435 0.0
10 0.36 1.009 44.355510729613734 3.0429485257371316 4.12963864684777 0.0
10 0.38 4.5055 39.78132064210743 1.8004260135830419 7.89560878243513 0.0
10 0.38 9.001 39.78 1.8 9.0 0.0
10 0.4 4.006 41.66499370277078 1.8878334376956794 5.695541958041958 0.0
10 0.42 0.01 49.813524940617576 3.32434 4.4655317769130995 0.0456482430233259
10 0.44 0.5095 50.78585676392573 3.254801819363223 4.314326458973234 0.0
10 0.44 1.009 50.418553935860054 3.2029704715733804 4.211910549343704 0.0
10 0.46 5.5045 46.26 1.8 9.0 0.0
10 0.48 3.007 50.97329219600726 2.840215410107705 4.123610227706399 0.0
10 0.5 0.01 55.43949487554905 3.336376811594203 4.473603397582489 0.04651029748283753
10 0.5 3.007 52.1603937007874 2.8116525023607175 4.15047209108581 0.0
10 0.54 1.009 57.79573253012048 3.3719004149377594 4.336694991055456 0.0
10 0.56 0.5095 59.64 3.4635 5.0 0.0
10 0.56 1.009 59.193888143176736 3.40910502283105 4.37195240407965 0.0
10 0.56 2.5075 58.29470306038048 3.259663330300273 4.220052404438964 0.0
10 0.62 9.5005 59.22 1.8 9.0 0.0
10 0.66 1.5085 66.1870230880231 3.5594868035190617 4.488323170731707 0.0
10 0.66 3.5065 64.78671922544952 3.1258288190682557 4.298008849557522 0.0
10 0.66 10.0 62.46 1.8 9.0 0.0
10 0.68 4.006 66.38958403090791 3.205764482431149 4.2867295839753465 0.0
10 0.7 1.009 69.22398208955224 3.628801141769743 4.681654072208229 0.0
10 0.74 9.5005 68.94677772727273 1.8052136363636364 5.382520808561237 0.0
10 0.78 7.5025 72.80859446254073 2.3714495114006513 4.363707120207553 0.0
10 0.8 6.004 75.13886021505377 3.136800847457627 4.345912361020274 0.0
10 0.8 6.5035 74.91583489681051 2.9158348968105066 4.364377267230955 0.0
10 0.82 7.5025 76.41585211267605 2.9065023474178404 4.219283795881826 0.0
10 0.84 10.0 77.5301910241657 2.4127387802071345 4.209693287037037 0.0
10 0.86 8.002 79.73623540315107 3.336611111111111 4.347163362952837 0.0
10 0.86 9.001 79.6404582172702 3.200513888888889 4.27941063174114 0.0
10 0.88 10.0 81.1226454891995 3.2043924050632913 4.327028714107366 0.0
10 0.9 4.5055 82.92921463632307 3.8490808510638295 5.010144401053492 0.0
10 0.92 0.01 84.57393083573487 3.341784140969163 4.478545810238018 0.04458289334741288
10 0.94 7.5025 85.75171773220747 3.8387244283995186 4.9738179669030735 0.0
10 1.0 4.006 90.0 4.189758203799655 5.188221744471744 0.0
10 1.02 0.01 91.23014891416753 3.375568445475638 4.519419562880688 0.04313944704638163
10 1.04 7.5025 92.30123834652595 4.4989775910364145 5.525527638190955 0.0
10 1.06 8.002 93.36583467741936 4.7181774960380345 6.001784258672222 0.0
10 1.06 9.001 93.33080102040816 4.816336576989124 6.04688737686605 0.0
10 1.08 4.006 94.59101259445843 4.517672349888806 5.560206995003568 0.0
10 1.1 1.5085 95.89147986942329 4.274871481028152 5.292190359975595 0.0
10 1.1 3.5065 95.71741766467066 4.562349869451697 5.596661665416354 0.0
10 1.1 9.5005 95.21763448275863 5.4494559386973185 6.4580213903743315 0.0
10 1.12 4.006 96.72558893280632 4.719714045416316 6.0022811230144075 0.0
10 1.14 6.004 97.42512692967411 5.2718539325842695 6.36706964520368 0.0
10 1.14 6.5035 97.31032605304212 5.392768729641694 6.395002616431188 0.0
10 1.14 8.5015 97.03286164383562 5.850105105105105 7.03046631316282 0.0
10 1.18 5.005 99.43441112047178 5.40046835443038 6.388324742268042 0.0
10 1.2 7.5025 99.7540664556962 6.406430750457597 7.20521947101857 0.0
10 1.22 3.5065 101.76500359066426 5.1404562043795625 6.210013284623049 0.0
10 1.22 9.5005 100.19193149171271 7.166672694394213 8.012833941207644 0.0
10 1.26 6.004 102.589319104633 6.413839479392625 7.228479623824452 0.0
10 1.26 8.5015 102.02520574443142 7.272844770153231 8.027596266044341 0.0
10 1.28 0.01 107.18331230925737 3.3714253647586983 4.516023842917251 0.03916196371139025
10 1.3 5.5045 104.28245575221239 6.601469907407407 7.305142296368989 0.0
10 1.32 6.004 105.01595397008056 7.031481042654028 7.870640756302521 0.0
10 1.32 6.5035 104.76897605061004 7.166358183376178 8.014523557602539 0.0
10 1.32 8.5015 104.4 7.803163491360213 8.048172527802825 0.0
10 1.34 5.005 106.18735771762984 6.6603978576893645 7.399824824824825 0.0
10 1.36 0.5095 111.19930607734806 4.190921568627451 5.245876479289941 0.0
10 1.36 1.009 110.51857211538461 4.499579263711495 5.555723846424797 0.0
10 1.38 5.5045 107.58822643097643 7.135711610486892 8.015473340587596 0.0
10 1.4 7.003 108.03747399702823 7.8253276353276355 8.049229891614376 0.0
10 1.42 4.006 109.98851826086955 6.649955621301775 7.37876679462572 0.0
10 1.44 0.01 116.9889888888889 3.388607021517554 4.542306279838414 0.03582693947144075
10 1.48 4.5055 112.13852928416486 7.227743055555556 8.020194925742574 0.0
10 1.5 5.005 113.0 7.602374844848986 8.043890583013798 0.0
10 1.52 3.007 115.04949638554217 6.4546106870229005 7.237892271662764 0.0
10 1.54 4.5055 114.84 7.443660062565172 8.039307708643024 0.0
10 1.54 8.002 114.3 8.462764705882353 9.0 0.0
10 1.54 9.001 114.3 8.531623083859333 9.0 0.0
10 1.56 4.5055 115.76 7.5766471081307625 8.042039507517318 0.0
10 1.6 10.0 117.0 8.67612462006079 9.0 0.0
10 1.64 4.5055 118.8 7.85012036108325 8.04708413577275 0.0
10 1.66 5.5045 119.7 8.241405572755417 9.0 0.0
10 1.68 0.5095 129.0056231884058 4.429610870907968 5.480204778156996 0.0
10 1.68 1.009 126.92279692307693 4.996564805057956 6.129979008134348 0.0
10 1.7 5.5045 121.5 8.315973089860643 9.0 0.0
10 1.72 6.004 122.4 8.465594099972686 9.0 0.0
10 1.72 6.5035 122.4 8.611332112779202 9.0 0.0
10 1.72 8.5015 122.4 8.8 9.0 0.0
10 1.74 1.5085 127.84392733017377 5.702803571428571 6.923693181818182 0.0
10 1.74 3.5065 123.7299330310429 7.619042372881355 8.044438744719372 0.0
10 1.74 10.0 123.3 9.0 9.0 0.0
10 1.76 6.5035 124.2 8.6139994464434 9.0 0.0
10 1.78 3.007 125.88 7.497570224719101 8.038140509674088 0.0
10 1.8 7.5025 126.0 8.690762873490147 9.0 0.0
10 1.82 9.5005 126.9 8.8 9.0 0.0
10 1.84 4.006 127.8 8.187077205882352 9.0 0.0
10 1.86 5.005 128.7 8.442903579254931 9.0 0.0
10 1.9 1.5085 134.2341420118343 6.146791620727674 7.1137766497461925 0.0
10 1.9 3.5065 130.5 8.041080163043478 8.04900147151566 0.0
10 1.9 10.0 130.5 9.0 9.0 0.0
10 1.92 5.005 131.4 8.453989737010904 9.0 0.0
10 1.96 4.006 133.2 8.41141768292683 9.0 0.0
10 1.96 5.005 133.2 8.6 9.0 0.0
10 1.98 7.5025 134.1 8.8033758653876 9.0 0.0
10 1.98 8.002 134.1 9.0 9.0 0.0
10 1.98 9.001 134.1 9.0 9.0 0.0
10 2.0 1.009 141.74529262086514 5.523092783505154 6.5614341776667855 0.0
12 0.02 0.01 28.26154022988506 4.290745240986625 5.913708260105448 0.04116934629242741
12 0.08 7.5025 20.68 1.83333333333 10.0 0.0
12 0.1 4.006 23.1 1.83333333333 4.336821287306725 0.0
12 0.12 3.007 30.20536 2.1511252813233526 3.7054273504273505 0.0
12 0.14 5.5045 27.94 1.83333333333 11.0 0.0
12 0.16 1.5085 38.96041463414634 2.8619382266153197 4.151148878314072 0.0
12 0.16 10.0 30.36 1.83333333333 11.0 0.0
12 0.18 1.5085 41.75996103896104 2.964332514331801 4.21063863928113 0.0
12 0.18 10.0 32.78 1.83333333333 11.0 0.0
12 0.2 6.004 35.2 1.83333333333 11.0 0.0
12 0.2 6.5035 35.2 1.83333333333 11.0 0.0
12 0.2 8.5015 35.2 1.83333333333 11.0 0.0
12 0.22 10.0 37.62 1.83333333333 11.0 0.0
12 0.26 0.5095 53.591461077844315 3.743615656079819 5.157906382978723 0.0
12 0.26 1.009 52.63707476635514 3.447478745234951 4.8637903652726315 0.0
12 0.26 2.5075 50.15983561643835 2.9001313485093863 4.2607696419027254 0.0
12 0.28 4.5055 44.93492330068845 1.8460470603414698 10.04748541177886 0.0
12 0.28 8.002 44.88 1.83333333333 11.0 0.0
12 0.28 9.001 44.88 1.83333333333 11.0 0.0
12 0.3 0.5095 58.2588813559322 3.85206036745111 5.234163073304586 0.0
12 0.3 1.009 57.3934716981132 3.5573574730365864 5.030639547530998 0.0
12 0.3 2.5075 55.134019607843136 3.080026109662175 4.39502997002997 0.0
12 0.32 6.004 49.72 1.83333333333 11.0 0.0
12 0.32 6.5035 49.72 1.83333333333 11.0 0.0
12 0.32 8.5015 49.72 1.83333333333 11.0 0.0
12 0.36 6.004 54.56 1.83333333333 11.0 0.0
12 0.36 6.5035 54.56 1.83333333333 11.0 0.0
12 0.36 8.5015 54.56 1.83333333333 11.0 0.0
12 0.38 3.007 63.11825892857143 3.186762795533836 4.5973406193078326 0.0
12 0.4 1.5085 68.3008755129959 3.699015428341463 5.072232111071556 0.0
12 0.4 10.0 59.4 1.83333333333 11.0 0.0
12 0.42 0.5095 71.827056 4.036890160807498 5.375185381355932 0.0
12 0.42 1.009 71.16183018867925 3.871180110966267 5.182486433152442 0.0
12 0.44 6.5035 64.24 1.83333333333 11.0 0.0
12 0.46 4.006 67.79496897810219 2.1835451336385634 6.031109324758843 0.0
12 0.48 5.005 69.3338410041841 1.91469262954448 11.0 0.0
12 0.5 1.009 79.71119805720453 4.049416208792197 5.312389780691838 0.0
12 0.52 4.006 75.55328231046931 2.400445246688743 5.603686420905273 0.0
12 0.52 5.005 74.48146766297346 2.028287382977462 11.0 0.0
12 0.54 9.5005 76.34 1.83333333333 11.0 0.0
12 0.56 6.004 79.2 2.0 11.0 0.0
12 0.56 6.5035 79.2 2.0 11.0 0.0
12 0.56 8.5015 78.76 1.83333333333 11.0 0.0
12 0.58 5.005 82.13924286513709 2.2139852639447346 7.290439978272678 0.0
12 0.6 4.006 86.00368644067797 2.8348693502791833 5.1381298701298705 0.0
12 0.64 4.006 91.77327272727274 3.3737074829906715 5.175887281035796 0.0
12 0.66 7.5025 91.2 2.0 11.0 0.0
12 0.66 8.002 91.2 2.0 11.0 0.0
12 0.66 9.001 90.86791311852704 1.8372123130001965 11.0 0.0
12 0.68 1.5085 98.82488088642658 4.361973018546986 5.591831406191719 0.0
12 0.68 10.0 93.28 1.83333333333 11.0 0.0
12 0.7 9.5005 95.7 1.83333333333 11.0 0.0
12 0.72 4.006 101.99605291005291 4.048077697263442 5.24180236861584 0.0
12 0.76 2.008 107.040875 4.470119352088064 5.7343592099219105 0.0
12 0.76 2.5075 106.89255896226416 4.412621461764201 5.615888208269525 0.0
12 0.76 7.003 104.20058857696031 2.6948531784468654 5.361196067722556 0.0
12 0.84 4.5055 115.12375591531756 4.395863013696547 5.53475201072386 0.0
12 0.86 0.01 117.99818226600985 4.340348399243511 6.007198103792415 0.04544687264506406
12 0.86 3.007 117.46034632911392 4.5951283987934435 6.0207864577857215 0.0
12 0.88 4.5055 119.42619787985866 4.524619754444326 5.840277065161621 0.0
12 0.92 1.009 123.8690608424337 4.812989941031126 6.174687399807631 0.0
12 0.96 0.5095 127.96198752598752 4.748860799001294 6.170034443168771 0.0
12 0.96 2.008 127.92609706257983 4.92745681110022 6.2269316081330865 0.0
12 0.96 2.5075 127.91717718940937 4.934526818308154 6.223905042326095 0.0
12 0.96 7.003 127.86475716440422 4.769385964911505 6.120435421397088 0.0
12 0.98 0.5095 129.98060118168388 4.75928152944767 6.187587982832618 0.0
12 0.98 1.009 129.9733896103896 4.881833727963961 6.235371932515338 0.0
12 0.98 2.5075 129.96526413743737 5.004374103667368 6.2878728923476 0.0
12 1.0 10.0 132.0 5.090831987077745 6.359493359567142 0.0
12 1.02 0.5095 133.81512058465287 4.828950471694955 6.218816700992323 0.0
12 1.02 1.009 133.80651257253385 4.9751136761100305 6.297759718866681 0.0
12 1.06 0.01 137.50769505494506 4.333930300093484 6.001477086226487 0.04423686354993511
12 1.06 3.007 137.2901723549488 5.349505471377461 6.743569431500466 0.0
12 1.1 7.5025 140.03393247269116 6.385281165309358 7.998574969021066 0.0
12 1.1 8.002 140.0 6.66666666667 8.670521172638436 0.0
12 1.12 1.5085 142.57213150684933 5.28183279742638 6.668100511073254 0.0
12 1.12 10.0 141.0086818923328 7.3869023224021095 8.69934668989547 0.0
12 1.14 5.5045 143.2257469879518 6.4727777777772335 8.025595947556615 0.0
12 1.18 1.5085 147.6455386631717 5.450441176469597 7.012944383860415 0.0
12 1.18 3.5065 146.743804245283 6.154675273868508 7.517633015006822 0.0
12 1.18 9.5005 144.81263481855765 8.387609533821797 9.280937836866691 0.0
12 1.2 0.01 150.34676129032258 4.342090938197289 6.005621227364185 0.041691632622181875
12 1.22 7.5025 147.73183333333333 8.245288624787964 9.199903408306886 0.0
12 1.24 4.5055 150.31477090909092 7.136872977349016 8.372641987829615 0.0
12 1.26 5.5045 150.93730434782609 7.842707383770783 9.07955021396704 0.0
12 1.28 0.5095 156.87678880407123 5.087464522234484 6.436393248445365 0.0
12 1.28 1.009 156.25708200734397 5.428018625560538 7.0118195785776996 0.0
12 1.28 2.5075 154.7130687554395 6.310994224420003 7.778230958230958 0.0
12 1.32 5.5045 154.75603103605658 8.500089536965978 9.359092980856882 0.0
12 1.34 1.5085 160.44195232419548 5.8811666666642894 7.267223942208462 0.0
12 1.34 3.5065 157.58692150706437 7.370410742493458 8.631267605633802 0.0
12 1.34 9.5005 154.48724351092895 10.035498633886881 11.0 0.0
12 1.36 6.004 156.74708307692308 9.088627953318026 10.022252068667408 0.0
12 1.36 6.5035 156.48 9.340256410253215 10.287865221489161 0.0
12 1.36 8.5015 156.12 9.910826128720599 10.04988598859886 0.0
12 1.4 4.5055 160.05660859465738 8.517582231265187 9.428529801324503 0.0
12 1.42 10.0 159.72 10.36221759431802 11.0 0.0
12 1.44 0.5095 170.63345662100457 5.250957661290284 6.680425347222222 0.0
12 1.44 1.009 169.22713574660634 5.747780881440188 7.181161311368456 0.0
12 1.46 2.008 167.99621268990168 6.802709861448585 8.165153099327856 0.0
12 1.46 7.003 162.36 9.99411211437159 11.0 0.0
12 1.5 1.5085 172.2291394335512 6.418933481975339 8.00877176558697 0.0
12 1.5 3.5065 167.54585843373494 8.443780864196407 9.313473642800943 0.0
12 1.52 5.005 166.84 9.536767020858665 10.046079465011898 0.0
12 1.54 0.01 181.66993659942364 4.356364562115253 6.008859649122807 0.03857854150221628
12 1.54 3.007 170.51309165302783 8.283279569891143 9.210199146514936 0.0
12 1.58 0.5095 182.29874807197945 5.403253895506772 7.004286331245951 0.0
12 1.58 2.008 175.634873015873 7.319130248497663 8.608343034536283 0.0
12 1.58 2.5075 174.30144969905416 7.923576051778407 9.112699932956613 0.0
12 1.58 7.003 170.28 10.518984692287459 11.0 0.0
12 1.6 4.5055 172.3997385272145 9.544462576154066 10.04814391776128 0.0
12 1.6 9.001 171.6 10.741609915557701 11.0 0.0
12 1.62 2.008 178.41674285714285 7.482775020677902 8.822665320545179 0.0
12 1.62 7.003 172.9550850800389 10.411752563572708 11.0 0.0
12 1.66 4.006 175.56 9.563974358975639 10.047886349969934 0.0
12 1.68 6.004 176.88 10.438816334979471 11.0 0.0
12 1.68 6.5035 176.88 10.591663467708672 11.0 0.0
12 1.72 5.5045 179.52 10.380421786757886 11.0 0.0
12 1.74 7.5025 180.84 10.8333333333 11.0 0.0
12 1.74 8.002 180.84 10.6666666667 11.0 0.0
12 1.74 9.001 180.84 11.0 11.0 0.0
12 1.78 5.005 183.48 10.527026251244902 11.0 0.0
12 1.84 10.0 187.44 11.0 11.0 0.0
12 1.86 3.5065 189.62 9.881716191628925 10.047370795980989 0.0
12 1.86 9.5005 188.76 11.0 11.0 0.0
12 1.88 4.006 190.96 10.226384749140097 11.0 0.0
12 1.88 5.005 190.08 10.6666666667 11.0 0.0
12 1.9 7.5025 191.4 11.0 11.0 0.0
12 1.9 8.002 191.4 11.0 11.0 0.0
12 1.9 9.001 191.4 10.838784185521751 11.0 0.0
12 1.92 1.5085 199.64944650751548 7.856983471071519 9.070648406458703 0.0
12 1.92 3.5065 193.64 10.044694558141423 11.0 0.0
12 1.94 2.008 197.3023496420048 8.648194293971907 9.5326767839845 0.0
12 1.94 2.5075 195.12712004069175 9.356749049426792 10.041082243217055 0.0
12 1.94 7.003 194.04 11.0 11.0 0.0
12 1.96 1.5085 202.39497738176834 7.916770833331668 9.099872274427515 0.0
12 1.96 10.0 195.36 11.0 11.0 0.0
12 1.98 0.01 221.8933058064516 4.367378351536573 6.017439150699119 0.03243912126859971
12 1.98 3.007 197.66 9.769156964207944 11.0 0.0
12 2.0 9.5005 198.0 11.0 11.0 0.0
14 0.0 0.5095 26.364371980676328 3.7663388543840157 5.401518309020542 0.0
14 0.0 1.009 18.48048076923077 2.6400686813214826 4.098119030124908 0.0
14 0.0 2.5075 13.0 1.85714285714 3.0 0.0
14 0.02 0.5095 30.53463157894737 3.8077762619368554 5.477924273157539 0.0
14 0.02 1.009 24.44705263157895 2.8413868003320992 4.283314694699173 0.0
14 0.02 2.5075 19.33301388888889 1.9169099903458284 3.0853732188355196 0.0
14 0.08 0.01 49.28069565217391 5.275277572165 7.126582950123806 0.041633628907786824
14 0.1 1.5085 40.904264705882355 3.0130924170618734 4.374955322951238 0.0
14 0.1 10.0 29.9 1.85714285714 13.0 0.0
14 0.12 5.005 34.16 1.85714285714 10.83805443548387 0.0
14 0.16 4.5055 40.88 2.0 11.26890368852459 0.0
14 0.16 8.002 40.04 1.85714285714 13.0 0.0
14 0.16 9.001 40.04 1.85714285714 13.0 0.0
14 0.18 4.5055 43.436627295197745 1.860039598463706 12.039278563193982 0.0
14 0.18 9.001 43.42 1.85714285714 13.0 0.0
14 0.22 4.5055 50.96 2.0 13.0 0.0
14 0.22 9.001 50.18 1.85714285714 13.0 0.0
14 0.24 0.5095 70.11138028169015 4.488204887217809 6.191376042456406 0.0
14 0.24 2.008 66.58998941798941 3.574057437409434 5.1241969737191395 0.0
14 0.24 2.5075 62.67505485232068 3.2110204081627143 5.076913891468754 0.0
14 0.24 7.003 53.56 1.85714285714 13.0 0.0
14 0.26 6.004 57.68 2.0 13.0 0.0
14 0.26 6.5035 56.94 1.85714285714 13.0 0.0
14 0.26 8.5015 56.94 1.85714285714 13.0 0.0
14 0.28 3.007 63.20030306674685 2.415581174231732 5.270057170080991 0.0
14 0.3 6.004 63.72650762802449 1.8625525771451055 13.0 0.0
14 0.3 6.5035 63.7 1.85714285714 13.0 0.0
14 0.3 8.5015 64.4 2.0 13.0 0.0
14 0.32 5.5045 67.76 2.0 13.0 0.0
14 0.38 5.005 77.84 2.0 13.0 0.0
14 0.4 4.5055 81.8 2.14285714286 12.03641370496592 0.0
14 0.4 9.001 80.6 1.85714285714 13.0 0.0
14 0.42 6.004 84.56 2.0 13.0 0.0
14 0.42 6.5035 84.56 2.0 13.0 0.0
14 0.46 10.0 90.74 1.85714285714 13.0 0.0
14 0.48 1.5085 105.9756067146283 4.591538243360061 6.136917615737317 0.0
14 0.48 3.5065 99.78544186046511 3.2776916631716495 5.6286096256684495 0.0
14 0.5 6.5035 98.0 2.0 13.0 0.0
14 0.5 9.5005 97.5 1.85714285714 13.0 0.0
14 0.52 1.5085 111.98608163265305 4.706745615354158 6.197929500342231 0.0
14 0.52 10.0 100.88 1.85714285714 13.0 0.0
14 0.56 5.5045 109.04158901682905 2.312204226239443 13.0 0.0
14 0.58 1.5085 121.10992079207921 4.846660946658614 6.328761261261262 0.0
14 0.58 3.5065 118.90054906542056 4.2962412479998555 6.005966938405797 0.0
14 0.58 10.0 111.02 1.85714285714 13.0 0.0
14 0.6 1.5085 124.03605863192182 4.898489882208782 6.369201424211597 0.0
14 0.6 10.0 114.8 2.0 13.0 0.0
14 0.64 1.5085 130.08825163827 4.988480211857943 6.4615176151761515 0.0
14 0.64 10.0 121.52 2.0 13.0 0.0
14 0.66 0.01 134.66270212765957 5.310421545663655 7.144191594788034 0.04625184471282716
14 0.66 3.007 131.99905610561055 4.729998536303266 6.178753221649485 0.0
14 0.68 4.5055 134.0636520723876 4.487926188439206 6.00892515806499 0.0
14 0.68 8.002 128.69027594627593 2.2010160474445684 13.0 0.0
14 0.68 9.001 127.92 1.85714285714 13.0 0.0
14 0.72 1.5085 141.87729538763494 5.189027745930381 6.81099949773983 0.0
14 0.72 10.0 135.24 2.14285714286 13.0 0.0
14 0.78 0.5095 151.13306338028167 5.418138634762613 7.157861311362856 0.0
14 0.78 2.008 150.44938022284123 5.254616036135045 6.878625541125541 0.0
14 0.78 2.5075 150.22338451268357 5.166603660964662 6.637309941520468 0.0
14 0.82 0.5095 156.77173148148148 5.476195262023931 7.180003652300949 0.0
14 0.82 2.008 156.22407902163687 5.361104552010865 7.037218738472888 0.0
14 0.82 2.5075 156.07031320368475 5.302558635390508 6.93407661520869 0.0
14 0.84 3.007 158.89250590219226 5.302953549514026 6.977968103957472 0.0
14 0.88 3.007 164.78044339622642 5.456528316156831 7.078290790790791 0.0
14 0.9 4.006 167.58970089730806 5.387550096959613 7.055895883777239 0.0
14 0.9 5.005 167.5106222775358 5.294092182323358 6.873513800424629 0.0
14 0.92 6.5035 170.39545861733205 5.273768472902716 6.8884216275259424 0.0
14 0.94 0.5095 173.61844307692309 5.629872981028158 7.29944976076555 0.0
14 0.94 1.009 173.57908470588234 5.715226689482425 7.3230713245997086 0.0
14 0.94 2.5075 173.50586075949366 5.722807955521396 7.276501650165017 0.0
14 0.96 6.004 176.29384132231405 5.619129118642504 7.177764606265876 0.0
14 0.96 8.5015 176.25674576271186 5.488377723970712 7.092415224913495 0.0
14 0.98 6.004 179.17063465160075 5.787553705693426 7.342023541197095 0.0
14 0.98 6.5035 179.16823738317757 5.772402294252414 7.3297681376215404 0.0
14 0.98 8.5015 179.16099437412095 5.721182612191472 7.270206925675676 0.0
14 1.0 4.5055 182.0 5.988801234779402 7.584641638225256 0.0
14 1.02 6.004 184.48726995305162 6.1827576403704425 8.009167978684752 0.0
14 1.02 6.5035 184.48349244060475 6.225940274413554 8.033919940513075 0.0
14 1.02 8.5015 184.4681470967742 6.2974740855434295 8.062941988950277 0.0
14 1.04 0.5095 187.07838897396633 5.777157660993 7.407857349956509 0.0
14 1.04 1.009 187.04648997772827 5.930366338088941 7.573908001546193 0.0
14 1.04 2.5075 186.98995640326976 6.14899218947093 7.979148936170213 0.0
14 1.06 1.009 189.55436753445636 5.966185064934389 7.655494966442953 0.0
14 1.08 4.5055 191.5901690962099 6.693644826355466 8.348868421052632 0.0
14 1.1 0.01 194.820213836478 5.335331465916408 7.16724865694551 0.0449286726784691
14 1.12 4.5055 195.95165397923876 7.18227868328628 9.022679531021007 0.0
14 1.12 8.002 195.09484524886878 8.273408163261635 10.024418955629338 0.0
14 1.12 9.001 194.79504930467763 8.649132007236256 10.189510818438382 0.0
14 1.16 0.5095 202.09068113975576 5.925580254983801 7.648285953177258 0.0
14 1.16 2.008 201.26336572890025 6.6183178453323395 8.278845711657853 0.0
14 1.16 2.5075 201.0503963963964 6.823707800876175 8.501580363147276 0.0
14 1.16 7.003 199.01509604519774 8.760629339638546 10.230454220314735 0.0
14 1.18 7.5025 200.56640667196186 9.301779960100378 10.833178534571724 0.0
14 1.18 8.002 200.33779834254145 9.523871733967223 11.036971260132646 0.0
14 1.2 0.5095 207.0081796116505 5.982377049179975 7.742972459639127 0.0
14 1.2 1.009 206.59748865355522 6.295860537995395 8.084962827886098 0.0
14 1.2 2.5075 205.43717976318624 7.0352872215716316 8.858750673128702 0.0
14 1.26 4.006 209.88410251046025 8.551254405972411 10.134636797454931 0.0
14 1.28 6.004 209.8693664068037 10.105431893719338 11.206503067484663 0.0
14 1.28 6.5035 209.46307110091743 10.344873015876477 11.36233941852603 0.0
14 1.28 8.5015 208.56342607174102 11.126757624436102 12.038987011410537 0.0
14 1.3 2.008 216.61710321864595 7.304787812836139 9.089498410943762 0.0
14 1.3 7.003 210.56855082417582 10.830248091570954 11.985621301775147 0.0
14 1.32 4.006 215.33141994970663 9.172021907806055 10.60939163498099 0.0
14 1.34 7.5025 213.9614441569642 11.344678298803839 12.043370691478113 0.0
14 1.34 8.002 213.34801906898485 11.47746145941292 12.045705761812922 0.0
14 1.34 9.001 213.28 11.778076950829742 12.048544301895863 0.0
14 1.36 5.5045 216.83972450805007 10.611626822140924 11.528534454868975 0.0
14 1.38 2.008 224.54518000000002 7.7727969348672605 9.414731621936989 0.0
14 1.38 7.003 217.1228896595208 11.430438911190517 12.046940740963674 0.0
14 1.42 4.5055 222.49114742014743 10.435668872479345 11.414895754835468 0.0
14 1.44 6.004 222.95079738043262 11.538254499108763 12.04842994080351 0.0
14 1.44 6.5035 222.77499849624058 11.670101686508968 12.049229891614376 0.0
14 1.44 8.5015 222.48 12.185283953863012 13.0 0.0
14 1.48 5.005 227.2907341772152 11.287019381042684 12.04319726863462 0.0
14 1.5 7.5025 227.5 12.577144327596113 13.0 0.0
14 1.5 8.002 227.5 12.523514077154307 13.0 0.0
14 1.5 9.001 227.5 12.375054112566628 13.0 0.0
14 1.52 3.5065 233.46542810457515 10.376441366865258 11.30337560611712 0.0
14 1.52 9.5005 229.32 12.5714285714 13.0 0.0
14 1.56 4.006 234.87394464944649 10.962224938863972 12.01694036569087 0.0
14 1.56 5.005 234.08 11.496375645695412 12.049401134692163 0.0
14 1.58 6.004 234.78 12.205894519148977 13.0 0.0
14 1.58 6.5035 235.36 12.11237824678696 13.0 0.0
14 1.58 8.5015 234.78 12.594240442634208 13.0 0.0
14 1.6 3.007 240.52010570824524 10.329871373835852 11.309211030256607 0.0
14 1.64 4.006 241.80882142857143 11.323566137563207 12.043370691478113 0.0
14 1.64 5.005 240.88 11.889608163232188 13.0 0.0
14 1.7 2.008 253.27685714285715 9.447945011336827 11.025955345641906 0.0
14 1.7 7.003 245.7 12.5714285714 13.0 0.0
14 1.74 0.01 276.9998966789668 5.344378128606822 7.175884691848907 0.03878281985126727
14 1.74 3.007 252.59403427592116 11.007031395134936 12.0269090126909 0.0
14 1.78 3.5065 254.15942222222222 11.601050518548398 12.049429669208141 0.0
14 1.78 9.5005 252.98 12.8571428571 13.0 0.0
14 1.8 0.5095 277.23790909090906 6.756968428399151 8.440956790123456 0.0
14 1.8 1.009 270.964502994012 7.876762114534981 9.50674007340674 0.0
14 1.8 2.5075 259.8223944636678 10.621376264080334 11.548319467554077 0.0
14 1.84 4.5055 258.44 12.317265592725455 13.0 0.0
14 1.86 7.5025 260.26 12.858839865159847 13.0 0.0
14 1.88 1.5085 272.73819780219776 9.278158046525606 10.735621354867654 0.0
14 1.88 10.0 262.08 13.0 13.0 0.0
14 1.9 0.01 297.32190591073584 5.3740632318475985 7.188061183949146 0.03612041151762343
14 1.9 3.007 265.5730027359781 11.5020700445292 12.049344060520548 0.0
14 1.92 7.5025 265.72 12.8571428571 13.0 0.0
14 1.92 8.002 265.72 13.0 13.0 0.0
14 1.92 9.001 265.72 13.0 13.0 0.0
14 1.96 4.5055 269.36 12.57364006319313 13.0 0.0
14 1.96 8.002 269.36 13.0 13.0 0.0
14 1.96 9.001 269.36 13.0 13.0 0.0
14 1.98 1.009 288.63115411355733 8.397998811172917 10.076774045626504 0.0
16 0.0 6.004 15.0 1.875 3.0 0.0
16 0.0 6.5035 15.0 1.875 3.0 0.0
16 0.0 8.5015 15.0 1.875 3.0 0.0
16 0.02 6.004 21.773411992263053 1.875 4.282336272040302 0.0
16 0.02 6.5035 21.16 1.875 7.0 0.0
16 0.02 8.5015 20.76 1.875 10.0 0.0
16 0.04 4.006 27.48 1.9270113863863865 4.024902993348116 0.0
16 0.06 2.008 39.524350000000005 2.7424739921976595 4.260676454190671 0.0
16 0.06 2.5075 38.11803125 2.5102907274590165 4.144892086330935 0.0
16 0.06 7.003 28.5 1.875 15.0 0.0
16 0.08 0.5095 56.27468571428572 4.824794161676647 6.9028789659224445 0.0
16 0.08 1.009 50.19875675675676 3.8015922619047617 5.597230028101164 0.0
16 0.08 2.5075 44.187909090909095 2.6714003759398497 4.3280008543357535 0.0
16 0.1 4.5055 38.4 1.8862081181509007 12.049846040152728 0.0
16 0.1 9.001 37.5 1.875 15.0 0.0
16 0.12 1.5085 58.57535 3.588563829787234 5.248567503924646 0.0
16 0.12 3.5065 45.15369230769231 2.055811762778506 6.101237623762376 0.0
16 0.12 9.5005 42.0 1.875 15.0 0.0
16 0.14 2.008 62.590503937007874 3.4611959586466163 5.177714471756471 0.0
16 0.14 7.003 46.5 1.875 15.0 0.0
16 0.16 3.007 61.1442962962963 2.9345773759461733 5.185262552702185 0.0
16 0.18 3.007 65.5084 3.090849573690621 5.284099955771782 0.0
16 0.22 3.007 67.53248953594176 2.3609758871701545 5.807209686296092 0.0
16 0.24 6.004 69.76 2.0 15.0 0.0
16 0.24 8.5015 69.0 1.875 15.0 0.0
16 0.26 5.5045 74.24 2.0 15.0 0.0
16 0.28 5.005 78.0 1.875 15.0 0.0
16 0.3 5.5045 83.2 2.0 15.0 0.0
16 0.34 2.008 109.04111961722488 4.567510080645161 6.210853909465021 0.0
16 0.34 2.5075 108.051125 4.4100714809384165 6.125488180883864 0.0
16 0.34 7.003 92.16 2.0 15.0 0.0
16 0.38 3.5065 103.93425236593059 2.5673895899053627 12.367221297836938 0.0
16 0.38 9.5005 100.5 1.875 15.0 0.0
16 0.4 3.007 113.24247807017544 3.503284940944882 6.21545231273025 0.0
16 0.46 4.5055 120.39573451327433 2.3138274336283184 15.0 0.0
16 0.48 7.5025 123.52 2.0 15.0 0.0
16 0.48 8.002 123.52 2.0 15.0 0.0
16 0.48 9.001 123.0 1.875 15.0 0.0
16 0.52 4.5055 134.97045132743364 2.6485550331858407 14.049971499714998 0.0
16 0.52 8.002 132.48 2.0 15.0 0.0
16 0.52 9.001 132.48 2.0 15.0 0.0
16 0.58 7.5025 146.420197366635 2.1488682638794625 15.0 0.0
16 0.58 8.002 145.92 2.0 15.0 0.0
16 0.58 9.001 145.92 2.0 15.0 0.0
16 0.6 4.5055 154.69222091656874 3.3413190364277323 6.542862033550154 0.0
16 0.6 8.002 150.4114656645029 2.0035830201571576 15.0 0.0
16 0.6 9.001 150.4 2.0 15.0 0.0
16 0.62 0.5095 168.55888948787063 6.015160818713451 8.086848673946958 0.0
16 0.62 2.008 166.5084019607843 5.494415188470066 7.194833759590793 0.0
16 0.62 2.5075 165.94338345864662 5.370002609603341 7.113027761711972 0.0
16 0.62 7.003 156.06619539170507 2.3901958525345623 15.0 0.0
16 0.64 4.5055 163.3547947136564 3.387081497797357 6.655304276315789 0.0
16 0.64 8.002 160.3525586592179 2.3446384233395405 15.0 0.0
16 0.64 9.001 159.75939633027522 2.1386792813455657 15.0 0.0
16 0.66 1.009 175.707015625 5.926445484581498 7.994898586355255 0.0
16 0.68 3.007 177.60054212454213 5.429668544194107 7.130224253678046 0.0
16 0.72 4.5055 184.7847462686567 5.25333284714119 7.03279792134168 0.0
16 0.72 8.002 178.04923935389135 2.3434104258443464 15.0 0.0
16 0.72 9.001 177.95692592592593 2.302199074074074 15.0 0.0
16 0.74 0.5095 191.60016463414632 6.224030324400564 8.197267759562841 0.0
16 0.74 2.008 190.31071604938273 5.85791511771995 7.591909509202454 0.0
16 0.74 2.5075 190.0467130730051 5.755008992805755 7.393025120256548 0.0
16 0.76 5.5045 192.2115124260355 5.0916440953412785 6.9394811054709535 0.0
16 0.78 6.004 196.58755375059724 5.27380354020979 6.937260428410372 0.0
16 0.78 6.5035 196.14868861454048 5.065087244283995 6.793454371715241 0.0
16 0.78 8.5015 192.29948187919462 2.8974328859060403 7.918598884066956 0.0
16 0.8 2.008 201.9165172054223 6.038372905027933 8.01742764471058 0.0
16 0.8 2.5075 201.66937050359712 5.92302572202166 7.735921867555979 0.0
16 0.8 7.003 200.17440063091482 5.106317307692308 6.846831530139104 0.0
16 0.82 6.004 204.5777615035645 5.390085669781931 7.1021145877982566 0.0
16 0.82 6.5035 204.43086597938145 5.292266483516483 7.031553836234687 0.0
16 0.82 8.5015 202.4634358974359 3.9329415954415956 6.529610655737705 0.0
16 0.84 5.005 208.85013559322036 5.651576649417852 7.257770767613039 0.0
16 0.86 3.5065 213.19947010119594 6.020917770849572 7.832743362831859 0.0
16 0.86 9.5005 212.21316260954234 5.190202044790652 6.930880648899189 0.0
16 0.88 5.005 216.86080525164115 5.887181911966987 7.5514607532558955 0.0
16 0.9 1.5085 221.2983578104139 6.460039015606243 8.298390532544378 0.0
16 0.9 10.0 220.40020054200542 5.500249864937872 7.153758311650766 0.0
16 0.94 6.004 228.58728733031674 6.220069832402235 8.090189504373178 0.0
16 0.94 6.5035 228.5613645320197 6.168678513071895 8.061928864569083 0.0
16 0.94 8.5015 228.49311832946634 6.026943155452436 7.867516268980477 0.0
16 0.96 5.5045 232.46276751946607 6.443743093922652 8.286163237621524 0.0
16 0.98 5.5045 236.2681793814433 6.671677698574338 8.527250264737027 0.0
16 1.04 6.004 246.51744666666667 7.456718299711816 9.403460728257599 0.0
16 1.04 6.5035 246.48981925925926 7.528293504901961 9.479212916246215 0.0
16 1.04 8.5015 246.42319236883944 7.736185275080906 9.825814931650894 0.0
16 1.06 3.5065 249.82195883361922 7.373243957703927 9.335239327296248 0.0
16 1.06 9.5005 249.24519883889695 8.478963926174497 10.403758741258741 0.0
16 1.1 0.5095 256.8300455927052 6.780980215827338 8.920738137082601 0.0
16 1.1 1.009 256.66137007874016 7.022629564193169 9.08957699330493 0.0
16 1.12 3.007 259.20731969309463 7.776818479685452 9.984878655880523 0.0
16 1.14 7.003 260.22049940262843 9.868352994555353 11.71589164785553 0.0
16 1.16 6.004 263.2655024390244 9.766812581063554 11.549910362136966 0.0
16 1.16 6.5035 262.91323218390806 9.970807086614172 11.931483644859814 0.0
16 1.16 8.5015 261.84202159827214 10.987480529595016 12.474238805970149 0.0
16 1.18 0.01 270.7307522603978 6.311309523809524 8.358991745283019 0.04521663098863328
16 1.2 6.004 267.93831223628695 10.49907487091222 12.17900809109979 0.0
16 1.2 6.5035 267.632931196984 10.776657014157013 12.346299765807963 0.0
16 1.2 8.5015 266.41100389105054 11.814132254464285 13.139762931034483 0.0
16 1.22 0.5095 276.66854110612854 6.986518429487179 9.082267168391345 0.0
16 1.22 2.008 274.6278992366412 8.055737994350283 10.11819771137953 0.0
16 1.22 2.5075 273.986176730486 8.408662444113263 10.363287744703674 0.0
16 1.24 5.005 273.59025925925926 10.495649509803922 12.180070806903673 0.0
16 1.26 10.0 272.203275307474 13.185342492260062 14.043081618469163 0.0
16 1.28 5.5045 277.4105392986699 11.380790548424738 13.049007981755986 0.0
16 1.3 4.5055 281.14859433962266 10.92202763496144 12.445918653576438 0.0
16 1.32 7.003 280.6196458164094 12.781856153219234 14.0032953544001 0.0
16 1.34 0.01 298.122711509716 6.328220989761093 8.403735720901512 0.04230024798887074
16 1.4 5.005 291.31041402825133 12.48704578488372 13.580146545708304 0.0
16 1.42 3.007 298.22446341463416 10.654058219178083 12.292085876657545 0.0
16 1.48 1.5085 312.10245892351276 8.977698618307427 11.067816829143151 0.0
16 1.48 3.5065 302.8714310595065 11.773305808656037 13.127990696733745 0.0
16 1.48 10.0 297.6 14.512872244307914 15.0 0.0
16 1.5 0.01 325.17190923317685 6.345004401408451 8.388494231936855 0.0428791633923714
16 1.5 3.007 307.4953475336323 11.259109257265877 12.983691756272401 0.0
16 1.52 7.5025 302.9369908419826 14.266731799910675 15.0 0.0
16 1.52 8.002 302.4 14.5 15.0 0.0
16 1.54 3.5065 309.98037421665174 12.128388978278359 13.273464874978737 0.0
16 1.54 9.5005 304.8 14.878108929946112 15.0 0.0
16 1.56 1.5085 322.3718 9.428440201729106 11.29865664845173 0.0
16 1.56 10.0 307.2 15.0 15.0 0.0
16 1.58 5.5045 310.18 13.87018085106383 15.0 0.0
16 1.6 5.005 313.2 13.908168604651163 15.0 0.0
16 1.64 1.5085 332.59433810888254 9.782669667590028 11.601431334622823 0.0
16 1.64 10.0 316.8 14.875 15.0 0.0
16 1.66 4.5055 319.86 13.669107019958705 15.0 0.0
16 1.72 7.003 326.4 14.875 15.0 0.0
16 1.74 1.009 350.56610572687225 9.052850223546946 11.084450804033796 0.0
16 1.76 2.008 341.4606803069054 11.328767387944358 13.028448587325673 0.0
16 1.76 2.5075 338.4084347826087 12.170055379746836 13.288541281007035 0.0
16 1.76 7.003 331.2 15.0 15.0 0.0
16 1.78 7.5025 333.6 15.0 15.0 0.0
16 1.8 6.004 336.8 14.75 15.0 0.0
16 1.8 6.5035 336.0 14.875 15.0 0.0
16 1.8 8.5015 336.0 15.0 15.0 0.0
16 1.82 0.5095 369.5917109375 7.960903846153846 10.072942357327216 0.0
16 1.82 2.008 348.71686264216976 11.71052043422733 13.103032742887816 0.0
16 1.82 2.5075 343.7969940968123 12.489433787128712 13.559695945945945 0.0
16 1.84 3.007 343.32 13.250691948238677 14.037087603004226 0.0
16 1.86 0.01 386.5748597842835 6.381724254742547 8.42353522053983 0.037789796724499405
16 1.88 4.5055 345.6 14.367619558553034 15.0 0.0
16 1.88 8.002 345.6 15.0 15.0 0.0
16 1.88 9.001 345.6 15.0 15.0 0.0
16 1.9 1.009 371.17027070063693 9.605201480263158 11.458679479231247 0.0
16 1.92 0.01 396.65625114854515 6.385683619550859 8.41792828685259 0.038695282617934555
16 1.94 5.5045 352.8 15.0 15.0 0.0
16 1.96 0.01 403.70183084577116 6.366397601476015 8.400582464745554 0.03685331062380243
16 1.96 3.007 357.12 13.72236541970803 15.0 0.0
16 1.98 9.5005 357.6 15.0 15.0 0.0
18 0.0 5.5045 17.0 1.88888888889 3.0 0.0
18 0.02 5.5045 26.0 1.88888888889 4.359273097826087 0.0
18 0.04 1.5085 43.733122807017544 3.228992549398423 5.10314404432133 0.0
18 0.04 10.0 28.56 1.88888888889 17.0 0.0
18 0.06 6.004 35.24 1.88888888889 16.0 0.0
18 0.06 8.5015 34.34 1.88888888889 17.0 0.0
18 0.08 6.004 40.12 1.88888888889 17.0 0.0
18 0.08 6.5035 40.12 1.88888888889 17.0 0.0
18 0.08 8.5015 40.12 1.88888888889 17.0 0.0
18 0.1 3.007 57.55484265734266 2.770071335929666 5.179702878365831 0.0
18 0.12 7.5025 51.68 1.88888888889 17.0 0.0
18 0.12 8.002 51.68 1.88888888889 17.0 0.0
18 0.12 9.001 51.68 1.88888888889 17.0 0.0
18 0.16 5.005 63.24 1.88888888889 17.0 0.0
18 0.18 5.005 70.77135909433962 2.1260617339826102 16.04971492017765 0.0
18 0.2 2.008 97.67082039911308 4.336763435282618 6.218633652629676 0.0
18 0.2 2.5075 96.67514739229024 4.145009832840241 6.092210334029228 0.0
18 0.2 7.003 74.8 1.88888888889 17.0 0.0
18 0.22 5.005 81.36 2.0 17.0 0.0
18 0.24 5.5045 86.36 1.88888888889 17.0 0.0
18 0.28 3.5065 100.8 2.33333333333 16.049857481472593 0.0
18 0.28 9.5005 97.92 1.88888888889 17.0 0.0
18 0.32 2.008 132.28518181818183 4.9869655620534115 7.024367006003654 0.0
18 0.36 2.008 143.37015555555556 5.207974910392186 7.124053485576923 0.0
18 0.36 2.5075 142.02849689440993 5.005486713479224 6.783951807228916 0.0
18 0.38 7.5025 127.44 2.0 17.0 0.0
18 0.38 8.002 126.82 1.88888888889 17.0 0.0
18 0.4 5.005 133.8 2.11111111111 17.0 0.0
18 0.44 2.008 164.823 5.51730709153528 7.321908539430705 0.0
18 0.44 2.5075 163.8443870967742 5.3503780514114885 7.168800403225807 0.0
18 0.46 3.007 168.21079054054053 5.263602830470113 7.139798449612403 0.0
18 0.48 0.01 182.21356043956044 7.297243923608138 9.649755011135857 0.04547564504461056
18 0.52 0.01 192.196 7.327120441048467 9.719590085795996 0.0461943917351887
18 0.52 3.007 184.15134405144696 5.45295591574285 7.241089693154996 0.0
18 0.54 0.5095 194.67318048780487 6.700758653393225 9.058963963963963 0.0
18 0.54 2.008 191.07338566552903 5.872280025691708 7.913460459899047 0.0
18 0.54 2.5075 190.22293525179856 5.69924263415836 7.479491206030151 0.0
18 0.56 2.008 196.19041726618704 5.914245014245872 8.006865237922266 0.0
18 0.58 0.01 206.4355894039735 7.301704545451528 9.661708860759493 0.04673991571342565
18 0.58 3.007 199.89798898071626 5.661618102255492 7.442355371900827 0.0
18 0.6 3.007 205.06026239067054 5.7108821104728005 7.484660766961652 0.0
18 0.62 6.004 198.80781746810598 2.6572565696250607 17.0 0.0
18 0.62 6.5035 198.79927285037238 2.654758143387188 17.0 0.0
18 0.62 8.5015 196.94 2.11111111111 17.0 0.0
18 0.64 3.007 215.5707264573991 5.8722164048878405 7.665705931495405 0.0
18 0.66 9.5005 208.7615631707317 2.222733062328396 17.0 0.0
18 0.68 5.005 219.9744895104895 4.130031080029779 7.245225776105362 0.0
18 0.7 0.5095 234.22631868131867 7.010385487528241 9.243620378719568 0.0
18 0.7 2.008 232.12367545076282 6.3806355511382 8.336101354741595 0.0
18 0.7 2.5075 231.5914605067064 6.243732667773492 8.191337063476752 0.0
18 0.72 3.007 236.26088046647232 6.162780989079939 8.113248045486852 0.0
18 0.74 6.004 239.41881481481482 5.4899375278885305 7.36451520367183 0.0
18 0.74 6.5035 239.16208105560793 5.38033881414667 7.3384666815244035 0.0
18 0.74 8.5015 232.8081886792453 2.721448153526411 17.0 0.0
18 0.76 4.006 245.88993688007216 6.08810676598298 8.044658864541832 0.0
18 0.78 5.5045 250.34045247359646 5.853676541080938 7.5804793196753 0.0
18 0.8 8.5015 254.62479807112717 5.455022430267515 7.300544188071397 0.0
18 0.82 5.5045 260.845423028786 6.113684942767471 8.110114449213162 0.0
18 0.84 1.5085 267.5262046511628 7.043331925080541 9.22043376568148 0.0
18 0.84 3.5065 266.61035571260305 6.592778873552176 8.563071895424837 0.0
18 0.84 9.5005 265.13127135298566 5.6183905167414405 7.357873376623377 0.0
18 0.86 7.5025 270.79926904376015 6.061248559013309 7.978840222085132 0.0
18 0.88 1.5085 277.2650079575597 7.229957498479789 9.345437313836989 0.0
18 0.88 3.5065 276.6744177362894 6.7900525903568045 9.002148739063305 0.0
18 0.88 9.5005 275.7344241435563 5.976318651441238 8.020710601719198 0.0
18 0.9 8.002 281.06176738882556 6.290414932523266 8.15527803099362 0.0
18 0.9 9.001 280.964633401222 6.1822649572631345 8.140970477386935 0.0
18 0.94 5.5045 291.4265574112735 7.009243986254203 9.135027567195039 0.0
18 0.96 4.006 296.40918971848225 7.351591089893063 9.48008804605486 0.0
18 1.0 5.005 306.0 7.770305599719661 10.093966480446927 0.0
18 1.04 5.5045 314.4133130287648 8.444184184179743 10.737439143135346 0.0
18 1.06 7.5025 318.1443105175292 9.232697893970077 11.483429541595925 0.0
18 1.08 5.005 322.31738867924525 9.095680166146499 11.331588637559179 0.0
18 1.1 6.004 325.6930857142857 9.891976277691644 12.167138859741168 0.0
18 1.1 6.5035 325.47460038986355 10.074218106988463 12.256867417677643 0.0
18 1.12 5.005 329.66594545454547 9.8210598896787 12.112181703866709 0.0
18 1.14 4.5055 333.4316 9.991001421897307 12.226041666666667 0.0
18 1.16 5.5045 336.09734687953556 10.898409961695982 13.104532019704434 0.0
18 1.18 0.5095 344.7297306501548 7.867887067396586 10.18229635693819 0.0
18 1.18 1.009 344.0553570159858 8.28467816731305 10.571930517173312 0.0
18 1.2 5.5045 342.3940447504303 11.635544120486227 13.707953004970628 0.0
18 1.22 6.004 344.869845323741 12.439924292986513 14.299135381114903 0.0
18 1.22 6.5035 344.3972930845225 12.774539985868264 14.422940360610264 0.0
18 1.22 8.5015 342.55019107142857 13.94652320305029 15.224774441650643 0.0
18 1.24 1.5085 355.24733235724744 8.919187162045112 11.212646998143182 0.0
18 1.24 3.5065 351.4372832764505 10.822106309009344 13.06384264397583 0.0
18 1.26 4.5055 352.8098443271768 11.916454248374368 14.02636567468406 0.0
18 1.32 4.5055 361.55871512309494 12.830185185202167 14.508476253298152 0.0
18 1.34 1.009 376.07510814814816 8.867003968255299 11.173913868336179 0.0
18 1.36 2.008 375.4224666666667 10.317610467578707 12.456184419713832 0.0
18 1.36 2.5075 373.4752310286678 11.028218980728314 13.166590575574759 0.0
18 1.4 1.5085 384.8460660660661 9.845276809912503 12.15253448275862 0.0
18 1.4 3.5065 375.5582078853047 12.72534384178299 14.405778621812262 0.0
18 1.42 5.005 374.68036495176847 14.302587719267986 15.599242697439596 0.0
18 1.46 4.006 382.6906142322097 13.935590505321716 15.200656539649845 0.0
18 1.46 5.005 379.7522133473463 14.806600511220664 16.02989002236314 0.0
18 1.48 7.5025 379.92 16.117289689445307 17.0 0.0
18 1.48 8.002 379.92 16.235506611124084 17.0 0.0
18 1.48 9.001 379.44 16.8888888889 17.0 0.0
18 1.5 1.009 405.91686390532544 9.491870845203529 11.850137589433132 0.0
18 1.52 0.01 419.86588185654006 7.3497743055520575 9.734115884115884 0.04337069147811377
18 1.54 7.5025 389.20942846430717 16.34433149791841 17.0 0.0
18 1.56 8.002 392.8 16.45539272159511 17.0 0.0
18 1.56 9.001 391.68 16.891401577514287 17.0 0.0
18 1.58 4.006 398.8343997620464 14.84471048514855 16.032291284684025 0.0
18 1.6 1.5085 418.3768194842407 11.041321921061012 13.143319399287815 0.0
18 1.6 3.5065 404.19736227045075 14.340067706410196 15.49264749481174 0.0
18 1.6 9.5005 397.8 17.0 17.0 0.0
18 1.62 4.006 405.3875519399249 14.92675373504245 16.02669965576592 0.0
18 1.62 5.005 403.34 15.734948230593652 17.0 0.0
18 1.64 8.002 404.56 16.8888888889 17.0 0.0
18 1.64 9.001 403.92 17.0 17.0 0.0
18 1.68 2.008 425.2479706744868 12.663989533044873 14.332673046961942 0.0
18 1.68 2.5075 421.09787259858444 13.469976019160633 15.07475356900068 0.0
18 1.72 4.5055 419.04 15.916713581992846 17.0 0.0
18 1.74 9.5005 419.22 17.0 17.0 0.0
18 1.76 6.004 423.04 16.5555555556 17.0 0.0
18 1.76 8.5015 422.28 16.89221000249557 17.0 0.0
18 1.78 0.01 476.6582091254753 7.363017697496826 9.749975111996019 0.0407917853032047
18 1.8 5.5045 429.4077221108884 16.22749827999101 17.0 0.0
18 1.82 6.004 432.28 16.7777777778 17.0 0.0
18 1.82 6.5035 431.46 17.0 17.0 0.0
18 1.82 8.5015 431.46 17.0 17.0 0.0
18 1.84 5.005 435.36 16.7777777778 17.0 0.0
18 1.86 0.5095 479.9139267175573 9.212179487177364 11.491509097395648 0.0
18 1.86 1.009 467.93667877094975 10.891114359984899 13.109630156472262 0.0
18 1.86 2.5075 445.2049549689441 14.379441550887982 16.0 0.0
18 1.88 0.01 498.544626984127 7.362805730254932 9.775565843621399 0.039540808589366414
18 1.88 3.007 445.6625429141717 15.271765119522753 16.044525239115348 0.0
18 1.9 9.5005 443.7 17.0 17.0 0.0
18 1.92 1.009 477.9949892473118 11.086032937243846 13.184068205304857 0.0
18 1.94 4.006 450.76 16.353411989760577 17.0 0.0
18 2.0 0.5095 506.4816071428571 9.46104315324187 11.79120707596254 0.0
18 2.0 2.008 469.76592307692306 14.250578338565898 15.350372807017544 0.0
18 2.0 2.5075 464.3942727272727 15.2896666666377 16.04639544688027 0.0
20 0.04 4.5055 39.47445478036176 2.0 10.0 0.0
20 0.04 8.002 33.44 1.9 18.0 0.0
20 0.04 9.001 33.44 1.9 19.0 0.0
20 0.06 5.5045 42.62 1.9 17.0 0.0
20 0.08 5.5045 47.88 1.9 19.0 0.0
20 0.1 5.005 56.9 2.1 18.01132375897596 0.0
20 0.12 0.01 118.94931343283582 8.281625514403293 11.032649463054977 0.041575618171362856
20 0.16 3.5065 79.28 2.2 17.490316962730756 0.0
20 0.16 9.5005 76.76 1.9 19.0 0.0
20 0.18 3.5065 87.45936759164097 2.324313120931826 18.019314979406026 0.0
20 0.18 9.5005 83.98 1.9 19.0 0.0
20 0.22 1.5085 129.56106818181817 5.274162234042553 7.370388226338493 0.0
20 0.22 3.5065 104.74608823529411 2.7099514925373134 18.036443024494144 0.0
20 0.22 9.5005 98.42 1.9 19.0 0.0
20 0.24 4.006 108.68 2.3 19.0 0.0
20 0.26 2.008 142.19977777777777 5.209365733113674 7.22406779661017 0.0
20 0.28 7.5025 120.8 2.0 19.0 0.0
20 0.3 2.008 156.28933014354067 5.4321912720519965 7.435086254869226 0.0
20 0.34 5.5045 143.06 2.1 19.0 0.0
20 0.38 0.01 196.97528571428572 8.336953271028039 11.079913644214162 0.04484225131205888
20 0.4 3.5065 169.90280587275694 2.9838009787928224 18.033148108570206 0.0
20 0.4 9.5005 163.4 1.9 19.0 0.0
20 0.42 2.008 197.1803923076923 6.005766823161189 8.125330571929265 0.0
20 0.42 2.5075 195.9192736842105 5.808358725761773 7.914500836586726 0.0
20 0.44 6.004 178.96 2.1 19.0 0.0
20 0.44 8.5015 177.84 1.9 19.0 0.0
20 0.46 5.005 187.6481885775862 2.3792941810344828 19.0 0.0
20 0.48 1.009 220.16837288135594 6.852582872928177 9.22699530516432 0.0
20 0.5 0.5095 228.5058014354067 7.417096774193548 10.048534255599472 0.0
20 0.5 2.008 223.18764705882353 6.308253311258278 8.345036382536383 0.0
20 0.5 2.5075 222.09506319115323 6.086869009584664 8.158336420896628 0.0
20 0.54 6.004 216.24 2.4 19.0 0.0
20 0.54 6.5035 217.09224019607842 2.5852696078431374 19.0 0.0
20 0.54 8.5015 214.4 2.0 19.0 0.0
20 0.58 1.009 251.897376146789 7.154122023809523 9.477766251728907 0.0
20 0.6 5.005 240.83987411487018 3.2099685287175452 18.04461171785434 0.0
20 0.62 5.5045 247.70747751937984 3.1861782945736437 19.0 0.0
20 0.64 5.005 255.8226304347826 3.506286231884058 17.032977528089887 0.0
20 0.68 3.5065 279.548845814978 6.468333333333334 8.411440922190202 0.0
20 0.68 9.5005 265.44 2.2 19.0 0.0
20 0.7 6.004 277.1225567322239 3.7075189107413014 8.346068376068375 0.0
20 0.7 6.5035 275.70535836177476 3.2351194539249146 18.04639544688027 0.0
20 0.7 8.5015 273.6314448051948 2.543814935064935 19.0 0.0
20 0.72 5.005 291.40871714285714 6.248247501921599 8.201792828685258 0.0
20 0.74 5.5045 297.8007633136095 6.265848540145985 8.14846886696155 0.0
20 0.76 1.5085 307.4525169230769 7.512149410222805 10.025383522727273 0.0
20 0.8 5.5045 317.1935461801596 6.569999999999999 8.467744085304899 0.0
20 0.84 7.5025 329.57342016057095 6.475061188811189 8.488068535825546 0.0
20 0.84 8.002 329.4265584826133 6.385564766839378 8.34201226993865 0.0
20 0.84 9.001 329.136478888295 6.2092433862433865 8.184521276595746 0.0
20 0.88 7.5025 342.55564940239043 6.794178712220762 9.053083823941687 0.0
20 0.88 8.002 342.4526391184573 6.709617834394905 8.78311004784689 0.0
20 0.88 9.001 342.2602044926414 6.5497834493426135 8.577845165893685 0.0
20 0.9 0.01 350.78124074074077 8.345661478599222 11.05829454787234 0.048772941635877566
20 0.9 3.007 349.8434393939394 7.8032245430809395 10.176225083056478 0.0
20 0.92 0.5095 356.5294991119005 8.33177391304348 11.032448054991407 0.0
20 0.92 2.008 356.1508350877193 8.106798905608755 10.542095165003838 0.0
20 0.92 2.5075 356.08225162127104 8.05130867709815 10.433122829175876 0.0
20 0.98 2.008 374.11419639934536 8.524558610709118 11.089767199444058 0.0
20 1.0 1.5085 380.0 8.617942446043164 11.166304128902317 0.0
20 1.0 3.5065 380.0 8.653169491525423 11.192478525036664 0.0
20 1.02 2.008 385.41137769080234 8.782007104795738 11.289859789684527 0.0
20 1.02 2.5075 385.4025299455535 8.818029315960914 11.301929824561403 0.0
20 1.08 1.5085 401.3551623931624 9.05562271062271 11.62060475161987 0.0
20 1.08 3.5065 400.8079593220339 9.732192028985507 12.269688735177866 0.0
20 1.12 3.5065 410.5020421052632 10.332322033898306 13.006232101459156 0.0
20 1.12 9.5005 407.0628352745424 13.410111111111112 15.513344827586208 0.0
20 1.16 4.006 419.00835772357726 11.334203187250997 13.963507692307692 0.0
20 1.18 6.004 421.00291009174316 13.085833333333333 15.252183449651048 0.0
20 1.18 6.5035 420.514395256917 13.534945567651633 15.7156836461126 0.0
20 1.22 5.5045 428.988797833935 13.646347962382444 15.96834916864608 0.0
20 1.24 7.5025 430.0823009211873 15.379458823529411 17.082332336608285 0.0
20 1.24 8.002 429.23206791171475 15.842073791348602 17.210728824688115 0.0
20 1.24 9.001 428.58524349157733 16.342465878070975 17.531213686249192 0.0
20 1.26 3.007 441.94198584070796 11.936375968992248 14.317926404773745 0.0
20 1.28 2.008 449.4417266666667 10.972851323828921 13.450250752256771 0.0
20 1.3 4.006 447.3985267857143 13.652999999999999 15.80920523138833 0.0
20 1.3 5.005 444.7934101382489 14.693349056603774 16.458172796263863 0.0
20 1.34 6.5035 449.1682129120879 16.345221579961464 17.650825471698113 0.0
20 1.38 4.006 461.88134713375797 14.682788778877887 16.430812250332888 0.0
20 1.38 5.005 458.31696264367815 15.860556768558952 17.226331811263318 0.0
20 1.4 7.5025 457.63972746980494 17.74088775510204 19.0 0.0
20 1.4 8.002 457.6786093457944 17.770397350993377 19.0 0.0
20 1.4 9.001 457.2 18.253123198847263 19.0 0.0
20 1.42 1.5085 482.24775174825174 11.278082474226805 13.890748143917762 0.0
20 1.42 3.5065 470.83512113402065 14.379867424242425 16.28834 0.0
20 1.44 2.008 483.3415791433892 12.345125000000001 14.70666975451598 0.0
20 1.44 2.5075 480.3736679151061 13.188299776286353 15.339372738238842 0.0
20 1.46 1.5085 491.4353637961336 11.534707031249999 14.081408539467464 0.0
20 1.48 0.01 511.23474999999996 8.341591355599215 11.073160999306037 0.04478462837837838
20 1.48 3.007 484.2239411764706 14.348355140186916 16.248938894987194 0.0
20 1.5 9.5005 475.0 18.9 19.0 0.0
20 1.52 0.5095 515.5913164556962 9.671206140350877 12.212272727272728 0.0
20 1.52 1.009 509.63881343283583 10.832710120068612 13.295425943852855 0.0
20 1.56 0.01 532.8692918660287 8.326289424860853 11.068160878809355 0.04435223466216012
20 1.56 3.007 497.8149290495315 15.209535211267605 17.053992865982384 0.0
20 1.6 7.5025 494.6 18.9 19.0 0.0
20 1.6 8.002 495.2 18.6 19.0 0.0
20 1.62 1.5085 524.7085227655987 12.573890845070423 15.040387037673193 0.0
20 1.64 0.01 554.6641854304636 8.336107011070112 11.08149619903248 0.043023782901695326
20 1.64 3.007 511.59051289009494 15.671425742574257 17.188149606299213 0.0
20 1.66 5.005 506.9257545239969 17.87465355004277 19.0 0.0
20 1.68 8.5015 509.2 18.7 19.0 0.0
20 1.7 4.006 517.9851796090861 17.208393103448277 18.047055460263007 0.0
20 1.76 5.5045 526.68 18.130980548894218 19.0 0.0
20 1.78 0.5095 578.69403125 10.21874 12.934283980582524 0.0
20 1.78 1.009 565.9549850249584 11.948538732394367 14.321040492055356 0.0
20 1.78 2.5075 541.1591586402267 15.738771929824562 17.17053932324749 0.0
20 1.82 5.5045 537.44 18.6 19.0 0.0
20 1.84 1.5085 565.9971643192488 13.808248847926269 16.024050498620834 0.0
20 1.84 3.5065 543.0379428901067 17.588638253638255 19.0 0.0
20 1.84 9.5005 539.6 19.0 19.0 0.0
20 1.86 6.004 543.4 19.0 19.0 0.0
20 1.86 6.5035 544.26 18.7 19.0 0.0
20 1.86 8.5015 543.4 19.0 19.0 0.0
20 1.92 6.5035 554.8 19.0 19.0 0.0
20 1.92 9.5005 554.8 19.0 19.0 0.0
20 1.94 1.5085 584.6978623063683 14.28370741482966 16.213094841930115 0.0
20 1.96 3.5065 565.28 17.944678423236514 19.0 0.0
20 1.96 9.5005 562.4 19.0 19.0 0.0
20 2.0 6.004 570.0 19.0 19.0 0.0
20 2.0 6.5035 570.0 19.0 19.0 0.0
20 2.0 8.5015 570.0 19.0 19.0 0.0
