10 0.0 1.5085 9.0 1.8 2.2326083846043785 0.0
10 0.0 10.0 9.0 1.8 2.074593164029506 0.0
10 0.02 1.5085 11.812676470588235 1.8 2.3748758465011286 0.0
10 0.02 10.0 11.013815706806282 1.8 3.0 0.0
10 0.04 0.01 20.167739644970414 3.3003238095238094 4.444008647313156 0.042010527589545016
10 0.06 5.005 14.7 1.8 3.139263265604444 0.0
10 0.08 4.006 16.425933281613656 1.8 3.143087387254177 0.0
10 0.1 6.004 17.8 1.8 4.658235867446393 0.0
10 0.1 6.5035 17.1 1.8 8.0 0.0
10 0.1 8.5015 17.1 1.8 8.0 0.0
10 0.12 0.5095 24.76126495726496 2.709394673123487 3.9117779024116657 0.0
10 0.12 2.008 22.65795 2.068978847556528 3.125621333333333 0.0
10 0.12 2.5075 22.39286524822695 2.011871782873187 3.100684085510689 0.0
10 0.12 7.003 18.72 1.8 9.0 0.0
10 0.14 5.005 20.34 1.8 5.618236254763201 0.0
10 0.16 5.5045 21.96 1.8 7.095143740694079 0.0
10 0.2 3.007 27.53412915851272 2.0567645806726267 3.353071253071253 0.0
10 0.24 1.5085 34.18258394160584 2.6153966480446926 3.580219391365888 0.0
10 0.24 3.5065 29.020206437291897 1.868713190802743 3.9063606194690266 0.0
10 0.24 9.5005 28.44 1.8 9.0 0.0
10 0.26 4.5055 30.06 1.8 8.007947745997932 0.0
10 0.26 8.002 30.06 1.8 9.0 0.0
10 0.26 9.001 30.06 1.8 9.0 0.0
10 0.3 4.5055 33.3 1.8 7.607587382779199 0.0
10 0.3 8.002 33.3 1.8 9.0 0.0
10 0.3 9.001 33.3 1.8 9.0 0.0
10 0.32 3.007 36.95820642201835 2.319543666404406 3.948576309794989 0.0
10 0.34 5.005 36.54 1.8 9.0 0.0
10 0.36 3.007 39.40006075949367 2.1720281359906215 4.059089619965967 0.0
10 0.38 2.008 45.03129817444219 2.9004233409610984 4.0728756844453455 0.0
10 0.38 2.5075 44.16356481481481 2.7845117187499997 4.036676078278648 0.0
10 0.38 7.003 39.78 1.8 9.0 0.0
10 0.42 4.5055 43.0852021021021 1.8224834834834835 8.007201304197887 0.0
10 0.42 9.001 43.02 1.8 9.0 0.0
10 0.44 3.007 46.93697285559175 2.5958276199804113 4.123840330350998 0.0
10 0.46 6.5035 46.26 1.8 9.0 0.0
10 0.48 6.004 47.88 1.8 9.0 0.0
10 0.48 8.5015 47.88 1.8 9.0 0.0
10 0.5 4.5055 49.86475757575757 1.9458146577831616 5.718273542600897 0.0
10 0.52 6.004 51.12 1.8 9.0 0.0
10 0.52 6.5035 51.12 1.8 9.0 0.0
10 0.52 8.5015 51.12 1.8 9.0 0.0
10 0.56 3.007 57.85765263157895 3.140422004521477 4.1948721737845425 0.0
10 0.58 6.004 55.9931770682148 1.806274794388002 9.0 0.0
10 0.58 6.5035 55.98 1.8 9.0 0.0
10 0.58 8.5015 55.98 1.8 9.0 0.0
10 0.6 6.004 58.0 2.0 8.016299080516898 0.0
10 0.6 6.5035 57.66644359032331 1.833221795161655 4.583862255232951 0.0
10 0.6 8.5015 57.6 1.8 9.0 0.0
10 0.62 5.005 59.51575719217492 1.9556616800920599 4.545538461538461 0.0
10 0.64 6.004 61.10066191155492 1.9448121730860675 5.380930720783764 0.0
10 0.64 6.5035 61.11838461538462 1.9546581196581196 6.089588688946016 0.0
10 0.64 8.5015 60.84 1.8 9.0 0.0
10 0.66 4.006 64.537298 3.0163982683982686 4.247890036771143 0.0
10 0.68 5.5045 64.79113775216139 2.244461095100865 4.3281241565452095 0.0
10 0.72 6.004 67.90246950890447 2.2160496492174855 4.35032422417786 0.0
10 0.72 6.5035 67.67623854961832 2.054456106870229 4.309093270979475 0.0
10 0.72 8.5015 67.33867861715748 1.8133418693982075 6.43078125 0.0
10 0.74 5.005 70.54178686493185 3.0305896226415094 4.29413898434517 0.0
10 0.76 7.5025 71.00655415617129 2.1721284634760707 4.445152988275665 0.0
10 0.76 8.002 70.77434328358208 1.9786194029850748 5.281841990397206 0.0
10 0.78 1.5085 74.6451914893617 3.743019410496046 4.856687565308255 0.0
10 0.78 10.0 72.25540170940171 1.8685470085470086 5.373241288625904 0.0
10 0.8 5.005 75.46580316742082 3.4538781725888326 4.33688803746275 0.0
10 0.82 1.5085 77.51272625698324 3.818707124010554 5.015083387081913 0.0
10 0.82 10.0 75.78505218617772 2.2056135401974615 4.584398654331371 0.0
10 0.86 7.003 79.80345042839657 3.431901913875598 4.38839263803681 0.0
10 0.9 0.5095 83.13306592039801 3.7766606498194943 5.0342771520099205 0.0
10 0.9 1.009 83.08964735516372 3.897035623409669 5.066283699237857 0.0
10 0.9 2.008 83.02711724806201 3.959467275494673 5.074441446303292 0.0
10 0.9 2.5075 83.0041444201313 3.9294710006373488 5.052089998967902 0.0
10 0.92 4.5055 84.36885414235707 3.9098163606010017 5.034151329243354 0.0
10 0.94 1.5085 85.84429424307037 4.0142224152910515 5.106064723320158 0.0
10 0.94 10.0 85.72196346414073 3.7395131845841783 4.692896405919662 0.0
10 0.96 7.5025 87.18711022576362 3.935371352785146 5.0407327141382865 0.0
10 0.96 8.002 87.1824335154827 3.911978155339806 5.0517624087966295 0.0
10 0.96 9.001 87.17896498905908 3.894824945295405 5.036830269847478 0.0
10 0.98 4.5055 88.61064157706093 4.101252927400468 5.137982946975753 0.0
10 0.98 8.002 88.60448151750973 4.044815175097276 5.119291485394655 0.0
10 0.98 9.001 88.6045549836219 4.045549836218998 5.1047545830869305 0.0
10 1.02 4.5055 91.18566304347827 4.273057362507393 5.263003182924546 0.0
10 1.02 9.001 91.17043707482993 4.393994589720469 5.354100309008794 0.0
10 1.04 1.5085 92.38311636363636 4.194840474020054 5.204357835882257 0.0
10 1.04 10.0 92.26580853080569 4.619527824620573 5.741662817551963 0.0
10 1.06 7.003 93.38672062663186 4.649842615012107 5.783954857703631 0.0
10 1.1 4.006 95.67151185770751 4.621627267729521 5.765535124941065 0.0
10 1.12 5.5045 96.51792237819984 5.004376863446631 6.122576952429407 0.0
10 1.14 1.009 98.2836 4.2243713527851465 5.242633969118983 0.0
10 1.16 1.5085 99.29961543859649 4.402617107942974 5.390286917609897 0.0
10 1.16 3.5065 98.85021444866919 4.8487573194534805 6.063956207482994 0.0
10 1.16 10.0 97.71751972041938 6.508563734290844 7.280387190157409 0.0
10 1.18 5.5045 99.37009730363424 5.513211169284467 6.541518634622083 0.0
10 1.2 1.5085 101.51744878957169 4.462729044834308 5.484040213634936 0.0
10 1.2 10.0 99.32334837545127 7.034449388209121 7.892137856758212 0.0
10 1.22 4.006 101.58371095152603 5.3451329243353785 6.348460634547591 0.0
10 1.22 5.005 101.22386336032389 5.6863148636763405 6.827573904179409 0.0
10 1.26 1.009 105.10699363057324 4.373821712268315 5.384184977005621 0.0
10 1.28 4.5055 103.9904055944056 5.9822151898734175 7.064877129891258 0.0
10 1.28 8.002 102.91594796747967 7.326816770186336 8.03515127509826 0.0
10 1.28 9.001 102.61284162436547 7.622224989622249 8.045389322641908 0.0
10 1.3 3.5065 105.38499301675978 5.633193033381712 6.693336199484093 0.0
10 1.3 9.5005 103.52131248129302 7.923279666070363 8.049743435858964 0.0
10 1.32 1.009 108.39812897678418 4.45217445482866 5.500226830848995 0.0
10 1.34 5.5045 105.92226007067138 6.906270190895741 7.697497879558949 0.0
10 1.36 3.007 108.43813034337771 5.625389507154213 6.766809933142311 0.0
10 1.38 3.5065 108.88546038863976 6.094712446351932 7.098651271104211 0.0
10 1.38 9.5005 107.1 8.241218241042345 9.0 0.0
10 1.44 4.5055 110.35814540202215 7.036179215930305 7.9654428904428904 0.0
10 1.44 9.001 109.8 8.454716468590831 9.0 0.0
10 1.46 7.5025 110.7 8.238138811079986 9.0 0.0
10 1.48 0.5095 118.00001347935974 4.26271818787475 5.315746102449888 0.0
10 1.48 2.008 114.97606611570248 5.470753532182104 6.49861825192802 0.0
10 1.48 2.5075 114.22491727140783 5.8817505809450035 7.03458882107292 0.0
10 1.5 5.5045 112.5128918867566 7.770932642487047 8.04834415194134 0.0
10 1.54 2.008 117.6279249658936 5.679672386895476 6.811359126984127 0.0
10 1.54 7.003 114.3 8.334140009272136 9.0 0.0
10 1.56 0.5095 122.49591620111732 4.327446808510639 5.360839675914559 0.0
10 1.56 2.008 118.50995141700405 5.755313901345291 7.000627072221421 0.0
10 1.56 2.5075 117.63489841456254 6.176305048335124 7.130833879065706 0.0
10 1.58 7.5025 116.1 8.457212527964206 9.0 0.0
10 1.58 8.002 116.1 8.463314102564103 9.0 0.0
10 1.58 9.001 116.1 8.66219944598338 9.0 0.0
10 1.62 7.5025 117.9 8.57244585987261 9.0 0.0
10 1.64 0.5095 126.88527272727273 4.415315520181922 5.4539402985074625 0.0
10 1.64 2.008 121.92615837937385 6.029689189189189 7.083765079958852 0.0
10 1.64 2.5075 120.72648668846334 6.515773651635721 7.258909277996913 0.0
10 1.66 9.5005 119.7 8.801682740480963 9.0 0.0
10 1.68 3.007 121.7038164556962 7.174228571428571 8.01132375897596 0.0
10 1.7 3.5065 122.2 7.485934065934066 8.038870341143621 0.0
10 1.7 9.5005 121.5 9.0 9.0 0.0
10 1.72 1.009 128.86148571428572 5.079322834645669 6.1819375282933455 0.0
10 1.74 4.006 123.3 7.915416116248348 8.049771949828962 0.0
10 1.76 5.005 124.2 8.422175876155666 9.0 0.0
10 1.8 1.5085 130.3637341772152 5.8943399482312335 7.04536612367547 0.0
10 1.8 10.0 126.0 9.0 9.0 0.0
10 1.82 5.005 126.9 8.380317220543807 9.0 0.0
10 1.88 6.004 129.6 8.8 9.0 0.0
10 1.88 6.5035 129.6 8.521978609625668 9.0 0.0
10 1.88 8.5015 129.6 8.809089374529014 9.0 0.0
10 1.9 4.006 130.5 8.24975982532751 9.0 0.0
10 1.92 5.5045 131.4 8.610072008579746 9.0 0.0
10 1.94 7.5025 132.3 9.0 9.0 0.0
10 1.94 8.002 132.3 9.0 9.0 0.0
10 1.96 5.5045 133.2 8.809874519692604 9.0 0.0
10 1.98 7.003 134.1 9.0 9.0 0.0
12 0.0 4.5055 11.0 1.83333333333 2.108232659155694 0.0
12 0.0 8.002 11.0 1.83333333333 2.07031754738831 0.0
12 0.0 9.001 11.0 1.83333333333 2.099553072625698 0.0
12 0.02 4.5055 14.45376102088167 1.83333333333 3.0 0.0
12 0.02 8.002 13.92 1.83333333333 3.3872109826589596 0.0
12 0.02 9.001 14.16 1.83333333333 5.0 0.0
12 0.04 0.5095 25.033347826086956 3.2079886091143903 4.544851341551849 0.0
12 0.04 1.009 21.77442962962963 2.539763608762452 3.7839636189564385 0.0
12 0.04 2.5075 18.712502994011974 1.879774401470892 3.0615113176693347 0.0
12 0.06 1.5085 23.712830769230766 2.314819004522294 3.3674520674520676 0.0
12 0.06 3.5065 21.29014250614251 1.835746026317002 3.176093769587564 0.0
12 0.06 9.5005 18.26 1.83333333333 11.0 0.0
12 0.08 1.5085 27.069148148148148 2.4250967585858265 3.571974745703262 0.0
12 0.08 10.0 20.68 1.83333333333 11.0 0.0
12 0.12 6.004 25.52 1.83333333333 10.035357012306568 0.0
12 0.12 8.5015 25.52 1.83333333333 11.0 0.0
12 0.14 3.5065 31.60394512195122 2.0491684413355338 4.172803347280334 0.0
12 0.14 9.5005 27.94 1.83333333333 11.0 0.0
12 0.2 5.005 35.2 1.83333333333 10.03187710180373 0.0
12 0.24 7.5025 40.04 1.83333333333 11.0 0.0
12 0.24 8.002 40.04 1.83333333333 11.0 0.0
12 0.24 9.001 40.04 1.83333333333 11.0 0.0
12 0.26 0.01 55.10949230769231 4.279978768576296 5.899310740953475 0.044381073088297425
12 0.26 3.007 44.630728026533994 2.314396325456742 4.3198516187050355 0.0
12 0.28 2.008 53.854331428571435 3.1933518705786055 4.395226067188684 0.0
12 0.28 7.003 44.88 1.83333333333 11.0 0.0
12 0.3 3.007 49.920494203782795 2.4360456200868943 4.5350723662066645 0.0
12 0.32 5.005 49.843913033422 1.8637041748556065 10.049201345102984 0.0
12 0.34 3.5065 53.84271632329635 2.2613240117378517 5.113321167883211 0.0
12 0.34 9.5005 52.14 1.83333333333 11.0 0.0
12 0.36 5.005 54.56 1.83333333333 11.0 0.0
12 0.42 3.007 65.5576975088968 2.90093856655092 5.00862510674637 0.0
12 0.44 5.005 64.24 1.83333333333 11.0 0.0
12 0.48 5.5045 69.14656873822975 1.8546694673784252 11.0 0.0
12 0.52 5.5045 74.4 2.0 11.0 0.0
12 0.54 5.005 76.95477348066298 2.05607734806742 10.032882360127045 0.0
12 0.56 5.005 79.36409825764068 2.062158430925741 10.026968812413582 0.0
12 0.58 5.5045 81.87378179937951 2.1086435711845235 10.04900147151566 0.0
12 0.6 5.5045 84.0 2.0 10.034180187873613 0.0
12 0.62 1.5085 92.46799066511086 4.229024122807856 5.443725042783799 0.0
12 0.62 3.5065 90.57153086419753 3.744051757435541 5.1700233826968045 0.0
12 0.62 10.0 86.4 2.0 11.0 0.0
12 0.64 5.5045 89.44797354886113 2.299987754100376 10.03075110186092 0.0
12 0.66 7.003 91.25630842911877 2.027602171137206 11.0 0.0
12 0.7 5.005 98.13415433403804 3.1855217086860526 5.196385314155942 0.0
12 0.72 5.5045 100.36651232583066 3.170543051092853 5.261941225165563 0.0
12 0.74 1.5085 105.19789028213167 4.471066666666088 5.803211462450593 0.0
12 0.74 3.5065 104.41895689655172 4.191005162958152 5.35499306518724 0.0
12 0.74 10.0 100.8 2.0 11.0 0.0
12 0.76 0.01 107.96241109709962 4.330767484102128 6.005975687779911 0.04561948102829933
12 0.78 8.002 106.48332408759124 2.6691849148450815 5.421301188903566 0.0
12 0.78 9.001 105.8727873822204 2.206657107744462 10.029771132694016 0.0
12 0.8 1.5085 111.40851973684211 4.598121165646134 6.028297919433378 0.0
12 0.8 3.5065 110.93537067545304 4.37434903597443 5.58986832479883 0.0
12 0.8 9.5005 108.31102667744544 2.259188897870826 5.436543574593796 0.0
12 0.82 8.002 111.93531465517242 3.4215876436765926 5.242088428974601 0.0
12 0.82 9.001 111.12831841652324 2.674368904191206 5.192300402748164 0.0
12 0.84 2.008 115.46904362703165 4.639937388196001 6.052079925216172 0.0
12 0.84 2.5075 115.38302372881355 4.592596541105856 6.006180899231336 0.0
12 0.84 7.003 114.83887951807229 4.120292527042721 5.24527309018327 0.0
12 0.86 4.5055 117.25863584752635 4.422587244282447 5.6259229853116315 0.0
12 0.88 2.008 119.66464691943128 4.734751515152126 6.100051793344555 0.0
12 0.88 2.5075 119.5991703932151 4.706763422502204 6.069892604344642 0.0
12 0.88 7.003 119.24678522984175 4.284312996030374 5.377733651045803 0.0
12 0.9 6.004 121.51014116575593 4.513587684069884 5.813679012345679 0.0
12 0.9 6.5035 121.48052833078101 4.465819423368057 5.656856324191568 0.0
12 0.9 8.5015 121.37761500353858 4.295789101201282 5.40244341563786 0.0
12 0.92 3.007 123.75291168091168 4.77029159978517 6.109997351694915 0.0
12 0.94 4.5055 125.80593015332197 4.784852216747375 6.117220584293755 0.0
12 0.94 8.002 125.73958954041206 4.609319137751924 6.004358922008984 0.0
12 0.94 9.001 125.71462114989734 4.540551853751024 5.854385026737968 0.0
12 0.96 0.01 127.99914097496706 4.307828947366108 5.926824925816024 0.0452454172696575
12 0.98 0.01 129.99857451923077 4.324577046179001 6.002707085828344 0.045331765698953905
12 0.98 3.007 129.9635646842428 5.009173708920371 6.289433097123801 0.0
12 1.02 3.007 133.78687002096436 5.166841888273787 6.459260391198044 0.0
12 1.04 4.5055 135.52406859205777 5.346995856350531 6.753673664122138 0.0
12 1.04 8.002 135.450138576779 5.5593395691621845 7.06177108433735 0.0
12 1.04 9.001 135.41876031215162 5.6488876319788455 7.107985778750171 0.0
12 1.06 4.5055 137.2145871313673 5.4800886524818715 7.01628660974819 0.0
12 1.1 10.0 139.7556031904287 6.973843416369584 8.263780135004822 0.0
12 1.14 3.5065 143.76477356828192 5.876474738919347 7.251924603174603 0.0
12 1.14 9.5005 142.37412691771272 7.707683670197394 9.042153796808597 0.0
12 1.16 7.5025 144.0485909090909 7.381735889241511 8.690541116318705 0.0
12 1.16 8.002 143.8636270096463 7.548953377736469 8.947990681421084 0.0
12 1.16 9.001 143.67538790035587 7.908913118724381 9.097159144005234 0.0
12 1.18 4.006 146.58637043478262 6.354211395537959 7.8359439834024895 0.0
12 1.2 4.5055 147.7005601659751 6.771313923104784 8.146101841196778 0.0
12 1.2 8.002 146.35007334963325 8.22515151515251 9.210164754339512 0.0
12 1.2 9.001 146.15930081300812 8.50338852097137 9.340803515379786 0.0
12 1.22 1.5085 150.9594789337919 5.548259355962671 7.066710684273709 0.0
12 1.22 10.0 147.09779464285714 9.05602593440234 10.013141574994547 0.0
12 1.24 0.5095 153.3872284866469 5.045791666667583 6.40047287899861 0.0
12 1.24 2.008 152.1270508474576 5.865509666078154 7.2466137040715 0.0
12 1.24 2.5075 151.74985583756344 6.092841530056502 7.43319340329835 0.0
12 1.24 7.003 149.10618927444796 8.3233333333304 9.227831666915385 0.0
12 1.26 6.5035 150.50084885666482 8.310414224303953 9.246638311794536 0.0
12 1.28 3.007 154.22585790408527 6.613824439290753 8.084920353982302 0.0
12 1.3 7.5025 152.2413027806385 9.190817177404911 10.027476813463547 0.0
12 1.32 9.5005 153.44 9.952017058551368 11.0 0.0
12 1.34 4.006 157.10210536779323 7.754117855874879 9.046090303953806 0.0
12 1.36 5.005 157.40160422783322 8.550381119907193 9.407948523845572 0.0
12 1.38 7.5025 157.14615668316833 9.71808611308384 10.049743435858964 0.0
12 1.4 0.5095 167.20865907099034 5.2455596669752005 6.663315103071098 0.0
12 1.4 2.008 164.0284103367267 6.508485111304015 8.033989888350538 0.0
12 1.4 2.5075 162.9079197080292 6.95057405281187 8.26032380952381 0.0
12 1.44 3.007 164.62347286821705 7.660959201392108 9.023755368220137 0.0
12 1.48 6.004 163.7859936538931 9.89031531531312 10.044784628378379 0.0
12 1.48 6.5035 163.68 10.008817504657257 11.0 0.0
12 1.48 8.5015 163.68 10.346824582960888 11.0 0.0
12 1.5 4.006 166.50067034700317 8.878640904308824 9.861358921161825 0.0
12 1.52 5.5045 166.84 9.697070654076969 10.047800463060408 0.0
12 1.56 6.004 168.96 10.172373075353564 11.0 0.0
12 1.56 6.5035 168.96 10.212292333500832 11.0 0.0
12 1.56 8.5015 168.96 10.585176579942686 11.0 0.0
12 1.58 0.01 185.3253559322034 4.375680799721747 6.0234268484530675 0.03685331062380243
12 1.58 3.007 173.2576604010025 8.4673961840622 9.311046974522293 0.0
12 1.6 2.008 177.07615384615386 7.459886674481417 8.810877192982456 0.0
12 1.6 2.5075 175.42336059479553 8.038733784546743 9.140893732970028 0.0
12 1.6 7.003 171.64243190661477 10.341990966829384 11.0 0.0
12 1.64 6.004 174.24 10.181917251597236 11.0 0.0
12 1.64 6.5035 174.24 10.364006583810543 11.0 0.0
12 1.64 8.5015 174.24 10.67460401820364 11.0 0.0
12 1.68 5.005 177.0717391969407 10.033480519487215 11.0 0.0
12 1.7 7.5025 178.2 10.6666666667 11.0 0.0
12 1.72 3.5065 180.5908701777927 9.575722064395453 10.045504415709678 0.0
12 1.72 9.5005 179.52 10.6750110632007 11.0 0.0
12 1.76 1.5085 189.5540815920398 7.343577307463067 8.576618181818182 0.0
12 1.76 3.5065 183.14304228074414 9.558170871560797 10.045360545037983 0.0
12 1.76 9.5005 182.16 11.0 11.0 0.0
12 1.8 8.002 184.8 11.0 11.0 0.0
12 1.8 9.001 184.8 11.0 11.0 0.0
12 1.82 1.5085 193.33403541666667 7.503067571388243 8.995504926108374 0.0
12 1.82 3.5065 186.94 9.682878006875537 10.046969423377874 0.0
12 1.82 10.0 186.12 11.0 11.0 0.0
12 1.86 4.006 188.76 10.118435043944167 11.0 0.0
12 1.88 5.5045 190.08 10.689174746608728 11.0 0.0
12 1.9 7.003 191.4 11.0 11.0 0.0
12 1.92 4.006 192.72 10.327179327490922 11.0 0.0
12 1.94 0.01 218.29186647314947 4.360266535041627 6.014147536755223 0.03350221272699527
12 1.98 4.5055 196.68 10.476411111106394 11.0 0.0
12 2.0 5.005 198.0 10.557597760072264 11.0 0.0
14 0.0 0.01 36.99466882067851 5.284952688664111 7.133951271186441 0.04128545911416548
14 0.0 3.007 13.0 1.85714285714 3.0 0.0
14 0.02 3.007 18.412257206208427 1.85714285714 3.0342494859492803 0.0
14 0.04 6.004 21.44 1.85714285714 5.0 0.0
14 0.04 6.5035 21.44 1.85714285714 7.0 0.0
14 0.04 8.5015 20.56 1.85714285714 10.0 0.0
14 0.06 7.5025 24.73369243340415 1.85714285714 8.0 0.0
14 0.06 8.002 23.14 1.85714285714 13.0 0.0
14 0.06 9.001 23.14 1.85714285714 13.0 0.0
14 0.08 4.5055 28.28 1.85714285714 7.212274549098196 0.0
14 0.08 8.002 26.52 1.85714285714 13.0 0.0
14 0.08 9.001 26.52 1.85714285714 13.0 0.0
14 0.12 5.5045 33.28 1.85714285714 12.0 0.0
14 0.14 7.5025 36.66 1.85714285714 13.0 0.0
14 0.16 2.008 51.99517037037037 3.153921489277901 4.633669902912621 0.0
14 0.16 7.003 40.04 1.85714285714 13.0 0.0
14 0.18 2.008 55.74880412371134 3.254490938163587 4.833181357649443 0.0
14 0.18 2.5075 54.87296153846154 3.0696632653075158 4.591159586681975 0.0
14 0.18 7.003 43.42 1.85714285714 13.0 0.0
14 0.2 3.5065 48.61162408759124 2.1658298894242485 6.121435059037239 0.0
14 0.2 9.5005 46.8 1.85714285714 13.0 0.0
14 0.22 2.008 63.040957142857145 3.462437763308326 5.095188960716062 0.0
14 0.22 2.5075 61.964461538461535 3.3030817291416206 4.97336860670194 0.0
14 0.22 7.003 50.18 1.85714285714 13.0 0.0
14 0.24 0.01 73.1695 5.265580492012258 7.123080886141165 0.043486271785423025
14 0.26 5.005 56.94 1.85714285714 13.0 0.0
14 0.3 5.005 63.8107975975976 1.8797546117522068 13.0 0.0
14 0.32 3.5065 68.77459450317124 2.2131501057075877 6.459796238244514 0.0
14 0.32 9.5005 67.08 1.85714285714 13.0 0.0
14 0.34 7.5025 70.46 1.85714285714 13.0 0.0
14 0.34 8.002 70.46 1.85714285714 13.0 0.0
14 0.36 3.5065 76.40213399813027 2.4260753748998636 8.061087267525036 0.0
14 0.36 9.5005 73.84 1.85714285714 13.0 0.0
14 0.38 5.5045 77.22 1.85714285714 13.0 0.0
14 0.4 2.008 92.77958592132505 4.209647365256981 5.645772131798333 0.0
14 0.4 2.5075 91.476038647343 3.995068027210786 5.480351093316908 0.0
14 0.4 7.003 80.6 1.85714285714 13.0 0.0
14 0.42 5.005 84.56 2.0 13.0 0.0
14 0.44 1.5085 99.84829022082019 4.475611510790879 6.087237334020885 0.0
14 0.44 3.5065 90.39942491103203 2.6325063548577594 6.181066056245912 0.0
14 0.44 9.5005 87.36 1.85714285714 13.0 0.0
14 0.48 4.006 96.2904355495251 2.453416359758712 12.021345571419742 0.0
14 0.5 5.005 98.67618992338055 2.1931971209662096 13.0 0.0
14 0.54 1.5085 115.06133333333334 4.7488571428597 6.25501953125 0.0
14 0.54 3.5065 112.5090822368421 4.209723188203714 5.6734465617232805 0.0
14 0.54 10.0 104.72 2.0 13.0 0.0
14 0.56 3.5065 112.38688648648649 3.3974339333568153 6.0182979261507334 0.0
14 0.56 9.5005 107.64 1.85714285714 13.0 0.0
14 0.58 4.006 114.63134375 3.0854910714302815 6.101079536434355 0.0
14 0.62 7.5025 118.54 2.14285714286 13.0 0.0
14 0.62 8.002 117.8786955602537 1.8942464512210804 13.0 0.0
14 0.62 9.001 118.26983780937336 2.0412924095396807 13.0 0.0
14 0.66 4.5055 130.64867372881355 4.256140018918669 6.080598125278977 0.0
14 0.68 2.008 135.6 5.0162437343361646 6.773537027446919 0.0
14 0.68 7.003 128.56 2.14285714286 13.0 0.0
14 0.7 1.5085 138.93783333333334 5.146261435611413 6.665971926839642 0.0
14 0.7 3.5065 137.8018888888889 4.759098187949791 6.196696984202968 0.0
14 0.7 10.0 131.6 2.0 13.0 0.0
14 0.74 7.5025 139.31801351351353 2.5483590733600403 13.0 0.0
14 0.74 8.002 139.16175577949022 2.462503175543327 13.0 0.0
14 0.74 9.001 138.88238317503394 2.309001744520313 13.0 0.0
14 0.76 0.5095 148.27925862068966 5.372858866101197 7.129406999351912 0.0
14 0.76 1.009 147.9180824742268 5.338586545726175 7.064401513104566 0.0
14 0.78 0.01 151.42106249999998 5.3206005459472765 7.143382624768947 0.047026783027384896
14 0.78 3.007 150.0335260528194 5.098791576934256 6.472679455445545 0.0
14 0.8 7.5025 150.72722448979593 3.6623032070003303 6.008140915688085 0.0
14 0.8 8.002 150.11683426443201 3.226310188878706 6.031351805205709 0.0
14 0.82 0.01 157.08308670520233 5.335800344230795 7.20918024928092 0.06085699576254406
14 0.82 3.007 156.01340149625935 5.227723577234386 6.740428504890545 0.0
14 0.84 6.004 158.37743414634144 4.903817878026481 6.230298965120736 0.0
14 0.84 8.5015 157.73756542617048 4.337111987648946 6.082250875517351 0.0
14 0.88 6.004 164.4655296912114 5.121084738245544 6.492656587473002 0.0
14 0.88 8.5015 164.23205649717514 4.847310529843376 6.210113803230543 0.0
14 0.9 5.5045 167.490632780083 5.259173387093815 6.853329781566329 0.0
14 0.92 5.005 170.48518595578673 5.432897959182331 7.055332091868404 0.0
14 0.94 0.01 173.67225371428572 5.31691682853245 7.142615327380953 0.04579202699852352
14 0.94 3.007 173.48482396449702 5.689640947291799 7.258262668045502 0.0
14 0.96 1.009 176.39167015098724 5.747456920514022 7.37672367717798 0.0
14 1.0 0.5095 182.0 5.722518796996355 7.366338477913784 0.0
14 1.0 2.008 182.0 5.945067497402848 7.537477734235839 0.0
14 1.0 2.5075 182.0 5.95606874328591 7.555127743792731 0.0
14 1.0 7.003 182.0 5.981990443235758 7.574564063684609 0.0
14 1.02 5.005 184.49760298507462 6.170829256361537 7.986327406499081 0.0
14 1.04 0.01 187.12716644823067 5.328464419472224 7.152823110110673 0.045418098510882014
14 1.04 3.007 186.97760490797546 6.198552801260997 8.026577571179546 0.0
14 1.08 0.5095 192.1134911564626 5.8280312907417535 7.522403776325345 0.0
14 1.08 2.008 191.89696317280453 6.229098012568615 8.046683971447113 0.0
14 1.08 2.5075 191.83843988269794 6.345726178085215 8.112223048327138 0.0
14 1.08 7.003 191.28637176470588 7.215721745616521 9.055753869196206 0.0
14 1.1 4.5055 193.82443793911008 6.925987841943809 8.595431068732617 0.0
14 1.1 9.001 192.9730474934037 8.155202217875692 9.871280087527353 0.0
14 1.12 2.008 196.65118485523385 6.412075264886806 8.147072798235195 0.0
14 1.12 7.003 195.30936322869954 7.955744125325486 9.571104499814057 0.0
14 1.14 7.5025 197.0455502512563 8.624756201884445 10.150134465675867 0.0
14 1.16 0.01 202.51162326869806 5.32194313622529 7.157577433628319 0.04415031693329309
14 1.16 3.007 200.81179576587795 7.009844278944002 8.78932472691162 0.0
14 1.18 10.0 199.75148425987942 10.31817838245955 11.313482265334118 0.0
14 1.2 3.007 205.0953291925466 7.326599832912154 9.10707168557985 0.0
14 1.22 8.002 203.64199463447352 10.251960938729724 11.273265132139812 0.0
14 1.22 9.001 203.21921463414634 10.597476475599432 11.612983630952382 0.0
14 1.24 6.004 206.54753319919516 9.544273399015664 11.04578838480863 0.0
14 1.24 6.5035 206.14282352941177 9.769722576532127 11.093745366938473 0.0
14 1.24 8.5015 205.0455085007728 10.728994440424163 11.673363338788871 0.0
14 1.28 5.005 210.60694921875 9.461400832176759 11.02142195625846 0.0
14 1.34 10.0 213.28 12.085704030381573 13.0 0.0
14 1.36 3.5065 219.41560369881108 9.141933404943764 10.564169967590926 0.0
14 1.36 9.5005 214.76 12.109198679504548 13.0 0.0
14 1.4 6.004 219.54881415929202 11.171675558221411 12.0376728355669 0.0
14 1.4 6.5035 219.32232835820895 11.345323954828245 12.041836611195158 0.0
14 1.4 8.5015 218.8 12.005300988321446 13.0 0.0
14 1.42 0.5095 233.66260784313724 6.254651162787965 8.080013898540653 0.0
14 1.42 2.008 228.62983317535546 8.008344981828515 9.69916225749559 0.0
14 1.42 2.5075 227.18357110091745 8.558114374035165 10.133600525624178 0.0
14 1.42 7.003 220.64 11.750289152860153 12.048487124785915 0.0
14 1.44 5.005 223.62585542168677 11.059078932312374 12.028699812900653 0.0
14 1.46 0.5095 238.2751741424802 6.3004623208466795 8.10597891566265 0.0
14 1.46 1.009 236.24541405082212 6.938879551819506 8.676104240282685 0.0
14 1.46 2.5075 230.74219550858652 8.827190270046053 10.285566382460415 0.0
14 1.48 5.5045 227.12 11.420540858344799 12.047055460263007 0.0
14 1.5 10.0 227.5 12.861785463280768 13.0 0.0
14 1.52 4.006 232.09917686107158 10.729563492071668 11.731585903083701 0.0
14 1.56 5.5045 232.96 11.896509598572791 13.0 0.0
14 1.58 1.009 248.94931681877443 7.312798300094327 9.101504880694144 0.0
14 1.6 8.5015 236.6 12.644218540073876 13.0 0.0
14 1.62 0.5095 257.05071028037383 6.507516965373388 8.23198930261263 0.0
14 1.62 1.009 253.19520784313727 7.378855459707234 9.136050007912644 0.0
14 1.62 2.5075 244.6062971014493 9.769163545569581 11.09838769804287 0.0
14 1.64 5.5045 240.88 12.10084873068971 13.0 0.0
14 1.68 1.5085 255.2454652014652 8.472773942290127 10.112804724805228 0.0
14 1.68 3.5065 246.4123441084463 11.174594221280307 12.035709500609013 0.0
14 1.68 9.5005 243.88 12.716224913215306 13.0 0.0
14 1.7 0.01 271.9274185463659 5.355115449593498 7.182948865820838 0.03808207527110355
14 1.72 7.5025 247.52 13.0 13.0 0.0
14 1.74 4.5055 250.08 11.941400716257789 13.0 0.0
14 1.76 7.5025 251.16 12.8571428571 13.0 0.0
14 1.76 8.002 251.16 13.0 13.0 0.0
14 1.76 9.001 251.16 12.8571428571 13.0 0.0
14 1.78 4.006 254.25471477663228 11.789802170852427 12.04971492017765 0.0
14 1.8 0.01 284.5675 5.362451874364017 7.185694608421882 0.03682401605937101
14 1.8 3.007 257.3203297180043 11.316919393450782 12.040152158098934 0.0
14 1.82 7.5025 256.62 13.0 13.0 0.0
14 1.82 8.002 256.62 13.0 13.0 0.0
14 1.82 9.001 256.62 13.0 13.0 0.0
14 1.84 0.5095 281.4565577689243 6.8033491012297285 8.488623359138337 0.0
14 1.84 2.008 265.43001368821297 10.07650693190963 11.178918117821416 0.0
14 1.84 2.5075 262.06153191489364 10.690980066452477 11.958280438545874 0.0
14 1.84 7.003 259.28 12.7142857143 13.0 0.0
14 1.86 1.5085 271.1927388137357 9.171910714287119 10.626794821498628 0.0
14 1.86 10.0 260.26 13.0 13.0 0.0
14 1.9 4.5055 263.9 12.496807597689932 13.0 0.0
14 1.92 10.0 265.72 13.0 13.0 0.0
14 1.94 0.5095 292.51573935483873 6.958732339088657 8.73639828489757 0.0
14 1.94 1.009 283.96479458794585 8.296586190984707 10.036147186147186 0.0
14 1.96 2.008 275.898582010582 10.40968072044861 11.426071995764955 0.0
14 1.96 7.003 269.36 13.0 13.0 0.0
14 2.0 1.5085 283.0029388403495 9.635445887448595 11.066181905833199 0.0
14 2.0 3.5065 274.0 12.23998678123335 13.0 0.0
14 2.0 10.0 273.0 13.0 13.0 0.0
16 0.02 5.005 21.425284066915708 1.875 4.166840536512668 0.0
16 0.04 5.5045 27.32 1.875 7.0 0.0
16 0.06 0.01 62.46120895522388 6.300059904153355 8.347596422582448 0.04192357728496657
16 0.08 3.007 40.783657142857145 2.365701347935973 4.2778690296088175 0.0
16 0.1 2.008 51.565435684647305 3.1317296759522457 4.780868320610687 0.0
16 0.1 2.5075 50.21736842105263 2.8822491638795986 4.5369 0.0
16 0.1 7.003 37.5 1.875 15.0 0.0
16 0.12 4.006 43.76 2.0364553761533 11.786148300720907 0.0
16 0.14 0.01 77.73113103448276 6.289123134328358 8.353158045155759 0.04273450016625858
16 0.2 7.5025 60.0 1.875 15.0 0.0
16 0.2 8.002 60.0 1.875 15.0 0.0
16 0.22 8.5015 64.5 1.875 15.0 0.0
16 0.24 1.009 89.47394285714286 4.6715625 6.447147239263804 0.0
16 0.26 3.5065 76.62423498098859 2.4027423954372624 14.043370691478113 0.0
16 0.26 9.5005 73.5 1.875 15.0 0.0
16 0.3 3.5065 85.54164556962026 2.417815490430622 14.032557358017902 0.0
16 0.3 9.5005 82.5 1.875 15.0 0.0
16 0.32 7.5025 87.68 2.0 15.0 0.0
16 0.34 0.01 116.20609580838324 6.2862197724039826 8.338081962642876 0.0441214645778623
16 0.36 7.5025 96.64 2.0 15.0 0.0
16 0.36 8.002 96.0 1.875 15.0 0.0
16 0.38 4.006 102.99915003261579 2.3788608936725377 14.049657883680451 0.0
16 0.42 1.5085 126.72016267942584 5.045088514680484 6.927132226674299 0.0
16 0.42 3.5065 113.34348941176471 2.7033382352941175 14.021436296776985 0.0
16 0.42 9.5005 109.5 1.875 15.0 0.0
16 0.44 7.5025 114.56 2.0 15.0 0.0
16 0.44 8.002 114.0 1.875 15.0 0.0
16 0.46 0.5095 137.29566666666668 5.747021028037383 7.748523002421307 0.0
16 0.46 2.008 134.04488 4.998572616407983 6.656385642737897 0.0
16 0.46 2.5075 132.92835087719297 4.811686720142602 6.433865905848787 0.0
16 0.46 7.003 119.31394730131747 2.063413727156821 15.0 0.0
16 0.48 10.0 123.0 1.875 15.0 0.0
16 0.5 1.5085 142.80272357723578 5.285387781629116 7.112875280059746 0.0
16 0.5 3.5065 133.30346846846848 3.325867117117117 6.552984038861902 0.0
16 0.52 2.008 146.4106372745491 5.192212260216848 7.020476246610869 0.0
16 0.52 7.003 132.48 2.0 15.0 0.0
16 0.54 7.5025 136.5 1.875 15.0 0.0
16 0.54 8.002 136.96 2.0 15.0 0.0
16 0.54 9.001 136.96 2.0 15.0 0.0
16 0.56 7.5025 141.44 2.0 15.0 0.0
16 0.6 2.008 162.4125876460768 5.422373188405797 7.155397594125918 0.0
16 0.6 7.003 151.2 2.25 15.0 0.0
16 0.62 0.01 169.65880519480518 6.312233606557377 8.357636469221836 0.046108199289113805
16 0.62 3.007 165.483944121071 5.216733680227057 6.9979679802955665 0.0
16 0.64 2.008 170.46500934579439 5.546144759450172 7.236303696303696 0.0
16 0.64 7.003 160.57891981132076 2.423236045597484 15.0 0.0
16 0.7 7.5025 173.96784817692767 2.486603407053198 15.0 0.0
16 0.7 8.002 174.10207184325108 2.5425299346879537 15.0 0.0
16 0.7 9.001 173.22808748728383 2.1783697863682603 15.0 0.0
16 0.72 2.008 186.30997683397683 5.778805746140652 7.4878103837471786 0.0
16 0.72 2.5075 185.92652717391306 5.667516934801016 7.30896 0.0
16 0.72 7.003 178.96 2.75 14.050070392029456 0.0
16 0.74 0.01 192.11585826771653 6.30814 8.352645502645503 0.0476
16 0.74 3.007 189.54734811529934 5.598035900104058 7.254338802134809 0.0
16 0.76 6.004 192.31038499724215 5.147959550023935 7.0 0.0
16 0.76 6.5035 191.74742589703587 4.862538167938931 6.5778366914103925 0.0
16 0.76 8.5015 187.744359295054 2.7835204661739623 14.026669740279699 0.0
16 0.78 1.009 198.77250879249706 6.201460843373494 8.152326801959411 0.0
16 0.8 0.01 203.14639147802927 6.315074102964118 8.361263579188108 0.047284816029363096
16 0.82 1.009 206.31117363751585 6.2872827198364005 8.214877179080824 0.0
16 0.84 5.5045 208.70529442970823 5.529603694874851 7.272633100457721 0.0
16 0.86 4.006 213.04003432700992 5.901932989690722 7.640976988292289 0.0
16 0.86 5.005 212.90430857142857 5.794887232415902 7.407495969908651 0.0
16 0.88 5.5045 216.77980309936189 5.806238879003558 7.450425015179113 0.0
16 0.92 1.5085 225.06425083986562 6.522275641025641 8.38382183908046 0.0
16 0.92 3.5065 224.8629386845039 6.321229959919839 8.177335670464505 0.0
16 0.92 9.5005 224.46626612903225 5.728540826612903 7.3905509641873275 0.0
16 0.96 6.5035 232.44405035405194 6.386459151610369 8.195541284403669 0.0
16 0.96 9.5005 232.37900289855074 6.184326737451737 8.074536571346458 0.0
16 0.98 3.5065 236.27347995139732 6.695722157772622 8.590333850931676 0.0
16 0.98 9.5005 236.23934739454094 6.495766129032258 8.341955915885483 0.0
16 1.0 6.004 240.0 6.878985335856197 8.930098779779199 0.0
16 1.0 8.5015 240.0 6.891823022312373 9.006345760980592 0.0
16 1.02 3.5065 243.34574064171125 7.026915437003405 9.08239694880446 0.0
16 1.02 9.5005 243.28736886395512 7.310707487309645 9.264779874213836 0.0
16 1.06 4.006 249.7695049833887 7.45777665317139 9.432332209623047 0.0
16 1.06 5.005 249.67868946648426 7.6320162259615385 9.650259291270528 0.0
16 1.08 6.004 252.5286517571885 8.161700994318181 10.19375 0.0
16 1.08 6.5035 252.42914374034004 8.329074803149606 10.285876360268581 0.0
16 1.08 8.5015 252.13489873417723 8.799070561456753 10.96990231990232 0.0
16 1.1 3.007 256.1162957746479 7.634863053613054 9.659991273996509 0.0
16 1.16 1.009 266.40707983761837 7.180432628797886 9.198344965104686 0.0
16 1.18 4.5055 266.7183514285714 9.299185606060606 11.173117014122393 0.0
16 1.18 9.001 263.9654236526946 11.651474970202623 13.101904002833864 0.0
16 1.2 5.005 268.8 9.947375444839858 12.0 0.0
16 1.22 0.01 277.570818815331 6.367071428571428 8.40716296527995 0.04550441570967839
16 1.22 3.007 273.4418333333333 8.778229748603351 10.845459401709402 0.0
16 1.24 5.5045 273.1158 10.801866998577525 12.375275429157059 0.0
16 1.28 3.5065 280.5368720112518 9.783989001692047 11.611739130434783 0.0
16 1.28 9.5005 274.72893408788286 13.39418004587156 14.045907022988159 0.0
16 1.3 0.5095 289.65915739268684 7.105951519536903 9.153750225917223 0.0
16 1.3 1.009 288.4266408668731 7.563665413533835 9.574756903928433 0.0
16 1.3 2.5075 284.87835164835167 9.078113468634687 11.092161892546672 0.0
16 1.34 4.5055 285.5870477117819 11.362688536953243 13.01274159434031 0.0
16 1.36 7.5025 284.499425 13.59415404040404 15.0 0.0
16 1.38 0.5095 302.453 7.244102254428341 9.251200176172649 0.0
16 1.38 1.009 300.55336 7.875 10.022817579771223 0.0
16 1.38 2.5075 295.2167142857143 9.745936944937833 11.560629629629629 0.0
16 1.4 5.5045 290.48664160401 12.842328717201166 14.023698976445925 0.0
16 1.42 6.004 291.79395169458513 13.195111940298508 14.041372525276987 0.0
16 1.42 8.5015 290.82 14.377491542148295 15.0 0.0
16 1.44 3.5065 299.11397720207253 11.406539145907473 13.040988934457943 0.0
16 1.44 9.5005 293.24 14.304475476839237 15.0 0.0
16 1.46 6.004 296.58 13.490300632911392 14.049201345102984 0.0
16 1.46 6.5035 295.71019052339415 13.692378787878788 14.04988598859886 0.0
16 1.46 8.5015 295.66 14.179407730673317 15.0 0.0
16 1.48 4.006 301.54770035671817 12.28648538961039 13.377275886031967 0.0
16 1.5 4.5055 302.7585232067511 12.9221657633243 14.012156471285524 0.0
16 1.52 1.5085 317.4233721682848 9.164204545454545 11.129245283018868 0.0
16 1.52 10.0 302.92 14.626002689959499 15.0 0.0
16 1.54 4.006 308.8611739130435 12.566066121842496 13.685779060181368 0.0
16 1.54 5.005 306.57776520912546 13.4945875 14.046539005810978 0.0
16 1.58 9.5005 309.6 14.75 15.0 0.0
16 1.6 5.5045 313.32148465579206 14.025584001887683 15.0 0.0
16 1.62 6.004 315.029599030538 14.291612738419618 15.0 0.0
16 1.62 6.5035 315.02 14.44865050804403 15.0 0.0
16 1.62 8.5015 314.4 14.875 15.0 0.0
16 1.66 0.5095 346.00567149758456 7.658661825726141 9.721162021728862 0.0
16 1.66 2.008 330.80974285714285 10.812360917941586 12.353037494067394 0.0
16 1.66 2.5075 327.5714705202312 11.676938100961538 13.104978525725304 0.0
16 1.66 7.003 319.2 14.760418842471715 15.0 0.0
16 1.68 7.5025 321.6 14.875 15.0 0.0
16 1.68 8.002 321.6 15.0 15.0 0.0
16 1.7 0.5095 351.8793642611684 7.769109195402299 9.933273381294963 0.0
16 1.7 1.009 345.71356790123457 8.902610650069157 11.015974477958236 0.0
16 1.7 2.5075 332.22353146853146 11.879637271937446 13.167912807770499 0.0
16 1.76 0.01 369.5886821192053 6.384575606276748 8.414533622559652 0.039395134380877266
16 1.78 1.5085 349.90188392857146 10.423273130544993 12.152020202020202 0.0
16 1.78 10.0 333.6 15.0 15.0 0.0
16 1.82 0.01 379.8807241962775 6.3579188481675395 8.409448574969021 0.038520160310906
16 1.82 3.007 342.5962219187436 13.058038243626063 14.030721434911696 0.0
16 1.84 6.004 340.8 14.875 15.0 0.0
16 1.84 8.5015 340.8 15.0 15.0 0.0
16 1.86 4.5055 344.06 14.190023264137437 15.0 0.0
16 1.86 8.002 343.2 15.0 15.0 0.0
16 1.86 9.001 343.2 15.0 15.0 0.0
16 1.88 2.008 355.29062357414443 11.831717814371258 13.134170394469297 0.0
16 1.88 7.003 345.6 15.0 15.0 0.0
16 1.92 4.5055 351.32 14.625 15.0 0.0
16 1.94 6.004 352.8 14.75 15.0 0.0
16 1.94 6.5035 352.8 15.0 15.0 0.0
16 1.94 8.5015 352.8 15.0 15.0 0.0
16 1.98 5.005 357.6 14.75 15.0 0.0
16 2.0 7.5025 360.0 15.0 15.0 0.0
16 2.0 8.002 361.0 14.875 15.0 0.0
16 2.0 9.001 360.0 15.0 15.0 0.0
18 0.0 3.5065 17.0 1.88888888889 3.0 0.0
18 0.0 9.5005 17.0 1.88888888889 3.0 0.0
18 0.02 3.5065 27.699834394904457 1.99920984546536 3.4455552317108715 0.0
18 0.02 9.5005 22.78 1.88888888889 17.0 0.0
18 0.06 0.5095 66.17256470588235 5.487668781518454 7.765577018325904 0.0
18 0.06 1.009 56.592055555555554 4.186871465686654 6.203567702900062 0.0
18 0.08 5.005 41.04 1.88888888889 16.0 0.0
18 0.12 10.0 51.68 1.88888888889 17.0 0.0
18 0.14 0.5095 89.2410724637681 5.741128263772362 8.068431601803908 0.0
18 0.14 1.009 83.5917619047619 4.797882986915031 7.0057383224510295 0.0
18 0.14 2.5075 77.64167857142857 3.6492666901360895 5.443873403019745 0.0
18 0.18 5.5045 69.02 1.88888888889 17.0 0.0
18 0.2 0.01 114.57826923076922 7.301026904905595 9.628380129589633 0.04276343630977571
18 0.22 5.5045 80.58 1.88888888889 17.0 0.0
18 0.24 6.5035 86.36 1.88888888889 17.0 0.0
18 0.26 7.5025 92.14 1.88888888889 17.0 0.0
18 0.28 4.006 100.08 2.22222222222 16.04940113469216 0.0
18 0.3 7.5025 103.7 1.88888888889 17.0 0.0
18 0.32 0.01 143.69367441860464 7.291656565653649 9.666983695652174 0.04400603773584906
18 0.34 0.5095 143.6425950413223 6.280584108334606 8.482512908777968 0.0
18 0.34 1.009 141.026 5.704641856745651 7.934470792365529 0.0
18 0.36 0.01 153.11991891891893 7.260232010147842 9.667454798331015 0.04484225131205888
18 0.38 1.5085 150.00178125 5.5037780124372375 7.422341661824521 0.0
18 0.4 5.5045 134.43095386691405 2.2279544197966206 17.0 0.0
18 0.42 7.5025 139.54 2.11111111111 17.0 0.0
18 0.42 8.002 138.38 1.88888888889 17.0 0.0
18 0.44 0.01 172.71330481283422 7.333945105816766 9.703168506961113 0.045705761812921894
18 0.46 6.004 151.02 2.11111111111 17.0 0.0
18 0.46 8.5015 150.50840318234313 2.0058442762022315 17.0 0.0
18 0.48 4.5055 158.69495108695654 2.5245621980695976 17.0 0.0
18 0.5 7.5025 162.0 2.0 17.0 0.0
18 0.5 8.002 162.0 2.0 17.0 0.0
18 0.5 9.001 162.0 2.0 17.0 0.0
18 0.54 0.01 196.84744827586206 7.2977991452961675 9.680195712954333 0.04561948102829933
18 0.54 3.007 189.57878191489363 5.538941798944914 7.313411819021237 0.0
18 0.56 0.01 201.63335483870966 7.288432539679655 9.656535362578335 0.04648158742585288
18 0.58 4.5055 189.5015101321586 3.180293685754438 14.96233108108108 0.0
18 0.62 1.009 213.4939452887538 6.556340007029375 8.66682505399568 0.0
18 0.66 5.005 213.8760517928287 3.8941345728208905 7.3577579417169865 0.0
18 0.7 0.01 235.12020501138952 7.304704893926799 9.657841792409693 0.04676861021642937
18 0.7 3.007 231.22474311926604 6.108820037985616 8.05277132907719 0.0
18 0.74 1.009 243.3234409448819 6.902821024618404 9.122226154662892 0.0
18 0.78 3.5065 251.3637962962963 6.295065710869212 8.204263565891473 0.0
18 0.78 9.5005 244.14479540709812 2.7599976803549864 17.0 0.0
18 0.8 0.5095 258.41667381974247 7.188644067794724 9.418575949367089 0.0
18 0.8 1.009 257.9742349726776 7.049598481529654 9.25331706234746 0.0
18 0.82 3.5065 261.5235098265896 6.476261247596928 8.356321540062435 0.0
18 0.82 9.5005 259.8366734693878 5.503867472915402 7.213442422388744 0.0
18 0.84 4.006 266.4496155606407 6.495374015747662 8.405736301369863 0.0
18 0.86 1.5085 272.38541704035873 7.140682939841197 9.294173573866406 0.0
18 0.88 4.006 276.5603711340206 6.715308128110142 8.786061507936507 0.0
18 0.92 7.5025 286.2408409703504 6.55661896243735 8.475718954248366 0.0
18 0.92 8.002 286.21779689366787 6.523675518564452 8.389240676147034 0.0
18 0.92 9.001 286.1284588744589 6.400564564560559 8.265125868055556 0.0
18 0.94 3.5065 291.5644023529412 7.247499087255648 9.352414698162729 0.0
18 0.94 9.5005 291.1962272727273 6.585606060610204 8.530150402238545 0.0
18 0.98 7.5025 301.2104175531915 7.391060874700581 9.51605521249546 0.0
18 1.0 5.5045 306.0 7.7832847829124185 10.091167953667954 0.0
18 1.02 7.5025 310.2487730263158 8.202891434804298 10.43374291115312 0.0
18 1.02 8.002 310.23525992779787 8.259993276178271 10.541866566716642 0.0
18 1.04 3.5065 314.5205381414702 8.146596596595131 10.397043893699612 0.0
18 1.04 9.5005 314.17767154471545 8.992994281045823 11.27324693358019 0.0
18 1.06 1.5085 318.88697535211264 7.942570480929264 10.227325332190313 0.0
18 1.08 5.5045 322.18648611111115 9.243442334737368 11.5013074204947 0.0
18 1.1 5.005 326.0296290322581 9.484598815292252 11.811105318039624 0.0
18 1.14 0.5095 336.2070730769231 7.844391534393091 10.1835538005923 0.0
18 1.14 2.008 335.1391451104101 8.624181948942988 11.041554801593156 0.0
18 1.14 2.5075 334.77068478260867 8.909229957806815 11.198023232117384 0.0
18 1.16 9.5005 333.43253194263366 13.001838192248968 14.69848877374784 0.0
18 1.18 3.007 341.85130555555554 9.583867200538029 12.01699135595407 0.0
18 1.2 3.5065 344.6349075391181 10.23915428164629 12.383650083845724 0.0
18 1.2 9.5005 339.1302526315789 13.88634538153747 15.213397462707375 0.0
18 1.22 1.009 352.22312732919255 8.394881816485908 10.706594948550046 0.0
18 1.24 4.006 350.46828336079074 11.239643765879343 13.270964316057775 0.0
18 1.26 0.5095 361.61784341637014 8.038809397632539 10.325158394931362 0.0
18 1.26 2.008 357.8826904761905 9.572367655618006 12.008685358255452 0.0
18 1.26 2.5075 356.7452191358025 10.060772128054186 12.257431426748884 0.0
18 1.28 7.5025 351.5298815489749 14.375816425083192 15.481833960080994 0.0
18 1.3 6.004 356.0125114678899 13.76644097224558 15.165529050543222 0.0
18 1.3 6.5035 355.5892439862543 14.031979527815855 15.269083263246426 0.0
18 1.3 8.5015 353.59089208633094 15.249004975099478 16.048915785679963 0.0
18 1.32 0.5095 373.94634083601284 8.169346635366068 10.44697567389875 0.0
18 1.32 2.008 368.5721263157895 10.029955418378348 12.235160098522167 0.0
18 1.32 2.5075 367.00105389221557 10.644216417946026 12.924926857811586 0.0
18 1.34 3.007 368.7700568862275 11.404975922912953 13.40254376367615 0.0
18 1.36 0.01 384.79759409594095 7.369990338160552 9.72498798654493 0.0449286726784691
18 1.38 6.004 367.6242103861518 14.725171557919147 16.001661412358132 0.0
18 1.38 6.5035 366.81179969803725 15.197461645726417 16.03927856319398 0.0
18 1.38 8.5015 365.66 15.817249293803586 17.0 0.0
18 1.4 4.006 374.2321052631579 13.18661292869953 15.01220011515578 0.0
18 1.42 5.5045 373.36106394940265 14.837858633297383 16.02828254932646 0.0
18 1.44 7.5025 373.76 15.933163653391507 17.0 0.0
18 1.44 8.002 374.6489279898822 16.237467916503427 17.0 0.0
18 1.46 5.5045 379.347 15.108640291030518 16.038782819851267 0.0
18 1.52 4.5055 390.1056200716846 14.719976635542022 16.024060034516765 0.0
18 1.52 9.001 386.6 16.267464133062386 17.0 0.0
18 1.54 1.5085 408.533098265896 10.76166199815642 13.03647243713733 0.0
18 1.6 4.006 401.43099718309855 15.128901423570241 16.038257357184072 0.0
18 1.62 5.5045 403.34 15.774288709216941 16.04942966920814 0.0
18 1.66 6.004 408.3 16.23477584175612 17.0 0.0
18 1.66 6.5035 407.64 16.347285276038892 17.0 0.0
18 1.66 8.5015 406.98 16.8888888889 17.0 0.0
18 1.68 0.01 454.9015447761194 7.365279999996347 9.81240520043337 0.04174962931582292
18 1.7 6.004 413.8 16.402753041109833 17.0 0.0
18 1.7 6.5035 413.1 17.0 17.0 0.0
18 1.7 8.5015 413.8 16.7777777778 17.0 0.0
18 1.72 0.5095 453.6242986003111 8.928134237524628 11.219842620161634 0.0
18 1.72 2.008 430.9083243243243 12.812148357711697 14.488251533742332 0.0
18 1.72 2.5075 427.0677739403454 13.675281385313857 15.13640230932847 0.0
18 1.74 5.005 420.702325323475 16.163346910157536 17.0 0.0
18 1.76 0.5095 461.4382027972028 9.012735441506699 11.29096675970566 0.0
18 1.76 1.009 451.84598137802607 10.493934426224655 12.699584870848708 0.0
18 1.78 4.5055 427.68 16.144193199032582 17.0 0.0
18 1.78 8.002 426.12 16.7777777778 17.0 0.0
18 1.78 9.001 425.34 17.0 17.0 0.0
18 1.8 3.5065 431.05137860082306 15.36939023328772 16.049315520864607 0.0
18 1.8 9.5005 428.4 17.0 17.0 0.0
18 1.82 1.009 461.4856234177215 10.688871363508154 13.013260002417503 0.0
18 1.84 5.5045 435.36 16.8888888889 17.0 0.0
18 1.86 3.007 442.11066691477487 15.2547940797686 16.044784628378377 0.0
18 1.9 5.005 443.7 16.7777777778 17.0 0.0
18 1.92 3.007 449.8662265597769 15.369123166117983 16.04863005467764 0.0
18 1.98 1.5085 474.6585824665676 12.951568100363266 14.576199127906976 0.0
18 1.98 3.5065 457.9 16.04800795680111 17.0 0.0
18 2.0 0.01 524.5166666666667 7.400940940936931 9.831168122270743 0.03819893697798026
18 2.0 3.007 463.0 15.738508508534657 17.0 0.0
20 0.0 7.5025 19.0 1.9 3.032435707553521 0.0
20 0.02 7.5025 28.22 1.9 13.0 0.0
20 0.04 2.008 49.91012903225807 3.0756266907123537 5.053468634686347 0.0
20 0.06 6.5035 40.66 1.9 19.0 0.0
20 0.08 3.5065 55.57231128404669 2.3523765211166783 5.775178082191781 0.0
20 0.08 9.5005 47.88 1.9 19.0 0.0
20 0.1 5.5045 55.1 1.9 19.0 0.0
20 0.12 4.5055 64.10343510789588 2.1025586645280105 18.03081043031156 0.0
20 0.14 6.004 70.4 2.0 19.0 0.0
20 0.14 6.5035 70.4 2.0 19.0 0.0
20 0.14 8.5015 69.54 1.9 19.0 0.0
20 0.16 4.006 79.28 2.2 18.04596451058958 0.0
20 0.18 4.006 87.26 2.3 18.036648211243612 0.0
20 0.2 0.5095 131.22571428571428 6.6544107142857145 9.193656557026912 0.0
20 0.2 1.009 125.31285067873304 5.714112149532711 8.097775919732442 0.0
20 0.22 4.006 100.76 2.2 18.049971499714996 0.0
20 0.28 1.5085 151.07925714285716 5.636444672131147 7.920818915801615 0.0
20 0.3 0.01 172.69060606060606 8.264852941176471 11.03417949557812 0.044467577924625086
20 0.32 0.5095 171.38594285714288 7.022401883830455 9.466062884483938 0.0
20 0.32 1.009 167.27976470588234 6.258265306122449 8.51945652173913 0.0
20 0.32 2.5075 162.1460476190476 5.375866533864542 7.272252131000449 0.0
20 0.34 6.004 141.74 1.9 19.0 0.0
20 0.34 6.5035 143.06 2.1 19.0 0.0
20 0.34 8.5015 143.06 2.1 19.0 0.0
20 0.36 0.5095 184.44691891891893 7.14138698630137 9.69112564222326 0.0
20 0.36 1.009 180.82026415094342 6.435440210249672 8.851327913279134 0.0
20 0.38 4.5055 159.28 2.4 19.0 0.0
20 0.38 9.001 156.18 1.9 19.0 0.0
20 0.4 4.006 169.32247368421054 2.887078947368421 18.04971492017765 0.0
20 0.42 0.01 208.54823214285716 8.281166007905139 11.0300132144037 0.04536054503798384
20 0.44 0.5095 210.04312765957445 7.3333911671924294 10.00930062782888 0.0
20 0.44 1.009 207.1303695652174 6.714618991793669 9.115347522447623 0.0
20 0.46 5.5045 187.22 2.3 19.0 0.0
20 0.48 3.007 214.97132142857143 5.871732620320856 7.910894941634242 0.0
20 0.5 0.01 232.05167938931297 8.250688172043011 11.017248558616272 0.04625184471282716
20 0.5 3.007 220.98171728971963 5.902487084870849 7.9937462052216155 0.0
20 0.54 1.009 239.2849318181818 7.0376301369863015 9.38438111204247 0.0
20 0.56 0.5095 247.5541604278075 7.57427807486631 10.12680550248376 0.0
20 0.56 1.009 245.58523428571428 7.097530224525043 9.433417164413706 0.0
20 0.56 2.5075 241.85101754385965 6.264645669291339 8.321838808792247 0.0
20 0.62 9.5005 243.58 2.1 19.0 0.0
20 0.66 1.5085 275.95132658227845 7.120241935483871 9.34887656033287 0.0
20 0.66 3.5065 273.18216901408454 6.32919014084507 8.339035418236623 0.0
20 0.68 4.006 278.9685278039585 6.302558997050148 8.156382400869093 0.0
20 0.7 1.009 289.59847058823533 7.5589371257485025 10.0849684823016 0.0
20 0.74 9.5005 287.3547465224111 2.367210200927357 19.0 0.0
20 0.78 7.5025 309.31373626373625 5.833535253227408 8.00361768018018 0.0
20 0.8 6.004 316.7844373673036 6.38445918367347 8.353920291742641 0.0
20 0.8 6.5035 316.7210857142857 6.351218861209965 8.386925887265136 0.0
20 0.82 7.5025 322.9958204010462 6.322914188615123 8.235184042771952 0.0
20 0.86 8.002 336.00037486911 6.5701136363636365 8.632399665551839 0.0
20 0.86 9.001 335.7196248704663 6.370350877192982 8.238375053033517 0.0
20 0.9 4.5055 349.4869157608696 7.472147477360932 9.883802412406663 0.0
20 0.92 0.01 356.6254253731343 8.33137142857143 11.043313472360145 0.04868721461187215
20 0.94 7.5025 361.69107848837206 7.484327062228655 9.811059670781892 0.0
20 1.0 4.006 380.0 8.65545871559633 11.198805532271585 0.0
20 1.02 0.01 385.4652275334608 8.338353658536587 11.062386401884888 0.0482583476091726
20 1.04 7.5025 390.3699961464355 9.825083179297598 12.350975954738331 0.0
20 1.06 8.002 395.0701868131868 10.608583765112263 13.15973271353864 0.0
20 1.06 9.001 394.8921030534351 10.875195876288661 13.361540616246499 0.0
20 1.08 4.006 400.66301612903226 9.893895833333334 12.43393881453155 0.0
20 1.1 1.5085 406.5726853707415 9.168323809523809 11.79730301427816 0.0
20 1.1 3.5065 405.6701268498943 10.040998116760829 12.543198745589965 0.0
20 1.1 9.5005 403.1973453093812 12.615758064516129 15.045849101229896 0.0
20 1.12 4.006 410.170142034549 10.5761875 13.163543078412392 0.0
20 1.14 6.004 413.071675 12.200423197492162 14.538849177984275 0.0
20 1.14 6.5035 412.78967919075143 12.43323151125402 14.819799366420275 0.0
20 1.14 8.5015 411.32209062500004 13.589085714285714 15.713579697239537 0.0
20 1.18 5.005 422.22600681431004 12.413360927152318 14.846035125066525 0.0
20 1.2 7.5025 423.0869931972789 14.564704968944099 16.329724655819774 0.0
20 1.22 3.5065 432.5121491395793 11.888823529411765 14.258769574944072 0.0
20 1.22 9.5005 425.09909964412816 16.16764993880049 17.466924842226046 0.0
20 1.26 6.004 435.66556606397774 14.800097222222224 16.53179587831207 0.0
20 1.26 8.5015 432.9386 16.32893485915493 18.0 0.0
20 1.28 0.01 456.43903178484106 8.348346613545818 11.072332761578044 0.04590702298815944
20 1.3 5.5045 443.37421739130434 15.06247311827957 17.008859141665546 0.0
20 1.32 6.004 445.8170754098361 15.622658450704225 17.164163146779302 0.0
20 1.32 6.5035 445.60644350042486 16.11686640471513 17.306339894019683 0.0
20 1.32 8.5015 442.68945454545457 17.372214953271026 18.04988598859886 0.0
20 1.34 5.005 451.4912675709001 15.203549132947977 17.05912129894938 0.0
20 1.36 0.5095 475.09513333333337 9.328767361111112 12.02240720940889 0.0
20 1.36 1.009 472.3574947368421 10.064253112033194 12.61412310286678 0.0
20 1.38 5.5045 457.63415397082656 16.18840909090909 17.320880225080387 0.0
20 1.42 4.006 469.0686674418605 14.947625231910946 16.91202460850112 0.0
20 1.44 0.01 500.0526799116998 8.357281746031747 11.065454864769933 0.0451302617295863
20 1.48 4.5055 477.01500083822293 16.321195499296767 17.67704582651391 0.0
20 1.5 5.005 478.76471950591866 17.025017825311945 18.04157561817136 0.0
20 1.52 3.007 491.2816936067551 14.722590579710145 16.58180167090447 0.0
20 1.54 4.5055 487.3025405405405 16.72206783369803 18.02285546778573 0.0
20 1.54 8.002 483.68 18.44074163969795 19.0 0.0
20 1.54 9.001 482.6 19.0 19.0 0.0
20 1.56 4.5055 490.6782554347826 17.071036834924968 18.0438905830138 0.0
20 1.64 4.5055 505.68606555349413 17.378963029756537 19.0 0.0
20 1.66 5.5045 507.49957951247825 17.986941719561454 19.0 0.0
20 1.68 0.5095 554.6827557603687 10.008498098859315 12.547096009482418 0.0
20 1.68 1.009 545.0338270676691 11.51899470899471 14.08414745145631 0.0
20 1.7 5.5045 515.1 17.952470250307755 19.0 0.0
20 1.72 6.004 518.24 18.615561059907836 19.0 0.0
20 1.72 6.5035 516.8 19.0 19.0 0.0
20 1.72 8.5015 517.52 18.9 19.0 0.0
20 1.74 1.5085 547.5414217821782 13.283374233128836 15.43443423319931 0.0
20 1.74 3.5065 526.2450928030303 17.000331695331695 18.045159053218754 0.0
20 1.76 6.5035 524.4 19.0 19.0 0.0
20 1.78 3.007 535.2896545454546 16.79649090909091 18.03476895879054 0.0
20 1.8 7.5025 533.6 18.7033502212727 19.0 0.0
20 1.82 9.5005 535.8 19.0 19.0 0.0
20 1.84 4.006 541.4178176824034 18.138362143474502 19.0 0.0
20 1.86 5.005 545.12 18.5 19.0 0.0
20 1.9 1.5085 577.3356688741723 14.154144295302013 16.148511654029768 0.0
20 1.9 3.5065 554.7601720207255 17.912358665430954 19.0 0.0
20 1.92 5.005 556.64 18.472381180988958 19.0 0.0
20 1.96 4.006 564.32 18.6 19.0 0.0
20 1.96 5.005 564.32 18.6 19.0 0.0
20 1.98 7.5025 566.2 19.0 19.0 0.0
20 1.98 8.002 566.2 19.0 19.0 0.0
20 1.98 9.001 566.2 19.0 19.0 0.0
20 2.0 1.009 609.5798039215687 12.913232 15.190147206423553 0.0
