10 0.04 4.5055 13.017084364454444 1.8 3.0 0.0
10 0.04 8.002 12.72 1.8 4.0 0.0
10 0.04 9.001 12.8 1.8 3.212307897901911 0.0
10 0.06 5.5045 14.28 1.8 3.336597633136095 0.0
10 0.08 5.5045 16.04 1.8 3.3265969538531484 0.0
10 0.1 5.005 17.1 1.8 4.151010928961749 0.0
10 0.12 0.01 26.5819012345679 3.3041482965931865 4.440396725440806 0.04273450016625858
10 0.16 3.5065 23.477874846625767 1.8910206389595703 3.256495031616983 0.0
10 0.16 9.5005 21.96 1.8 9.0 0.0
10 0.18 3.5065 23.949605089058522 1.8 3.375894868585732 0.0
10 0.18 9.5005 23.58 1.8 9.0 0.0
10 0.22 1.5085 32.563483516483515 2.5457104010876956 3.499753466872111 0.0
10 0.22 3.5065 27.780729981378027 1.8752711804324709 3.7638337182448036 0.0
10 0.22 9.5005 26.82 1.8 9.0 0.0
10 0.24 4.006 28.44 1.8 5.129537612146308 0.0
10 0.26 2.008 35.502775280898874 2.5515922718187873 3.5805057955742887 0.0
10 0.26 7.003 30.06 1.8 9.0 0.0
10 0.28 7.5025 31.68 1.8 9.0 0.0
10 0.3 2.008 38.75207492795389 2.668984455958549 3.8014173998044964 0.0
10 0.3 7.003 33.3 1.8 9.0 0.0
10 0.34 5.5045 36.54 1.8 9.0 0.0
10 0.38 0.01 46.85451525423729 3.3047408829174665 4.422106515917882 0.04573451860780473
10 0.4 3.5065 41.60392996108949 1.8679766536964981 4.210706303084488 0.0
10 0.4 9.5005 41.4 1.8 9.0 0.0
10 0.42 2.008 48.192341052631576 3.020134920634921 4.120380496696286 0.0
10 0.42 2.5075 47.05428268551237 2.8109431524547803 4.087351866208882 0.0
10 0.42 7.003 43.02 1.8 9.0 0.0
10 0.44 6.004 44.64 1.8 8.044554067101135 0.0
10 0.44 8.5015 44.64 1.8 9.0 0.0
10 0.46 5.005 46.31577536231884 1.8206575415995707 8.048029460393808 0.0
10 0.48 1.009 53.4969263913824 3.2547456679709335 4.259412097230074 0.0
10 0.5 0.5095 55.03438832404067 3.3522463139635734 4.390482365145228 0.0
10 0.5 2.008 54.01105505909484 3.204372785258682 4.183269584927044 0.0
10 0.5 2.5075 53.50901862789641 3.106461716937355 4.161284879948085 0.0
10 0.5 7.003 49.5 1.8 9.0 0.0
10 0.54 6.004 52.74 1.8 9.0 0.0
10 0.54 6.5035 52.74 1.8 9.0 0.0
10 0.54 8.5015 52.74 1.8 9.0 0.0
10 0.58 1.009 60.670728376327766 3.4322170542635657 4.405526176626124 0.0
10 0.6 5.005 58.07099186011456 2.0354959300572806 5.157767341040462 0.0
10 0.62 5.5045 59.567068080357146 1.9826674107142856 5.448180751173709 0.0
10 0.64 5.005 61.323669114804794 2.068705063780441 4.629054054054054 0.0
10 0.68 3.5065 66.52120187793427 3.2600465838509316 4.319540969540969 0.0
10 0.68 9.5005 64.08 1.8 9.0 0.0
10 0.7 6.004 66.33546802086192 2.223645347241285 4.628425266903915 0.0
10 0.7 6.5035 66.04185251798562 2.0279016786570745 4.793346476096599 0.0
10 0.7 8.5015 65.72225368871966 1.8148357924797716 6.736795994993742 0.0
10 0.72 5.005 68.40538108882521 2.575272206303725 4.310019379844961 0.0
10 0.74 5.5045 70.13676741440378 2.720164705882353 4.260712924132672 0.0
10 0.76 1.5085 73.18184339314845 3.7083113622096673 4.760249307479224 0.0
10 0.76 10.0 70.5970522345842 1.830876862153498 8.029949456272018 0.0
10 0.8 5.5045 75.41452425373134 3.4059956989247313 4.30826927072512 0.0
10 0.84 7.5025 78.13238450502152 3.165480631276901 4.284033767663791 0.0
10 0.84 8.002 78.22498390804597 3.2806975414522586 4.289108713029576 0.0
10 0.84 9.001 77.69288529886916 2.61610662358643 4.339080199365655 0.0
10 0.88 7.5025 81.33219554277498 3.5530752688172043 4.445854341736695 0.0
10 0.88 8.002 81.29734160090192 3.4939532293986635 4.4086306400839455 0.0
10 0.88 9.001 81.23668852459016 3.393774954627949 4.372330097087379 0.0
10 0.9 0.01 83.21866619115549 3.3520726495726496 4.4822640241854215 0.04371734863354975
10 0.9 3.007 82.98262256809339 3.9130607028753994 5.034092717867091 0.0
10 0.92 0.5095 84.50818785222292 3.799350393700787 5.030391001606856 0.0
10 0.92 2.008 84.43496864111499 4.008236266005783 5.091331658291457 0.0
10 0.92 2.5075 84.4170649229332 3.9898285714285713 5.090208685843203 0.0
10 0.92 7.003 84.32061865998747 3.8006650093225605 4.813120393120393 0.0
10 0.96 10.0 87.1736818866031 3.8683751253761285 5.030447619047619 0.0
10 0.98 2.008 88.61805612244898 4.09144410876133 5.151678872460964 0.0
10 0.98 7.003 88.606368502316 4.062970195272354 5.125397812033814 0.0
10 1.0 1.5085 90.0 4.097151979565773 5.157185972980741 0.0
10 1.0 3.5065 90.0 4.18665004156276 5.184498193811843 0.0
10 1.02 2.008 91.19231077216396 4.196454148471616 5.196061862244898 0.0
10 1.02 2.5075 91.19077488789239 4.223582497721058 5.226565948056357 0.0
10 1.02 7.003 91.17684135107473 4.34045994065282 5.329051918735892 0.0
10 1.08 1.5085 94.72960109289617 4.241076672104405 5.255475695101191 0.0
10 1.08 3.5065 94.6290643015521 4.4823669380087665 5.469633027522936 0.0
10 1.08 10.0 94.26952139461171 5.241309138042774 6.265128013455429 0.0
10 1.12 3.5065 96.78594185022027 4.643667731629392 5.806703078450844 0.0
10 1.12 9.5005 96.08871102661597 5.777072649572649 7.012301796047193 0.0
10 1.16 4.006 98.75593168880455 4.946475485661424 6.099301625526791 0.0
10 1.18 6.004 99.23723609226595 5.67409808811305 6.821007556675063 0.0
10 1.18 6.5035 99.07539031770045 5.83276404494382 7.021574964527826 0.0
10 1.22 5.5045 101.06362516556291 5.954943240454076 7.061945492662474 0.0
10 1.24 7.5025 101.3579731209557 6.8275779036827196 7.610452830188679 0.0
10 1.24 8.002 101.24186764705883 6.965538178472861 7.75938503900872 0.0
10 1.24 9.001 101.06813702623907 7.215982747997535 8.024180327868853 0.0
10 1.26 3.007 103.86567409684858 5.195383022774327 6.2393009226401706 0.0
10 1.28 2.008 105.50375840978595 4.830356472795497 6.0368572900566715 0.0
10 1.28 7.003 103.05526296958854 7.03175 7.982017804154303 0.0
10 1.3 4.006 105.13821428571428 5.890621761658031 7.04225884244373 0.0
10 1.3 5.005 104.61413507925569 6.3776889848812095 7.19802894555479 0.0
10 1.34 6.5035 105.5337186512118 7.274698961937717 8.028759392731176 0.0
10 1.38 4.006 108.27211822059719 6.425375687232743 7.2208128435059304 0.0
10 1.38 5.005 107.84661615320566 6.9243445121951215 7.723403324584427 0.0
10 1.4 7.5025 108.0 7.90617527568195 9.0 0.0
10 1.4 8.002 108.0 8.093150867823764 9.0 0.0
10 1.4 9.001 108.0 8.214832287383683 9.0 0.0
10 1.42 1.5085 112.998158203125 4.94667264573991 6.106387851030493 0.0
10 1.42 3.5065 110.45383009708738 6.324990291262136 7.1838577472236915 0.0
10 1.44 2.008 113.16965073848826 5.329954669084316 6.3467909391222275 0.0
10 1.44 2.5075 112.4456143901068 5.705333333333333 6.857287773625201 0.0
10 1.44 7.003 109.8 8.031232368225687 9.0 0.0
10 1.46 1.5085 115.00947943037974 5.018935897435897 6.126204819277109 0.0
10 1.46 10.0 110.7 8.431197306791569 9.0 0.0
10 1.48 0.01 119.4830390848427 3.3650695187165773 4.510206185567011 0.036032388663967616
10 1.48 3.007 113.49926575342465 6.273978978978979 7.170878413189078 0.0
10 1.5 9.5005 112.5 8.618297805642634 9.0 0.0
10 1.52 0.5095 120.20973420479302 4.288540462427746 5.328049886621315 0.0
10 1.52 1.009 118.95033940556088 4.733166089965398 6.022225433526011 0.0
10 1.56 0.01 124.64517575757576 3.3871875 4.512424991175433 0.035415778251599146
10 1.56 3.007 116.8833652392947 6.60786355475763 7.323925501432665 0.0
10 1.6 7.5025 117.0 8.617462929302592 9.0 0.0
10 1.6 8.002 117.0 8.625059741526456 9.0 0.0
10 1.62 1.5085 122.32921287490855 5.42591204037491 6.436965873243476 0.0
10 1.62 10.0 117.9 9.0 9.0 0.0
10 1.64 0.01 129.29973946360153 3.3965540540540538 4.531831085876508 0.03482779640353551
10 1.64 3.007 119.88139971550498 6.941325403568394 7.75715609078277 0.0
10 1.66 5.005 119.7 8.17833091436865 9.0 0.0
10 1.68 8.5015 120.6 8.8 9.0 0.0
10 1.7 4.006 121.52538650186384 7.836922310756972 8.048172527802825 0.0
10 1.76 5.5045 124.2 8.45376290097629 9.0 0.0
10 1.78 0.5095 134.3094722513089 4.512668329177058 5.5954359925788495 0.0
10 1.78 1.009 131.76196391752578 5.17048403707518 6.229209318743382 0.0
10 1.78 2.5075 126.56165217391305 7.012373046875 7.82375992063492 0.0
10 1.82 5.5045 126.9 8.436955655206777 9.0 0.0
10 1.84 1.5085 131.78788965517242 5.985821389195149 7.061589343965204 0.0
10 1.84 3.5065 127.83851008645533 7.961567567567568 8.049087141913398 0.0
10 1.84 9.5005 127.8 9.0 9.0 0.0
10 1.86 6.004 128.7 8.584674185463658 9.0 0.0
10 1.86 6.5035 128.7 8.663966415749854 9.0 0.0
10 1.86 8.5015 128.7 9.0 9.0 0.0
10 1.92 6.5035 131.4 9.0 9.0 0.0
10 1.92 9.5005 131.4 9.0 9.0 0.0
10 1.94 1.5085 136.18538395261174 6.227848605577689 7.136038263112639 0.0
10 1.94 10.0 132.3 9.0 9.0 0.0
10 1.96 3.5065 133.2 8.217107784431137 9.0 0.0
10 1.96 9.5005 133.2 9.0 9.0 0.0
10 2.0 6.004 135.0 8.8 9.0 0.0
10 2.0 6.5035 135.0 8.8 9.0 0.0
10 2.0 8.5015 135.0 8.808564260669812 9.0 0.0
12 0.0 2.008 11.0 1.83333333333 3.0 0.0
12 0.0 7.003 11.0 1.83333333333 2.079127743710241 0.0
12 0.02 2.008 15.52303846153846 1.864829358151262 3.0 0.0
12 0.02 7.003 13.93210814375206 1.83333333333 3.115916883116883 0.0
12 0.04 3.007 18.157872 1.83333333333 3.035263074984247 0.0
12 0.06 4.006 20.03608353221957 1.83333333333 3.399304303014687 0.0
12 0.1 3.5065 25.79707493956487 1.8697171486528992 3.7277456647398846 0.0
12 0.1 9.5005 23.1 1.83333333333 11.0 0.0
12 0.12 1.009 34.29363440860215 2.9597886178853745 4.219440960401362 0.0
12 0.14 4.006 28.8 1.8646279781684625 4.851301775147929 0.0
12 0.16 7.5025 30.36 1.83333333333 11.0 0.0
12 0.18 7.5025 32.78 1.83333333333 11.0 0.0
12 0.18 8.002 32.78 1.83333333333 11.0 0.0
12 0.2 5.5045 35.2 1.83333333333 11.0 0.0
12 0.22 7.5025 37.62 1.83333333333 11.0 0.0
12 0.22 8.002 37.62 1.83333333333 11.0 0.0
12 0.24 10.0 40.04 1.83333333333 11.0 0.0
12 0.28 0.01 57.35743448275862 4.277784836932391 5.90458768873403 0.04449640938989802
12 0.34 4.006 52.8 2.0 10.041111279333839 0.0
12 0.36 5.5045 54.61941680653463 1.8488064600320362 11.0 0.0
12 0.38 0.5095 67.40549101796408 3.9913876488093516 5.322014836085188 0.0
12 0.38 1.009 66.74906282722513 3.8092174197749724 5.154912358226543 0.0
12 0.4 7.5025 59.4 1.83333333333 11.0 0.0
12 0.4 8.002 59.4 1.83333333333 11.0 0.0
12 0.42 8.5015 61.82 1.83333333333 11.0 0.0
12 0.44 5.5045 64.25031261538462 1.836402564099292 11.0 0.0
12 0.46 1.5085 75.12433739837398 3.8595962441286473 5.161870817573465 0.0
12 0.46 3.5065 68.87022544080604 2.5147419891804863 5.067303609341826 0.0
12 0.46 9.5005 66.66 1.83333333333 11.0 0.0
12 0.48 6.5035 69.6 2.0 11.0 0.0
12 0.48 9.5005 69.08 1.83333333333 11.0 0.0
12 0.5 6.004 71.5361946723387 1.8453982241098084 11.0 0.0
12 0.5 8.5015 71.5 1.83333333333 11.0 0.0
12 0.52 3.5065 76.49513936430317 2.727429424539448 5.175281132861308 0.0
12 0.52 9.5005 73.92 1.83333333333 11.0 0.0
12 0.54 5.5045 76.8 2.0 11.0 0.0
12 0.58 9.5005 81.18 1.83333333333 11.0 0.0
12 0.6 3.5065 88.61952853598014 3.731544028951281 5.1162191631457 0.0
12 0.6 9.5005 83.6 1.83333333333 11.0 0.0
12 0.62 4.006 88.92849774774776 3.106942909762728 5.186343442147962 0.0
12 0.64 3.5065 93.42878670360112 3.9492261392939114 5.184609160058262 0.0
12 0.64 9.5005 88.44 1.83333333333 11.0 0.0
12 0.68 7.5025 93.92 2.16666666667 11.0 0.0
12 0.7 5.5045 97.83671859785784 3.0203992210325405 5.0868864336170985 0.0
12 0.72 3.5065 102.23431951053705 4.137554195361078 5.302142262895175 0.0
12 0.72 9.5005 98.4 2.0 11.0 0.0
12 0.74 4.006 104.40902731092437 4.160809426232725 5.285137719969396 0.0
12 0.76 4.5055 106.25214752370917 4.084860159819049 5.244473161033797 0.0
12 0.76 9.001 103.36696169445696 2.1159456211529872 10.046854683361426 0.0
12 0.78 7.003 106.92107671957672 3.0008156966490462 5.202576260470997 0.0
12 0.8 4.006 110.82800787014264 4.315091743116662 5.449856156501726 0.0
12 0.82 7.003 112.57116455696203 4.0087495475933705 5.189585326953748 0.0
12 0.84 0.01 115.98981863354037 4.349382113818126 6.009992477432297 0.04579202699852352
12 0.86 0.5095 117.84541692789969 4.632304080898277 6.109907165651291 0.0
12 0.86 1.009 117.72824568393094 4.71393017221187 6.1218689252985286 0.0
12 0.86 2.008 117.5550301369863 4.684138888891524 6.079293529971456 0.0
12 0.86 2.5075 117.49348143405889 4.656566118223729 6.0413181976138075 0.0
12 0.88 0.01 119.9884 4.3313342967212165 6.012660317460317 0.04507267354200591
12 0.92 6.004 123.64676117103235 4.593806990883335 6.017364166581398 0.0
12 0.92 8.5015 123.5724769568398 4.44033623608976 5.571162960262487 0.0
12 0.94 2.008 125.87271022727272 4.8879685074273445 6.190922619047619 0.0
12 0.94 7.003 125.75114897260275 4.640808510641114 6.036012242121968 0.0
12 0.96 4.5055 127.89019271445358 4.8706823845095855 6.165516710303404 0.0
12 1.0 7.5025 132.0 5.10279747833145 6.358430304530825 0.0
12 1.0 8.002 132.0 5.0817587403272295 6.365729349736379 0.0
12 1.0 9.001 132.0 5.094586776861396 6.372602391249046 0.0
12 1.04 2.008 135.57291053677932 5.139675368142017 6.436680327868853 0.0
12 1.04 7.003 135.46943487858718 5.506067538126483 7.032484862076699 0.0
12 1.06 0.5095 137.432750877193 4.8577869881910765 6.236960243484877 0.0
12 1.06 2.008 137.32854887218045 5.20841666666833 6.5270584215920735 0.0
12 1.06 2.5075 137.3058012295082 5.275436179980617 6.639288634505315 0.0
12 1.08 7.5025 138.59151787538303 6.11779881217756 7.47020621729763 0.0
12 1.08 8.002 138.55484093711468 6.180336443316329 7.553113685734974 0.0
12 1.08 9.001 138.47754235145385 6.3718312004849444 7.896499153020892 0.0
12 1.12 7.5025 141.3987650273224 6.72486800422487 8.12637614678899 0.0
12 1.14 4.006 143.58426225490197 6.018283481541729 7.3618815688285055 0.0
12 1.14 5.005 143.35327107438016 6.303908730156573 7.787699203187251 0.0
12 1.2 2.008 149.02995340167755 5.674692780340954 7.1280847281884165 0.0
12 1.2 7.003 146.65862229102166 7.798379099921787 9.06952741671688 0.0
12 1.24 0.01 154.02818028169014 4.348555008207152 6.003001139673294 0.0411983771345525
12 1.24 3.007 151.3772912621359 6.3431097008128186 7.821328489880644 0.0
12 1.26 5.005 151.28460767729342 7.6288536776238605 9.029209939226094 0.0
12 1.3 1.5085 157.3059346271706 5.769770362396051 7.188564146134239 0.0
12 1.3 10.0 151.81697957409824 9.944372442017986 11.0 0.0
12 1.32 5.005 155.0944 8.21640692640827 9.200642954856361 0.0
12 1.38 1.5085 163.4863274111675 6.0381186642822176 7.40290215588723 0.0
12 1.38 10.0 157.08 10.355317837618538 11.0 0.0
12 1.4 0.01 168.67575916230368 4.365220845246748 6.012266085619072 0.03916196371139025
12 1.4 3.007 162.04821651630812 7.438406593405362 8.692779469334493 0.0
12 1.42 7.5025 159.72 9.91598516736653 10.047914975496829 0.0
12 1.42 8.002 160.14 9.958020972779169 11.0 0.0
12 1.42 9.001 159.72 10.483303393210234 11.0 0.0
12 1.46 4.5055 163.59005622932747 8.960102513226715 10.004705031901185 0.0
12 1.46 8.002 162.82 10.179369421277892 11.0 0.0
12 1.46 9.001 162.82 10.444026083287081 11.0 0.0
12 1.48 1.009 172.33937055837563 5.828716356104511 7.229046352583587 0.0
12 1.52 6.004 166.4463238388504 9.95495983935653 10.048744367677982 0.0
12 1.52 6.5035 166.84 10.22800732218453 10.049600840336135 0.0
12 1.52 8.5015 166.32 10.531409944936636 11.0 0.0
12 1.54 0.5095 178.9937861751152 5.36392973855937 6.935664739884393 0.0
12 1.54 1.009 176.965916015625 5.961043933896843 7.349061728395061 0.0
12 1.54 2.5075 171.88900104931795 7.739146090535414 9.058771227170778 0.0
12 1.56 1.009 178.43605921938087 5.99098494098476 7.360790732812894 0.0
12 1.58 4.5055 171.03092184660125 9.544717052078353 10.04805807731618 0.0
12 1.6 0.01 187.12882812499998 4.370977312388344 6.019746735259201 0.036911894407104406
12 1.62 4.5055 173.54 9.670540899289723 10.048772941635878 0.0
12 1.62 8.002 172.92 11.0 11.0 0.0
12 1.62 9.001 172.92 10.8333333333 11.0 0.0
12 1.64 1.009 184.46513960113958 6.17354848217223 7.57528714338644 0.0
12 1.66 1.5085 183.0362672985782 6.960660847879512 8.259476380193512 0.0
12 1.66 3.5065 176.91871609156132 9.261563199104684 10.032468683165291 0.0
12 1.66 10.0 175.56 11.0 11.0 0.0
12 1.68 5.5045 176.88 10.273292940940866 11.0 0.0
12 1.7 1.5085 185.62411340206185 7.079950589131208 8.348275035936751 0.0
12 1.7 10.0 178.2 10.8333333333 11.0 0.0
12 1.72 4.006 179.97156088560885 9.712404114366915 10.049229891614376 0.0
12 1.72 5.005 179.52 10.219272696316157 11.0 0.0
12 1.76 4.006 182.92 9.984068801897665 11.0 0.0
12 1.78 6.004 183.48 10.54113956303772 11.0 0.0
12 1.78 6.5035 183.48 10.8333333333 11.0 0.0
12 1.78 8.5015 183.48 11.0 11.0 0.0
12 1.8 2.008 189.3842128603104 8.22933271547812 9.21009512991623 0.0
12 1.8 7.003 184.8 10.8333333333 11.0 0.0
12 1.82 4.006 186.24888453668518 10.000894992988712 10.049942997719908 0.0
12 1.84 7.5025 187.44 11.0 11.0 0.0
12 1.84 8.002 187.44 10.8333333333 11.0 0.0
12 1.84 9.001 187.44 11.0 11.0 0.0
12 1.86 5.5045 188.76 10.6666666667 11.0 0.0
12 1.88 3.5065 190.08 10.007520902352033 11.0 0.0
12 1.88 9.5005 190.08 11.0 11.0 0.0
12 1.94 4.5055 194.04 10.417141036516988 11.0 0.0
12 1.94 9.001 194.04 11.0 11.0 0.0
12 1.96 7.5025 195.36 10.838433791459611 11.0 0.0
12 1.98 0.5095 214.21229137529136 5.85218303945968 7.249747474747474 0.0
12 1.98 2.008 199.84293363028954 8.7677958446244 9.58982869379015 0.0
12 1.98 2.5075 197.99650653879687 9.463775355736484 10.043688470133478 0.0
12 2.0 5.5045 198.0 10.682605404735947 11.0 0.0
14 0.04 5.005 22.24563190184049 1.85714285714 4.012956470931931 0.0
14 0.06 10.0 23.14 1.85714285714 13.0 0.0
14 0.08 2.008 35.284089552238804 2.5773832958395677 4.082778163312515 0.0
14 0.08 7.003 26.52 1.85714285714 13.0 0.0
14 0.1 7.5025 29.9 1.85714285714 12.0 0.0
14 0.1 8.002 29.9 1.85714285714 13.0 0.0
14 0.12 6.5035 33.28 1.85714285714 13.0 0.0
14 0.14 1.5085 49.05632044198895 3.248464035961613 4.790263788968825 0.0
14 0.14 10.0 36.66 1.85714285714 13.0 0.0
14 0.16 0.01 61.32876335877862 5.291699282448541 7.144617897985115 0.04285023424512619
14 0.18 0.01 64.26667114093961 5.277195945942086 7.127853309481217 0.04345737932701021
14 0.2 4.006 47.60065144766147 2.0 12.033561204870754 0.0
14 0.22 0.01 70.32686904761904 5.303170933109193 7.131572524407252 0.04337069147811377
14 0.24 4.5055 53.56 1.85714285714 12.04757135552949 0.0
14 0.28 0.5095 76.52762732919254 4.565749176198253 6.2323154151851075 0.0
14 0.28 1.009 75.14047058823529 4.171260635917245 5.802632886239444 0.0
14 0.28 2.5075 71.18918518518518 3.5148278388281353 5.160105263157895 0.0
14 0.32 4.006 68.44 2.14285714286 12.046653821838216 0.0
14 0.34 1.5085 84.03031355932204 4.166872485734652 5.666680532445923 0.0
14 0.34 10.0 70.46 1.85714285714 13.0 0.0
14 0.36 4.006 75.29745454545456 2.1824675324684093 12.043399589173514 0.0
14 0.38 6.004 77.84 2.0 13.0 0.0
14 0.38 6.5035 77.22 1.85714285714 13.0 0.0
14 0.38 8.5015 77.22 1.85714285714 13.0 0.0
14 0.4 0.01 96.82253298153034 5.295996771585912 7.137846975088968 0.04521663098863328
14 0.42 5.5045 83.98 1.85714285714 13.0 0.0
14 0.44 4.006 89.00203578528827 2.276029537059533 12.044265708939458 0.0
14 0.46 7.5025 90.74 1.85714285714 13.0 0.0
14 0.46 8.002 90.74 1.85714285714 13.0 0.0
14 0.46 9.001 90.74 1.85714285714 13.0 0.0
14 0.5 5.5045 98.0 2.0 13.0 0.0
14 0.52 7.5025 101.3837829042445 2.0070782453110048 13.0 0.0
14 0.54 4.006 106.94421582733813 2.690750256941122 6.0597111111111115 0.0
14 0.56 4.006 111.3691779935275 3.067914932964835 6.064503424657534 0.0
14 0.6 7.5025 114.60037784456848 1.928706373058747 13.0 0.0
14 0.64 7.5025 121.52685476718403 2.002720145708005 13.0 0.0
14 0.66 0.5095 134.0274975609756 5.240833054531247 7.045360138463587 0.0
14 0.66 2.008 132.67481463414634 4.916310722583255 6.310370205173951 0.0
14 0.66 2.5075 132.3405896346644 4.84199948796513 6.250557129367328 0.0
14 0.68 0.01 137.3644739336493 5.307897793259805 7.145237212750185 0.04673991571342565
14 0.7 4.006 137.26805352798056 4.6112959339009 6.114314956331878 0.0
14 0.72 7.5025 135.8883963800905 2.4736716224946256 12.043341792036735 0.0
14 0.74 7.003 139.428538787024 2.609087245619752 12.033856057601367 0.0
14 0.76 3.007 147.00940841865756 5.035624519108175 6.450760678759509 0.0
14 0.78 4.5055 149.41345701357466 4.792440288418584 6.201368888888889 0.0
14 0.8 10.0 148.9350087463557 2.3821491045374183 12.029235768370068 0.0
14 0.82 4.5055 155.57835005701253 5.01086120583349 6.417693836978131 0.0
14 0.84 0.5095 159.57501662707838 5.48810036945789 7.179644006816891 0.0
14 0.84 1.009 159.39308186528498 5.501023454157803 7.152705377763114 0.0
14 0.86 6.004 161.39303409090908 4.966320143080033 6.3353835678620065 0.0
14 0.86 6.5035 161.3316243504083 4.904868488909908 6.287634069400631 0.0
14 0.86 8.5015 161.12913577799802 4.702420830405174 6.175817627494457 0.0
14 0.88 0.5095 165.24046575342467 5.57142857143 7.935449299258038 0.0
14 0.88 1.009 165.13068661679137 5.607198612317842 7.224936136765573 0.0
14 0.9 3.5065 167.64080833333333 5.4577482740299565 7.087719070492016 0.0
14 0.9 9.5005 167.20759215219977 4.867956643235567 6.259369496301515 0.0
14 0.92 5.5045 170.43301274426508 5.339577867871822 7.011495457721873 0.0
14 0.96 3.007 176.34249812734083 5.764130952382746 7.303865740740741 0.0
14 1.0 0.01 182.0 5.312879064665603 7.153318460680424 0.04642416212472523
14 1.0 3.007 182.0 5.969003011039862 7.5477681785457165 0.0
14 1.02 5.5045 184.49019072847682 6.179514548911683 8.014700081215919 0.0
14 1.06 6.004 189.1856297376093 6.727418690822896 8.39918630751964 0.0
14 1.06 6.5035 189.1547964404894 6.756725990061487 8.433426966292135 0.0
14 1.06 8.5015 189.004475 7.0719964507556545 8.92656976744186 0.0
14 1.08 0.01 192.26267027027026 5.30688425182421 7.158172002978406 0.0451302617295863
14 1.08 3.007 191.77559047619047 6.43743708865535 8.156446461590184 0.0
14 1.1 2.008 194.29713615023476 6.338640456179246 8.104564740307243 0.0
14 1.1 2.5075 194.19027649769583 6.46434699713942 8.174269311064718 0.0
14 1.1 7.003 193.35118292682927 7.619053024163238 9.258341718655664 0.0
14 1.12 0.01 197.3845785123967 5.324370886562496 7.154737421961072 0.04536054503798384
14 1.14 1.5085 199.1716617842876 6.339570026480668 8.109693269803454 0.0
14 1.14 10.0 196.3016454789615 9.462129814330991 11.020757133708106 0.0
14 1.16 4.5055 200.11678947368424 7.632650516568382 9.262093937512931 0.0
14 1.22 7.003 204.1924828660436 9.651305872045095 11.07688455008489 0.0
14 1.24 1.009 211.35677055214725 6.359461224486985 8.131843310693414 0.0
14 1.26 1.5085 213.00739431396786 6.7544405997715975 8.430438756855576 0.0
14 1.26 3.5065 210.48516424581004 8.184237074401798 10.002084534101826 0.0
14 1.26 9.5005 206.5984753544902 11.320867396421367 12.045734518607805 0.0
14 1.3 8.002 210.61734922861152 11.05349394197153 12.02427052842397 0.0
14 1.3 9.001 209.9314456072037 11.584603291035018 12.043688470133478 0.0
14 1.32 1.5085 219.6350539419087 7.01308476469793 8.772422298963987 0.0
14 1.32 3.5065 215.98022719449224 8.77151979565915 10.240204081632653 0.0
14 1.32 10.0 211.44 11.988888888885555 13.0 0.0
14 1.36 4.006 218.7770962962963 9.495133234640909 11.027741652663112 0.0
14 1.38 4.5055 219.54910036275695 10.101391683464355 11.205304190449674 0.0
14 1.38 8.002 216.9801789632993 11.893081395316761 13.0 0.0
14 1.38 9.001 216.58 12.457688792705717 13.0 0.0
14 1.4 1.009 229.70723095525997 6.779634920635939 8.455510075566751 0.0
14 1.42 0.01 235.93937187910643 5.348543299173182 7.174922660479505 0.040646490351116366
14 1.44 5.5045 223.51689641819942 11.337383865330992 12.04691205682297 0.0
14 1.46 0.01 241.01558280657397 5.3569882080002325 7.174708398133748 0.040530222693531286
14 1.46 3.007 229.12004221105528 9.474471322074645 11.012068616195043 0.0
14 1.48 9.5005 225.68 12.861667125298682 13.0 0.0
14 1.54 6.004 231.68 11.946500159067629 13.0 0.0
14 1.54 6.5035 231.1520928914086 12.146073770817795 13.0 0.0
14 1.54 8.5015 231.14 12.440589023701554 13.0 0.0
14 1.56 3.5065 236.4487588235294 10.479655067163206 11.475287525803598 0.0
14 1.56 9.5005 232.96 13.0 13.0 0.0
14 1.6 0.5095 254.65679334916865 6.50634728467671 8.218104639684107 0.0
14 1.6 1.009 251.0760824742268 7.307392935288426 9.093298235628913 0.0
14 1.62 0.01 261.74705691056914 5.347792207789164 7.175062200956938 0.03956993812932185
14 1.62 3.007 242.21651166407463 10.404735704482022 11.39937154348919 0.0
14 1.64 3.5065 242.81891637764934 11.04178255374199 12.028252731066651 0.0
14 1.64 9.5005 240.24 12.719947979203699 13.0 0.0
14 1.66 7.5025 242.72 12.583663963096296 13.0 0.0
14 1.66 8.002 242.72 12.70047591697084 13.0 0.0
14 1.66 9.001 242.72 12.577595612739785 13.0 0.0
14 1.68 4.006 244.75535115207373 11.578533883960795 12.047800463060408 0.0
14 1.7 4.5055 246.52026929982048 11.860759696507005 12.049543790143465 0.0
14 1.7 8.002 246.4 12.7142857143 13.0 0.0
14 1.7 9.001 245.7 13.0 13.0 0.0
14 1.72 1.5085 258.92470000000003 8.61789575289811 10.184633276476973 0.0
14 1.72 10.0 247.52 13.0 13.0 0.0
14 1.74 0.5095 270.5537122905028 6.656343792636142 8.344155509783729 0.0
14 1.74 2.008 257.13678095238095 9.623090559907913 11.06752785020147 0.0
14 1.74 2.5075 254.2396004415011 10.370708135663998 11.313003519749707 0.0
14 1.74 7.003 250.08 12.567404014784966 13.0 0.0
14 1.76 10.0 251.16 13.0 13.0 0.0
14 1.78 5.5045 252.98 12.471827781604675 13.0 0.0
14 1.8 4.5055 254.8 12.318708643862715 13.0 0.0
14 1.82 7.003 256.62 12.673559539054565 13.0 0.0
14 1.84 0.01 289.52 5.42857142857 7.871214788732394 0.15459424920127796
14 1.88 7.5025 262.08 13.0 13.0 0.0
14 1.9 0.5095 288.15648203592815 6.903837953089761 8.62192839707079 0.0
14 1.9 2.008 271.1975076765609 10.297888309364764 11.277489406779662 0.0
14 1.9 2.5075 267.58342615012106 11.029258675087641 12.032734658969424 0.0
14 1.94 3.007 268.48 11.66461360421695 12.048487124785915 0.0
14 1.98 6.004 271.18 12.8571428571 13.0 0.0
14 1.98 6.5035 271.18 12.8571428571 13.0 0.0
14 1.98 8.5015 271.18 13.0 13.0 0.0
14 2.0 4.006 273.0 12.577790427588438 13.0 0.0
16 0.04 3.5065 27.855273927392737 2.0 3.838165230613279 0.0
16 0.04 9.5005 24.0 1.875 15.0 0.0
16 0.06 4.5055 31.64932389881479 1.875 5.656354009077156 0.0
16 0.1 0.01 69.94427272727273 6.2645650584795325 8.325239005736139 0.041633628907786824
16 0.14 4.5055 46.5 1.875 13.189377178360358 0.0
16 0.14 8.002 46.5 1.875 15.0 0.0
16 0.14 9.001 46.5 1.875 15.0 0.0
16 0.16 0.5095 74.46251428571429 5.04480180806676 7.0973928629623595 0.0
16 0.16 1.009 70.90435294117647 4.306891206313416 6.1468739717012175 0.0
16 0.16 2.5075 66.5884705882353 3.4021944789081884 5.144704324801412 0.0
16 0.18 0.5095 78.8910947368421 5.085180412371134 7.117504719409645 0.0
16 0.18 1.009 75.78 4.5 6.99286328460877 0.0
16 0.2 1.5085 78.72615730337078 4.13523155120482 6.00137211211446 0.0
16 0.2 10.0 60.0 1.875 15.0 0.0
16 0.22 0.5095 87.65003883495146 5.210624098124098 7.187393493415956 0.0
16 0.22 1.009 84.93634482758621 4.58435681024447 6.360835303388495 0.0
16 0.24 3.007 73.32949884526559 2.587088625866051 5.997972972972973 0.0
16 0.26 4.006 74.98 2.125 15.0 0.0
16 0.28 6.004 78.72 2.0 15.0 0.0
16 0.28 6.5035 78.0 1.875 15.0 0.0
16 0.28 8.5015 78.0 1.875 15.0 0.0
16 0.3 4.006 84.68741777018367 2.265610316104229 15.0 0.0
16 0.32 1.5085 105.5540972972973 4.676519982993197 6.358457648546144 0.0
16 0.32 10.0 87.0 1.875 15.0 0.0
16 0.34 4.5055 92.82 2.125 15.0 0.0
16 0.34 9.001 91.5 1.875 15.0 0.0
16 0.36 1.5085 114.14162091503268 4.842917090539165 6.484175405147759 0.0
16 0.36 10.0 96.0 1.875 15.0 0.0
16 0.4 0.5095 125.20131386861314 5.636779123414072 7.588623924941361 0.0
16 0.4 1.009 123.57351219512195 5.209535928143713 7.100208240368883 0.0
16 0.42 4.006 111.81219773095623 2.3733184764991897 15.0 0.0
16 0.44 10.0 114.0 1.875 15.0 0.0
16 0.46 0.01 139.30363157894737 6.305821651090342 8.337148426622111 0.04596451058958214
16 0.5 4.006 130.5726019845645 2.6431504961411245 13.963393810032017 0.0
16 0.56 1.5085 155.16449667405766 5.466433474128828 7.2280429365535745 0.0
16 0.56 10.0 141.0 1.875 15.0 0.0
16 0.6 0.01 165.7432207792208 6.314067589576547 8.38434024646829 0.046912056822969964
16 0.62 4.5055 159.64719047619047 3.5681547619047618 6.6815602836879435 0.0
16 0.64 0.01 173.36698082191782 6.308389894419306 8.37041231126597 0.0467112194828261
16 0.66 6.004 165.7505449531164 2.7024062327633755 15.0 0.0
16 0.66 6.5035 165.52912143611402 2.6210005279831043 15.0 0.0
16 0.66 8.5015 164.18 2.125 15.0 0.0
16 0.68 0.5095 180.1342869022869 6.1263222464558345 8.136915646023805 0.0
16 0.68 1.009 179.4791770657673 5.956015151515151 7.998565190268247 0.0
16 0.68 2.5075 177.93433992094862 5.530327722063038 7.214511575381141 0.0
16 0.7 7.003 174.18777039848197 2.5782376660341555 15.0 0.0
16 0.72 0.01 188.3678823529412 6.3087186520376175 8.361161899144795 0.047428107327638074
16 0.74 4.5055 188.85134285714287 5.308107235142119 7.0397923029932805 0.0
16 0.76 5.005 192.55928353658538 5.251315374921235 7.046266273642839 0.0
16 0.8 4.5055 200.95077593722755 5.5567 7.180777134317205 0.0
16 0.8 9.001 196.97943738656988 3.1121483666061707 14.005767479827949 0.0
16 0.84 6.5035 208.6119221238938 5.468957800511509 7.102956690727374 0.0
16 0.86 5.5045 212.790740234375 5.695183379758589 7.297623676820048 0.0
16 0.88 6.5035 216.677896373057 5.702323853989813 7.312969669533726 0.0
16 0.9 7.5025 220.56998033431663 5.7100364077669905 7.337894214055128 0.0
16 0.92 4.006 224.81001355932204 6.252110894941635 8.107811326423313 0.0
16 0.96 5.005 232.47257280385077 6.470482819905214 8.296998827667057 0.0
16 0.98 4.006 236.2726532156368 6.693399390243902 8.55929236499069 0.0
16 0.98 5.005 236.2663559510567 6.661319978046103 8.506538461538462 0.0
16 1.0 1.009 240.0 6.738289096126255 8.728625058657908 0.0
16 1.02 4.006 243.33789170896785 7.044449404761905 9.092214221422143 0.0
16 1.06 5.5045 249.62110434782608 7.7039798206278025 9.737939335580164 0.0
16 1.08 1.009 253.37426544021025 6.96046388101983 9.065161196630845 0.0
16 1.1 8.5015 254.7376462585034 9.407862367021277 11.285160599571734 0.0
16 1.12 0.5095 260.16824896265564 6.801440397350993 8.96841133004926 0.0
16 1.12 1.009 259.96344104803495 7.081537656903766 9.11491124260355 0.0
16 1.12 2.5075 259.3773672496025 7.649016343825666 9.621407867494824 0.0
16 1.14 8.002 259.8126070381232 10.283470042796006 12.090895691609978 0.0
16 1.14 9.001 259.40698691099476 10.604775042444821 12.248113713570534 0.0
16 1.18 2.008 268.79021875 7.78153561827957 9.902126436781609 0.0
16 1.18 2.5075 268.44 8.125 10.422658294086865 0.0
16 1.18 7.003 264.9624268656716 10.69284470752089 12.277762592737211 0.0
16 1.22 4.5055 271.7429255441008 9.906078878748371 11.774876114965313 0.0
16 1.24 9.5005 270.11693892215567 12.917599601593626 14.02472128118263 0.0
16 1.26 7.5025 273.6296721581549 12.287962427745665 13.382070412683609 0.0
16 1.26 8.002 273.09449826589594 12.54182783018868 14.0 0.0
16 1.26 9.001 272.3567498341075 12.980803571428572 14.031255162287009 0.0
16 1.28 4.006 279.7829199573106 10.297146045918367 12.109315521929306 0.0
16 1.3 0.01 291.2182479338843 6.3140177065767285 8.369095114194854 0.044726998491704376
16 1.3 3.007 283.76720820189274 9.548223244147158 11.396463380673907 0.0
16 1.32 7.5025 280.1293459972863 12.959118106139439 14.029652213880803 0.0
16 1.32 8.002 280.0462489431658 13.110607448107448 14.035562661793817 0.0
16 1.32 9.001 279.16936147403686 13.679623287671232 14.049486733101213 0.0
16 1.34 0.5095 296.09731045751636 7.157081202046036 9.197488629622306 0.0
16 1.34 2.008 291.48301662049863 8.882236842105263 11.009322511554503 0.0
16 1.34 2.5075 290.0506643274854 9.502146612149533 11.30081503282771 0.0
16 1.34 7.003 282.295301369863 12.946281725888324 14.029265526331923 0.0
16 1.36 1.5085 295.6724 8.364766949152543 10.329901960784314 0.0
16 1.36 10.0 283.95424350453175 13.986052338530067 15.0 0.0
16 1.38 0.01 304.90981788617887 6.360227272727273 8.406048260733312 0.04417916754701035
16 1.38 3.007 293.43782660687594 10.321595528455285 12.127967140755272 0.0
16 1.4 9.5005 288.4 14.264591254752851 15.0 0.0
16 1.42 1.009 306.44476150627617 7.969170489296636 10.06607349537037 0.0
16 1.44 4.006 297.40881553398054 11.92126079913607 13.162485862926939 0.0
16 1.5 0.5095 321.39420634920634 7.39994966442953 9.394233021077284 0.0
16 1.5 2.008 312.11690042075736 9.9220324933687 11.865574650912997 0.0
16 1.5 2.5075 309.3161312849162 10.658699213630406 12.27724045288812 0.0
16 1.5 7.003 300.5 14.25528239678899 15.0 0.0
16 1.54 5.5045 305.95420828182944 13.593311170212766 14.046251844712828 0.0
16 1.56 7.5025 307.2 14.53541986827662 15.0 0.0
16 1.58 5.005 311.61884779411764 13.49451581027668 14.047657283772404 0.0
16 1.6 6.004 312.6 14.158920164770498 15.0 0.0
16 1.6 6.5035 313.2 14.149076552462526 15.0 0.0
16 1.64 7.5025 316.8 14.422679924242424 15.0 0.0
16 1.66 0.01 352.66311703703707 6.360152173913043 8.405143391521197 0.04102416570771001
16 1.66 3.007 324.7619804241436 12.439406552094521 13.449135602377094 0.0
16 1.68 10.0 321.6 15.0 15.0 0.0
16 1.7 3.007 328.22330076762034 12.538347739361702 13.783412098298676 0.0
16 1.72 8.002 326.4 15.0 15.0 0.0
16 1.72 9.001 326.4 15.0 15.0 0.0
16 1.74 6.004 328.8 15.0 15.0 0.0
16 1.74 6.5035 328.8 15.0 15.0 0.0
16 1.74 8.5015 328.8 15.0 15.0 0.0
16 1.76 4.5055 332.72 14.18136528787032 15.0 0.0
16 1.82 4.5055 339.22 14.514937837837838 15.0 0.0
16 1.84 1.009 364.29138926174494 9.363042570951587 11.246900538170221 0.0
16 1.86 2.008 353.40598064516126 11.914992046659597 13.187767249757046 0.0
16 1.86 7.003 344.06 14.514252433936022 15.0 0.0
16 1.9 6.004 348.9 14.75 15.0 0.0
16 1.9 6.5035 348.9 14.875 15.0 0.0
16 1.9 8.5015 348.0 15.0 15.0 0.0
16 1.92 0.5095 384.3326932409012 8.135302547770701 10.182936727541044 0.0
16 1.92 2.008 359.221604 12.123075331125827 13.26712591559121 0.0
16 1.92 2.5075 355.57645045045047 12.954228525980913 14.02652013525976 0.0
16 1.92 7.003 350.4 15.0 15.0 0.0
16 1.94 5.005 352.82999092491957 14.625 15.0 0.0
16 1.96 0.5095 390.4269840348331 8.196476628895184 10.20730164814105 0.0
16 1.96 1.009 378.687124726477 9.78599537037037 11.63169156237384 0.0
16 1.96 2.5075 360.0049390892963 13.04438899707887 14.029295282469423 0.0
16 1.98 5.5045 358.58 14.625 15.0 0.0
18 0.0 4.006 17.0 1.88888888889 3.0 0.0
18 0.0 5.005 17.0 1.88888888889 3.0 0.0
18 0.02 4.006 27.189480446927373 1.9456515116904376 3.7437734082397003 0.0
18 0.04 7.5025 28.56 1.88888888889 17.0 0.0
18 0.06 3.007 46.66111764705882 2.631338452277098 4.491238390092879 0.0
18 0.1 0.5095 77.96924242424242 5.643142647601662 8.016421390062655 0.0
18 0.1 1.009 70.61857142857143 4.526848304245088 6.523290136789057 0.0
18 0.14 3.007 70.14900740740741 3.093110140707463 5.48798324742268 0.0
18 0.16 6.004 63.24 1.88888888889 17.0 0.0
18 0.16 6.5035 63.24 1.88888888889 17.0 0.0
18 0.16 8.5015 63.24 1.88888888889 17.0 0.0
18 0.18 6.004 69.84 2.0 17.0 0.0
18 0.18 6.5035 69.02 1.88888888889 17.0 0.0
18 0.18 8.5015 69.02 1.88888888889 17.0 0.0
18 0.2 4.5055 76.4 2.11111111111 17.0 0.0
18 0.2 9.001 74.8 1.88888888889 17.0 0.0
18 0.22 6.004 80.58 1.88888888889 17.0 0.0
18 0.22 6.5035 80.58 1.88888888889 17.0 0.0
18 0.24 5.005 87.12 2.0 17.0 0.0
18 0.26 1.5085 116.9658021978022 5.0029533429533135 7.051011881446664 0.0
18 0.28 5.5045 98.64 2.0 17.0 0.0
18 0.3 1.5085 128.141223628692 5.171771428569711 7.14869551384028 0.0
18 0.32 4.5055 112.94576839464882 2.455190914154721 17.0 0.0
18 0.32 8.002 110.16 2.0 17.0 0.0
18 0.32 9.001 109.48 1.88888888889 17.0 0.0
18 0.34 3.007 126.41753177257526 3.7441395663982227 6.908408577878104 0.0
18 0.36 4.5055 121.68 2.0 17.0 0.0
18 0.36 9.001 121.04 1.88888888889 17.0 0.0
18 0.4 6.004 134.4 2.22222222222 17.0 0.0
18 0.4 6.5035 133.21584131905297 2.002933577602376 17.0 0.0
18 0.4 8.5015 132.6 1.88888888889 17.0 0.0
18 0.44 4.5055 145.84 2.22222222222 17.0 0.0
18 0.44 9.001 144.16 1.88888888889 17.0 0.0
18 0.46 1.009 172.60171794871795 6.109425625919377 8.210375146541617 0.0
18 0.48 0.5095 179.59584946236558 6.628071057486542 9.026692821854112 0.0
18 0.48 2.008 175.3853806451613 5.669154111742166 7.512823129251701 0.0
18 0.48 2.5075 174.26862500000001 5.4251512651222615 7.253665196387313 0.0
18 0.52 0.5095 189.6776 6.6747208263572455 9.042169768497503 0.0
18 0.52 1.009 187.9943076923077 6.275764993877291 8.318469591226322 0.0
18 0.52 2.5075 184.71860606060605 5.582395745875992 7.360401983816236 0.0
18 0.54 4.5055 177.11165718453682 2.867550044575439 7.50122061482821 0.0
18 0.56 4.5055 182.96294505494507 2.9300366300373297 16.02750667936001 0.0
18 0.56 8.002 180.16 2.22222222222 17.0 0.0
18 0.56 9.001 180.16 2.22222222222 17.0 0.0
18 0.58 0.5095 204.74026153846154 6.8038640371993315 9.12492433683461 0.0
18 0.58 2.008 201.41194011976046 5.994561080417489 8.05085253156319 0.0
18 0.58 2.5075 200.63475 5.818250465825099 7.699432314410481 0.0
18 0.6 0.5095 209.53027253668762 6.8138311902425475 9.133172389127324 0.0
18 0.6 1.009 208.32756457564577 6.49103339090314 8.583669511249031 0.0
18 0.6 2.5075 205.80515323496027 5.899234266571958 7.793722194760257 0.0
18 0.64 0.5095 219.56197883597883 6.905073099416154 9.190216086434575 0.0
18 0.64 1.009 218.48039050131925 6.588837028397733 8.74102564102564 0.0
18 0.64 2.5075 216.2046833712984 5.992992644212227 8.002560769530742 0.0
18 0.66 5.5045 211.58598358208954 3.145746268655259 17.0 0.0
18 0.68 6.004 217.16056419529838 3.152973678921516 15.997906091370558 0.0
18 0.68 6.5035 216.6160315208826 2.963899833640147 16.022553861349465 0.0
18 0.68 8.5015 214.8447743153919 2.348879970618692 17.0 0.0
18 0.7 4.5055 230.07153714773696 5.783392464945568 7.48567316917173 0.0
18 0.72 0.5095 239.07997051597053 7.044950287806981 9.281563029276555 0.0
18 0.72 1.009 238.44522972972973 6.811620127983268 9.06604240829593 0.0
18 0.76 3.5065 246.1087389380531 6.179139115776764 8.153080263792827 0.0
18 0.76 9.5005 237.89038379942141 2.467770277507333 17.0 0.0
18 0.78 4.006 251.1220030007502 6.167267267265594 8.127354187031607 0.0
18 0.78 5.005 250.68004229607251 5.969935264777972 7.851638065522621 0.0
18 0.8 3.007 256.6541502683363 6.505539004745009 8.41046271735927 0.0
18 0.82 4.006 261.34498474945536 6.377988177533541 8.259377682403434 0.0
18 0.82 5.005 260.94263891402716 6.121326017374186 8.094722461892436 0.0
18 0.94 4.006 291.53000263852243 7.18995376208301 9.266082802547771 0.0
18 0.94 5.005 291.45052618757614 7.052794371431836 9.165927719821163 0.0
18 0.96 1.5085 296.50276132930514 7.507909891599549 9.772667342799188 0.0
18 0.96 3.5065 296.4224277777778 7.37750145433014 9.532614259597807 0.0
18 0.98 1.5085 301.2689610027855 7.628807241750251 10.008745194947831 0.0
18 1.0 6.5035 306.0 7.73263031550336 10.072948466072239 0.0
18 1.0 9.5005 306.0 7.789504652437792 10.090662272441934 0.0
18 1.02 1.5085 310.33208614232205 7.783267802536025 10.111894197952218 0.0
18 1.04 4.006 314.49167441860465 8.246192810455053 10.476609589041097 0.0
18 1.04 5.005 314.43278417266185 8.370487682248683 10.661703996486604 0.0
18 1.08 9.5005 321.35194376098417 10.439774557121885 12.695752372345233 0.0
18 1.1 5.5045 325.8383412322275 9.690149604978725 12.062012630422844 0.0
18 1.12 6.004 329.12554385964916 10.351240740705617 12.526208378088077 0.0
18 1.12 6.5035 328.9391337209303 10.500437288809731 12.717704011065006 0.0
18 1.12 8.5015 328.12423277182234 11.408269160208532 13.385607075850979 0.0
18 1.14 0.01 336.64621304347827 7.3451313755761465 9.721724305893813 0.046854683361425474
18 1.14 3.007 334.39744160583945 9.16060435435275 11.415962009803922 0.0
18 1.16 5.005 336.49828196721313 10.598500451711333 12.820809548521018 0.0
18 1.18 8.5015 337.04726666666664 13.096303219097328 14.981467889908258 0.0
18 1.2 4.006 344.30592896174863 10.642049114367518 12.812085062240664 0.0
18 1.26 0.01 362.93458350100605 7.339473684207132 9.714556962025316 0.0449286726784691
18 1.28 1.5085 362.87247826086957 9.131807270231878 11.37593131548312 0.0
18 1.32 0.01 376.03802862985685 7.333265027319071 9.779280205655526 0.045043876843279755
18 1.32 3.007 365.6135111111111 11.229049707579433 13.258685923515053 0.0
18 1.34 6.004 361.6473882646692 14.243286320351775 15.429268922758977 0.0
18 1.34 8.5015 359.175858105939 15.571536588534451 16.048830084402127 0.0
18 1.36 4.5055 367.25185198889915 13.268113348220766 15.028073859522085 0.0
18 1.36 8.002 362.268931880109 15.63733223777935 16.049857481472593 0.0
18 1.36 9.001 361.8 15.817010400159319 17.0 0.0
18 1.42 6.5035 370.68 15.37408724510247 16.04461171785434 0.0
18 1.42 9.5005 370.68 16.6666666667 17.0 0.0
18 1.44 1.5085 391.567704866562 10.143488649925914 12.32668994761786 0.0
18 1.46 3.5065 384.65097569444447 13.228263074002959 15.02403106102254 0.0
18 1.46 9.5005 376.84 16.5555555556 17.0 0.0
18 1.5 6.004 383.5 15.793838492941184 17.0 0.0
18 1.5 6.5035 382.5 16.05085559751438 17.0 0.0
18 1.5 8.5015 383.5 16.419998953714014 17.0 0.0
18 1.52 2.008 401.87353201396974 11.440568919390842 13.42978905359179 0.0
18 1.52 2.5075 398.09935353535354 12.414737406175032 14.207437603993345 0.0
18 1.58 1.5085 415.4136521739131 10.854296160892085 13.096803840877914 0.0
18 1.58 3.5065 401.3035716292135 14.246328866530364 15.419318181818182 0.0
18 1.62 3.5065 407.4989638183218 14.4955721747353 16.0 0.0
18 1.62 9.5005 400.86 17.0 17.0 0.0
18 1.66 1.009 434.6337466410748 10.169492502866557 12.321380846325168 0.0
18 1.68 4.5055 412.08 15.561317236007747 16.049543790143467 0.0
18 1.68 9.001 410.04 17.0 17.0 0.0
18 1.7 5.005 414.5 15.780245588958552 17.0 0.0
18 1.72 0.01 463.54949600000003 7.3730515427107335 9.773364008179959 0.04058836004483898
18 1.72 3.007 422.46603389830506 14.484685156101476 16.0 0.0
18 1.74 5.5045 419.96 16.370717863068105 17.0 0.0
18 1.76 3.007 427.3855625680087 14.64331779335346 16.007978823381993 0.0
18 1.78 2.008 439.5721395348837 13.121275336576124 14.937047511312217 0.0
18 1.8 4.006 429.2 16.04410071942005 17.0 0.0
18 1.8 5.005 428.4 16.679184092196525 17.0 0.0
18 1.84 6.5035 434.52 17.0 17.0 0.0
18 1.88 0.5095 483.50312230215826 9.237636577573687 11.549794392523365 0.0
18 1.88 1.009 471.2683596330275 10.926869027550877 13.119062725306417 0.0
18 1.88 2.5075 448.8446982248521 14.454932903882357 16.0 0.0
18 1.9 5.5045 444.6 16.8888888889 17.0 0.0
18 1.92 6.004 447.68 16.6666666667 17.0 0.0
18 1.92 8.5015 446.76 17.0 17.0 0.0
18 1.94 3.5065 451.7 15.844109381770886 17.0 0.0
18 1.94 9.5005 449.82 17.0 17.0 0.0
18 1.96 6.004 452.88 17.0 17.0 0.0
18 1.96 6.5035 453.84 16.8888888889 17.0 0.0
18 1.96 8.5015 452.88 17.0 17.0 0.0
18 1.98 4.006 455.94 16.8888888889 17.0 0.0
18 2.0 4.5055 460.0 16.5555555556 17.0 0.0
20 0.0 1.5085 28.028243670886077 2.8028243670886073 4.452993827160494 0.0
20 0.02 1.5085 42.74582608695652 3.304251644736842 5.189837189374464 0.0
20 0.04 0.01 95.1016 8.298195652173913 11.04802663634887 0.0421264367816092
20 0.06 5.005 40.66 1.9 19.0 0.0
20 0.08 4.006 52.0 2.1 13.86719483568075 0.0
20 0.1 6.004 56.0 2.0 19.0 0.0
20 0.1 6.5035 55.1 1.9 19.0 0.0
20 0.1 8.5015 55.1 1.9 19.0 0.0
20 0.12 0.5095 104.12778947368422 6.4643248532289626 9.074944980531573 0.0
20 0.12 2.008 88.37953623188406 4.101455972101133 6.162810188989318 0.0
20 0.12 2.5075 86.50438461538461 3.8068890675241156 6.04722911497105 0.0
20 0.14 5.005 70.4 2.0 19.0 0.0
20 0.16 5.5045 77.6 2.0 19.0 0.0
20 0.2 3.007 98.9954960981048 2.862285447761194 8.947905027932961 0.0
20 0.24 1.5085 136.92705454545452 5.402593632958802 7.534624781849913 0.0
20 0.24 3.5065 108.68 2.3 18.0404139268507 0.0
20 0.24 9.5005 105.64 1.9 19.0 0.0
20 0.26 4.5055 115.82 2.3 19.0 0.0
20 0.26 8.002 113.6 2.0 19.0 0.0
20 0.26 9.001 112.86 1.9 19.0 0.0
20 0.3 4.5055 129.4 2.2 19.0 0.0
20 0.3 8.002 127.3 1.9 19.0 0.0
20 0.3 9.001 128.0 2.0 19.0 0.0
20 0.32 3.007 148.7805916398714 3.944559748427673 7.2524225774225775 0.0
20 0.34 5.005 143.81268249027238 2.2140428015564204 19.0 0.0
20 0.36 3.007 166.8858947368421 4.629712643678161 7.38245110821382 0.0
20 0.38 2.008 183.61946666666665 5.81320299500832 8.026598360655738 0.0
20 0.38 2.5075 182.14605607476636 5.567797202797203 7.505134074558535 0.0
20 0.42 4.5055 173.0998432403998 2.327559179379274 19.0 0.0
20 0.42 9.001 170.62 1.9 19.0 0.0
20 0.44 3.007 201.21524423963135 5.66606779661017 7.735383924562191 0.0
20 0.46 6.5035 186.79680479714213 2.2216305179892832 19.0 0.0
20 0.48 6.004 194.36 2.3 19.0 0.0
20 0.48 8.5015 193.32 2.1 19.0 0.0
20 0.5 4.5055 204.31244874048036 2.862489748096075 18.040384848484848 0.0
20 0.52 6.004 208.75928101015103 2.3248502104481306 19.0 0.0
20 0.52 6.5035 209.19207043511548 2.415014673982391 19.0 0.0
20 0.52 8.5015 207.68 2.1 19.0 0.0
20 0.56 3.007 241.03840295748614 6.123519553072626 8.125704783021856 0.0
20 0.58 6.004 231.1900686427457 2.5690639625585026 19.0 0.0
20 0.58 6.5035 231.32 2.6 19.0 0.0
20 0.58 8.5015 228.8 2.0 19.0 0.0
20 0.6 6.004 239.3035912847483 2.8258978211870773 19.0 0.0
20 0.6 6.5035 238.26806888068882 2.5670172201722017 19.0 0.0
20 0.6 8.5015 236.96302305223227 2.2407557630580683 19.0 0.0
20 0.62 5.005 248.55629411764707 3.409551083591331 18.020770586598225 0.0
20 0.64 6.004 254.01296275071633 3.00360076408787 19.0 0.0
20 0.64 6.5035 253.78233049040512 2.939536247334755 19.0 0.0
20 0.64 8.5015 251.84 2.4 19.0 0.0
20 0.66 4.006 272.5285133333333 6.216559060895085 8.225504266873545 0.0
20 0.68 5.5045 270.2584872389791 3.7057772621809746 17.60354445090064 0.0
20 0.72 6.004 290.3805360303413 5.946455823293173 7.944684479818078 0.0
20 0.72 6.5035 283.5174173913043 3.5419347826086955 10.022460658082975 0.0
20 0.72 8.5015 281.10217521367525 2.679348290598291 19.0 0.0
20 0.74 5.005 297.83339247830276 6.342971386647102 8.29330978599626 0.0
20 0.76 7.5025 297.26549880668256 3.527291169451074 17.895659251220835 0.0
20 0.76 8.002 297.15082352941175 3.4795098039215686 19.0 0.0
20 0.78 1.5085 313.6405185185185 7.599782244556113 10.102004342742609 0.0
20 0.8 5.005 317.3617170495768 6.653008385744235 8.742769376181474 0.0
20 0.82 1.5085 325.9152876712329 7.738776315789473 10.175043630017452 0.0
20 0.9 0.5095 350.55718600953895 8.28324055666004 11.000976818778248 0.0
20 0.9 1.009 350.40392351274784 8.210818897637795 10.763622448979591 0.0
20 0.9 2.008 350.0772532894737 7.982039800995025 10.408930204206035 0.0
20 0.9 2.5075 349.95791344667697 7.905694267515924 10.303984771573605 0.0
20 0.92 4.5055 355.74361459854015 7.667182705718271 10.105994461638703 0.0
20 0.94 1.5085 362.2418184357542 8.303390557939915 10.87051282051282 0.0
20 0.96 7.5025 367.9349443786982 7.837198581560283 10.193213128038899 0.0
20 0.96 8.002 367.90757507082157 7.768937677053824 10.1713927952225 0.0
20 0.96 9.001 367.8716488095238 7.679122023809524 10.070930599369085 0.0
20 0.98 4.5055 374.07673963515754 8.378674304418986 11.006466352810856 0.0
20 0.98 8.002 374.0318885542169 8.159442771084336 10.56301000769823 0.0
20 0.98 9.001 374.02278140703515 8.113655778894472 10.49385571280635 0.0
20 1.02 4.5055 385.36475627240145 8.962466019417477 11.464501718213059 0.0
20 1.02 9.001 385.2928323917138 9.32859247135843 12.021566352429296 0.0
20 1.04 1.5085 390.7833636363636 8.857529812606474 11.322903050108932 0.0
20 1.1 4.006 405.4108626760563 10.261303317535544 12.973004987531173 0.0
20 1.12 5.5045 409.1663505843072 11.402283333333333 14.023996420352852 0.0
20 1.14 1.009 417.2850512820513 9.113015075376884 11.710372465818011 0.0
20 1.16 1.5085 421.8237764471058 9.553789868667918 12.150184645286686 0.0
20 1.16 3.5065 419.57537420718813 10.951920668058456 13.401740458015267 0.0
20 1.18 5.5045 421.67105714285714 12.776350806451614 15.096964497822357 0.0
20 1.2 1.5085 431.7589156626506 9.824715596330275 12.36029867568329 0.0
20 1.22 4.006 431.8126356073211 12.296517094017094 14.631255230125523 0.0
20 1.22 5.005 429.9793761713521 13.236961770623742 15.37979934924078 0.0
20 1.26 1.009 447.81728571428573 9.638679577464789 12.215359042553192 0.0
20 1.28 4.5055 442.2019287531807 13.861675485008819 16.066048925129724 0.0
20 1.28 8.002 435.8947118193891 16.51441884816754 18.006578410766384 0.0
20 1.28 9.001 435.26015308988764 17.08464705882353 18.042387129940426 0.0
20 1.3 3.5065 448.7558877284595 13.0009375 15.20785223686653 0.0
20 1.3 9.5005 438.98246552675124 17.462860938883967 18.04737079598099 0.0
20 1.32 1.009 462.3636814159292 9.912277397260274 12.429469361970941 0.0
20 1.34 5.5045 450.57260560344827 15.67532945736434 17.16472894265233 0.0
20 1.36 3.007 462.39228996282526 13.151573896353167 15.303540606328834 0.0
20 1.38 3.5065 463.8229464594128 13.97333962264151 16.102829071969698 0.0
20 1.38 9.5005 452.96 18.23436372621695 19.0 0.0
20 1.44 4.5055 469.53625369244133 16.044234482758622 17.27809282700422 0.0
20 1.44 9.001 464.04 18.40657676789127 19.0 0.0
20 1.46 7.5025 469.24 17.96241081703107 19.0 0.0
20 1.48 0.5095 505.588268907563 9.530954003407155 12.154091539528432 0.0
20 1.48 2.008 491.4139523052464 12.676358490566036 15.070674019607843 0.0
20 1.48 2.5075 487.4218485316847 13.626789137380191 15.811283851554665 0.0
20 1.5 5.5045 477.1028125 17.384388133498145 19.0 0.0
20 1.54 2.008 502.5593447684391 13.169450757575756 15.338563968668407 0.0
20 1.56 0.5095 525.6476768982229 9.717763636363635 12.279047143926165 0.0
20 1.56 2.008 506.6922277580071 13.332408376963352 15.440792258844874 0.0
20 1.56 2.5075 501.704679245283 14.355523156089195 16.226078986835528 0.0
20 1.58 7.5025 491.36 18.609112767940356 19.0 0.0
20 1.58 8.002 490.78 18.331871222076217 19.0 0.0
20 1.58 9.001 490.2 19.0 19.0 0.0
20 1.62 7.5025 498.42 18.506869473279508 19.0 0.0
20 1.64 0.5095 544.9825616161617 9.90202772963605 12.41643435980551 0.0
20 1.64 2.008 521.3029368191721 13.872689530685921 16.077771593944792 0.0
20 1.64 2.5075 516.2077170923379 14.92195355191257 16.767975689574566 0.0
20 1.66 9.5005 506.06 18.9 19.0 0.0
20 1.68 3.007 518.0186019900497 16.10400224215247 17.334239468769454 0.0
20 1.7 3.5065 519.9947116165719 16.854453574363188 18.041169346292428 0.0
20 1.7 9.5005 513.0 19.0 19.0 0.0
20 1.72 1.009 553.3212116788321 11.714123134328357 14.169611992945326 0.0
20 1.74 4.006 525.1812544466403 17.28828901734104 18.04885865321079 0.0
20 1.76 5.005 526.68 18.137700308166412 19.0 0.0
20 1.8 1.5085 559.2695261845387 13.543512476007677 15.722810956443647 0.0
20 1.82 5.005 537.44 18.303387437104366 19.0 0.0
20 1.88 6.004 547.2 19.0 19.0 0.0
20 1.88 6.5035 547.2 19.0 19.0 0.0
20 1.88 8.5015 547.2 19.0 19.0 0.0
20 1.9 4.006 554.6069163952226 18.130000000000003 19.0 0.0
20 1.92 5.5045 554.8 19.0 19.0 0.0
20 1.94 7.5025 558.6 19.0 19.0 0.0
20 1.94 8.002 558.6 19.0 19.0 0.0
20 1.96 5.5045 564.32 18.703620841829746 19.0 0.0
20 1.98 7.003 566.2 19.0 19.0 0.0
