10 0.0 4.006 9.0 1.8 2.060940728656879 0.0
10 0.0 5.005 9.0 1.8 2.034472991104706 0.0
10 0.02 4.006 11.17520724801812 1.8 2.195352983123366 0.0
10 0.04 7.5025 13.0 1.8 3.2560615677562676 0.0
10 0.06 3.007 15.401824427480916 1.8 3.0 0.0
10 0.1 0.5095 22.859333333333332 2.672593123209169 3.8393246753246753 0.0
10 0.1 1.009 21.77359649122807 2.3319027777777777 3.2688378275731105 0.0
10 0.14 3.007 23.137367088607594 1.8967454688731284 3.178828650573803 0.0
10 0.16 6.004 21.96 1.8 8.046280568606193 0.0
10 0.16 6.5035 21.96 1.8 8.0 0.0
10 0.16 8.5015 21.96 1.8 8.028163265306123 0.0
10 0.18 6.004 23.58 1.8 9.0 0.0
10 0.18 6.5035 23.58 1.8 7.792575855390575 0.0
10 0.18 8.5015 23.58 1.8 9.0 0.0
10 0.2 4.5055 25.2 1.8 7.2089035667107 0.0
10 0.2 9.001 25.2 1.8 9.0 0.0
10 0.22 6.004 26.82 1.8 9.0 0.0
10 0.22 6.5035 26.82 1.8 9.0 0.0
10 0.24 5.005 28.44 1.8 8.035592033134364 0.0
10 0.26 1.5085 35.86735766423358 2.653992773261066 3.7358414959928763 0.0
10 0.26 10.0 30.06 1.8 9.0 0.0
10 0.28 5.5045 31.68 1.8 8.046969423377874 0.0
10 0.3 1.5085 39.21193037974684 2.8065923795830336 3.9998194945848375 0.0
10 0.3 10.0 33.3 1.8 9.0 0.0
10 0.32 4.5055 34.92 1.8 8.028312365756367 0.0
10 0.32 8.002 34.92 1.8 9.0 0.0
10 0.32 9.001 34.92 1.8 9.0 0.0
10 0.34 3.007 38.147668590272055 2.2538522954091817 4.007215025906736 0.0
10 0.36 4.5055 38.17880288847285 1.8058759026477669 7.822651933701658 0.0
10 0.36 9.001 38.16 1.8 9.0 0.0
10 0.4 6.004 41.4 1.8 9.0 0.0
10 0.4 6.5035 41.4 1.8 9.0 0.0
10 0.4 8.5015 41.4 1.8 9.0 0.0
10 0.42 10.0 43.02 1.8 9.0 0.0
10 0.44 4.5055 44.71853483146067 1.828048154093098 8.040791785303204 0.0
10 0.44 9.001 44.64 1.8 9.0 0.0
10 0.46 1.009 51.97495315024233 3.231199586349535 4.249165596919127 0.0
10 0.48 0.5095 53.92660606060606 3.3113153961136024 4.351097410604193 0.0
10 0.48 2.008 52.895428571428575 3.14368275862069 4.167124218537646 0.0
10 0.48 2.5075 52.02765697674418 3.0358772378516625 4.141307836319871 0.0
10 0.48 7.003 47.88 1.8 9.0 0.0
10 0.5 10.0 49.5 1.8 9.0 0.0
10 0.52 0.5095 56.64677826086957 3.3633623693379793 4.387904687904688 0.0
10 0.52 1.009 56.340017640573315 3.327731448763251 4.316409811156936 0.0
10 0.52 2.5075 55.32001088929219 3.2017789757412403 4.179876595147945 0.0
10 0.54 4.5055 53.414984369320244 2.093471464921847 5.3481315396113605 0.0
10 0.56 4.5055 54.81461499039077 2.006643177450352 4.429491744901263 0.0
10 0.56 8.002 54.36 1.8 9.0 0.0
10 0.56 9.001 54.36 1.8 9.0 0.0
10 0.58 0.5095 60.99855803571428 3.44714013950539 4.497173144876325 0.0
10 0.58 2.008 60.13234413965087 3.3876022453889334 4.2742502387774595 0.0
10 0.58 2.5075 59.74821260583255 3.2861876675603217 4.24263339070568 0.0
10 0.58 7.003 55.98652919331545 1.8031091396740253 9.0 0.0
10 0.6 0.5095 62.31227397260274 3.4488623507228158 4.492417967505575 0.0
10 0.6 1.009 61.99392785571142 3.4697495826377294 4.429314616019818 0.0
10 0.6 2.5075 61.275331412103746 3.344527503526093 4.271931071238231 0.0
10 0.64 0.5095 65.1490172612198 3.500451021846371 4.563561151079137 0.0
10 0.64 1.009 65.03481188118812 3.538093220338983 4.530991596638655 0.0
10 0.64 2.5075 64.35237426900585 3.427861313868613 4.315202492211838 0.0
10 0.66 5.5045 63.06688011695906 2.1569883040935673 4.5486379786814055 0.0
10 0.68 6.004 64.459675 2.037296875 5.094702674629966 0.0
10 0.68 6.5035 64.30146879535559 1.9384179970972424 5.0778472765181135 0.0
10 0.68 8.5015 64.08 1.8 9.0 0.0
10 0.7 4.5055 67.6575 3.08916307161346 4.310418392709196 0.0
10 0.72 0.5095 70.80976344086022 3.603226484498161 4.73483606557377 0.0
10 0.72 1.009 70.5882348578492 3.644553101997897 4.677671118530885 0.0
10 0.76 3.5065 72.72126558891455 3.5219951040391675 4.449701280227596 0.0
10 0.76 9.5005 70.66335064935065 1.886125541125541 6.962385321100918 0.0
10 0.78 4.006 74.10132744783306 3.502630241423126 4.468147058823529 0.0
10 0.78 5.005 73.94351751913008 3.393197139938713 4.336101163831692 0.0
10 0.8 3.007 75.75450896057347 3.6778691774033696 4.676106557377049 0.0
10 0.82 4.006 77.09706220546654 3.638421691622825 4.52126256281407 0.0
10 0.82 5.005 76.97422721437741 3.5138992974238876 4.394240291894709 0.0
10 0.92 10.0 84.2315115919629 3.5787789799072645 4.53363697705803 0.0
10 0.94 4.006 85.80342262147815 3.9989517470881863 5.081068668085583 0.0
10 0.94 5.005 85.78979825834543 3.9600704721634954 5.04584151255295 0.0
10 0.96 1.5085 87.23837342908438 4.0367204580947424 5.130702787593247 0.0
10 0.96 3.5065 87.21355555555556 4.0527254997562165 5.1173692474936585 0.0
10 0.98 1.5085 88.62032535460993 4.0627181208053695 5.138207101390576 0.0
10 0.98 10.0 88.60275533807828 4.027464412811388 5.1000830367734284 0.0
10 1.0 6.5035 90.0 4.210624737945492 5.211455808692842 0.0
10 1.0 9.5005 90.0 4.20921186440678 5.190244294439087 0.0
10 1.02 1.5085 91.20002049427366 4.120099290780142 5.169367884961055 0.0
10 1.02 10.0 91.16678987730062 4.414237447207884 5.379025744573448 0.0
10 1.04 4.006 92.34876023391813 4.34820283370619 5.328357875948237 0.0
10 1.04 5.005 92.3373387888707 4.38884440400364 5.365851851851852 0.0
10 1.08 9.5005 94.30453736991484 5.1054921422663355 6.18325411913815 0.0
10 1.1 5.5045 95.53681781376518 4.827813484562067 6.052938779667923 0.0
10 1.12 6.004 96.48159845559846 5.049739507959479 6.15109176537748 0.0
10 1.12 6.5035 96.43965933014354 5.158253521126761 6.218730650154798 0.0
10 1.12 8.5015 96.19206885245902 5.5793124368048534 6.6278804561541484 0.0
10 1.14 0.01 98.59892727272728 3.3749619978284473 4.50466621253406 0.04000666929396429
10 1.14 3.007 97.90376320272573 4.652109520846297 5.852706253284288 0.0
10 1.16 5.005 98.53224570024571 5.210678571428572 6.2482239942007975 0.0
10 1.18 8.5015 98.67863086335826 6.451749427043545 7.238728041639558 0.0
10 1.2 4.006 100.67312316715542 5.1932426778242675 6.235104296666073 0.0
10 1.26 0.01 105.97015718717684 3.3835307517084283 4.522685834502104 0.03910365335598981
10 1.28 1.5085 105.83465789473684 4.62337039204213 5.741217150760719 0.0
10 1.28 10.0 102.6 7.954186902133922 8.04957231609592 0.0
10 1.32 0.01 109.6565749486653 3.366025917926566 4.492048112261944 0.03805285540704739
10 1.32 3.007 106.68555823293173 5.459716840536513 6.4579353307623855 0.0
10 1.34 6.004 105.80958518518518 7.106007117437723 8.00922032413491 0.0
10 1.34 8.5015 105.34357421013961 7.776156405990016 8.04900147151566 0.0
10 1.36 4.5055 107.34020330578512 6.539956850053938 7.296382479468127 0.0
10 1.36 8.002 106.2 7.833617706237424 8.048715792003364 0.0
10 1.36 9.001 106.2 8.098206123329021 8.049942997719908 0.0
10 1.42 6.5035 108.9200213363279 7.685971049457177 8.046050729003495 0.0
10 1.42 9.5005 108.9 8.298302614659237 9.0 0.0
10 1.44 1.5085 113.99786988847585 4.984061855670103 6.117366244831475 0.0
10 1.44 10.0 109.8 8.496894280762564 9.0 0.0
10 1.46 3.5065 112.04779631114675 6.545330848089469 7.298907429479539 0.0
10 1.46 9.5005 110.7 8.417200682760303 9.0 0.0
10 1.5 6.004 112.55208971116731 7.87359557467732 8.049600840336135 0.0
10 1.5 6.5035 112.5 8.107512242899118 9.0 0.0
10 1.5 8.5015 112.5 8.425832332452558 9.0 0.0
10 1.52 2.008 116.7524829821718 5.619251259899208 6.667933194154489 0.0
10 1.52 2.5075 115.86233659839715 6.039481865284974 7.087723853868195 0.0
10 1.52 7.003 113.4 8.198759342301942 8.04888722030335 0.0
10 1.58 1.5085 120.56053833333333 5.3259714795008914 6.356692344727973 0.0
10 1.58 3.5065 116.94752283397355 7.0930601569311245 8.0032953544001 0.0
10 1.58 10.0 116.1 8.8 9.0 0.0
10 1.62 3.5065 118.34764861111111 7.245071707953064 8.021436296776985 0.0
10 1.62 9.5005 117.9 8.641265436028007 9.0 0.0
10 1.66 1.009 126.0904375 4.950280193236715 6.116600588310526 0.0
10 1.68 4.5055 120.6 8.000912195121952 9.0 0.0
10 1.68 9.001 120.6 8.661101713294297 9.0 0.0
10 1.7 5.005 121.5 8.260006075334143 9.0 0.0
10 1.72 0.01 134.3397771373679 3.3921510297482835 4.52299823633157 0.03232085561497326
10 1.72 3.007 123.13804286848374 7.2996592592592595 8.030691766146312 0.0
10 1.74 5.5045 123.3 8.429631067961166 9.0 0.0
10 1.76 3.007 124.96 7.42686265060241 8.038461772028906 0.0
10 1.78 2.008 127.79462056074766 6.474934565050039 7.244240317775571 0.0
10 1.78 7.003 125.1 8.64241294936947 9.0 0.0
10 1.8 4.006 126.0 7.990175182481752 9.0 0.0
10 1.8 5.005 126.0 8.366268277177369 9.0 0.0
10 1.84 6.5035 127.8 8.693515789473684 9.0 0.0
10 1.88 0.5095 139.55300607111883 4.602098399525785 5.737923041261011 0.0
10 1.88 1.009 136.42605736137665 5.32190036900369 6.350498102466793 0.0
10 1.88 2.5075 130.61342779881016 7.299952380952381 8.031047671501133 0.0
10 1.9 5.5045 130.5 8.80925611372124 9.0 0.0
10 1.92 6.004 131.4 8.602498152254249 9.0 0.0
10 1.92 8.5015 131.4 9.0 9.0 0.0
10 1.94 3.5065 132.3 8.211694444444444 9.0 0.0
10 1.94 9.5005 132.3 9.0 9.0 0.0
10 1.96 6.004 133.2 8.637058039961941 9.0 0.0
10 1.96 6.5035 133.2 8.686240772288473 9.0 0.0
10 1.96 8.5015 133.2 9.0 9.0 0.0
10 1.98 4.006 134.1 8.28354583527222 9.0 0.0
10 2.0 4.5055 135.0 8.504950183534348 9.0 0.0
12 0.0 1.5085 11.229704055535258 1.8716173425866418 3.0 0.0
12 0.0 10.0 11.0 1.83333333333 2.0756585291579963 0.0
12 0.02 1.5085 16.365589743589744 2.0414493373244715 3.0797858533419857 0.0
12 0.02 10.0 14.1 1.83333333333 4.0 0.0
12 0.04 0.01 30.49611881188119 4.2791866987167815 5.879100227790433 0.04160462441740815
12 0.06 5.005 20.269559360730593 1.83333333333 3.6757309941520466 0.0
12 0.08 4.006 22.91855782312925 1.83333333333 3.5390133073677377 0.0
12 0.1 6.004 23.1 1.83333333333 11.0 0.0
12 0.1 6.5035 23.1 1.83333333333 9.0 0.0
12 0.1 8.5015 23.1 1.83333333333 11.0 0.0
12 0.12 0.5095 36.098878048780485 3.440496794870605 5.004584764838289 0.0
12 0.12 2.008 32.573129032258066 2.4854308819810074 3.75625 0.0
12 0.12 2.5075 31.50733333333333 2.299456975770787 3.636388140161725 0.0
12 0.12 7.003 25.52 1.83333333333 11.0 0.0
12 0.14 5.005 27.94 1.83333333333 11.0 0.0
12 0.16 5.5045 30.36 1.83333333333 10.02176881255406 0.0
12 0.2 3.007 38.884836601307185 2.3070113788464477 4.1311923920994875 0.0
12 0.24 1.5085 49.50116431924883 3.1919895893603307 4.406763157894737 0.0
12 0.24 3.5065 40.8 2.0 4.911027278003482 0.0
12 0.24 9.5005 40.04 1.83333333333 11.0 0.0
12 0.26 4.5055 42.46 1.83333333333 10.048458533653847 0.0
12 0.26 8.002 42.46 1.83333333333 11.0 0.0
12 0.26 9.001 42.46 1.83333333333 11.0 0.0
12 0.3 4.5055 48.0 2.0 10.047284816029363 0.0
12 0.3 8.002 47.3 1.83333333333 11.0 0.0
12 0.3 9.001 47.3 1.83333333333 11.0 0.0
12 0.32 3.007 52.65300746268657 2.531343137255529 4.733739287325214 0.0
12 0.34 5.005 52.8 2.0 10.04971492017765 0.0
12 0.36 3.007 58.421314974182444 2.8232271520638137 4.675894308943089 0.0
12 0.38 2.008 65.49561679790025 3.535057471265069 5.004018502457358 0.0
12 0.38 2.5075 64.79213636363636 3.4052637562509473 4.717007104795737 0.0
12 0.38 7.003 56.98 1.83333333333 11.0 0.0
12 0.42 4.5055 62.55699698037242 2.0451140748205634 10.049401134692163 0.0
12 0.42 9.001 61.82 1.83333333333 11.0 0.0
12 0.44 3.007 69.72051757188498 3.2450753399487455 4.964298194525335 0.0
12 0.46 6.5035 66.66 1.83333333333 11.0 0.0
12 0.48 6.004 69.09357455268389 1.8376841514980025 11.0 0.0
12 0.48 8.5015 69.6 2.0 11.0 0.0
12 0.5 4.5055 72.20721457257602 2.0690715241933875 10.043659589889167 0.0
12 0.52 6.004 74.54183729662078 2.049249061327643 11.0 0.0
12 0.52 6.5035 73.92 1.83333333333 11.0 0.0
12 0.52 8.5015 73.92099192220218 1.8336777507613193 11.0 0.0
12 0.56 3.007 84.37083760683761 3.7299216027882593 5.107857142857143 0.0
12 0.58 6.004 81.67631209174046 2.030282576088088 11.0 0.0
12 0.58 6.5035 81.6 2.0 11.0 0.0
12 0.58 8.5015 81.18 1.83333333333 11.0 0.0
12 0.6 6.004 84.4 2.16666666667 11.0 0.0
12 0.6 6.5035 84.0 2.0 11.0 0.0
12 0.6 8.5015 84.0 2.0 11.0 0.0
12 0.62 5.005 87.15628260869565 2.331702898547457 6.3675911658962505 0.0
12 0.64 6.004 89.29835322007112 2.2307190833670294 7.394858156028369 0.0
12 0.64 6.5035 89.1720961978928 2.1722667582868165 10.048715792003364 0.0
12 0.64 8.5015 88.49646693227092 1.8594754316040951 11.0 0.0
12 0.66 4.006 95.26525937260904 3.8402077386583966 5.187360051922765 0.0
12 0.68 5.5045 94.60312338858195 2.522460098220216 5.257443408788283 0.0
12 0.72 6.004 99.4818403990025 2.643952618456744 5.406123579939042 0.0
12 0.72 6.5035 99.1034527938343 2.4187219010902177 5.455436130632493 0.0
12 0.72 8.5015 98.47115470643057 2.0423539919238043 11.0 0.0
12 0.74 5.005 103.88767852437417 3.843805159535233 5.258160744822344 0.0
12 0.76 7.5025 103.94017368762152 2.514009505293 5.396801242236025 0.0
12 0.76 8.002 103.7042211253702 2.3501535592818557 9.97872 0.0
12 0.78 1.5085 109.34 4.66666666667 6.057450549450549 0.0
12 0.78 10.0 105.38 1.83333333333 10.046969423377874 0.0
12 0.8 5.005 110.60321124361158 4.142146513118647 5.315414614121511 0.0
12 0.82 1.5085 113.56608 4.626022359520026 6.053590093160645 0.0
12 0.82 10.0 110.96970951993491 2.5275088147550933 6.238594424813506 0.0
12 0.86 7.003 117.04260093348891 4.19151358591891 5.369185910893399 0.0
12 0.9 0.5095 121.895390625 4.674595588238311 6.1274796502864035 0.0
12 0.9 1.009 121.82695175438596 4.766741606713959 6.152326642335766 0.0
12 0.9 2.008 121.73612661674609 4.7831310679598396 6.119866466821093 0.0
12 0.9 2.5075 121.69701478743069 4.750081018518515 6.112679205576746 0.0
12 0.92 4.5055 123.70250777202074 4.70165933260186 6.065703591063282 0.0
12 0.94 1.5085 125.88885226526592 4.88020616168396 6.2130457380457385 0.0
12 0.94 10.0 125.6923556701031 4.478765750285944 5.665854665565648 0.0
12 0.96 7.5025 127.86232498210451 4.759382451120273 6.088826396700412 0.0
12 0.96 8.002 127.8558605263158 4.732532894737541 6.084236997055937 0.0
12 0.96 9.001 127.84373091297384 4.682123153588763 6.0565456419654105 0.0
12 0.98 4.5055 129.96028802588998 4.997462686567113 6.249015018529354 0.0
12 0.98 8.002 129.94851203208557 4.904266934044431 6.1901551020408165 0.0
12 0.98 9.001 129.9457527027027 4.881272522520148 6.186723118709059 0.0
12 1.02 4.5055 133.78321206581353 5.204699900795463 6.488563917186987 0.0
12 1.02 9.001 133.7605252352438 5.332192028982219 6.737672493100276 0.0
12 1.04 1.5085 135.5824397790055 5.084377719757997 6.408795147504825 0.0
12 1.04 10.0 135.40815648854962 5.697540533115592 7.1377492246344705 0.0
12 1.06 7.003 137.0938878504673 5.747222222222334 7.1734375 0.0
12 1.1 4.006 140.49064383561645 5.719659259260473 7.1500311041990665 0.0
12 1.12 5.5045 141.79002684563758 6.210431985295701 7.605279624560032 0.0
12 1.14 1.009 144.41606436233613 5.167651052277565 6.500729201193239 0.0
12 1.16 1.5085 145.967802672148 5.3915189873396026 6.913314606741573 0.0
12 1.16 3.5065 145.26311889862328 6.032541899441991 7.395037016726076 0.0
12 1.16 10.0 143.53048144624168 8.188002544531741 9.179756388190123 0.0
12 1.18 5.5045 146.0051419939577 6.906252332958185 8.220756050167815 0.0
12 1.2 1.5085 149.29872210953346 5.497857413727678 7.023651068746389 0.0
12 1.2 10.0 145.73165706051873 8.83970620719803 9.746261261261262 0.0
12 1.22 4.006 149.33923697916666 6.702366565963637 8.115350476439108 0.0
12 1.22 5.005 148.77729203539823 7.226909722223146 8.431326327747799 0.0
12 1.26 1.009 154.62852341597795 5.4116666666649 7.000814728600148 0.0
12 1.28 4.5055 152.89776559546314 7.532790574530706 8.922385528547203 0.0
12 1.28 8.002 151.0792113821138 9.153075207141367 10.020982501700365 0.0
12 1.28 9.001 150.56413671874998 9.454422764226731 10.042965940342713 0.0
12 1.3 3.5065 154.9900688976378 7.077475769070239 8.345763114170424 0.0
12 1.3 9.5005 151.8107917109458 9.739449838188124 10.04957231609592 0.0
12 1.32 1.009 159.58403143418468 5.517114093960074 7.055579476139218 0.0
12 1.34 5.5045 155.87241501294218 8.67807816930219 9.516217063989963 0.0
12 1.36 3.007 159.51625597269626 7.147583892620402 8.368502202643171 0.0
12 1.38 3.5065 160.01992425793244 7.69685271318042 9.036956346973229 0.0
12 1.38 9.5005 157.08 10.40491340359544 11.0 0.0
12 1.44 4.5055 162.57549908256883 8.834944190762807 9.885828449653703 0.0
12 1.44 9.001 161.04 10.350085717317066 11.0 0.0
12 1.46 7.5025 162.82 10.174628061371417 11.0 0.0
12 1.48 0.5095 174.00894821634063 5.28624031007607 6.757780979827089 0.0
12 1.48 2.008 169.41663768115941 6.850118098609343 8.18960683209797 0.0
12 1.48 2.5075 168.18777981651377 7.418580114447584 8.645458231954581 0.0
12 1.5 5.5045 165.0 9.673953958628022 10.049372598463016 0.0
12 1.54 2.008 173.225484375 7.197625968994343 8.42096996417746 0.0
12 1.54 7.003 167.6648140569395 10.389942014133357 11.0 0.0
12 1.56 0.5095 180.55999024390243 5.378934993081949 6.964060606060606 0.0
12 1.56 2.008 174.59945833333333 7.286384111382656 8.511697247706422 0.0
12 1.56 2.5075 173.13359384615384 7.851770025836829 9.075377015080603 0.0
12 1.58 7.5025 170.28 10.695166100099467 11.0 0.0
12 1.58 8.002 170.28 10.539329792996016 11.0 0.0
12 1.58 9.001 170.28 10.6666666667 11.0 0.0
12 1.62 7.5025 172.92 10.577319529320736 11.0 0.0
12 1.64 0.5095 187.1748097928437 5.474540836263657 7.055500177999288 0.0
12 1.64 2.008 179.707175879397 7.5696787148608315 9.001770863206195 0.0
12 1.64 2.5075 178.02299813084113 8.231206679269812 9.19561736770692 0.0
12 1.66 9.5005 175.56 10.834476468218375 11.0 0.0
12 1.68 3.007 178.17978837209304 8.875063291136742 10.0 0.0
12 1.7 3.5065 179.74857818181817 9.350915654161483 10.038782819851267 0.0
12 1.7 9.5005 178.2 10.84041233265636 11.0 0.0
12 1.72 1.009 190.29070941883768 6.3964609800342265 8.0 0.0
12 1.74 4.006 181.58 9.890735546203206 10.049971499714998 0.0
12 1.76 5.005 182.16 10.3539435210542 11.0 0.0
12 1.8 1.5085 192.02485695276116 7.418652410045895 8.669357565511412 0.0
12 1.8 10.0 184.8 11.0 11.0 0.0
12 1.82 5.005 186.12 10.67408893507568 11.0 0.0
12 1.88 6.004 190.08 10.569185906699744 11.0 0.0
12 1.88 6.5035 190.08 10.8333333333 11.0 0.0
12 1.88 8.5015 190.08 11.0 11.0 0.0
12 1.9 4.006 191.40140366972477 10.18277519382534 11.0 0.0
12 1.92 5.5045 192.72 10.56352897290502 11.0 0.0
12 1.94 7.5025 194.04 11.0 11.0 0.0
12 1.94 8.002 194.04 11.0 11.0 0.0
12 1.96 5.5045 195.36 10.6666666667 11.0 0.0
12 1.98 7.003 196.68 10.837548606162427 11.0 0.0
14 0.0 4.5055 13.0 1.85714285714 3.0 0.0
14 0.0 8.002 13.0 1.85714285714 3.0 0.0
14 0.0 9.001 13.0 1.85714285714 3.0 0.0
14 0.02 4.5055 17.4 1.85714285714 3.1932615200478756 0.0
14 0.02 8.002 18.096060422960726 1.85714285714 4.0 0.0
14 0.02 9.001 17.18 1.85714285714 9.0 0.0
14 0.04 0.5095 34.811152941176466 3.91678571428405 5.560506822612086 0.0
14 0.04 1.009 29.608698412698413 3.0135548703896737 4.442212993177098 0.0
14 0.04 2.5075 24.743107142857145 2.0906102930031785 3.3037310606060606 0.0
14 0.06 1.5085 31.905692307692306 2.6751683501718535 4.123673524634542 0.0
14 0.06 3.5065 27.186377104377105 1.9604099025966109 3.898736263736264 0.0
14 0.06 9.5005 23.14 1.85714285714 13.0 0.0
14 0.08 1.5085 36.59909803921569 2.8558156129556793 4.225539889344994 0.0
14 0.08 10.0 26.52 1.85714285714 13.0 0.0
14 0.12 6.004 33.28 1.85714285714 13.0 0.0
14 0.12 8.5015 33.28 1.85714285714 13.0 0.0
14 0.14 3.5065 37.52 2.0 4.724668304668304 0.0
14 0.14 9.5005 36.66 1.85714285714 13.0 0.0
14 0.2 5.005 46.8 1.85714285714 13.0 0.0
14 0.24 7.5025 53.56 1.85714285714 13.0 0.0
14 0.24 8.002 53.56 1.85714285714 13.0 0.0
14 0.24 9.001 53.56 1.85714285714 13.0 0.0
14 0.26 0.01 76.21444137931034 5.288620149639065 7.137377938517179 0.04383284519460129
14 0.26 3.007 60.973371237458196 2.572743425729955 5.165540057224606 0.0
14 0.28 2.008 73.48246494464945 3.7688606656175763 5.205193720774883 0.0
14 0.28 7.003 60.32 1.85714285714 13.0 0.0
14 0.3 3.007 68.7236733238231 2.86506389252679 5.273711111111111 0.0
14 0.32 5.005 67.76 2.0 13.0 0.0
14 0.34 3.5065 72.34497324414716 2.2651457238381187 8.160719874804382 0.0
14 0.34 9.5005 70.46 1.85714285714 13.0 0.0
14 0.36 5.005 74.48 2.0 13.0 0.0
14 0.42 3.007 94.4190071942446 4.023829830440115 5.413033049040512 0.0
14 0.44 5.005 87.92 2.0 13.0 0.0
14 0.48 5.5045 94.12 1.85714285714 13.0 0.0
14 0.52 5.5045 101.36 2.0 13.0 0.0
14 0.54 5.005 105.73336833936885 2.3147106643965603 13.0 0.0
14 0.56 5.005 108.83962785388127 2.246632420088993 12.047743196511803 0.0
14 0.58 5.5045 111.56631010613752 2.0429626211360694 12.049115695282707 0.0
14 0.6 5.5045 115.71233628318583 2.325834386848603 11.760421545667448 0.0
14 0.62 1.5085 127.12118518518518 4.941362673569079 6.391664447403462 0.0
14 0.62 3.5065 125.3442974137931 4.461359654245227 6.075116219008264 0.0
14 0.62 10.0 117.80320416280718 1.8658662266165542 13.0 0.0
14 0.64 5.5045 123.44520866873064 2.7639716939425356 6.081544117647059 0.0
14 0.66 7.003 125.24982421420256 2.1553883252974244 13.0 0.0
14 0.7 5.005 135.68024916943523 3.939526871840775 6.107638128032556 0.0
14 0.72 5.5045 137.80890716180372 3.4535240621438223 6.022611195670557 0.0
14 0.74 1.5085 144.80316775599127 5.246132339233481 6.973899939722725 0.0
14 0.74 3.5065 143.77089164598843 4.891683646515078 6.26418467583497 0.0
14 0.74 10.0 138.58 2.14285714286 12.042097462113192 0.0
14 0.76 0.01 148.61747723440135 5.315909090905409 7.16003979739508 0.0456482430233259
14 0.78 8.002 146.26276399394857 2.7940025934733925 6.456672694394213 0.0
14 0.78 9.001 145.86884881209502 2.538213514348188 11.937070707070706 0.0
14 0.8 1.5085 153.46829943043124 5.4005449189965375 7.061193447737909 0.0
14 0.8 3.5065 152.82584633160025 5.1003828483940445 6.502630734680783 0.0
14 0.8 9.5005 149.125036900369 2.5178835002639315 6.362231947483589 0.0
14 0.82 8.002 154.5239347181009 4.193598982620074 6.021050684424713 0.0
14 0.82 9.001 153.27816438356163 3.204892367905822 6.122041489863272 0.0
14 0.84 2.008 159.09951091703059 5.408521043270251 7.065058535957803 0.0
14 0.84 2.5075 159.0317117384844 5.365521643260627 7.035592200288878 0.0
14 0.84 7.003 158.27468343815514 4.8104384337461825 6.195838607594936 0.0
14 0.86 4.5055 161.60297089783282 5.1694354051430835 6.580853391684902 0.0
14 0.88 2.008 164.9077408123791 5.536116071429294 7.145378548895899 0.0
14 0.88 2.5075 164.84061354581672 5.491691913306755 7.112790697674418 0.0
14 0.88 7.003 164.36018171620864 4.995878840832887 6.355429579239103 0.0
14 0.9 6.004 167.4493744987971 5.206291463953688 6.671031578947368 0.0
14 0.9 6.5035 167.42093309859155 5.170420070013147 6.504320785597382 0.0
14 0.9 8.5015 167.28557199211045 4.979388560157378 6.345072735804786 0.0
14 0.92 3.007 170.5877058326289 5.58659292950349 7.1571428571428575 0.0
14 0.94 4.5055 173.4226635135135 5.568813303100394 7.163123609787099 0.0
14 0.94 8.002 173.31798775510205 5.328513159169145 6.973004265691651 0.0
14 0.94 9.001 173.30036581552892 5.286359925784224 6.917014084507042 0.0
14 0.96 0.01 176.45440465116278 5.327888589394581 7.1636416408668735 0.04659641728134879
14 0.98 0.01 179.22574657534247 5.312806681743255 7.154219330855018 0.0467112194828261
14 0.98 3.007 179.1844840871022 5.868242945323644 7.417802703480011 0.0
14 1.02 3.007 184.51021721854306 6.048563372718479 7.779001976284585 0.0
14 1.04 4.5055 186.93216978776528 6.325722163862061 8.092066420664207 0.0
14 1.04 8.002 186.82991180654338 6.628184491567337 8.293709677419354 0.0
14 1.04 9.001 186.7924463768116 6.7224924012196805 8.368921832884096 0.0
14 1.06 4.5055 189.2979945725916 6.504901051329721 8.198924927113703 0.0
14 1.1 10.0 192.8019528301887 8.42867883995561 10.100837621155916 0.0
14 1.14 3.5065 198.3985659090909 7.033542319749887 8.841973333333334 0.0
14 1.14 9.5005 196.45295563770793 9.292663043474114 10.776217494089835 0.0
14 1.16 7.5025 198.82318279569893 9.00551640010854 10.404942559444295 0.0
14 1.16 8.002 198.71947094188377 9.188412698413279 10.56160084626234 0.0
14 1.16 9.001 198.31186538461537 9.46133877550943 11.027977416647593 0.0
14 1.18 4.006 202.33396546762592 7.645739992658075 9.27137412661444 0.0
14 1.2 4.5055 203.8934273318872 8.17921928817555 9.985749235474007 0.0
14 1.2 8.002 202.089286287089 9.857753216757299 11.126568527918781 0.0
14 1.2 9.001 201.52058991436726 10.268318884274617 11.283261879242586 0.0
14 1.22 1.5085 208.47827397260275 6.611214205729308 8.281152433425161 0.0
14 1.22 10.0 202.85668250825083 10.894666969218372 12.012680052378874 0.0
14 1.24 0.5095 212.0072883435583 6.0177811550155536 7.78963963963964 0.0
14 1.24 2.008 210.2211012987013 7.004838217338314 8.799031600407748 0.0
14 1.24 2.5075 209.64377242888403 7.324221453283681 9.091364082433758 0.0
14 1.24 7.003 205.77088095238094 10.056192261363758 11.175883853723727 0.0
14 1.26 6.5035 207.84809760000002 10.082826384167022 11.195685107534153 0.0
14 1.28 3.007 213.0578091286307 7.9896965010630066 9.637443111294994 0.0
14 1.3 7.5025 210.50949229374433 11.04599699776211 12.02083114313101 0.0
14 1.32 9.5005 211.12 11.80976268794602 12.049401134692163 0.0
14 1.34 4.006 217.05338228614687 9.359250302294646 10.921476888387824 0.0
14 1.36 5.005 217.24389514563106 10.309708344578382 11.265382048715383 0.0
14 1.38 7.5025 217.6427518948964 11.588664671885304 12.044265708939458 0.0
14 1.4 0.5095 231.238860898138 6.203395661929523 8.050363881401617 0.0
14 1.4 2.008 226.69454545454548 7.857258597880744 9.489431704885344 0.0
14 1.4 2.5075 225.24023278370512 8.432227707496331 10.090928428428429 0.0
14 1.44 3.007 227.49102325581396 9.28609884631391 10.782257293161166 0.0
14 1.48 6.004 226.25193721973093 11.633103382187882 13.0 0.0
14 1.48 6.5035 226.64 11.99626597891792 13.0 0.0
14 1.48 8.5015 225.68 12.369931887446004 13.0 0.0
14 1.5 4.006 230.22050123253902 10.556055900598697 11.569363348575449 0.0
14 1.52 5.5045 229.84 11.739164179108812 12.04811530599976 0.0
14 1.56 6.004 233.5840056955717 11.969039534310381 13.0 0.0
14 1.56 6.5035 232.96 12.210059650203014 13.0 0.0
14 1.56 8.5015 232.96 12.7142857143 13.0 0.0
14 1.58 0.01 256.6860130378097 5.35433220625237 7.1664783794312426 0.039540808589366414
14 1.58 3.007 238.98929286474973 10.177944644437412 11.241794103736403 0.0
14 1.6 2.008 244.8758686440678 8.95894409937806 10.424294101202126 0.0
14 1.6 2.5075 243.08530035335687 9.628491441371951 11.056533398342273 0.0
14 1.6 7.003 237.2 12.452715550677908 13.0 0.0
14 1.64 6.004 241.52 12.154874480803809 13.0 0.0
14 1.64 6.5035 240.88 12.303498789337295 13.0 0.0
14 1.64 8.5015 240.24 12.723019070008714 13.0 0.0
14 1.68 5.005 244.56 12.066555851083796 13.0 0.0
14 1.7 7.5025 245.7 13.0 13.0 0.0
14 1.72 3.5065 248.24 11.391838727696122 12.049286979495031 0.0
14 1.72 9.5005 247.52 13.0 13.0 0.0
14 1.76 1.5085 262.39026666666666 8.846528803542725 10.277850615812476 0.0
14 1.76 3.5065 253.3284984345648 11.333538796229213 12.041604624417408 0.0
14 1.76 9.5005 251.16 13.0 13.0 0.0
14 1.8 8.002 254.8 12.862156068089911 13.0 0.0
14 1.8 9.001 254.8 13.0 13.0 0.0
14 1.82 1.5085 267.71411278952667 9.014204729511135 10.436522511848342 0.0
14 1.82 3.5065 258.26 11.698823683188317 12.048630054677643 0.0
14 1.82 10.0 256.62 13.0 13.0 0.0
14 1.86 4.006 261.12 12.115964590999381 13.0 0.0
14 1.88 5.5045 262.08 12.591320672160533 13.0 0.0
14 1.9 7.003 263.9 13.0 13.0 0.0
14 1.92 4.006 266.64 12.272994269331775 13.0 0.0
14 1.94 0.01 302.3941111111111 5.354362280875588 7.187552114353782 0.03429799951207612
14 1.98 4.5055 271.18 12.407719410656524 13.0 0.0
14 2.0 5.005 273.0 13.0 13.0 0.0
16 0.0 0.01 50.30092735703246 6.287615919629057 8.34968820861678 0.041575618171362856
16 0.0 3.007 15.0 1.875 3.0 0.0
16 0.02 3.007 23.435329192546586 1.9710535714285715 3.1738154332129964 0.0
16 0.04 6.004 26.4 1.875 9.0 0.0
16 0.04 6.5035 24.52 1.875 14.0 0.0
16 0.04 8.5015 24.52 1.875 14.0 0.0
16 0.06 7.5025 28.5 1.875 15.0 0.0
16 0.06 8.002 28.5 1.875 15.0 0.0
16 0.06 9.001 29.28 1.875 14.0 0.0
16 0.08 4.5055 35.818962162162165 1.8765072315673637 9.039369926555857 0.0
16 0.08 8.002 33.0 1.875 15.0 0.0
16 0.08 9.001 33.0 1.875 15.0 0.0
16 0.12 5.5045 42.88 2.0 14.014308836803934 0.0
16 0.14 7.5025 46.5 1.875 15.0 0.0
16 0.16 2.008 67.71440909090909 3.6027235965746907 5.226617140786375 0.0
16 0.16 7.003 51.0 1.875 15.0 0.0
16 0.18 2.008 72.72436111111111 3.7380875 5.337482419127989 0.0
16 0.18 2.5075 71.56882142857143 3.5251078301260783 5.212615003538571 0.0
16 0.18 7.003 55.5 1.875 15.0 0.0
16 0.2 3.5065 61.86668283808369 2.1590954133635334 13.397516688918557 0.0
16 0.2 9.5005 60.0 1.875 15.0 0.0
16 0.22 2.008 82.29474074074074 3.976347222222222 5.698759623609923 0.0
16 0.22 2.5075 80.0749756097561 3.6440403761061946 5.453444737613603 0.0
16 0.22 7.003 64.5 1.875 15.0 0.0
16 0.24 0.01 97.04998561151079 6.294387393767705 8.34288520909346 0.04406375464122921
16 0.26 5.005 74.24 2.0 15.0 0.0
16 0.3 5.005 83.9 2.125 15.0 0.0
16 0.32 3.5065 89.81710308894678 2.3928498325269816 14.046711219482827 0.0
16 0.32 9.5005 87.0 1.875 15.0 0.0
16 0.34 7.5025 91.5 1.875 15.0 0.0
16 0.34 8.002 92.16 2.0 15.0 0.0
16 0.36 3.5065 100.04502791145332 2.665044513955727 14.015595759893065 0.0
16 0.36 9.5005 96.0 1.875 15.0 0.0
16 0.38 5.5045 100.5 1.875 15.0 0.0
16 0.4 2.008 121.57109404990403 4.811557412167952 6.421143326039387 0.0
16 0.4 2.5075 120.38264957264958 4.590107025246981 6.227310844291976 0.0
16 0.4 7.003 105.6 2.0 15.0 0.0
16 0.42 5.005 110.08 2.0 15.0 0.0
16 0.44 1.5085 130.787 5.108949359720605 7.01198625935468 0.0
16 0.44 3.5065 118.30416252821671 2.8357505643340857 7.659150943396226 0.0
16 0.44 9.5005 114.56 2.0 15.0 0.0
16 0.48 4.006 125.80324599434496 2.5488572101790763 14.0476 0.0
16 0.5 5.005 129.13237121408233 2.2830928035205797 15.0 0.0
16 0.54 1.5085 151.19506470588234 5.412258403361345 7.143755324586812 0.0
16 0.54 3.5065 143.4943 3.775625 6.520548397753552 0.0
16 0.54 10.0 136.96 2.0 15.0 0.0
16 0.56 3.5065 152.4254954407295 4.9083670610211705 6.423014541387024 0.0
16 0.56 9.5005 141.44 2.0 15.0 0.0
16 0.58 4.006 152.6673396226415 4.0067169540229886 6.483105164903547 0.0
16 0.62 7.5025 155.50260154905334 2.2048031411359723 15.0 0.0
16 0.62 8.002 155.35306164016436 2.1556123816330177 15.0 0.0
16 0.62 9.001 154.88 2.0 15.0 0.0
16 0.66 4.5055 171.6586243902439 4.805212066905615 6.5343938379102475 0.0
16 0.68 2.008 178.39796721311475 5.666263321492007 7.347454723445913 0.0
16 0.68 7.003 169.60563005780347 2.5021992413294796 15.0 0.0
16 0.7 1.5085 182.90485924112608 5.861631736526946 7.649622483221476 0.0
16 0.7 3.5065 181.26830645161291 5.39868103910016 7.083017230692946 0.0
16 0.7 10.0 173.1 2.125 15.0 0.0
16 0.74 7.5025 184.05081004366812 3.101350982532751 6.780792515134838 0.0
16 0.74 8.002 182.49691186071817 2.354284548422198 14.020103970046724 0.0
16 0.74 9.001 182.9189208874006 2.557173503557974 15.0 0.0
16 0.76 0.5095 195.30969375 6.25913130733945 8.22173544973545 0.0
16 0.76 1.009 194.87230952380952 6.149059278350515 8.111993056651412 0.0
16 0.78 0.01 199.50852509652512 6.329844798657718 8.396906906906906 0.046912056822969964
16 0.78 3.007 197.5254246284501 5.764480542043086 7.409535655058043 0.0
16 0.8 7.5025 200.10103419516264 5.060499191592562 6.599256651017214 0.0
16 0.8 8.002 198.05408888888888 3.7838055555555554 6.510885486018642 0.0
16 0.82 0.01 206.9401059602649 6.294970538720539 8.353246376811594 0.04711280955676587
16 0.82 3.007 205.5482521994135 5.929871495327103 7.666402337228715 0.0
16 0.84 6.004 208.6964089272858 5.535518707482993 7.166726442777959 0.0
16 0.84 8.5015 208.25150054288815 5.193508064516129 6.8602833158447005 0.0
16 0.88 6.004 216.75079970215936 5.776044642857143 7.3831063383970665 0.0
16 0.88 8.5015 216.4841385119326 5.503834033613446 7.096920266214276 0.0
16 0.9 5.5045 220.74978011472274 5.929151162790697 7.653404710920771 0.0
16 0.92 5.005 224.7373102253033 6.143792301184433 8.07525120440468 0.0
16 0.94 0.01 228.97909615384617 6.307033582089552 8.3553253574555 0.047084135772749156
16 0.94 3.007 228.7292403560831 6.484206298200514 8.322538347352795 0.0
16 0.96 1.009 232.590912568306 6.654735047219307 8.596216848673947 0.0
16 1.0 0.5095 240.0 6.6356813246471225 8.61037851037851 0.0
16 1.0 2.008 240.0 6.832028301886792 8.839061676331049 0.0
16 1.0 2.5075 240.0 6.85766289893617 8.927648428405123 0.0
16 1.0 7.003 240.0 6.884363251879699 9.004000949780364 0.0
16 1.02 5.005 243.33295761381476 7.097264588859416 9.122554347826087 0.0
16 1.04 0.01 246.82490189328743 6.332279286926995 8.394572217111316 0.04722748743869784
16 1.04 3.007 246.641447667087 7.133130202140309 9.137024281040125 0.0
16 1.08 0.5095 253.47869288956127 6.759758522727273 8.866721672167216 0.0
16 1.08 2.008 253.21467535853975 7.22587037037037 9.20183541750706 0.0
16 1.08 2.5075 253.12734545454546 7.343061594202899 9.289766221374046 0.0
16 1.08 7.003 252.35667988668555 8.466686698717949 10.389517280776921 0.0
16 1.1 4.5055 255.71294805194805 8.101539408866994 10.148754266211604 0.0
16 1.1 9.001 254.60385529157668 9.578909861325116 11.37512129380054 0.0
16 1.12 2.008 259.5610441558442 7.45224175035868 9.396703296703297 0.0
16 1.12 7.003 257.6845596707819 9.377416871921183 11.249990155542429 0.0
16 1.14 7.5025 260.02024536082473 10.015823412698413 12.010757831551304 0.0
16 1.16 0.01 267.2779932885906 6.330064102564102 8.388682077454218 0.04536054503798384
16 1.16 3.007 265.0197845705968 8.193511029411765 10.210787000783085 0.0
16 1.18 10.0 263.5512799227799 12.04786547911548 13.20731939163498 0.0
16 1.2 3.007 270.6627816411683 8.566071428571428 10.527878787878787 0.0
16 1.22 8.002 268.665511528608 11.908909254807693 13.175379648451512 0.0
16 1.22 9.001 268.4558035596572 12.322945402298851 13.426671974522293 0.0
16 1.24 6.004 272.70460036166367 11.127538002171553 12.74518484710178 0.0
16 1.24 6.5035 271.86951904243745 11.431200657894736 13.046992098881327 0.0
16 1.24 8.5015 270.5491505300354 12.531876899696048 13.577966689798751 0.0
16 1.28 5.005 278.1262803386642 11.02834249084249 12.600267686424473 0.0
16 1.34 10.0 281.14 14.122156690140844 15.0 0.0
16 1.36 3.5065 290.02775474452557 10.689751838235294 12.301256388415673 0.0
16 1.36 9.5005 283.56 14.068881777108434 15.0 0.0
16 1.4 6.004 289.97687671232876 13.051577253218884 14.039307708643024 0.0
16 1.4 6.5035 289.7828444161629 13.33672825070159 14.049172796877345 0.0
16 1.4 8.5015 288.8 14.051428012519562 15.0 0.0
16 1.42 0.5095 308.7789375 7.283703125 9.268701754385965 0.0
16 1.42 2.008 301.9802874692875 9.443999261447562 11.283077948034643 0.0
16 1.42 2.5075 300.03169565217394 10.041960580912862 12.013502152962888 0.0
16 1.42 7.003 291.4039634317862 13.680371823617339 15.0 0.0
16 1.44 5.005 295.15353503893215 12.763497706422019 14.003201233907268 0.0
16 1.46 0.5095 315.1075483870968 7.338280031201248 9.332204724409449 0.0
16 1.46 1.009 312.16943931623933 8.128842703349282 10.174008331823945 0.0
16 1.46 2.5075 304.8179826839827 10.31941027496382 12.124538026398492 0.0
16 1.48 5.5045 299.57178480492814 13.185663265306122 14.040530222693532 0.0
16 1.5 10.0 300.5 14.540675698998964 15.0 0.0
16 1.52 4.006 306.6504775981524 12.46754778972521 13.52643861892583 0.0
16 1.56 5.5045 308.32 13.788858457493427 15.0 0.0
16 1.58 1.009 329.18081673881676 8.547422480620154 10.513759213759213 0.0
16 1.6 8.5015 312.0 15.0 15.0 0.0
16 1.62 0.5095 339.78936328125 7.632934227330779 9.653116883116883 0.0
16 1.62 1.009 334.6699726495727 8.6580223880597 10.621609290750726 0.0
16 1.62 2.5075 323.08209497716894 11.436365273775216 13.048430066603235 0.0
16 1.64 5.5045 317.6531390220518 14.135543397626114 15.0 0.0
16 1.68 1.5085 337.0666607142857 9.977196734059097 11.846807387862796 0.0
16 1.68 3.5065 325.747155654102 12.991608635097492 14.022493517718237 0.0
16 1.68 9.5005 321.6 14.875 15.0 0.0
16 1.7 0.01 359.52500863557856 6.35183506044905 8.393753846153846 0.03971555932922947
16 1.72 7.5025 326.4 15.0 15.0 0.0
16 1.74 4.5055 329.54 13.928071550741164 15.0 0.0
16 1.76 7.5025 331.2 14.75 15.0 0.0
16 1.76 8.002 331.2 14.875 15.0 0.0
16 1.76 9.001 331.2 14.757279627469693 15.0 0.0
16 1.78 4.006 334.38 13.933631137352393 15.0 0.0
16 1.8 0.01 376.46024221453285 6.36672138836773 8.412133627481879 0.03933685232374712
16 1.8 3.007 341.0509894593676 13.102717391304347 14.038695282617935 0.0
16 1.82 7.5025 338.4 14.875 15.0 0.0
16 1.82 8.002 338.4 15.0 15.0 0.0
16 1.82 9.001 338.4 15.0 15.0 0.0
16 1.84 0.5095 372.7318731836196 7.962540650406504 10.081019358741681 0.0
16 1.84 2.008 350.42409375 11.755411668484188 13.14475 0.0
16 1.84 2.5075 346.6513594771242 12.447731164383562 13.518610499842817 0.0
16 1.84 7.003 341.64 14.75 15.0 0.0
16 1.86 1.5085 358.31107417582416 10.727000734214391 12.329779657244602 0.0
16 1.86 10.0 343.2 15.0 15.0 0.0
16 1.9 4.5055 348.9 14.375 15.0 0.0
16 1.92 10.0 350.4 15.0 15.0 0.0
16 1.94 0.5095 387.20503622047244 8.110661764705883 10.150274773976246 0.0
16 1.94 1.009 376.39046995708156 9.732002314814816 11.526753335614096 0.0
16 1.96 2.008 363.84207597895966 12.259722222222223 13.363118811881188 0.0
16 1.96 7.003 355.2 15.0 15.0 0.0
16 2.0 1.5085 374.29247685185186 11.318163329161452 13.002133817986 0.0
16 2.0 3.5065 361.0 14.015655809859155 15.0 0.0
16 2.0 10.0 360.0 15.0 15.0 0.0
18 0.02 5.005 25.28 1.88888888889 4.0 0.0
18 0.04 5.5045 32.08 1.88888888889 9.0 0.0
18 0.06 0.01 80.46210447761193 7.265461601304535 9.615454941227688 0.04186560164594112
18 0.08 3.007 52.943400000000004 2.721577311580096 5.056333731264093 0.0
18 0.1 2.008 64.7944696969697 3.4975236233298768 5.272312103215237 0.0
18 0.1 2.5075 63.22006993006993 3.2461228829625273 5.189893083862345 0.0
18 0.1 7.003 45.9 1.88888888889 17.0 0.0
18 0.12 4.006 54.24300499563873 2.11499807169879 15.090924491771538 0.0
18 0.14 0.01 99.86747368421052 7.2668777585849345 9.629676025917927 0.04183661119515885
18 0.2 7.5025 74.8 1.88888888889 17.0 0.0
18 0.2 8.002 74.8 1.88888888889 17.0 0.0
18 0.22 8.5015 80.58 1.88888888889 17.0 0.0
18 0.24 1.009 113.25397647058823 5.2973410576322015 7.331529528045466 0.0
18 0.26 3.5065 94.63528 2.2635555555529203 16.0304246655032 0.0
18 0.26 9.5005 92.14 1.88888888889 17.0 0.0
18 0.3 3.5065 106.71881962864721 2.3680666077180996 16.048944349340783 0.0
18 0.3 9.5005 103.7 1.88888888889 17.0 0.0
18 0.32 7.5025 109.48 1.88888888889 17.0 0.0
18 0.34 0.01 148.27043537414966 7.258762497639367 9.60420658059142 0.044092610480560256
18 0.36 7.5025 122.32 2.11111111111 17.0 0.0
18 0.36 8.002 121.04 1.88888888889 17.0 0.0
18 0.38 4.006 130.2597738336714 2.505335812486341 17.0 0.0
18 0.42 1.5085 160.6603024390244 5.674248258162407 7.604696449026346 0.0
18 0.42 3.5065 144.215763502455 3.0068512456809646 16.039569938129322 0.0
18 0.42 9.5005 138.38 1.88888888889 17.0 0.0
18 0.44 7.5025 144.72 2.0 17.0 0.0
18 0.44 8.002 144.72 2.0 17.0 0.0
18 0.46 0.5095 174.54728571428572 6.558056304287138 8.84531506849315 0.0
18 0.46 2.008 170.1207837837838 5.570891158248159 7.363790058036841 0.0
18 0.46 2.5075 169.11063050847457 5.408815814123699 7.199981074943225 0.0
18 0.5 1.5085 181.430496054115 5.926122685185924 8.048652519203229 0.0
18 0.5 3.5065 168.02584925690022 3.339077612641101 8.691946308724832 0.0
18 0.52 2.008 185.95476777251184 5.79579314040933 7.827806652806653 0.0
18 0.54 7.5025 174.46829723380068 2.229057302848116 17.0 0.0
18 0.54 8.002 174.04943953634086 2.1278839459747725 17.0 0.0
18 0.54 9.001 174.44 2.22222222222 17.0 0.0
18 0.56 7.5025 180.16 2.22222222222 17.0 0.0
18 0.6 2.008 206.62361596009976 6.075210970463383 8.081251758087202 0.0
18 0.62 0.01 216.00535384615384 7.33333333333 10.0 0.08761650375085248
18 0.62 3.007 210.4665785876993 5.809569260892751 7.598967100229533 0.0
18 0.64 2.008 216.83941463414635 6.163652295827315 8.13833998669328 0.0
18 0.7 7.5025 221.70352118644067 2.779081920906164 17.0 0.0
18 0.7 8.002 221.1013676731794 2.5560621011819933 17.0 0.0
18 0.7 9.001 220.443391959799 2.3123673925150228 17.0 0.0
18 0.72 2.008 237.20192207792206 6.458871701543571 8.431322718922228 0.0
18 0.72 2.5075 236.79861818181817 6.3246870109513695 8.235946655890078 0.0
18 0.74 0.01 244.63252605459056 7.3044114615512745 9.66849750340445 0.04745676041510002
18 0.74 3.007 241.47791194968553 6.229793805824566 8.20958288385473 0.0
18 0.76 6.004 244.43154545454544 5.472509839537613 7.426549437878351 0.0
18 0.76 6.5035 242.695875 4.692136752139831 7.307118301314459 0.0
18 0.76 8.5015 238.81669852941178 2.8966196895435172 17.0 0.0
18 0.78 1.009 253.1503442879499 7.007492601560323 9.197721615929542 0.0
18 0.8 0.01 258.8405006587615 7.318629407847778 9.699334284355682 0.04808669251811104
18 0.82 1.009 262.92897076023394 7.112245696399503 9.289877450980391 0.0
18 0.84 5.5045 265.9700777251185 6.1897975308622994 8.093293154072013 0.0
18 0.86 4.006 271.45693762183237 6.561308663394577 8.457552334943639 0.0
18 0.86 5.005 271.2178993576017 6.383072562354446 8.309317211948791 0.0
18 0.88 5.5045 276.2723393708294 6.466656321122928 8.351712593355654 0.0
18 0.92 1.5085 286.9135032851511 7.3614543925983185 9.561246612466125 0.0
18 0.92 3.5065 286.63839099859354 7.078558011847213 9.199705362404243 0.0
18 0.92 9.5005 286.10477490774906 6.366982091978422 8.289332157813533 0.0
18 0.96 6.5035 296.33675663716815 7.1564008330255096 9.221283920615633 0.0
18 0.96 9.5005 296.2542914798206 6.928587443946903 9.074136858475894 0.0
18 0.98 3.5065 301.2481392904074 7.589384920639027 9.893639977285634 0.0
18 0.98 9.5005 301.1948051575931 7.304473097736529 9.391557876414273 0.0
18 1.0 6.004 306.0 7.7517989418014235 10.080666988883518 0.0
18 1.0 8.5015 306.0 7.743077412178694 10.0742904339991 0.0
18 1.02 3.5065 310.3065950155763 7.9354166666673125 10.224249471458775 0.0
18 1.02 9.5005 310.22428525641027 8.34736923552732 10.630079932688263 0.0
18 1.06 4.006 318.5781884816754 8.520333534259212 11.00276116554269 0.0
18 1.06 5.005 318.42193175074186 8.73922292545971 11.111098284960422 0.0
18 1.08 6.004 322.1012456964006 9.371732298018099 11.692697398448198 0.0
18 1.08 6.5035 321.9804430176565 9.56443452381388 12.008819435657346 0.0
18 1.08 8.5015 321.5537763157895 10.205146425474748 12.356945945945945 0.0
18 1.1 3.007 326.7344515103339 8.714338164254064 11.080831826401447 0.0
18 1.16 1.009 339.9455849056604 8.178821907011608 10.409068702290076 0.0
18 1.18 4.5055 340.22624776119403 10.633009512281184 12.87566815144766 0.0
18 1.18 9.001 336.6869479768786 13.152200303474917 15.022935004577143 0.0
18 1.2 5.005 342.9015592203898 11.356443747787415 13.373071929368995 0.0
18 1.22 0.01 354.16845511482256 7.3298281786908595 9.73801775147929 0.04584952845822411
18 1.22 3.007 348.94997572078904 10.071978021970825 12.265077501174261 0.0
18 1.24 5.5045 348.5264680851064 12.503669043377862 14.23018524644393 0.0
18 1.28 3.5065 357.84470041039674 11.29623812291007 13.320968908170643 0.0
18 1.28 9.5005 350.6958843930636 15.341858195447198 16.046625120423894 0.0
18 1.3 0.5095 369.7402659574468 8.144096678837021 10.366491688538932 0.0
18 1.3 1.009 368.22444625407167 8.734097688294979 11.105205434604681 0.0
18 1.3 2.5075 363.59175942549376 10.466513527283063 12.643991596638655 0.0
18 1.34 4.5055 364.7352846889952 12.988790415231714 14.694655532359082 0.0
18 1.36 7.5025 362.65768047337275 15.248177253849882 16.04780046306041 0.0
18 1.38 0.5095 386.1918075709779 8.260178051700873 10.564703557312253 0.0
18 1.38 1.009 383.6284703891709 9.02170735758158 11.286822270848528 0.0
18 1.38 2.5075 376.7292400990099 11.202318679260049 13.236011025792479 0.0
18 1.4 5.5045 371.0213392857143 14.441617647014661 16.0 0.0
18 1.42 6.004 373.6748199501247 14.760309076706285 16.021496771003925 0.0
18 1.42 8.5015 370.68 16.46815401721111 17.0 0.0
18 1.44 3.5065 381.1545198237886 13.163775733667372 15.013434703710656 0.0
18 1.44 9.5005 374.2 16.4444444444 17.0 0.0
18 1.46 6.004 378.5313918367347 15.370935069595753 16.049144246937306 0.0
18 1.46 6.5035 377.76 15.653933847176546 17.0 0.0
18 1.46 8.5015 377.3 16.213189505273448 17.0 0.0
18 1.48 4.006 385.4670463121784 13.986387934327439 15.239984423676013 0.0
18 1.5 4.5055 386.58491140642303 14.606878930856922 16.002384777746276 0.0
18 1.52 1.5085 405.35166101694915 10.576053639889137 12.781750741839762 0.0
18 1.54 4.006 394.45257788347203 14.411707035714308 15.58047619047619 0.0
18 1.54 5.005 391.4678100289296 15.182333852525899 16.044784628378377 0.0
18 1.58 9.5005 394.74 17.0 17.0 0.0
18 1.6 5.5045 399.0 16.015807675143446 17.0 0.0
18 1.62 6.004 401.48 16.337673488557154 17.0 0.0
18 1.62 6.5035 401.48 16.3664393450314 17.0 0.0
18 1.62 8.5015 400.86 17.0 17.0 0.0
18 1.66 0.5095 442.06154679802955 8.816754571028556 11.161006647673315 0.0
18 1.66 2.008 422.87520392584514 12.451705827652855 14.245197224251278 0.0
18 1.66 2.5075 418.1023021420518 13.383750907732141 15.080769551790334 0.0
18 1.68 7.5025 410.72 16.7777777778 17.0 0.0
18 1.68 8.002 410.04 17.0 17.0 0.0
18 1.7 0.5095 450.13901923076924 8.888584795322751 11.204376412574481 0.0
18 1.7 1.009 441.75905405405405 10.258178559765645 12.41139911634757 0.0
18 1.7 2.5075 424.00822654462246 13.589937943303417 15.116030330062443 0.0
18 1.76 0.01 472.28889642184555 7.3586333720444195 9.787232933819698 0.04032668646584642
18 1.78 1.5085 446.67628532608694 11.999926416482715 14.057951131584218 0.0
18 1.82 0.01 485.2473023255814 7.389027283507379 9.83734001112966 0.040646490351116366
18 1.82 3.007 435.9068815789474 15.062827756041813 16.040443003454335 0.0
18 1.84 6.004 434.571127217818 16.5555555556 17.0 0.0
18 1.84 8.5015 434.52 17.0 17.0 0.0
18 1.86 4.5055 438.50579727905284 16.25891081241652 17.0 0.0
18 1.86 8.002 437.58 17.0 17.0 0.0
18 1.86 9.001 437.58 17.0 17.0 0.0
18 1.88 2.008 453.79115596330274 13.603251695072192 15.10992528364542 0.0
18 1.92 4.5055 449.52 16.251145555143427 17.0 0.0
18 1.94 6.004 450.76 16.8888888889 17.0 0.0
18 1.94 6.5035 449.82 17.0 17.0 0.0
18 1.94 8.5015 449.82 17.0 17.0 0.0
18 1.98 5.005 455.94 16.8888888889 17.0 0.0
18 2.0 7.5025 459.0 17.0 17.0 0.0
18 2.0 8.002 459.0 17.0 17.0 0.0
18 2.0 9.001 459.0 17.0 17.0 0.0
20 0.0 3.5065 19.0 1.9 3.0 0.0
20 0.0 9.5005 19.0 1.9 3.0 0.0
20 0.02 3.5065 32.92051612903226 2.1255265938710814 4.073198269494566 0.0
20 0.02 9.5005 26.22 1.9 19.0 0.0
20 0.06 0.5095 82.55278260869565 6.2170066889632105 8.762545835515978 0.0
20 0.06 1.009 70.68548148148149 4.800084337349397 7.105417798913043 0.0
20 0.08 5.005 48.8 2.0 19.0 0.0
20 0.14 0.5095 111.35926984126984 6.56521815008726 9.129331216511213 0.0
20 0.14 1.009 103.25116666666666 5.38660472972973 7.687046394120349 0.0
20 0.14 2.5075 95.31334285714286 4.043234349919743 6.116076085289155 0.0
20 0.18 5.5045 85.62 2.1 19.0 0.0
20 0.2 0.01 142.70848484848486 8.261301652892563 11.030673934588702 0.04368847013347829
20 0.22 5.5045 99.98 2.1 19.0 0.0
20 0.24 6.5035 105.64 1.9 19.0 0.0
20 0.26 7.5025 112.88982022608116 1.9040297602812375 19.0 0.0
20 0.28 4.006 124.4 2.5 19.0 0.0
20 0.3 7.5025 127.3 1.9 19.0 0.0
20 0.32 0.01 178.7196886227545 8.301440397350994 11.054880873593646 0.04443874471937236
20 0.34 0.5095 178.04078333333334 7.090491493383743 9.578425070309361 0.0
20 0.34 1.009 174.09896874999998 6.330520156046814 8.619682151589242 0.0
20 0.36 0.01 190.6300754716981 8.279173728813559 11.039382940108894 0.04464054062207742
20 0.38 1.5085 185.21872602739725 6.083474676089517 8.216773547094189 0.0
20 0.4 5.5045 165.34424100156494 2.224040166927491 19.0 0.0
20 0.42 7.5025 171.98303714773698 2.1350064047822377 19.0 0.0
20 0.42 8.002 171.2 2.0 19.0 0.0
20 0.44 0.01 214.6771724137931 8.313579545454546 11.048799342105264 0.04521663098863328
20 0.46 6.004 187.22 2.3 19.0 0.0
20 0.46 8.5015 185.06 1.9 19.0 0.0
20 0.48 4.5055 196.1709126213592 2.6482524271844663 19.0 0.0
20 0.5 7.5025 200.55620076390548 2.1112401527810936 19.0 0.0
20 0.5 8.002 200.0 2.0 19.0 0.0
20 0.5 9.001 200.0 2.0 19.0 0.0
20 0.54 0.01 244.28009205020922 8.270849256900213 11.017048306148055 0.04636672990634505
20 0.54 3.007 234.39012631578947 6.049927601809954 8.110325510976534 0.0
20 0.56 0.01 250.31416042780748 8.31174295774648 11.055709054593875 0.04553318464042438
20 0.58 4.5055 234.43900097370982 3.3426192794547225 18.01577933177933 0.0
20 0.62 1.009 264.5691288343558 7.280860719874804 9.708111954459204 0.0
20 0.66 5.005 271.18745335515547 5.884448979591837 8.147063210889428 0.0
20 0.7 0.01 291.80305936073063 8.278153526970955 11.042323030907278 0.04771456065435737
20 0.7 3.007 286.6103500583431 6.656073546856465 8.87230522945571 0.0
20 0.74 1.009 301.9443487179487 7.662681281618887 10.14018144018144 0.0
20 0.78 3.5065 311.8 6.924048370136698 9.122063197026023 0.0
20 0.78 9.5005 303.4588359073359 3.208561776061776 18.015044633137382 0.0
20 0.8 0.5095 320.7740168067227 8.110870253164556 10.652137505509035 0.0
20 0.8 1.009 320.20613861386136 7.856488188976378 10.299019354838709 0.0
20 0.82 3.5065 324.6665175983437 7.152609673790776 9.284950219958324 0.0
20 0.82 9.5005 318.97421719457014 4.096787330316742 8.342300805729632 0.0
20 0.84 4.006 330.66202962962967 7.123036480686695 9.302419928825623 0.0
20 0.86 1.5085 338.1108409448819 7.934985875706215 10.311880429228411 0.0
20 0.88 4.006 343.31813506493506 7.407009237875289 9.67579365079365 0.0
20 0.92 7.5025 355.36501333333337 7.204679564691657 9.418151815181519 0.0
20 0.92 8.002 355.3133832153691 7.141080808080808 9.292154510556621 0.0
20 0.92 9.001 355.2085840537944 7.010517737296261 9.196449154117866 0.0
20 0.94 3.5065 362.02445794392526 8.021437037037037 10.399843652282676 0.0
20 0.94 9.5005 361.54974083769633 7.249306282722513 9.45307370453814 0.0
20 0.98 7.5025 374.04808967391307 8.240176630434782 10.680589569160997 0.0
20 1.0 5.5045 380.0 8.678592233009708 11.183817769532055 0.0
20 1.02 7.5025 385.3067041742287 9.21015050167224 11.870591614014934 0.0
20 1.02 8.002 385.30987109375 9.225896946564886 11.84384236453202 0.0
20 1.04 3.5065 390.64427686703095 9.15604961832061 11.78983488132095 0.0
20 1.04 9.5005 390.2307909090909 10.138224137931035 12.748870333988211 0.0
20 1.06 1.5085 396.0909063032368 8.955261261261262 11.484204832311576 0.0
20 1.08 5.5045 400.21242585551335 10.435174311926605 13.078044341495698 0.0
20 1.1 5.005 405.04753703703705 10.716579439252335 13.214705882352941 0.0
20 1.14 0.5095 417.7460114942529 8.815716560509555 11.35275833099972 0.0
20 1.14 2.008 416.4151089108911 9.737868217054263 12.496812001875293 0.0
20 1.14 2.5075 415.9630401691332 10.010316344463972 12.550836501901141 0.0
20 1.16 9.5005 414.43069421487604 14.661026058631922 16.432040426113083 0.0
20 1.18 3.007 424.66041544117644 10.849282608695653 13.345367586772342 0.0
20 1.2 3.5065 428.4404716981132 11.607828371278458 14.120156649616368 0.0
20 1.2 9.5005 421.4417857142857 15.716969205834683 17.184954291518537 0.0
20 1.22 1.009 437.78346025104605 9.423506493506494 12.082076741837765 0.0
20 1.24 4.006 435.7223286384977 12.723050541516246 15.073574933937335 0.0
20 1.26 0.5095 449.3516172043011 9.056514598540145 11.58160589922163 0.0
20 1.26 2.008 444.7449223300971 10.762128099173554 13.278906439854191 0.0
20 1.26 2.5075 443.5028105263158 11.39487341772152 14.00917701267119 0.0
20 1.28 7.5025 436.66525333333334 16.21934268185802 17.352390057361376 0.0
20 1.3 6.004 442.1457837837838 15.519297971918876 17.131103644878845 0.0
20 1.3 6.5035 441.565318877551 15.8197106918239 17.227652019529515 0.0
20 1.3 8.5015 438.47672604422604 17.065947901591898 18.04547564504461 0.0
20 1.32 0.5095 464.91675352112674 9.211898527004909 11.919820895522388 0.0
20 1.32 2.008 458.0211333333333 11.335682730923695 13.954860267314702 0.0
20 1.32 2.5075 456.0969917355372 12.037285714285714 14.37794603524229 0.0
20 1.34 3.007 458.18754838709674 12.877461240310078 15.149715639810427 0.0
20 1.36 0.01 478.5614160583942 8.344773139745918 11.070361487065274 0.04536054503798384
20 1.38 6.004 456.3943611111111 16.6852706185567 18.011755710897514 0.0
20 1.38 6.5035 454.67424534501646 17.057443438914028 18.04501507840772 0.0
20 1.38 8.5015 453.34 17.960883233532932 19.0 0.0
20 1.4 4.006 464.70488403819917 14.994 16.961182669789228 0.0
20 1.42 5.5045 464.2113125 16.603033135089213 18.015442731003606 0.0
20 1.44 7.5025 464.96726992437465 17.918991803278686 19.0 0.0
20 1.44 8.002 464.04 18.238723300970875 19.0 0.0
20 1.46 5.5045 471.243364329822 17.19730882352941 18.043486271785422 0.0
20 1.52 4.5055 482.891671721677 16.60810515873016 18.030394978567056 0.0
20 1.52 9.001 478.8 18.9 19.0 0.0
20 1.54 1.5085 508.63333009708737 12.050317164179104 14.371377012770683 0.0
20 1.6 4.006 500.1551779181909 16.693305785123968 18.02481138176331 0.0
20 1.62 5.5045 500.42304161347965 17.81886036036036 19.0 0.0
20 1.66 6.004 506.72 18.309073529411766 19.0 0.0
20 1.66 6.5035 506.06 18.415835294117645 19.0 0.0
20 1.66 8.5015 505.4 19.0 19.0 0.0
20 1.68 0.01 565.5836153846153 8.381927966101696 11.073886569241475 0.04261873809595792
20 1.7 6.004 514.4 18.602299706990372 19.0 0.0
20 1.7 6.5035 514.4 18.515953747744792 19.0 0.0
20 1.7 8.5015 513.7 18.8 19.0 0.0
20 1.72 0.5095 564.3427432432433 10.113260437375745 12.665922551252848 0.0
20 1.72 2.008 536.19725 14.501529411764706 16.28787356321839 0.0
20 1.72 2.5075 530.0090896309315 15.48042808219178 17.12212839458785 0.0
20 1.74 5.005 523.56 18.076043165467627 19.0 0.0
20 1.76 0.5095 573.6891520737327 10.221334552102377 12.851477969882877 0.0
20 1.76 1.009 562.2268409090909 11.898225190839694 14.257336390162568 0.0
20 1.78 4.5055 528.2 18.0500791433892 19.0 0.0
20 1.78 8.002 528.2 18.9 19.0 0.0
20 1.78 9.001 528.2 19.0 19.0 0.0
20 1.8 3.5065 534.7656000000001 17.40746118721461 18.046711219482827 0.0
20 1.8 9.5005 532.0 19.0 19.0 0.0
20 1.82 1.009 574.6639818511796 12.13247848537005 14.454118008604794 0.0
20 1.84 5.5045 539.6 18.9 19.0 0.0
20 1.86 3.007 552.1221541076487 16.85826835902085 18.03122552618698 0.0
20 1.9 5.005 551.9 18.34550080128205 19.0 0.0
20 1.92 3.007 560.0064722550177 17.174992050874405 18.048572887874055 0.0
20 1.98 1.5085 591.780645398773 14.464860499265786 16.310377152823197 0.0
20 1.98 3.5065 569.3069445768772 17.686291866028707 19.0 0.0
20 2.0 0.01 652.6634194831014 8.347170212765958 11.080320084417869 0.03889951136605056
20 2.0 3.007 576.0506123611507 17.5112027833002 19.0 0.0
