10 0.0 0.5095 12.096146899458157 2.4192293798916316 3.359777835184707 0.0
10 0.0 1.009 9.48996043521266 1.8979920870425322 2.6657373737373735 0.0
10 0.0 2.5075 9.0 1.8 2.0941148259797204 0.0
10 0.02 0.5095 14.856438596491227 2.477252020573108 3.4650078247261344 0.0
10 0.02 1.009 12.931727272727272 2.0087549054584373 3.0215822479498313 0.0
10 0.02 2.5075 11.361658469945354 1.8 2.1772045130901523 0.0
10 0.08 0.01 23.397102564102564 3.3190637450199203 4.4464128382630586 0.042271283834870714
10 0.1 1.5085 21.21020588235294 2.15540675844806 3.1279387821556495 0.0
10 0.1 10.0 17.1 1.8 9.0 0.0
10 0.12 5.005 18.72 1.8 5.4573188946975355 0.0
10 0.16 4.5055 21.978352088089164 1.8 4.521450617283951 0.0
10 0.16 8.002 21.96 1.8 9.0 0.0
10 0.16 9.001 21.96 1.8 9.0 0.0
10 0.18 4.5055 23.58 1.8 6.149891915261565 0.0
10 0.18 9.001 23.58 1.8 9.0 0.0
10 0.22 4.5055 26.82 1.8 7.4875 0.0
10 0.22 9.001 26.82 1.8 9.0 0.0
10 0.24 0.5095 35.2089641025641 2.956371527777778 4.117781073065516 0.0
10 0.24 2.008 33.71930526315789 2.4861130565282643 3.496448991874812 0.0
10 0.24 2.5075 32.94682608695652 2.3339103744628606 3.3882793620106333 0.0
10 0.24 7.003 28.44 1.8 9.0 0.0
10 0.26 6.004 30.06 1.8 9.0 0.0
10 0.26 6.5035 30.06 1.8 9.0 0.0
10 0.26 8.5015 30.06 1.8 9.0 0.0
10 0.28 3.007 33.29439551192146 2.161027801179444 3.712435456110155 0.0
10 0.3 6.004 33.3 1.8 8.049800462087797 0.0
10 0.3 6.5035 33.3 1.8 9.0 0.0
10 0.3 8.5015 33.3 1.8 9.0 0.0
10 0.32 5.5045 34.92 1.8 9.0 0.0
10 0.38 5.005 39.80166024455711 1.8069800977237518 8.04739945251632 0.0
10 0.4 4.5055 41.4 1.8 8.031195888273626 0.0
10 0.4 9.001 41.4 1.8 9.0 0.0
10 0.42 6.004 43.02 1.8 9.0 0.0
10 0.42 6.5035 43.02 1.8 9.0 0.0
10 0.46 10.0 46.26 1.8 9.0 0.0
10 0.48 1.5085 53.03083697478991 3.2235387177352206 4.203126925446703 0.0
10 0.48 3.5065 49.151311331133115 2.2872717450027014 4.205413271245634 0.0
10 0.5 6.5035 49.5 1.8 9.0 0.0
10 0.5 9.5005 49.5 1.8 9.0 0.0
10 0.52 1.5085 55.955284294234595 3.296044470450556 4.255839285714286 0.0
10 0.52 10.0 51.12 1.8 9.0 0.0
10 0.56 5.5045 54.36569511766772 1.8025886898489638 8.043312890849219 0.0
10 0.58 1.5085 60.40145945945946 3.417658457811869 4.332829940906106 0.0
10 0.58 3.5065 58.39533870967742 2.9253907815631264 4.180717346452944 0.0
10 0.58 10.0 55.98 1.8 9.0 0.0
10 0.6 1.5085 61.815506024096386 3.441548913043478 4.3534889148191365 0.0
10 0.6 10.0 57.6 1.8 9.0 0.0
10 0.64 1.5085 64.73908414872798 3.5189328063241105 4.462449567723343 0.0
10 0.64 10.0 60.84 1.8 9.0 0.0
10 0.66 0.01 66.87058374384236 3.338997955010225 4.475343811394892 0.04561948102829933
10 0.66 3.007 65.5171566502463 3.4105923076923075 4.291799847792999 0.0
10 0.68 4.5055 65.57099371069182 2.73187106918239 4.2479905437352246 0.0
10 0.68 8.002 64.14139496234745 1.8383718514671514 9.0 0.0
10 0.68 9.001 64.08 1.8 9.0 0.0
10 0.72 1.5085 70.3638682284041 3.6541658986175114 4.648896911351785 0.0
10 0.72 10.0 67.6 2.0 6.765903890160184 0.0
10 0.78 0.5095 74.95586148648648 3.6503308823529412 4.847275557861962 0.0
10 0.78 2.008 74.55382335148215 3.7325790139064474 4.73932735426009 0.0
10 0.78 2.5075 74.51160942492012 3.6869481180061037 4.624980635166538 0.0
10 0.82 0.5095 77.69751116475558 3.6939136690647483 4.957059168131225 0.0
10 0.82 2.008 77.34321762711865 3.809211235090419 4.965866510538642 0.0
10 0.82 2.5075 77.29599487442337 3.7983753943217664 4.785126733620277 0.0
10 0.84 3.007 78.67633651344319 3.8007818242565987 4.907283680175246 0.0
10 0.88 3.007 81.54896047904191 3.8690811339198437 5.0189984854221885 0.0
10 0.9 4.006 82.93825449385052 3.862550750220653 5.011710879009151 0.0
10 0.9 5.005 82.91007415647016 3.8159242045048263 4.875311315646995 0.0
10 0.92 6.5035 84.32383003663003 3.8086991279069764 4.852726337448559 0.0
10 0.94 0.5095 85.88241062176166 3.8236393805309734 5.044708849654567 0.0
10 0.94 1.009 85.86398181818181 3.9457099924868517 5.082330165434706 0.0
10 0.94 2.5075 85.82255495689655 4.027122080211547 5.09980706620041 0.0
10 0.96 6.004 87.19966476810416 3.9948195669607056 5.087826961770624 0.0
10 0.96 8.5015 87.18207714450202 3.9103857225100747 5.034950592885376 0.0
10 0.98 6.004 88.60862024638458 4.085029239766082 5.125662251655629 0.0
10 0.98 6.5035 88.60649544235925 4.064318546231962 5.122108546475359 0.0
10 0.98 8.5015 88.6044406623735 4.044386206896552 5.101180666584676 0.0
10 1.0 4.5055 90.0 4.205380457380458 5.206423193977255 0.0
10 1.02 6.004 91.18095595003288 4.289237445753255 5.294213010465832 0.0
10 1.02 6.5035 91.18048210668468 4.297595269382392 5.278106864118471 0.0
10 1.02 8.5015 91.1712569382274 4.369543057996485 5.345813844714686 0.0
10 1.04 0.5095 92.41557555178268 3.889457364341085 5.083347597505807 0.0
10 1.04 1.009 92.39814473684211 4.0807125 5.161598699763593 0.0
10 1.04 2.5075 92.36794038325053 4.263843612334802 5.267634615384615 0.0
10 1.06 1.009 93.58692989690721 4.106790890269151 5.179496129913492 0.0
10 1.08 4.5055 94.56712227362856 4.584733840304183 5.611979969183359 0.0
10 1.1 0.01 96.15095534787123 3.3597598253275107 4.481145344943068 0.04102416570771001
10 1.12 4.5055 96.6523802690583 4.808745075970737 6.0316318246397405 0.0
10 1.12 8.002 96.24816741790083 5.4507843137254905 6.446932785441738 0.0
10 1.12 9.001 96.1298188976378 5.68208 6.826731160896131 0.0
10 1.16 0.5095 99.56631847133758 4.013552101324122 5.137893852401625 0.0
10 1.16 2.008 99.19507280334729 4.506423791821561 5.522292780748663 0.0
10 1.16 2.5075 99.08441407035176 4.607796246648793 5.701807760141094 0.0
10 1.16 7.003 98.13549907918969 5.7714563106796115 7.003054497509522 0.0
10 1.18 7.5025 98.82960841836734 6.122442607897153 7.111230224812656 0.0
10 1.18 8.002 98.85125515055466 6.278149637972647 7.160393529695799 0.0
10 1.2 0.5095 101.91518005540166 4.0266848418756815 5.145677068422559 0.0
10 1.2 1.009 101.69544090056284 4.284285714285715 5.312324253075571 0.0
10 1.2 2.5075 101.16088842975206 4.754499549143373 6.012794452887538 0.0
10 1.26 4.006 103.4320197309417 5.590493562231759 6.636793214862681 0.0
10 1.28 6.004 103.43601745200698 6.608542890716803 7.358852005532503 0.0
10 1.28 6.5035 103.13178004713275 6.833628437290409 7.611414670658682 0.0
10 1.28 8.5015 102.755980009995 7.490095124851368 8.041633628907787 0.0
10 1.3 2.008 106.50449585635359 4.87890092879257 6.076707234617985 0.0
10 1.3 7.003 103.8489996814272 7.234941892639735 8.024450879516959 0.0
10 1.32 4.006 105.909425 6.020116873630387 7.083925912137007 0.0
10 1.34 7.5025 105.64 7.644426691729323 8.046883370955605 0.0
10 1.34 8.002 105.31460760636497 7.766491904394757 8.048258347609172 0.0
10 1.34 9.001 105.3 7.903149078726968 8.049315520864605 0.0
10 1.36 5.5045 106.6370365448505 7.066449468085106 8.005142785335051 0.0
10 1.38 2.008 110.39633837429112 5.126845397676497 6.213058823529412 0.0
10 1.38 7.003 107.19418650526788 7.690335497835497 8.044899867294005 0.0
10 1.42 4.5055 109.81945888324873 7.0 8.0 0.0
10 1.44 6.004 110.24 7.675692803437164 8.046452875639867 0.0
10 1.44 6.5035 109.8 7.816722488038278 8.049828972635622 0.0
10 1.44 8.5015 109.8 8.436709145427287 9.0 0.0
10 1.48 5.005 112.13094935217903 7.4795875 8.037380308234793 0.0
10 1.5 7.5025 112.5 8.318121798520204 9.0 0.0
10 1.5 8.002 112.5 8.306575895108422 9.0 0.0
10 1.5 9.001 112.5 8.493113738738739 9.0 0.0
10 1.52 3.5065 114.61594948887553 6.847389221556886 7.57541958041958 0.0
10 1.52 9.5005 113.4 8.64243482538121 9.0 0.0
10 1.56 4.006 115.79033423807678 7.346083591331269 8.032468683165291 0.0
10 1.56 5.005 115.24982712852056 7.835139475908707 8.049229891614376 0.0
10 1.58 6.004 116.1 8.099418221734357 9.0 0.0
10 1.58 6.5035 116.1 8.236816307833257 9.0 0.0
10 1.58 8.5015 116.1 8.633916476841305 9.0 0.0
10 1.6 3.007 118.43656610470275 6.7650337512054 7.456105702364395 0.0
10 1.64 4.006 119.44 7.610622919638611 8.045820778594672 0.0
10 1.64 5.005 118.8142699555196 8.108255902513328 8.048201136124552 0.0
10 1.7 2.008 124.45334693877551 6.225537244561635 7.134907087294728 0.0
10 1.7 7.003 121.5 8.665552731893266 9.0 0.0
10 1.74 0.01 135.55158583106268 3.391768707482993 4.5402545454545455 0.03282328507727079
10 1.74 3.007 123.62988440458396 7.279719350073855 8.028908310334254 0.0
10 1.78 3.5065 125.1 7.829576149425288 8.048601472134596 0.0
10 1.78 9.5005 125.1 8.8 9.0 0.0
10 1.8 0.5095 135.43679012345677 4.523723776223776 5.62182320441989 0.0
10 1.8 1.009 132.5734355828221 5.207566539923954 6.244381612550164 0.0
10 1.8 2.5075 127.53306689834926 7.105705279747833 8.009313311434381 0.0
10 1.84 4.5055 127.8 8.303080438756856 9.0 0.0
10 1.86 7.5025 128.7 8.8 9.0 0.0
10 1.88 1.5085 133.84973231031543 6.069406593406593 7.096290368138593 0.0
10 1.88 10.0 129.6 9.0 9.0 0.0
10 1.9 0.01 145.25193245778613 3.3999325842696626 4.534256926952141 0.030127714311965943
10 1.9 3.007 131.4 7.750818965517241 8.048801513877208 0.0
10 1.92 7.5025 131.4 8.802523696682465 9.0 0.0
10 1.92 8.002 131.4 9.0 9.0 0.0
10 1.92 9.001 131.4 9.0 9.0 0.0
10 1.96 4.5055 133.2 8.629947413061917 9.0 0.0
10 1.96 8.002 133.2 8.803363656120961 9.0 0.0
10 1.96 9.001 133.2 9.0 9.0 0.0
10 1.98 1.009 140.96726122228233 5.50263695450325 6.531232970027248 0.0
12 0.0 6.004 11.0 1.83333333333 2.077410410672247 0.0
12 0.0 6.5035 11.0 1.83333333333 2.080655681428081 0.0
12 0.0 8.5015 11.0 1.83333333333 2.0884387025838373 0.0
12 0.02 6.004 14.337531746031745 1.83333333333 3.027758620689655 0.0
12 0.02 6.5035 14.1 1.83333333333 3.380413179916318 0.0
12 0.02 8.5015 14.14631939877877 1.83333333333 4.0 0.0
12 0.04 4.006 17.771487544483985 1.83333333333 3.131842879782658 0.0
12 0.06 2.008 22.95209523809524 2.133822916669343 3.216589793185538 0.0
12 0.06 2.5075 22.41184771573604 2.020439909297461 3.157457360590299 0.0
12 0.06 7.003 18.26 1.83333333333 11.0 0.0
12 0.08 0.5095 30.68895238095238 3.3423382675407067 4.784773869346734 0.0
12 0.08 1.009 28.36253333333333 2.7706757843917718 4.10145738451529 0.0
12 0.08 2.5075 25.35194366197183 2.0603712433718613 3.2754158004158005 0.0
12 0.1 4.5055 23.1 1.83333333333 5.030100896860986 0.0
12 0.1 9.001 23.1 1.83333333333 11.0 0.0
12 0.12 1.5085 33.26308 2.6705620855969086 4.0222844915426945 0.0
12 0.12 3.5065 27.405049723756907 1.845524202068354 4.033490566037736 0.0
12 0.12 9.5005 25.52 1.83333333333 11.0 0.0
12 0.14 2.008 35.46682868525896 2.578567596568095 4.0226998904709745 0.0
12 0.14 7.003 27.94 1.83333333333 11.0 0.0
12 0.16 3.007 34.55442105263158 2.210478547856366 4.040681988508618 0.0
12 0.18 3.007 39.224199999999996 2.473283968029555 4.085047547547547 0.0
12 0.22 3.007 43.074576923076926 2.5456916764370217 4.206166128758281 0.0
12 0.24 6.004 40.04 1.83333333333 11.0 0.0
12 0.24 8.5015 40.04 1.83333333333 11.0 0.0
12 0.26 5.5045 43.2 2.0 10.048515714199867 0.0
12 0.28 5.005 44.88 1.83333333333 11.0 0.0
12 0.3 5.5045 47.34360202205882 1.843714767153737 11.0 0.0
12 0.34 2.008 60.812125 3.404911945680254 4.629386973180076 0.0
12 0.34 2.5075 60.06478620689656 3.2248194444454517 4.503552172534095 0.0
12 0.34 7.003 52.179994771821 1.8434330231839902 11.0 0.0
12 0.38 3.5065 58.3588703125 2.2027567975849713 5.152107496463932 0.0
12 0.38 9.5005 56.98 1.83333333333 11.0 0.0
12 0.4 3.007 62.28592521572387 2.6325643440076734 4.940441176470588 0.0
12 0.46 4.5055 67.74 2.16666666667 10.03732178142575 0.0
12 0.48 7.5025 69.08 1.83333333333 11.0 0.0
12 0.48 8.002 69.08 1.83333333333 11.0 0.0
12 0.48 9.001 69.08 1.83333333333 11.0 0.0
12 0.52 4.5055 74.64387648456056 2.084679334918558 8.932222222222222 0.0
12 0.52 8.002 73.92 1.83333333333 11.0 0.0
12 0.52 9.001 73.92 1.83333333333 11.0 0.0
12 0.58 7.5025 81.6 2.0 11.0 0.0
12 0.58 8.002 81.6 2.0 11.0 0.0
12 0.58 9.001 81.18 1.83333333333 11.0 0.0
12 0.6 4.5055 85.01967958656331 2.4248664943998754 5.643918245264207 0.0
12 0.6 8.002 84.0 2.0 11.0 0.0
12 0.6 9.001 83.6 1.83333333333 11.0 0.0
12 0.62 0.5095 93.22370131771596 4.336105263154616 5.770528846153846 0.0
12 0.62 2.008 92.08624119530415 4.153179271711747 5.306971404717178 0.0
12 0.62 2.5075 91.71659023354565 4.070246017343611 5.255518702782385 0.0
12 0.62 7.003 86.4 2.0 11.0 0.0
12 0.64 4.5055 90.01885714285714 2.564285714287 5.289593460008838 0.0
12 0.64 8.002 88.44 1.83333333333 11.0 0.0
12 0.64 9.001 88.46098192771085 1.843047188751881 11.0 0.0
12 0.66 1.009 96.97715049226441 4.362645609316249 5.765518890483023 0.0
12 0.68 3.007 98.09190419161676 4.166133720933556 5.278407079646017 0.0
12 0.72 4.5055 101.74525482625484 3.9375894683014105 5.212747875354108 0.0
12 0.72 8.002 98.69872758037225 2.177814035938751 10.029027411541056 0.0
12 0.72 9.001 98.4 2.0 11.0 0.0
12 0.74 0.5095 105.70785009140768 4.488726022439152 6.031823008849558 0.0
12 0.74 2.008 104.94880487804878 4.4153476414022865 5.664641109298532 0.0
12 0.74 2.5075 104.79158865248228 4.354026733497498 5.506044503487214 0.0
12 0.76 5.5045 106.04190070921986 3.9526047166481195 5.1953625980459615 0.0
12 0.78 6.004 108.19906832298136 3.924405772494244 5.199646050670641 0.0
12 0.78 6.5035 107.406 3.3677933177906736 5.22658540893835 0.0
12 0.78 8.5015 105.94345434900055 2.2601926886363652 6.628166089965398 0.0
12 0.8 2.008 111.2481547241598 4.543094405595268 5.972192827748383 0.0
12 0.8 2.5075 111.16653432588917 4.517466996700019 5.852117768595042 0.0
12 0.8 7.003 109.56720229555236 3.3060019129580662 5.25754279959718 0.0
12 0.82 6.004 112.67836167146974 4.100334950336957 5.2356426448737 0.0
12 0.82 6.5035 112.5669650626236 4.002745726495782 5.240372340425532 0.0
12 0.82 8.5015 111.50555952380952 3.0236662257500324 5.269370786516854 0.0
12 0.84 5.005 115.06230645921735 4.346817053581401 5.487645616186389 0.0
12 0.86 3.5065 117.38228421052631 4.556746031747167 5.94178757980267 0.0
12 0.86 9.5005 116.83502898550724 3.9461180124212825 5.189368591473286 0.0
12 0.88 5.005 119.4072745825603 4.503086145648374 5.722115803221594 0.0
12 0.9 1.5085 121.79493583415596 4.816666666664 6.152644488732179 0.0
12 0.9 10.0 121.30968780019212 4.182813000322892 5.372748984953427 0.0
12 0.94 6.004 125.76950961538462 4.69116816658079 6.052748645845338 0.0
12 0.94 6.5035 125.76416768292684 4.676727181041762 6.0575533937157555 0.0
12 0.94 8.5015 125.71853072946583 4.551165234002934 5.92623595505618 0.0
12 0.96 5.5045 127.88271428571429 4.841727493914109 6.139985652797704 0.0
12 0.98 5.5045 129.95816933207902 4.981813953488008 6.256396816152203 0.0
12 1.04 6.004 135.49304191616767 5.432330939555798 6.976353790613718 0.0
12 1.04 6.5035 135.47977574967405 5.466613756613089 7.024008420119654 0.0
12 1.04 8.5015 135.43039307787393 5.596982358404911 7.08689503049176 0.0
12 1.06 3.5065 137.26251035986914 5.377632886236996 6.88267029972752 0.0
12 1.06 9.5005 136.97988695652174 6.040627240144182 7.439933191618585 0.0
12 1.1 0.5095 141.02006763285024 4.898848122864871 6.270074388947927 0.0
12 1.1 1.009 140.91476908576814 5.117477735371306 6.439166420336979 0.0
12 1.12 3.007 142.25969603524229 5.645028901737005 7.103136030409992 0.0
12 1.14 7.003 142.87887321063394 6.925694444442958 8.23623263888889 0.0
12 1.16 6.004 144.49711888111887 6.905812395307999 8.220983884648007 0.0
12 1.16 6.5035 144.34563870967742 7.056321277290146 8.303203371970495 0.0
12 1.16 8.5015 143.78672227488153 7.731900212314949 9.053875051041242 0.0
12 1.18 0.01 148.51486817576566 4.343849021432105 6.004734991208239 0.04209746211319157
12 1.2 6.004 147.06 7.394249726175322 8.676342710997442 0.0
12 1.2 6.5035 146.88344339622643 7.639848856211947 9.017559153175592 0.0
12 1.2 8.5015 146.14545034642032 8.349026666663647 9.27923683267646 0.0
12 1.22 0.5095 151.62646315789476 5.035387372484855 6.415373480023161 0.0
12 1.22 2.008 150.6217992471769 5.753109217171593 7.169673224408136 0.0
12 1.22 2.5075 150.27125122349102 6.009255978742435 7.375707547169811 0.0
12 1.24 5.005 150.1688880866426 7.405048969940688 8.651948573724388 0.0
12 1.26 10.0 149.42 9.581251548948341 10.047914975496829 0.0
12 1.28 5.5045 152.07392718446602 8.104181252433044 9.151287105751392 0.0
12 1.3 4.5055 154.16447969543145 7.655099826391991 9.031465912564965 0.0
12 1.32 7.003 153.59722242314646 9.20257262432489 10.033767620674926 0.0
12 1.34 0.01 163.2275442670537 4.350961208373263 6.008079654997463 0.041111279333838
12 1.4 5.005 159.6473328738801 8.948159722221185 10.011592915111663 0.0
12 1.42 3.007 163.43202969432315 7.533096590909753 8.926769406392694 0.0
12 1.48 1.5085 170.78290384615386 6.360991314762119 7.848856990962254 0.0
12 1.48 3.5065 166.1122567394095 8.376462324390888 9.272595058699842 0.0
12 1.48 10.0 163.68 10.8333333333 11.0 0.0
12 1.5 0.01 177.9650544959128 4.356646923327175 6.011164863144494 0.038724463467200924
12 1.5 3.007 168.31333638863427 8.019846109175774 9.138490204429301 0.0
12 1.52 7.5025 166.32 10.455885089546888 11.0 0.0
12 1.52 8.002 166.32 10.51660327809804 11.0 0.0
12 1.54 3.5065 169.86111806543386 8.69836171310836 9.578712174524982 0.0
12 1.54 9.5005 167.64 10.8333333333 11.0 0.0
12 1.56 1.5085 176.46580147058825 6.630216802170626 8.092526140684411 0.0
12 1.56 10.0 168.96 10.512104983290175 11.0 0.0
12 1.58 5.5045 170.28 10.115681362748587 11.0 0.0
12 1.6 5.005 171.85719182200842 9.894204901416716 10.047972221387127 0.0
12 1.64 1.5085 181.70346881287725 6.890926506441566 8.20038903924222 0.0
12 1.64 10.0 174.24 11.0 11.0 0.0
12 1.66 4.5055 176.06846979865773 9.861654406459081 10.049286979495031 0.0
12 1.72 7.003 179.52 10.525906258855365 11.0 0.0
12 1.74 1.009 191.64424156692056 6.390922190199547 7.941138872748402 0.0
12 1.76 2.008 186.77896663815227 8.055116829341534 9.143642495784148 0.0
12 1.76 2.5075 185.49637261966032 8.622751572329499 9.45655306178997 0.0
12 1.76 7.003 182.16 10.6666666667 11.0 0.0
12 1.78 7.5025 183.48 10.644949012138614 11.0 0.0
12 1.8 6.004 184.8 10.429610725452099 11.0 0.0
12 1.8 6.5035 184.8 11.0 11.0 0.0
12 1.8 8.5015 184.8 11.0 11.0 0.0
12 1.82 0.5095 201.72346028880867 5.669585905353011 7.124427258135123 0.0
12 1.82 2.008 190.2815288326301 8.338356697816081 9.252416173570019 0.0
12 1.82 2.5075 188.83791008645534 8.871124338621762 9.804791868344628 0.0
12 1.84 3.007 189.12 9.393963802702732 10.041923577284967 0.0
12 1.86 0.01 210.8423775510204 4.35508030153758 6.0080338541666665 0.034121271274324405
12 1.88 4.5055 190.08 10.405524579481153 11.0 0.0
12 1.88 8.002 190.08 11.0 11.0 0.0
12 1.88 9.001 190.08 11.0 11.0 0.0
12 1.9 1.009 202.68876370887338 6.7810727496904954 8.149369501466275 0.0
12 1.92 0.01 216.45533245729303 4.36988562091243 6.0175548991909595 0.032586912690169244
12 1.94 5.5045 194.04 10.6666666667 11.0 0.0
12 1.96 0.01 219.92375871313672 4.366080990626505 6.021728362877998 0.03196588512212271
12 1.96 3.007 195.36 9.891541248604296 10.0474567604151 0.0
12 1.98 9.5005 196.68 11.0 11.0 0.0
14 0.0 5.5045 13.0 1.85714285714 3.0 0.0
14 0.02 5.5045 17.8 1.85714285714 3.1795658501091437 0.0
14 0.04 1.5085 27.10257142857143 2.527733299975536 4.014062176165803 0.0
14 0.04 10.0 19.76 1.85714285714 13.0 0.0
14 0.06 6.004 24.4919477303989 1.85714285714 8.05180491041805 0.0
14 0.06 8.5015 23.8 1.85714285714 12.0 0.0
14 0.08 6.004 26.52 1.85714285714 13.0 0.0
14 0.08 6.5035 26.52 1.85714285714 11.0 0.0
14 0.08 8.5015 26.52 1.85714285714 13.0 0.0
14 0.1 3.007 37.26420074349442 2.329215953894067 4.125280822844769 0.0
14 0.12 7.5025 33.28 1.85714285714 11.0 0.0
14 0.12 8.002 33.28 1.85714285714 13.0 0.0
14 0.12 9.001 33.28 1.85714285714 13.0 0.0
14 0.16 5.005 40.04 1.85714285714 13.0 0.0
14 0.18 5.005 44.24 2.0 13.0 0.0
14 0.2 2.008 59.402196861626244 3.359090909088091 5.003279213843196 0.0
14 0.2 2.5075 57.318333333333335 3.0991606513365477 4.854691550025921 0.0
14 0.2 7.003 46.8 1.85714285714 13.0 0.0
14 0.22 5.005 50.18 1.85714285714 13.0 0.0
14 0.24 5.5045 54.32 2.0 13.0 0.0
14 0.28 3.5065 62.17846575342465 2.2191508491498917 11.38884010245152 0.0
14 0.28 9.5005 60.32 1.85714285714 13.0 0.0
14 0.32 2.008 79.94548314606742 3.919228407693841 5.336363636363636 0.0
14 0.32 7.003 67.08 1.85714285714 13.0 0.0
14 0.36 2.008 86.61391549295774 4.089712376180335 5.460192757009346 0.0
14 0.36 2.5075 85.78706227106227 3.9534652358586713 5.370588235294118 0.0
14 0.36 7.003 74.48 2.0 13.0 0.0
14 0.38 7.5025 77.22 1.85714285714 13.0 0.0
14 0.38 8.002 77.22 1.85714285714 13.0 0.0
14 0.4 5.005 80.68563316809373 1.8775317066865354 13.0 0.0
14 0.44 2.008 99.09557360406092 4.344763880652892 6.003968430413517 0.0
14 0.44 2.5075 98.42417105263158 4.211885790172048 5.642908082408875 0.0
14 0.44 7.003 87.36 1.85714285714 13.0 0.0
14 0.46 3.007 100.29686021505375 4.042507598785044 5.537003797031412 0.0
14 0.48 0.01 108.59593013100437 5.285141861618441 7.132862254025045 0.045705761812921894
14 0.52 0.01 114.38606392694064 5.306341547471571 7.149776506347219 0.045820778594672776
14 0.52 3.007 109.02057894736842 4.104930875578135 5.925014277555682 0.0
14 0.54 0.5095 116.378 5.054242283233596 6.85868036776636 0.0
14 0.54 2.008 114.42040909090909 4.611379839366906 6.14289705882353 0.0
14 0.54 2.5075 113.97917832957111 4.52197888589442 6.049058111656581 0.0
14 0.54 7.003 104.72 2.0 13.0 0.0
14 0.56 2.008 117.54564897959183 4.689868938404846 6.160108949416342 0.0
14 0.56 7.003 108.15375461398492 2.023946303242337 13.0 0.0
14 0.58 0.01 123.09604324324324 5.2923592250546925 7.140887681159421 0.04622311908921149
14 0.58 3.007 119.64573913043478 4.523224590743604 6.063808828894564 0.0
14 0.6 3.007 122.61956970740103 4.562093227793678 6.080524759793052 0.0
14 0.62 6.004 119.0021393875396 2.3165937547104667 13.0 0.0
14 0.62 6.5035 118.62401269980293 2.1744408645888473 13.0 0.0
14 0.62 8.5015 118.18554444444445 2.0096031746033667 13.0 0.0
14 0.64 3.007 128.9497004830918 4.709976127658427 6.175222204896304 0.0
14 0.66 9.5005 124.88 2.0 13.0 0.0
14 0.68 5.005 131.2753354231975 3.355060456781696 6.14059732592464 0.0
14 0.7 0.5095 139.69204838709678 5.29713447022239 7.080727958236659 0.0
14 0.7 2.008 138.56209923664122 5.043964641333941 6.500886408404465 0.0
14 0.7 2.5075 138.26038626609443 4.950788459291155 6.343797169811321 0.0
14 0.72 3.007 141.03819512195122 4.906324303252853 6.2992918454935625 0.0
14 0.74 6.004 141.29030597014926 3.6320362473373953 6.02111241676459 0.0
14 0.74 6.5035 140.92345634920633 3.4304705215405598 6.059600360576923 0.0
14 0.74 8.5015 139.05528554502368 2.404003046714397 12.037935958196622 0.0
14 0.76 4.006 146.58061475409838 4.854778240624559 6.20376409366869 0.0
14 0.78 5.5045 149.145868252516 4.650268080546315 6.15038431372549 0.0
14 0.8 8.5015 149.64467300832342 2.889052148800227 6.573644444444445 0.0
14 0.82 5.5045 155.3362556818182 4.8205489706789475 6.249748452012384 0.0
14 0.84 1.5085 159.25601287553647 5.471081016298559 7.121077630993024 0.0
14 0.84 3.5065 158.76557020057308 5.203293244913851 6.681405132519983 0.0
14 0.84 9.5005 156.7292983293556 3.4368735083519595 6.213919934972567 0.0
14 0.86 7.5025 161.20233136094674 4.775832438239662 6.203142120528521 0.0
14 0.88 1.5085 165.0014810810811 5.585098722417498 7.188116511794139 0.0
14 0.88 3.5065 164.70930306021717 5.372588164970554 7.014007922218221 0.0
14 0.88 9.5005 164.15579367262725 4.756613393472118 6.099265406067202 0.0
14 0.9 8.002 167.28991959798995 4.985198452500062 6.385047974413646 0.0
14 0.9 9.001 167.26704692556635 4.952538656818806 6.303378519290928 0.0
14 0.94 5.5045 173.39335162094764 5.505829228243138 7.107819548872181 0.0
14 0.96 4.006 176.3255041198502 5.72548958977903 7.272357037349652 0.0
14 1.0 5.005 182.0 5.978990569332447 7.59804822043628 0.0
14 1.04 5.5045 186.90476862745098 6.40047038327327 8.141177416760495 0.0
14 1.06 7.5025 189.08715501519757 6.93467628430552 8.672306360882734 0.0
14 1.08 5.005 191.53152811466373 6.818813944675073 8.484379128137384 0.0
14 1.1 6.004 193.52029205607477 7.329828697152027 9.108622636184025 0.0
14 1.1 6.5035 193.42419247787612 7.4498655462174845 9.171671722278395 0.0
14 1.12 5.005 195.80390554414785 7.315626551891694 9.099899193548387 0.0
14 1.14 4.5055 198.04465162200282 7.405861315317012 9.132392846130127 0.0
14 1.16 5.5045 199.62673085339168 8.092876874508567 9.815623409669211 0.0
14 1.18 0.5095 204.59147035573122 5.945181212415611 7.659147121535181 0.0
14 1.18 1.009 204.21288636363636 6.227053061223137 8.05276164753545 0.0
14 1.2 5.5045 203.328046875 8.652362914865963 10.187646153846154 0.0
14 1.22 6.004 204.7325813734713 9.284423037503466 10.736990595611285 0.0
14 1.22 6.5035 204.53253057553957 9.476405023547409 11.016899734302894 0.0
14 1.22 8.5015 203.3905901455767 10.437539177054607 11.36017060367454 0.0
14 1.24 1.5085 210.75356838905776 6.699284662322521 8.372068113155727 0.0
14 1.24 3.5065 208.65222641509433 7.971009052770452 9.619311740890689 0.0
14 1.24 10.0 204.5875965855201 11.22496845647994 12.03910365335599 0.0
14 1.26 4.5055 209.45629454170958 8.863298255727408 10.287494883340155 0.0
14 1.32 4.5055 214.6347025572005 9.49964823138557 11.020367614228308 0.0
14 1.34 1.009 222.8215449374289 6.6619284824796665 8.33912720059509 0.0
14 1.36 2.008 222.66320382165605 7.638722826089731 9.289836579359749 0.0
14 1.36 2.5075 221.49384962406015 8.19650314882351 10.003020485945688 0.0
14 1.36 7.003 215.66632593292394 11.509313186809461 12.047800463060408 0.0
14 1.4 1.5085 228.07712 7.29500079100998 9.087664889138367 0.0
14 1.4 3.5065 223.00739172281038 9.425606469001208 11.010235771778616 0.0
14 1.4 10.0 218.4 12.721710037186037 13.0 0.0
14 1.42 5.005 222.35783712121213 10.819642857115 12.0 0.0
14 1.46 4.006 227.00107128712872 10.347801643366024 11.312871481991733 0.0
14 1.46 5.005 225.57389387361312 11.191859678806011 12.033531709699078 0.0
14 1.48 7.5025 225.68 12.52047831225879 13.0 0.0
14 1.48 8.002 226.16 12.31134162447062 13.0 0.0
14 1.48 9.001 226.16 12.381248628498026 13.0 0.0
14 1.5 1.009 240.53609431680775 7.026243510300307 8.904535017221585 0.0
14 1.52 0.01 249.04712117177095 5.36165021418982 7.181387643734165 0.039599065902405
14 1.54 7.5025 231.14 12.411258741282118 13.0 0.0
14 1.56 8.002 233.52 12.574265840514716 13.0 0.0
14 1.56 9.001 232.96 12.59086859685922 13.0 0.0
14 1.58 4.006 236.70799054054055 11.155064581955038 12.03347271395434 0.0
14 1.6 1.5085 247.92801815431164 8.136547934826527 9.905125348189415 0.0
14 1.6 3.5065 238.18321138211383 10.82439531365127 12.009777986241401 0.0
14 1.6 9.5005 236.6 12.58745442266361 13.0 0.0
14 1.62 4.006 240.55335872093025 11.223798035509361 12.040559292249894 0.0
14 1.62 5.005 239.04 11.913958777515054 13.0 0.0
14 1.64 8.002 240.24 12.608353297170755 13.0 0.0
14 1.64 9.001 240.24 12.8571428571 13.0 0.0
14 1.68 2.008 252.24421068938807 9.351227321235019 10.849018595041322 0.0
14 1.68 2.5075 249.55802835696414 10.12807437411795 11.189510312539541 0.0
14 1.68 7.003 243.88 12.630032872578024 13.0 0.0
14 1.72 4.5055 248.24 12.301978571419165 13.0 0.0
14 1.74 9.5005 249.34 12.8571428571 13.0 0.0
14 1.76 6.004 251.92 12.583459936265163 13.0 0.0
14 1.76 8.5015 251.16 13.0 13.0 0.0
14 1.78 0.01 282.15742668428004 5.3452612755780695 7.169139408099689 0.037175433262389784
14 1.8 5.5045 255.6 12.5714285714 13.0 0.0
14 1.82 6.004 257.44 12.601398209189648 13.0 0.0
14 1.82 6.5035 256.62 12.654474097327583 13.0 0.0
14 1.82 8.5015 256.62 12.8571428571 13.0 0.0
14 1.84 5.005 258.44 12.601963136200652 13.0 0.0
14 1.86 0.5095 283.803 6.835839233650853 8.562128619781873 0.0
14 1.86 1.009 276.8936509090909 8.06040766971964 9.781840551181102 0.0
14 1.86 2.5075 264.36016473317864 10.827419100205812 12.006609574000878 0.0
14 1.88 0.01 294.55728666666664 5.3840603679943735 7.198902414687687 0.0374095689707581
14 1.88 3.007 263.84 11.47144807412161 12.049771949828962 0.0
14 1.9 9.5005 263.9 13.0 13.0 0.0
14 1.92 1.009 282.5294634146341 8.228194967305901 10.0183616661696 0.0
14 1.94 4.006 267.54 12.315790655879733 13.0 0.0
14 2.0 0.5095 298.9004504504505 7.036006181319402 8.880864197530864 0.0
14 2.0 2.008 278.54757738896365 10.632236205217165 11.708382978723405 0.0
14 2.0 2.5075 275.20364291433145 11.424944662040083 12.051718718651776 0.0
14 2.0 7.003 273.0 13.0 13.0 0.0
16 0.04 4.5055 27.546905325443785 1.875 4.2959800469483564 0.0
16 0.04 8.002 24.0 1.875 14.0 0.0
16 0.04 9.001 24.0 1.875 15.0 0.0
16 0.06 5.5045 30.83505408271474 1.876916918429003 10.0 0.0
16 0.08 5.5045 33.92 1.875 14.0 0.0
16 0.1 5.005 38.4 1.8823819522868437 14.0 0.0
16 0.12 0.01 73.88962857142857 6.284384110787172 8.345055843094524 0.04308161846916266
16 0.16 3.5065 54.54918518518519 2.2605236975397975 11.87441113490364 0.0
16 0.16 9.5005 51.0 1.875 15.0 0.0
16 0.18 3.5065 57.3805321182485 2.159547120418848 13.333179946718333 0.0
16 0.18 9.5005 55.5 1.875 15.0 0.0
16 0.22 1.5085 83.39358181818181 4.210956121343445 6.061093951093951 0.0
16 0.22 3.5065 67.48564879198587 2.3503987819025522 14.000179964007199 0.0
16 0.22 9.5005 64.5 1.875 15.0 0.0
16 0.24 4.006 69.76 2.0 14.048630054677643 0.0
16 0.26 2.008 91.57972727272727 4.219801188299817 6.029742086752638 0.0
16 0.26 7.003 73.5 1.875 15.0 0.0
16 0.28 7.5025 78.0 1.875 15.0 0.0
16 0.3 2.008 100.28092233009708 4.379234832992502 6.09701982228298 0.0
16 0.3 7.003 82.5 1.875 15.0 0.0
16 0.34 5.5045 92.82 2.125 15.0 0.0
16 0.38 0.01 123.95013461538461 6.306189516129033 8.368926553672317 0.04527420181494769
16 0.4 3.5065 108.10246932515338 2.5213477760736196 7.164947942488845 0.0
16 0.4 9.5005 105.0 1.875 15.0 0.0
16 0.42 2.008 125.81419801980198 4.875942332474227 6.484398734177216 0.0
16 0.42 2.5075 124.96241346153846 4.720261101973684 6.311794757885385 0.0
16 0.42 7.003 109.5 1.875 15.0 0.0
16 0.44 6.004 115.12 2.125 15.0 0.0
16 0.44 8.5015 114.56 2.0 15.0 0.0
16 0.46 5.005 120.12 2.25 15.0 0.0
16 0.48 1.009 140.0249918699187 5.446878437843784 7.258250539956803 0.0
16 0.5 0.5095 145.02876658860265 5.851811334289813 7.985391849529781 0.0
16 0.5 2.008 141.90625570776257 5.117776243093923 6.915939597315436 0.0
16 0.5 2.5075 141.29520392749245 5.007364827201783 6.581224640354113 0.0
16 0.5 7.003 128.5 2.125 15.0 0.0
16 0.54 6.004 137.42 2.125 15.0 0.0
16 0.54 6.5035 137.88 2.25 15.0 0.0
16 0.54 8.5015 136.5 1.875 15.0 0.0
16 0.58 1.009 159.9262905982906 5.711447051744885 7.519769874476987 0.0
16 0.6 5.005 152.47208963585436 2.6475280112044817 14.049144246937304 0.0
16 0.62 5.5045 157.26983592814372 2.786130239520958 14.048915785679961 0.0
16 0.64 5.005 162.18823032069972 2.982024416909621 7.401893439013651 0.0
16 0.68 3.5065 177.1948606431853 5.351246690203001 7.0521313144165925 0.0
16 0.68 9.5005 168.64 2.125 15.0 0.0
16 0.7 6.004 176.79343749999998 3.663932291666667 6.53004158004158 0.0
16 0.7 6.5035 174.75388372093022 2.8141182170542636 14.038228147968171 0.0
16 0.7 8.5015 173.1 2.125 15.0 0.0
16 0.72 5.005 184.46906896551724 5.129497971602434 6.675708333333334 0.0
16 0.74 5.5045 187.72275783475783 4.806083776595744 6.600635514018691 0.0
16 0.76 1.5085 194.55209935205184 6.015002406159769 8.023223236087906 0.0
16 0.76 10.0 187.0276641370869 2.4102417380660954 15.0 0.0
16 0.8 5.5045 200.63063987308303 5.383273955773956 7.1032955562183115 0.0
16 0.84 7.5025 208.29698776418243 5.230337541163556 7.088784919989151 0.0
16 0.84 8.002 208.17609333333334 5.136034836065574 7.045559025608995 0.0
16 0.84 9.001 207.91736470588236 4.935441176470588 6.903541781959048 0.0
16 0.88 7.5025 216.55242679900743 5.573414484451718 7.22594243268338 0.0
16 0.88 8.002 216.53140092165899 5.552381407804131 7.1551925141892925 0.0
16 0.88 9.001 216.39613877551022 5.412618966689327 7.125868460799121 0.0
16 0.9 0.01 221.62841794569067 6.320380434782609 8.37247191011236 0.04774319651180274
16 0.9 3.007 221.06652027027027 6.280347533632287 8.138407911802853 0.0
16 0.92 0.5095 225.20830605738576 6.512807262569832 8.45955570075139 0.0
16 0.92 2.008 225.0083513174404 6.484463190184049 8.3324317617866 0.0
16 0.92 2.5075 224.95095869837297 6.4275605449041375 8.2607517849643 0.0
16 0.92 7.003 224.6161932773109 5.961248696558916 7.730985267034991 0.0
16 0.96 10.0 232.37028116710877 6.157128647214854 8.054727489722849 0.0
16 0.98 2.008 236.28967126436783 6.75188520653218 8.669009166302924 0.0
16 0.98 7.003 236.25366894977168 6.584854948805461 8.402387802071347 0.0
16 1.0 1.5085 240.0 6.801248495788207 8.877464008859357 0.0
16 1.0 3.5065 240.0 6.852209677419355 8.874141749723146 0.0
16 1.02 2.008 243.36492370572208 6.916362793572311 9.02408838281144 0.0
16 1.02 2.5075 243.3568372881356 6.9480805837563455 9.04093703046032 0.0
16 1.02 7.003 243.31229846153846 7.206957872928177 9.19456987154535 0.0
16 1.08 1.5085 253.290691195795 7.11692748091603 9.130828451882845 0.0
16 1.08 3.5065 252.95634782608695 7.572556258790436 9.544800596347372 0.0
16 1.08 10.0 251.88024823695346 9.230785280728377 11.154357316087308 0.0
16 1.12 3.5065 258.9835347593583 7.993013392857143 10.070578635014837 0.0
16 1.12 9.5005 256.96109967141297 10.278610751295338 12.096019840309703 0.0
16 1.16 4.006 264.3879548022599 8.741687293729372 10.766650197628458 0.0
16 1.18 6.004 265.60147036569987 10.145754397834912 12.048363558321709 0.0
16 1.18 6.5035 265.2410879396985 10.441809063893016 12.141739726027398 0.0
16 1.22 5.5045 270.5451755233494 10.528113825983313 12.18471327572663 0.0
16 1.24 7.5025 271.4962732447818 12.074009433962264 13.224156583629894 0.0
16 1.24 8.002 271.14838732394367 12.246265778401122 13.31732421875 0.0
16 1.24 9.001 270.51722717311907 12.550859273670557 14.0 0.0
16 1.26 3.007 278.81819822109276 9.184075598802396 11.154765314240255 0.0
16 1.28 2.008 283.24671794871796 8.449281832298137 10.401635581061694 0.0
16 1.28 7.003 275.77445308924484 12.258283271719039 13.369511355815554 0.0
16 1.3 4.006 281.91677556818183 10.495805785123967 12.190857413548082 0.0
16 1.3 5.005 280.4879783393502 11.260933840749415 12.995605057194462 0.0
16 1.34 6.5035 282.98536131013304 12.758140326975477 14.01858555180215 0.0
16 1.38 4.006 291.27496977329974 11.35800585284281 13.021340970350405 0.0
16 1.38 5.005 289.1197708029197 12.169453534031414 13.318910831837224 0.0
16 1.4 7.5025 288.4 13.838802083333333 15.0 0.0
16 1.4 8.002 289.2 13.693055555555556 15.0 0.0
16 1.4 9.001 288.4 14.172288486005089 15.0 0.0
16 1.42 1.5085 304.1355046728972 8.730566884176183 10.715996301433195 0.0
16 1.42 3.5065 296.6471442910916 11.193034217877095 12.903202650469353 0.0
16 1.44 2.008 304.32380193236713 9.506348425196851 11.33938415694065 0.0
16 1.44 2.5075 302.15955495978557 10.212794811320755 12.073370638578012 0.0
16 1.44 7.003 293.68 13.988279510022272 15.0 0.0
16 1.46 1.5085 309.46591777188326 8.878992587601077 11.009995492449853 0.0
16 1.46 10.0 295.66 14.37456328279499 15.0 0.0
16 1.48 0.01 321.7744891846922 6.323650332225913 8.386174126302882 0.04218438086020205
16 1.48 3.007 304.74661224489796 11.223855105105105 12.877116827438371 0.0
16 1.5 9.5005 300.0 14.875 15.0 0.0
16 1.52 0.5095 324.32480108991825 7.442931654676259 9.442710669657162 0.0
16 1.52 1.009 320.89010930576075 8.306586021505376 10.261455347298787 0.0
16 1.56 0.01 335.6897641357027 6.350432454695222 8.397598054119793 0.04166263164265827
16 1.56 3.007 313.9558091743119 11.740421279212793 13.115465380249717 0.0
16 1.6 7.5025 312.0 14.75 15.0 0.0
16 1.6 8.002 312.0 14.875 15.0 0.0
16 1.62 1.5085 330.22456 9.686108993902439 11.497077382929259 0.0
16 1.62 10.0 314.4 15.0 15.0 0.0
16 1.64 0.01 349.2087925117005 6.367053415061296 8.383470319634704 0.040530222693531286
16 1.64 3.007 322.7050118251928 12.266854445797808 13.355964351005484 0.0
16 1.66 5.005 320.52 13.8921986186689 15.0 0.0
16 1.68 8.5015 322.28 14.875 15.0 0.0
16 1.7 4.006 326.1889564467443 13.57286299765808 15.0 0.0
16 1.76 5.5045 331.2 14.516627619696711 15.0 0.0
16 1.78 0.5095 363.93034340222573 7.8724034926470585 10.03587267038498 0.0
16 1.78 1.009 355.7216426592798 9.2451940433213 11.191220087630603 0.0
16 1.78 2.5075 339.27592307692305 12.413635229540919 13.46063740564719 0.0
16 1.82 5.5045 338.4 14.540357490272374 15.0 0.0
16 1.84 1.5085 356.90832087511393 10.658417001338687 12.280548223350253 0.0
16 1.84 3.5065 343.5148629441624 13.698546006944444 14.049144246937304 0.0
16 1.84 9.5005 340.8 15.0 15.0 0.0
16 1.86 6.004 343.2 15.0 15.0 0.0
16 1.86 6.5035 343.2 14.75 15.0 0.0
16 1.86 8.5015 344.06 14.875 15.0 0.0
16 1.92 6.5035 350.4 15.0 15.0 0.0
16 1.92 9.5005 350.4 15.0 15.0 0.0
16 1.94 1.5085 368.0972455516014 11.083023520485584 12.714844093104963 0.0
16 1.94 10.0 352.8 15.0 15.0 0.0
16 1.96 3.5065 357.12 13.939825182815357 15.0 0.0
16 1.96 9.5005 355.2 15.0 15.0 0.0
16 2.0 6.004 360.0 15.0 15.0 0.0
16 2.0 6.5035 360.0 15.0 15.0 0.0
16 2.0 8.5015 360.0 15.0 15.0 0.0
18 0.0 2.008 18.54667673716012 2.0607418596838505 3.181594183384947 0.0
18 0.0 7.003 17.0 1.88888888889 3.0 0.0
18 0.02 2.008 31.243866666666666 2.468092217445098 4.077076528231451 0.0
18 0.02 7.003 25.4 1.88888888889 5.079179593243709 0.0
18 0.04 3.007 37.883433628318585 2.383315103450729 4.154413089162413 0.0
18 0.06 4.006 37.90712665782493 2.0 6.683664021164021 0.0
18 0.1 3.5065 52.01611235955056 2.25651056538864 5.96218112244898 0.0
18 0.1 9.5005 45.9 1.88888888889 17.0 0.0
18 0.12 1.009 77.16610526315789 4.659512937598534 6.693843368039837 0.0
18 0.14 4.006 58.32 2.0 17.0 0.0
18 0.16 7.5025 63.24 1.88888888889 17.0 0.0
18 0.18 7.5025 69.02 1.88888888889 17.0 0.0
18 0.18 8.002 69.02 1.88888888889 17.0 0.0
18 0.2 5.5045 75.6 2.0 17.0 0.0
18 0.22 7.5025 81.36 2.0 17.0 0.0
18 0.22 8.002 80.58 1.88888888889 17.0 0.0
18 0.28 0.01 133.8788387096774 7.277346096093322 9.622970561998216 0.04383284519460129
18 0.34 4.006 119.35041463414635 2.5775108811736422 16.049686402784864 0.0
18 0.36 5.5045 122.32 2.11111111111 17.0 0.0
18 0.38 0.5095 153.8974520547945 6.360845859118113 8.580718562874251 0.0
18 0.38 1.009 151.51294890510948 5.827258698093759 8.04613124387855 0.0
18 0.4 7.5025 133.2 2.0 17.0 0.0
18 0.4 8.002 132.6 1.88888888889 17.0 0.0
18 0.42 8.5015 138.38 1.88888888889 17.0 0.0
18 0.44 5.5045 145.9698801641587 2.247992096060752 17.0 0.0
18 0.46 1.5085 171.28632173913044 5.812520885549076 7.899944506104329 0.0
18 0.46 3.5065 156.8702525510204 3.314866780042203 8.196532156368223 0.0
18 0.46 9.5005 149.94 1.88888888889 17.0 0.0
18 0.48 6.5035 157.28 2.22222222222 17.0 0.0
18 0.48 9.5005 156.24 2.0 17.0 0.0
18 0.5 6.004 163.0 2.22222222222 17.0 0.0
18 0.5 8.5015 162.5 2.11111111111 17.0 0.0
18 0.52 3.5065 183.49858928571427 5.31498778998464 7.177566539923954 0.0
18 0.52 9.5005 167.76 2.0 17.0 0.0
18 0.54 5.5045 175.60752021857923 2.504231936855226 17.0 0.0
18 0.58 9.5005 185.46 2.11111111111 17.0 0.0
18 0.6 3.5065 204.51283819628648 5.582804005726633 7.297033795283248 0.0
18 0.6 9.5005 190.8 2.0 17.0 0.0
18 0.62 4.006 209.33199298245614 5.555742938445694 7.263372831146847 0.0
18 0.64 3.5065 215.17461870503595 5.744892473120831 7.429568385650224 0.0
18 0.64 9.5005 202.68 2.11111111111 17.0 0.0
18 0.68 7.5025 215.22474322580646 2.48081362007015 17.0 0.0
18 0.7 5.5045 223.9716393442623 3.619125683063918 8.011502435369053 0.0
18 0.72 3.5065 235.9333651452282 6.044472432129418 8.025471470019342 0.0
18 0.72 9.5005 226.06418246869407 2.2794374875742283 17.0 0.0
18 0.74 4.006 240.7235627376426 6.010330857528594 7.829122621564482 0.0
18 0.76 4.5055 245.59287691187183 5.978176914779075 7.958939974457216 0.0
18 0.76 9.001 238.46799157894736 2.7351812865523555 17.0 0.0
18 0.8 4.006 256.17833333333334 6.270126905867836 8.212235338204984 0.0
18 0.84 0.01 268.38960150375937 7.316765676564489 9.719484936831876 0.04751406141907541
18 0.86 0.5095 272.8768326417704 7.342585551327373 9.600871007880547 0.0
18 0.86 1.009 272.57975790921597 7.226829268290415 9.383419838523645 0.0
18 0.86 2.008 272.1477067833698 7.004071336383862 9.15380692808159 0.0
18 0.86 2.5075 272.00685531914894 6.917583939080091 9.091739329967876 0.0
18 0.88 0.01 277.8825988372093 7.324081541215397 9.689219858156028 0.04762864274758654
18 0.92 6.004 286.3735460674157 6.7384377703647464 8.791021825396825 0.0
18 0.92 8.5015 286.1898343296328 6.485881013377749 8.333987878787879 0.0
18 0.94 2.008 291.66891283292983 7.392849861653272 9.53880486905201 0.0
18 0.96 4.5055 296.3930773809524 7.306110307120271 9.440106449592987 0.0
18 1.0 7.5025 306.0 7.745745257455117 10.083378185847712 0.0
18 1.0 8.002 306.0 7.739930008751507 10.077028865044582 0.0
18 1.0 9.001 306.0 7.802561327563302 10.229951045838897 0.0
18 1.04 2.008 314.60690352220524 7.988183134274458 10.231137594799566 0.0
18 1.06 0.5095 319.01280715705764 7.674984217174968 10.074959586162302 0.0
18 1.06 2.008 318.81065377855884 8.063656021290116 10.312470771628995 0.0
18 1.06 2.5075 318.7481295971979 8.223287671230644 10.432664117272148 0.0
18 1.08 7.5025 321.72566666666665 9.90642669296609 12.149162578243953 0.0
18 1.08 8.002 321.66503839122487 10.009042268591926 12.239720430107527 0.0
18 1.08 9.001 321.4157628458498 10.339307228881733 12.482935841451125 0.0
18 1.12 7.5025 328.5330129496403 10.991303494307898 13.150891904253697 0.0
18 1.14 4.006 333.7970244755245 9.712347560978486 12.054851104707012 0.0
18 1.14 5.005 333.1349536878216 10.203528380431104 12.364819868995633 0.0
18 1.2 2.008 346.761586073501 9.123774145615405 11.343761688485172 0.0
18 1.24 0.01 358.5241729323308 7.293139580859069 9.697407585213634 0.045418098510882014
18 1.24 3.007 352.3416964980545 10.374516908175108 12.569602162997295 0.0
18 1.26 5.005 352.02561622807013 12.333708333299963 14.17696513002364 0.0
18 1.3 1.5085 366.6084285714286 9.273491537892776 11.516113914924297 0.0
18 1.32 5.005 360.47775666280415 13.175388471160405 15.012556529112492 0.0
18 1.38 1.5085 381.1666037037037 9.76163324979353 12.087901498929336 0.0
18 1.4 0.01 393.55016453382086 7.362920531002008 9.756686930091185 0.04440990977398232
18 1.4 3.007 377.73464088397793 12.090988480109816 14.085574920530528 0.0
18 1.42 7.5025 371.52 15.725339226204097 17.0 0.0
18 1.42 8.002 371.5657216046399 15.908096468570776 17.0 0.0
18 1.42 9.001 371.1 16.071086109265632 17.0 0.0
18 1.46 4.5055 381.1015358898722 14.290051243565546 15.389739336492891 0.0
18 1.46 8.002 376.4170784503632 16.23725167828837 17.0 0.0
18 1.46 9.001 376.38 16.7777777778 17.0 0.0
18 1.48 1.009 402.31863652173917 9.422585470081245 11.762063808574277 0.0
18 1.52 6.004 386.08 15.828523035247501 17.0 0.0
18 1.52 6.5035 387.12 16.08971625297565 17.0 0.0
18 1.52 8.5015 386.08 16.4444444444 17.0 0.0
18 1.54 0.5095 418.3828128 8.602084466199376 11.039470293486042 0.0
18 1.54 1.009 413.2526578512397 9.667676767680092 12.03827312534209 0.0
18 1.54 2.5075 401.04 12.5555555556 14.770624677336087 0.0
18 1.56 1.009 416.8250506566604 9.748181635525926 12.080987912251903 0.0
18 1.58 4.5055 398.3610258192652 15.161244813261883 16.03927856319398 0.0
18 1.6 0.01 437.2983834586466 7.339530563995254 9.715615763546799 0.042271283834870714
18 1.62 4.5055 403.42148830409354 15.492219904987403 17.0 0.0
18 1.62 8.002 401.48 16.6666666667 17.0 0.0
18 1.62 9.001 400.86 17.0 17.0 0.0
18 1.64 1.009 431.1703164983165 10.020248166946649 12.235648727576137 0.0
18 1.66 1.5085 428.065381872214 11.343681747235523 13.355449871465296 0.0
18 1.66 3.5065 412.5452856088561 14.681527249714991 16.005267787026856 0.0
18 1.68 5.5045 412.08 16.126730310249858 17.0 0.0
18 1.7 1.5085 433.9873141891892 11.59689252694648 13.594013554216868 0.0
18 1.72 4.006 419.8703521320495 15.511766478352163 17.0 0.0
18 1.72 5.005 418.32 15.958264136026317 17.0 0.0
18 1.76 4.006 424.9812125603865 15.73473989732503 17.0 0.0
18 1.78 6.004 426.9 16.4444444444 17.0 0.0
18 1.78 6.5035 425.34 16.8888888889 17.0 0.0
18 1.78 8.5015 426.12 16.7777777778 17.0 0.0
18 1.8 2.008 442.82727688787185 13.145517890757576 15.025077603857078 0.0
18 1.82 4.006 432.28 15.923537925144151 17.0 0.0
18 1.84 7.5025 434.52 17.0 17.0 0.0
18 1.84 8.002 434.52 17.0 17.0 0.0
18 1.84 9.001 434.52 17.0 17.0 0.0
18 1.86 5.5045 439.3 16.56769305756986 17.0 0.0
18 1.88 3.5065 443.28 15.780268741181803 17.0 0.0
18 1.88 9.5005 440.64 17.0 17.0 0.0
18 1.94 4.5055 450.76 16.4444444444 17.0 0.0
18 1.94 9.001 449.82 17.0 17.0 0.0
18 1.96 7.5025 452.88 17.0 17.0 0.0
18 1.98 0.5095 502.5871123188406 9.44156939039766 11.761803844258255 0.0
18 1.98 2.008 467.1054482109228 14.085016066286103 15.30275636083269 0.0
18 1.98 2.5075 463.04281180223285 14.926022408970983 16.036882603406326 0.0
18 2.0 5.5045 459.0 16.8888888889 17.0 0.0
20 0.04 5.005 37.04 1.9 12.0 0.0
20 0.08 2.008 70.05531707317074 3.615567620927937 5.674168053244593 0.0
20 0.1 7.5025 55.1 1.9 19.0 0.0
20 0.1 8.002 56.0 2.0 19.0 0.0
20 0.12 6.5035 62.32 1.9 19.0 0.0
20 0.14 1.5085 99.35070833333333 4.742124582869855 7.031327800829875 0.0
20 0.16 0.01 130.82334615384616 8.2634516765286 11.03576617671904 0.0421264367816092
20 0.18 0.01 137.08964285714288 8.288118161925603 11.042980079681275 0.04360182416719519
20 0.2 4.006 93.6 2.2 18.04988598859886 0.0
20 0.22 0.01 148.74508108108108 8.26543388429752 11.020305294959453 0.04337069147811377
20 0.24 4.5055 108.03276379066479 2.214837340876945 19.0 0.0
20 0.28 0.5095 158.33393406593407 6.9335993740219095 9.395734888002455 0.0
20 0.28 1.009 153.75036363636363 6.114066073697585 8.375091061922108 0.0
20 0.28 2.5075 147.89245333333332 5.106150070126227 7.153613203012338 0.0
20 0.32 4.006 138.00144999999998 2.4119779411764704 19.0 0.0
20 0.34 1.5085 171.81250980392156 5.915642062689586 8.112778410014633 0.0
20 0.36 4.006 152.04016675139806 2.381276054905948 19.0 0.0
20 0.38 6.004 156.8 2.0 19.0 0.0
20 0.38 6.5035 157.4665081658764 2.107501317076842 19.0 0.0
20 0.38 8.5015 156.18 1.9 19.0 0.0
20 0.4 0.01 202.3997379912664 8.266190476190477 11.009214308527627 0.044957476325471986
20 0.42 5.5045 172.51599759656654 2.2268961373390557 19.0 0.0
20 0.44 4.006 183.79591850594227 2.9635568760611206 19.0 0.0
20 0.46 7.5025 185.06 1.9 19.0 0.0
20 0.46 8.002 185.6 2.0 19.0 0.0
20 0.46 9.001 186.14 2.1 19.0 0.0
20 0.5 5.5045 202.5 2.5 19.0 0.0
20 0.52 7.5025 207.2 2.0 19.0 0.0
20 0.54 4.006 221.58906595744682 3.562840425531915 17.62393107849394 0.0
20 0.56 4.006 230.82555782312926 4.09671768707483 7.877455716586152 0.0
20 0.6 7.5025 237.6 2.4 19.0 0.0
20 0.64 7.5025 252.4209544387036 2.561376232973227 19.0 0.0
20 0.66 0.5095 278.3355179856115 7.785131845841785 10.27278810408922 0.0
20 0.66 2.008 275.23275 6.871373762376238 9.105106111377054 0.0
20 0.66 2.5075 274.24598682042836 6.681749095295537 8.980635491606714 0.0
20 0.68 0.01 285.945054054054 8.32098696461825 11.05122031122031 0.04725615259642578
20 0.7 4.006 285.50469879518073 6.381982665222102 8.38778401496926 0.0
20 0.72 7.5025 282.4019728395062 3.1435617283950616 19.0 0.0
20 0.76 3.007 305.787358490566 6.962287292817679 9.158972063037249 0.0
20 0.78 4.5055 311.139068877551 6.640278310940499 8.563208685162847 0.0
20 0.82 4.5055 324.12683502304145 6.870202380952382 9.10063855063855 0.0
20 0.84 0.5095 332.782281535649 8.184715596330275 10.769033942558746 0.0
20 0.84 1.009 332.4200576 8.00891891891892 10.444704749679076 0.0
20 0.86 6.004 336.3704028340081 6.827887189292543 9.04822808808517 0.0
20 0.86 6.5035 336.3021213346815 6.780641025641025 8.982507462686566 0.0
20 0.86 8.5015 335.83089124668436 6.4490517998244075 8.371595225176343 0.0
20 0.88 0.5095 344.66239153439153 8.259946428571428 10.916341030195381 0.0
20 0.88 1.009 344.4252519561815 8.132135007849293 10.629737732656514 0.0
20 0.9 3.5065 349.7354435483871 7.71069512195122 10.138176991150443 0.0
20 0.9 9.5005 348.72290413533835 6.722904135338346 9.004782958199357 0.0
20 0.92 5.5045 355.5709358799454 7.4557218543046355 9.788552697932426 0.0
20 0.96 3.007 368.12658728010825 8.29363963963964 10.810413396127682 0.0
20 1.0 0.01 380.0 8.32686274509804 11.06499309868875 0.04848712478591389
20 1.0 3.007 380.0 8.650530679933665 11.192638164754953 0.0
20 1.02 5.5045 385.3426631016043 9.109212962962962 11.66338724168913 0.0
20 1.06 6.004 395.37797941680964 10.07446764091858 12.704511627906976 0.0
20 1.06 6.5035 395.28265497076023 10.17791866028708 12.837672366243794 0.0
20 1.06 8.5015 394.96880212014133 10.701816638370119 13.228493090590042 0.0
20 1.08 0.01 401.85039539347406 8.341090534979424 11.064448958862366 0.04788634996993386
20 1.08 3.007 400.9350626262626 9.545401069518716 12.155241621200311 0.0
20 1.1 2.008 406.340938697318 9.365627450980393 12.046198923028191 0.0
20 1.1 2.5075 406.1069429097606 9.62614973262032 12.204674280879864 0.0
20 1.12 0.01 412.79540862423 8.340205992509365 11.059067267683773 0.04748541177886061
20 1.14 1.5085 416.8193249475891 9.414974093264249 12.095293707512637 0.0
20 1.16 4.5055 418.58164571428574 11.698722109533469 14.144137580481193 0.0
20 1.24 1.009 442.77064203233255 9.544835766423358 12.174960222752585 0.0
20 1.26 1.5085 446.34034179357025 10.227037037037038 12.904016064257029 0.0
20 1.26 3.5065 440.89576999999997 12.414258289703316 14.83970983342289 0.0
20 1.26 9.5005 431.5325306122449 16.981911623439 18.040791785303206 0.0
20 1.3 8.002 440.0860174880763 16.811420233463036 18.025441619991383 0.0
20 1.3 9.001 439.41175829383883 17.11776131045242 18.047198820556023 0.0
20 1.32 1.5085 460.2137858585859 10.57074074074074 13.153287329883074 0.0
20 1.32 3.5065 452.27867889908254 13.361229357798166 15.478355911330048 0.0
20 1.36 4.006 458.2068146067416 14.40400289017341 16.299398589796766 0.0
20 1.38 4.5055 459.82695979247734 15.227907324364724 17.032151213805207 0.0
20 1.38 8.002 454.1 17.7224494068388 19.0 0.0
20 1.38 9.001 453.72 17.738880090497737 19.0 0.0
20 1.4 1.009 481.8351934826884 10.256164658634539 12.969110275689223 0.0
20 1.42 0.01 494.868876155268 8.359609053497943 11.06488709959741 0.044467577924625086
20 1.44 5.5045 467.824047008547 16.709200988467874 18.025951216511334 0.0
20 1.46 0.01 505.68848250460405 8.331265060240964 11.064346467627148 0.04423686354993511
20 1.46 3.007 480.6527196531792 14.202543252595156 16.175212981744423 0.0
20 1.48 9.5005 471.68 18.8 19.0 0.0
20 1.54 6.004 484.3197584985836 17.82715059055118 19.0 0.0
20 1.54 6.5035 484.22 17.925453501722156 19.0 0.0
20 1.54 8.5015 483.68 18.600524024257503 19.0 0.0
20 1.56 3.5065 495.20515555555556 15.88788888888889 17.25003098853424 0.0
20 1.56 9.5005 486.96 18.9 19.0 0.0
20 1.6 0.5095 535.4706451612903 9.825411985018727 12.357443780244806 0.0
20 1.6 1.009 527.7421839080461 11.13582877959927 13.636044049131725 0.0
20 1.62 0.01 549.7273882352941 8.310939716312058 11.046329072435267 0.04253189816774506
20 1.62 3.007 508.53704017372417 15.528993399339933 17.120844353021845 0.0
20 1.64 3.5065 509.6585114083399 16.421047197640117 18.0 0.0
20 1.64 9.5005 501.6 19.0 19.0 0.0
20 1.66 7.5025 506.72 18.6 19.0 0.0
20 1.66 8.002 505.4 19.0 19.0 0.0
20 1.66 9.001 506.06 18.9 19.0 0.0
20 1.68 4.006 513.3242231686542 17.11022018348624 18.04559071729958 0.0
20 1.7 4.5055 516.5447375535031 17.646060790273555 19.0 0.0
20 1.7 8.002 513.0 19.0 19.0 0.0
20 1.7 9.001 513.0 18.9 19.0 0.0
20 1.72 1.5085 544.2113417721519 13.170258964143425 15.330526061776062 0.0
20 1.74 0.5095 569.2750901467506 10.118813229571984 12.70490009514748 0.0
20 1.74 2.008 540.6983435114504 14.56016393442623 16.379692082111436 0.0
20 1.74 2.5075 533.8829143518518 15.60776376146789 17.127586206896552 0.0
20 1.78 5.5045 529.76 18.7 19.0 0.0
20 1.8 4.5055 534.4 18.32921530161844 19.0 0.0
20 1.84 0.01 609.5722946593002 8.373589211618258 11.069697478991596 0.04003577058324239
20 1.88 7.5025 547.2 19.0 19.0 0.0
20 1.9 0.5095 606.775616740088 10.46854 13.104265955674054 0.0
20 1.9 2.008 568.0657193396227 15.406662106703147 17.089528503673392 0.0
20 1.9 2.5075 560.2658447937132 16.46063275434243 18.0 0.0
20 1.94 3.007 564.484456362425 17.616906200317967 19.0 0.0
20 1.98 6.004 566.2 18.9 19.0 0.0
20 1.98 6.5035 566.2 18.9 19.0 0.0
20 1.98 8.5015 566.2 19.0 19.0 0.0
20 2.0 4.006 572.0 18.440453720508167 19.0 0.0
