10 0.04 3.5065 13.227266524520255 1.8 3.0 0.0
10 0.04 9.5005 12.720435530085961 1.8 3.3050361116533282 0.0
10 0.06 4.5055 14.7 1.8 3.0143736927724842 0.0
10 0.1 0.01 25.002700729927007 3.316963249516441 4.451381748071979 0.043486271785423025
10 0.14 4.5055 20.34 1.8 4.481420181526962 0.0
10 0.14 8.002 20.34 1.8 8.0 0.0
10 0.14 9.001 20.34 1.8 9.0 0.0
10 0.16 0.5095 28.421362831858406 2.8183947681331745 4.04380380607159 0.0
10 0.16 1.009 27.598345381526105 2.5220743639921723 3.485952669902913 0.0
10 0.16 2.5075 26.054853333333334 2.1146700000000003 3.191958089535991 0.0
10 0.18 0.5095 30.181770114942527 2.8418666666666663 4.049813215036189 0.0
10 0.18 1.009 29.463913333333334 2.584390665514261 3.5522485410230003 0.0
10 0.2 1.5085 30.63798212005109 2.4807925636007826 3.414084139012281 0.0
10 0.2 10.0 25.2 1.8 9.0 0.0
10 0.22 0.5095 33.591953947368424 2.929855305466238 4.1087443070917375 0.0
10 0.22 1.009 33.00275294117647 2.6890388059701493 3.816683168316832 0.0
10 0.24 3.007 30.682552763819096 2.1073397435897436 3.453684210526316 0.0
10 0.26 4.006 30.06 1.8 7.041231781852375 0.0
10 0.28 6.004 31.68 1.8 9.0 0.0
10 0.28 6.5035 31.68 1.8 9.0 0.0
10 0.28 8.5015 31.68 1.8 9.0 0.0
10 0.3 4.006 33.3 1.8 6.87847533632287 0.0
10 0.32 1.5085 40.90321481481482 2.8399001814882032 4.030945796460177 0.0
10 0.32 10.0 34.92 1.8 9.0 0.0
10 0.34 4.5055 36.54 1.8 8.017245445799585 0.0
10 0.34 9.001 36.54 1.8 9.0 0.0
10 0.36 1.5085 43.986359767891685 2.9252872062663187 4.069245503884218 0.0
10 0.36 10.0 38.16 1.8 9.0 0.0
10 0.4 0.5095 47.7577303070761 3.2069209197980935 4.260517674328762 0.0
10 0.4 1.009 47.34678977272727 3.102002551020408 4.1771264874394 0.0
10 0.42 4.006 43.19128030144442 1.8590621729118695 5.629170090386196 0.0
10 0.44 10.0 44.64 1.8 9.0 0.0
10 0.46 0.01 52.727145679012345 3.333340336134454 4.458224209517726 0.04550441570967839
10 0.5 4.006 50.208880597014925 2.08355223880597 4.19065444359562 0.0
10 0.56 1.5085 58.893223300970874 3.3827353177795656 4.30687101419461 0.0
10 0.56 10.0 54.36 1.8 9.0 0.0
10 0.6 0.01 62.66766143106457 3.3404732510288064 4.482261787009562 0.04567700328481451
10 0.62 4.5055 60.458007803790416 2.451583054626533 4.228748370273794 0.0
10 0.64 0.01 65.48071962616822 3.348931216931217 4.496649572649573 0.04642416212472523
10 0.66 6.004 62.8 2.0 5.116731328806983 0.0
10 0.66 6.5035 62.630234409276085 1.9001378878094641 5.656476323119778 0.0
10 0.66 8.5015 62.46 1.8 9.0 0.0
10 0.68 0.5095 67.94267595818815 3.547192536047498 4.635558204211363 0.0
10 0.68 1.009 67.75143341404359 3.6078080985915495 4.592251193536541 0.0
10 0.68 2.5075 67.08421169354838 3.490397148676171 4.3553139013452915 0.0
10 0.7 7.003 66.034748139668 2.0231654264453347 4.944246031746031 0.0
10 0.72 0.01 71.02092086330936 3.350150214592275 4.494198524480215 0.04538932264190758
10 0.74 4.5055 70.68648142644874 3.1323226703755216 4.395625308947109 0.0
10 0.76 5.005 71.96786503067484 2.9732208588957056 4.330072463768116 0.0
10 0.8 4.5055 75.49878369039392 3.474595588235294 4.397699663995865 0.0
10 0.8 9.001 74.14804201050262 2.1480420105026257 4.4724806201550384 0.0
10 0.84 6.5035 78.34096048632219 3.4232381763953983 4.364315068493151 0.0
10 0.86 5.5045 79.94076997971602 3.6253473848555817 4.505584535133477 0.0
10 0.88 6.5035 81.38461575178998 3.637967032967033 4.5856683345246605 0.0
10 0.9 7.5025 82.8155060728745 3.6303630658897355 4.5487170943018995 0.0
10 0.92 4.006 84.3773626081171 3.9237960687960687 5.0397368949588275 0.0
10 0.96 5.005 87.20626166666666 4.028863356585966 5.095791379115284 0.0
10 0.98 4.006 88.6132711409396 4.119018483110262 5.150545107658763 0.0
10 0.98 5.005 88.60885680888369 4.084925373134328 5.135441387403834 0.0
10 1.0 1.009 90.0 4.029404888416578 5.132133779264214 0.0
10 1.02 4.006 91.18629764616553 4.262144396551724 5.2535126234906695 0.0
10 1.06 5.5045 93.43560185902402 4.53796694214876 5.586438809261301 0.0
10 1.08 1.009 94.7644469483568 4.1238585703305155 5.188906225620221 0.0
10 1.1 8.5015 95.28609455292909 5.262044776119403 6.302433396265996 0.0
10 1.12 0.5095 97.20501265822784 3.979299539170507 5.126208479611126 0.0
10 1.12 1.009 97.10190634441088 4.2095317073170735 5.231277847086081 0.0
10 1.12 2.5075 96.9137205479452 4.476042638241172 5.49604501607717 0.0
10 1.14 8.002 97.15818277680141 5.721166347992352 6.940700344431688 0.0
10 1.14 9.001 96.99981139896373 5.98383908045977 7.070730834600591 0.0
10 1.18 2.008 100.28703813559322 4.546344262295082 5.602635599694423 0.0
10 1.18 2.5075 100.12856095736724 4.667652173913043 5.854722955145119 0.0
10 1.18 7.003 99.01188222097588 5.992094064949608 7.063549991120582 0.0
10 1.22 4.5055 101.42139157245632 5.499593639575972 6.500063877355478 0.0
10 1.24 9.5005 101.0478435041463 7.364640582347589 8.03131442904775 0.0
10 1.26 7.5025 102.03359287925696 7.006368653421633 7.92824384787472 0.0
10 1.26 8.002 102.0337772887324 7.200677794638341 8.011755710897516 0.0
10 1.26 9.001 101.828416955684 7.434947683109118 8.031136607006273 0.0
10 1.28 4.006 104.30235926133184 5.718111510791367 6.95381479324403 0.0
10 1.3 0.01 108.4066251198466 3.378544652701213 4.515120756037802 0.03787749893662271
10 1.3 3.007 105.7710781671159 5.375546129374338 6.382865097443685 0.0
10 1.32 7.5025 104.4 7.554130268199233 8.04305270155929 0.0
10 1.32 8.002 104.47592401121146 7.70071773636991 8.04782909375188 0.0
10 1.32 9.001 104.463726369309 7.850696227148969 8.049657883680451 0.0
10 1.34 0.5095 110.06131926480599 4.154701429772919 5.2320250896057345 0.0
10 1.34 2.008 108.4869663093415 5.0215628970775095 6.137210519429543 0.0
10 1.34 2.5075 107.96687914230019 5.278082408874802 6.323898381294964 0.0
10 1.34 7.003 105.40951341301461 7.512052067381317 8.041198377134553 0.0
10 1.36 1.5085 109.98054448398577 4.793903420523138 6.036992674717878 0.0
10 1.36 10.0 106.2 8.13268022181146 9.0 0.0
10 1.38 0.01 113.480298 3.377538802660754 4.525547183351274 0.037292515352343895
10 1.38 3.007 109.30268500443655 5.806855983772819 7.011020318021202 0.0
10 1.4 9.5005 108.0 8.387169476486246 9.0 0.0
10 1.42 1.009 113.77236416184971 4.610647727272727 5.737477064220183 0.0
10 1.44 4.006 110.81781652421652 6.75235294117647 7.452783216783216 0.0
10 1.5 0.5095 119.13821170809943 4.291533477321814 5.338285052143685 0.0
10 1.5 2.008 115.80413188647746 5.528726937269372 6.585372144436256 0.0
10 1.5 2.5075 115.06680486456605 5.9465321805955815 7.0594015297974275 0.0
10 1.5 7.003 112.5 8.217956480605487 9.0 0.0
10 1.54 5.5045 114.3 7.955952045133992 8.049087141913398 0.0
10 1.56 7.5025 115.2 8.422470966147763 9.0 0.0
10 1.58 5.005 116.1 7.896417594064653 8.048286950772376 0.0
10 1.6 6.004 117.0 8.292038152610441 8.049743435858964 0.0
10 1.6 6.5035 117.0 8.335435317265125 9.0 0.0
10 1.64 7.5025 118.8 8.8 9.0 0.0
10 1.66 0.01 130.72495390781563 3.4101751824817517 4.5482545454545455 0.033384206831293305
10 1.66 3.007 120.7761067839196 7.030978773584906 7.934589426321709 0.0
10 1.68 10.0 120.6 8.803051806704397 9.0 0.0
10 1.7 3.007 122.32871396054628 7.1541400172860845 8.018463875027122 0.0
10 1.72 8.002 122.4 8.8 9.0 0.0
10 1.72 9.001 122.4 8.641607646505797 9.0 0.0
10 1.74 6.004 123.3 8.504912280701754 9.0 0.0
10 1.74 6.5035 123.3 8.654778846153846 9.0 0.0
10 1.74 8.5015 123.3 8.624446854663773 9.0 0.0
10 1.76 4.5055 124.2 8.253829447460875 9.0 0.0
10 1.82 4.5055 126.9 8.224903484582601 9.0 0.0
10 1.84 1.009 134.59901097482248 5.235336257309942 6.2706230847803885 0.0
10 1.86 2.008 130.6612474289171 6.726174863387978 7.447949438202247 0.0
10 1.86 7.003 128.7 8.627547271745003 9.0 0.0
10 1.9 6.004 130.5 8.8 9.0 0.0
10 1.9 6.5035 130.5 8.708819523269012 9.0 0.0
10 1.9 8.5015 130.5 9.0 9.0 0.0
10 1.92 0.5095 141.6932738654147 4.625473684210526 5.826267281105991 0.0
10 1.92 2.008 133.59357858963466 6.845462184873949 7.588691953208082 0.0
10 1.92 2.5075 132.32 7.44138500635324 8.03770207852194 0.0
10 1.92 7.003 131.4 8.8 9.0 0.0
10 1.94 5.005 132.3 8.611108922268734 9.0 0.0
10 1.96 0.5095 143.76719831814995 4.651235795454546 5.917060810810811 0.0
10 1.96 1.009 139.71936178107606 5.481009316770186 6.505376690276884 0.0
10 1.96 2.5075 133.38478446988552 7.520855528652139 8.04099512431483 0.0
10 1.98 5.5045 134.1 8.80706552532976 9.0 0.0
12 0.0 4.006 11.0 1.83333333333 2.0349749174109872 0.0
12 0.0 5.005 11.0 1.83333333333 2.0649224510551742 0.0
12 0.02 4.006 14.563906952430738 1.83333333333 3.0 0.0
12 0.04 7.5025 16.92 1.83333333333 4.0 0.0
12 0.06 3.007 21.777886363636366 1.8922139141720966 3.155095267363245 0.0
12 0.1 0.5095 33.3510625 3.3869531004069304 4.843290734824281 0.0
12 0.1 1.009 31.34261410788382 2.8610280373803985 4.148909894801037 0.0
12 0.14 3.007 32.62461904761905 2.1683023490449163 4.010365853658537 0.0
12 0.16 6.004 30.36 1.83333333333 11.0 0.0
12 0.16 6.5035 30.36 1.83333333333 11.0 0.0
12 0.16 8.5015 30.36 1.83333333333 11.0 0.0
12 0.18 6.004 32.78 1.83333333333 11.0 0.0
12 0.18 6.5035 32.78 1.83333333333 11.0 0.0
12 0.18 8.5015 32.78 1.83333333333 11.0 0.0
12 0.2 4.5055 35.27692566148677 1.8462470590891837 10.001944593274292 0.0
12 0.2 9.001 35.2 1.83333333333 11.0 0.0
12 0.22 6.004 37.62 1.83333333333 11.0 0.0
12 0.22 6.5035 37.62 1.83333333333 11.0 0.0
12 0.24 5.005 40.04 1.83333333333 10.037585096036956 0.0
12 0.26 1.5085 51.95455837563451 3.25721588207294 4.4805857487922705 0.0
12 0.26 10.0 42.46 1.83333333333 11.0 0.0
12 0.28 5.5045 44.88 1.83333333333 11.0 0.0
12 0.3 1.5085 56.776405693950174 3.384656584748796 4.657206658546488 0.0
12 0.3 10.0 47.3 1.83333333333 11.0 0.0
12 0.32 4.5055 50.4 2.0 10.042994862496222 0.0
12 0.32 8.002 49.72 1.83333333333 11.0 0.0
12 0.32 9.001 49.72 1.83333333333 11.0 0.0
12 0.34 3.007 56.04203120124805 2.777784810125471 4.510478359908884 0.0
12 0.36 4.5055 55.2 1.9259966216201416 10.048772941635878 0.0
12 0.36 9.001 54.56 1.83333333333 11.0 0.0
12 0.4 6.004 59.41679106214602 1.8379975172595422 11.0 0.0
12 0.4 6.5035 59.4 1.83333333333 11.0 0.0
12 0.4 8.5015 59.4 1.83333333333 11.0 0.0
12 0.42 10.0 61.82 1.83333333333 11.0 0.0
12 0.44 4.5055 64.8 2.0 10.040297602812377 0.0
12 0.44 9.001 64.24 1.83333333333 11.0 0.0
12 0.46 1.009 75.67305445544555 3.977879078694375 5.248632395732299 0.0
12 0.48 0.5095 78.36400961538462 4.1591465748214 5.503071786310517 0.0
12 0.48 2.008 76.8139165154265 3.8351991614222807 5.116993880673126 0.0
12 0.48 2.5075 76.248272 3.6949670824692835 5.061637002607414 0.0
12 0.48 7.003 69.10939012705686 1.8427532458484137 11.0 0.0
12 0.5 10.0 71.5 1.83333333333 11.0 0.0
12 0.52 0.5095 82.61577245508981 4.195804286085307 5.56857459379616 0.0
12 0.52 1.009 82.11336859504132 4.104053672318465 5.335685814771395 0.0
12 0.52 2.5075 80.66585087719298 3.809115323852296 5.110032916392363 0.0
12 0.54 4.5055 76.34 1.83333333333 6.451098901098901 0.0
12 0.56 4.5055 79.7325738831615 2.201732531502503 6.929615004935834 0.0
12 0.56 8.002 78.76 1.83333333333 11.0 0.0
12 0.56 9.001 78.76 1.83333333333 11.0 0.0
12 0.58 0.5095 89.03802867383513 4.280771693882855 5.691604722343682 0.0
12 0.58 2.008 87.80882299270073 4.059576271187632 5.244073485249956 0.0
12 0.58 2.5075 87.40006034482758 3.9723494860493735 5.221829663765147 0.0
12 0.58 7.003 81.18 1.83333333333 11.0 0.0
12 0.6 0.5095 91.07231263383298 4.316447127695842 5.765377268385865 0.0
12 0.6 1.009 90.62750679963735 4.228085706954944 5.52163956189844 0.0
12 0.6 2.5075 89.5681762295082 4.03727554685024 5.201407766990291 0.0
12 0.64 0.5095 95.26749761526233 4.380555555553166 5.886210700496415 0.0
12 0.64 1.009 94.89594910941476 4.324991539760114 5.6493021346469625 0.0
12 0.64 2.5075 94.12 4.16666666667 5.692388582874312 0.0
12 0.66 5.5045 91.76515217391304 2.2770353793680576 7.688649262202043 0.0
12 0.68 6.004 94.2668043694141 2.347293942400124 5.622007722007722 0.0
12 0.68 6.5035 94.01379887369268 2.215520246716316 6.665061224489796 0.0
12 0.68 8.5015 93.6 2.0 11.0 0.0
12 0.7 4.5055 99.31997093023256 3.8042490118555374 5.137979041916168 0.0
12 0.72 0.5095 103.61508139534884 4.481243124312056 6.027648135438115 0.0
12 0.72 1.009 103.33766302652106 4.468229166666031 5.922512791358726 0.0
12 0.76 3.5065 106.53815528531338 4.2370571916351745 5.377460317460318 0.0
12 0.76 9.5005 103.2 2.0 10.045590717299579 0.0
12 0.78 4.006 108.66266837169651 4.250074786324784 5.39324496558756 0.0
12 0.78 5.005 108.38193367346938 4.082316176472235 5.277752337340202 0.0
12 0.8 3.007 111.01899287894202 4.424692646716193 5.628698339127076 0.0
12 0.82 4.006 112.99496227446691 4.37801568627207 5.459204131227217 0.0
12 0.82 5.005 112.82816625 4.234988249119285 5.372760115606937 0.0
12 0.92 10.0 123.52059325044405 4.334569271755128 5.433153493390882 0.0
12 0.94 4.006 125.81919587628866 4.807604617602313 6.134821058449634 0.0
12 0.94 5.005 125.78547447243022 4.7314729194195 6.104867426668375 0.0
12 0.96 1.5085 127.9312005899705 4.911251920121113 6.238936567164179 0.0
12 0.96 3.5065 127.90241712926249 4.903075613905185 6.215825208913649 0.0
12 0.98 1.5085 129.97001160862354 4.960946654331627 6.262843944567182 0.0
12 0.98 10.0 129.9448031882281 4.873359901898142 6.161028269648959 0.0
12 1.0 6.5035 132.0 5.095625649015412 6.363742835783703 0.0
12 1.0 9.5005 132.0 5.093256619650467 6.3521771037181995 0.0
12 1.02 1.5085 133.80097628781687 5.0430255646571025 6.359389729595634 0.0
12 1.02 10.0 133.75571234428085 5.366078290102989 6.839947916666667 0.0
12 1.04 4.006 135.52674296435274 5.313713768113393 6.688130434782609 0.0
12 1.04 5.005 135.5086875 5.376976079040701 6.835168831168831 0.0
12 1.08 9.5005 138.43031460674158 6.4279223227738225 8.013667493796525 0.0
12 1.1 5.5045 140.31527829313544 6.013480589023027 7.3639290240811155 0.0
12 1.12 6.004 141.74229338103757 6.346466007783691 7.894042316258352 0.0
12 1.12 6.5035 141.6119773371105 6.503720118184335 8.024057649667405 0.0
12 1.12 8.5015 141.26625123966943 7.055400192865139 8.304698412698412 0.0
12 1.14 0.01 144.88288071570577 4.346969696966636 6.009933106146661 0.042068485691814386
12 1.14 3.007 143.85204838709677 5.738071143821391 7.165047147195142 0.0
12 1.16 5.005 144.7549516310461 6.51967572305035 8.049298359240069 0.0
12 1.18 8.5015 145.0436172328086 8.06215147732126 9.182351246218124 0.0
12 1.2 4.006 147.93924439197167 6.540270976167962 8.049594550762244 0.0
12 1.26 0.01 155.85934520547943 4.341873141721317 6.003259766615931 0.04209746211319157
12 1.28 1.5085 155.74825094102886 5.704368108568407 7.151005972964477 0.0
12 1.28 10.0 150.48 9.699586860139059 10.049201345102984 0.0
12 1.32 0.01 161.39468235294117 4.331877022650446 5.982840980515399 0.040530222693531286
12 1.32 3.007 156.99448320000002 6.8989646978934305 8.219285714285714 0.0
12 1.34 6.004 155.46094171145103 8.944651515150408 9.941340147643384 0.0
12 1.34 8.5015 154.44 9.940314067034963 10.049942997719908 0.0
12 1.36 4.5055 157.84425454545453 8.21572237960477 9.205745840905914 0.0
12 1.36 8.002 155.76 9.837072987205168 11.0 0.0
12 1.36 9.001 156.12 9.929607995844906 11.0 0.0
12 1.42 6.5035 159.72 9.695908004781137 10.048315552216378 0.0
12 1.42 9.5005 159.72 10.327714477180711 11.0 0.0
12 1.44 1.5085 167.87967519466073 6.212242703534536 7.589057175312382 0.0
12 1.44 10.0 161.04 10.502391737012351 11.0 0.0
12 1.46 3.5065 164.93297031539888 8.193729520407375 9.196902475314486 0.0
12 1.46 9.5005 162.36 10.58905079589796 11.0 0.0
12 1.5 6.004 165.26465546218486 9.810376532396884 10.049401134692163 0.0
12 1.5 6.5035 165.5 10.047483684748453 11.0 0.0
12 1.5 8.5015 165.0 10.444704338417226 11.0 0.0
12 1.52 2.008 172.08907148014438 7.0558434959360765 8.304302670623146 0.0
12 1.52 2.5075 170.48297045305318 7.624939320390848 9.023432049283752 0.0
12 1.52 7.003 166.32 10.11051927197071 11.0 0.0
12 1.58 1.5085 177.79173639661425 6.6614541387056905 8.108407479045777 0.0
12 1.58 3.5065 171.8402643253235 8.853721352390993 9.76453734147487 0.0
12 1.58 10.0 170.28 10.8333333333 11.0 0.0
12 1.62 3.5065 174.74929488703924 9.098924197287646 10.0262725943647 0.0
12 1.62 9.5005 172.92 10.8398117234919 11.0 0.0
12 1.66 1.009 185.8836518607443 6.205993042380002 7.610595238095238 0.0
12 1.68 4.5055 176.95370490797546 9.928381002823427 11.0 0.0
12 1.68 9.001 176.88 11.0 11.0 0.0
12 1.7 5.005 178.2 10.332830056146644 11.0 0.0
12 1.72 0.01 198.13267826086957 4.364452709880392 6.0176331980625735 0.036325735674507774
12 1.72 3.007 181.32682417582419 9.143126984129847 10.020679737753587 0.0
12 1.74 5.5045 180.84 10.321961916958807 11.0 0.0
12 1.76 3.007 183.3377888888889 9.185946012880224 10.032557358017902 0.0
12 1.78 2.008 188.28904483188043 8.173222940229243 9.18115037194474 0.0
12 1.78 7.003 183.48 11.0 11.0 0.0
12 1.8 4.006 184.8 10.19235796070571 11.0 0.0
12 1.8 5.005 184.8 10.36951321422231 11.0 0.0
12 1.84 6.5035 187.44 10.691631821616571 11.0 0.0
12 1.88 0.5095 206.3314778761062 5.726295961423492 7.176565034057736 0.0
12 1.88 1.009 201.3694903846154 6.68123287671508 8.10118424333084 0.0
12 1.88 2.5075 191.80493959731544 9.101037906139204 10.021073294383134 0.0
12 1.9 5.5045 191.4 10.526097659407963 11.0 0.0
12 1.92 6.004 192.72 10.8333333333 11.0 0.0
12 1.92 8.5015 192.72 11.0 11.0 0.0
12 1.94 3.5065 194.04 10.086962569567214 11.0 0.0
12 1.94 9.5005 194.04 11.0 11.0 0.0
12 1.96 6.004 195.36 10.634858799825256 11.0 0.0
12 1.96 6.5035 195.36 11.0 11.0 0.0
12 1.96 8.5015 195.36 11.0 11.0 0.0
12 1.98 4.006 197.66 10.394279729273087 11.0 0.0
12 2.0 4.5055 198.0 10.8333333333 11.0 0.0
14 0.0 1.5085 14.393869911090313 2.0562671301568844 3.119436726446072 0.0
14 0.0 10.0 13.0 1.85714285714 3.0 0.0
14 0.02 1.5085 21.472688524590165 2.3012086712374464 3.460099531615925 0.0
14 0.02 10.0 17.247142014327853 1.85714285714 7.0 0.0
14 0.04 0.01 43.204 5.280508870210728 7.129566755083997 0.04128545911416548
14 0.06 5.005 23.8 1.85714285714 6.074361415199111 0.0
14 0.08 4.006 29.059346534653464 1.8944950962042806 4.421113445378151 0.0
14 0.1 6.004 29.9 1.85714285714 13.0 0.0
14 0.1 6.5035 29.9 1.85714285714 13.0 0.0
14 0.1 8.5015 29.9 1.85714285714 13.0 0.0
14 0.12 0.5095 49.60744444444445 4.1800851970191 6.018351376027129 0.0
14 0.12 2.008 44.13633644859813 2.899905444801402 4.282579230615906 0.0
14 0.12 2.5075 43.022786516853934 2.7109910144592266 4.214376631853786 0.0
14 0.12 7.003 33.28 1.85714285714 13.0 0.0
14 0.14 5.005 36.66 1.85714285714 13.0 0.0
14 0.16 5.5045 40.04 1.85714285714 13.0 0.0
14 0.2 3.007 51.46028188865398 2.5147563996699898 5.047241261137765 0.0
14 0.24 1.5085 67.42948837209302 3.7619083639526285 5.238618784530387 0.0
14 0.24 3.5065 55.08 2.14285714286 7.027926421404683 0.0
14 0.24 9.5005 53.56 1.85714285714 13.0 0.0
14 0.26 4.5055 57.68 2.0 12.046854683361426 0.0
14 0.26 8.002 56.94 1.85714285714 13.0 0.0
14 0.26 9.001 56.94 1.85714285714 13.0 0.0
14 0.3 4.5055 64.4 2.0 12.049600840336135 0.0
14 0.3 8.002 63.7 1.85714285714 13.0 0.0
14 0.3 9.001 63.7 1.85714285714 13.0 0.0
14 0.32 3.007 70.61090618181818 2.5989298701318484 5.49561345646438 0.0
14 0.34 5.005 71.12 2.0 13.0 0.0
14 0.36 3.007 82.67305263157895 3.5901796206162064 5.289146968139774 0.0
14 0.38 2.008 89.75394570135747 4.160264951969759 5.549254261363636 0.0
14 0.38 2.5075 88.6635 3.9808982124386785 5.420820455184041 0.0
14 0.38 7.003 77.22 1.85714285714 13.0 0.0
14 0.42 4.5055 84.56 2.0 13.0 0.0
14 0.42 9.001 83.98 1.85714285714 13.0 0.0
14 0.44 3.007 97.60881318681318 4.0851855691495365 5.425343973582828 0.0
14 0.46 6.5035 90.74 1.85714285714 13.0 0.0
14 0.48 6.004 94.67490046855033 2.009588040810723 13.0 0.0
14 0.48 8.5015 94.12 1.85714285714 13.0 0.0
14 0.5 4.5055 98.48843311160384 2.139552317603889 12.04834415194134 0.0
14 0.52 6.004 101.70887567567569 2.103832046334123 13.0 0.0
14 0.52 6.5035 101.84 2.14285714286 13.0 0.0
14 0.52 8.5015 100.88 1.85714285714 13.0 0.0
14 0.56 3.007 116.38482474226804 4.390246406568647 6.032283464566929 0.0
14 0.58 6.004 111.44 2.0 13.0 0.0
14 0.58 6.5035 111.940486521181 2.170233510607271 13.0 0.0
14 0.58 8.5015 111.44 2.0 13.0 0.0
14 0.6 6.004 115.30420228777845 2.180072245636156 13.0 0.0
14 0.6 6.5035 115.2283550295858 2.152983939140136 13.0 0.0
14 0.6 8.5015 115.2 2.14285714286 13.0 0.0
14 0.62 5.005 119.78514461960248 2.610956623912921 7.565894465894466 0.0
14 0.64 6.004 122.25961300555115 2.2934972244209297 13.0 0.0
14 0.64 6.5035 122.2442401847575 2.287396898709044 13.0 0.0
14 0.64 8.5015 121.90841995704609 2.1541349035920128 13.0 0.0
14 0.66 4.006 131.32166503067484 4.495132013201223 6.026766304347826 0.0
14 0.68 5.5045 130.19214925373134 2.871495202556065 6.332714554748453 0.0
14 0.72 6.004 137.65146666666666 3.3731972789090285 6.166463223787168 0.0
14 0.72 6.5035 136.58096836982966 2.8270246784831814 6.1431778058007565 0.0
14 0.72 8.5015 135.30373554774835 2.1753752794646615 13.0 0.0
14 0.74 5.005 143.24233258762118 4.614780975153863 6.1331337616822434 0.0
14 0.76 7.5025 143.25870496083553 2.9397053338294543 5.804608523290387 0.0
14 0.76 8.002 142.4858504027618 2.4796728587863766 12.032320855614973 0.0
14 0.78 1.5085 150.53139798488664 5.304204811577945 7.037077681874229 0.0
14 0.78 10.0 145.453572230014 2.268553396109576 13.0 0.0
14 0.8 5.005 152.42258495821727 4.857892892188382 6.2120698510529015 0.0
14 0.82 1.5085 156.39531780055918 5.416515907671443 7.089892677625323 0.0
14 0.82 10.0 152.82287580025607 2.843552222423284 6.972290076335878 0.0
14 0.86 7.003 161.32881150550796 4.904076717982084 6.234463680171337 0.0
14 0.9 0.5095 168.01209366391186 5.593544690605385 7.261491596638655 0.0
14 0.9 1.009 167.93310850439883 5.636836734696614 7.263082818820524 0.0
14 0.9 2.008 167.79830367734283 5.604777253369196 7.191942877291961 0.0
14 0.9 2.5075 167.73556734693878 5.558333333334501 7.143349056603774 0.0
14 0.92 4.5055 170.51608688656475 5.481371691095668 7.101471801925722 0.0
14 0.94 1.5085 173.5546262295082 5.745861041048339 7.641249403910348 0.0
14 0.94 10.0 173.26482943603853 5.20197484771065 6.615182648401826 0.0
14 0.96 7.5025 176.27311874386655 5.546201203303009 7.1399631958288605 0.0
14 0.96 8.002 176.25660949208992 5.487891043178061 7.106451161488945 0.0
14 0.96 9.001 176.2541141226819 5.478979009577733 7.105236738570072 0.0
14 0.98 4.5055 179.17604761904764 5.819551331982198 7.353662909836066 0.0
14 0.98 8.002 179.16387322893362 5.741951635243129 7.286289978678038 0.0
14 0.98 9.001 179.15699784482757 5.69284174877233 7.266575110923305 0.0
14 1.02 4.5055 184.49929984301411 6.153101736975049 7.928481012658228 0.0
14 1.02 9.001 184.4647912341407 6.333846622957494 8.09259206394519 0.0
14 1.04 1.5085 187.03260957910013 6.017155499368232 7.731886087768441 0.0
14 1.04 10.0 186.76351251360174 6.798934683898063 8.485700132100396 0.0
14 1.06 7.003 189.1190093167702 6.857928847211721 8.537042303590473 0.0
14 1.1 4.006 193.90322478991598 6.814770962732181 8.512149859943978 0.0
14 1.12 5.5045 195.70479738562094 7.485028719658771 9.20401878914405 0.0
14 1.14 1.009 199.37128381374725 6.1601817935171175 8.01522031002075 0.0
14 1.16 1.5085 201.5670354609929 6.400278655023085 8.13334917617237 0.0
14 1.16 3.5065 200.54856818181818 7.216559255280232 9.053978494623657 0.0
14 1.16 10.0 197.9803336683417 9.978944627668387 11.143662127753792 0.0
14 1.18 5.5045 201.46135697940502 8.405082618697119 10.089755223880598 0.0
14 1.2 1.5085 206.21309600862998 6.536538817862506 8.241959901800328 0.0
14 1.2 10.0 201.29948995363213 10.617734460181612 11.55360824742268 0.0
14 1.22 4.006 206.21635897435897 8.095044955046856 9.847423245614035 0.0
14 1.22 5.005 205.47345068664168 8.677931613177462 10.1954714064915 0.0
14 1.26 1.009 213.71353963414634 6.428667582416155 8.169307800421645 0.0
14 1.28 4.5055 211.19305521472393 9.087766059445668 10.514932276181037 0.0
14 1.28 8.002 208.62778147762748 10.937256034165262 12.02303634232122 0.0
14 1.28 9.001 208.05736371168186 11.399016172526443 12.042068485691814 0.0
14 1.3 3.5065 214.1937726358149 8.569908371513268 10.148168654173764 0.0
14 1.3 9.5005 209.93063994374123 11.633917371816954 12.04888722030335 0.0
14 1.32 1.009 220.6573527696793 6.5737289377304124 8.267896920725049 0.0
14 1.34 5.5045 214.90114406065712 10.383819059553854 11.444971224993148 0.0
14 1.36 3.007 220.46505263157894 8.655367118917711 10.182644372193838 0.0
14 1.38 3.5065 221.2376697080292 9.31760259178901 10.808382936507936 0.0
14 1.38 9.5005 216.96 12.194261006311605 13.0 0.0
14 1.44 4.5055 224.34307936507938 10.560598179429597 11.556388702084734 0.0
14 1.44 9.001 222.92 12.158953526198266 13.0 0.0
14 1.46 7.5025 224.32 12.188681757680985 13.0 0.0
14 1.48 0.5095 240.6415451080051 6.341370677512083 8.116780291292223 0.0
14 1.48 2.008 234.15317735849055 8.31255906942555 10.056284796573875 0.0
14 1.48 2.5075 232.6029113149847 8.951053518751655 10.369281204468189 0.0
14 1.5 5.5045 228.1266462933754 11.927201680650429 12.048915785679961 0.0
14 1.54 2.008 239.73808333333332 8.623130095713202 10.172855640678984 0.0
14 1.54 7.003 231.68 12.323183132286855 13.0 0.0
14 1.56 0.5095 250.10897752808987 6.435714285713 8.187408793264733 0.0
14 1.56 2.008 241.4511402550091 8.80517174082722 10.246104608632042 0.0
14 1.56 2.5075 239.5978977407848 9.47455884609432 11.006705907084298 0.0
14 1.58 7.5025 235.36 12.458308806899176 13.0 0.0
14 1.58 8.002 235.36 12.575790010166417 13.0 0.0
14 1.58 9.001 234.78 12.7142857143 13.0 0.0
14 1.62 7.5025 238.42 12.5714285714 13.0 0.0
14 1.64 0.5095 259.18408938547486 6.563521882742807 8.254655355249204 0.0
14 1.64 2.008 248.3722049934297 9.23061741806836 10.647748478701825 0.0
14 1.64 2.5075 246.51218233618232 9.895847346101148 11.121597918272938 0.0
14 1.66 9.5005 242.06 13.0 13.0 0.0
14 1.68 3.007 247.41720122887864 10.658848396499113 11.690618513906186 0.0
14 1.7 3.5065 247.83731642512078 11.26465659340073 12.044467577924625 0.0
14 1.7 9.5005 245.7 13.0 13.0 0.0
14 1.72 1.009 263.45644541484717 7.635985060693663 9.295313214449017 0.0
14 1.74 4.006 250.26275542135602 11.722256813920872 13.0 0.0
14 1.76 5.005 251.92 12.31469940791911 13.0 0.0
14 1.8 1.5085 265.3783592938733 9.038846852301019 10.45038983540283 0.0
14 1.8 10.0 254.8 13.0 13.0 0.0
14 1.82 5.005 257.44 12.375971099519193 13.0 0.0
14 1.88 6.004 262.08 13.0 13.0 0.0
14 1.88 6.5035 262.08 12.8571428571 13.0 0.0
14 1.88 8.5015 262.08 13.0 13.0 0.0
14 1.9 4.006 264.8 12.3676340185512 13.0 0.0
14 1.92 5.5045 265.72 12.7142857143 13.0 0.0
14 1.94 7.5025 267.54 13.0 13.0 0.0
14 1.94 8.002 267.54 13.0 13.0 0.0
14 1.96 5.5045 269.36 12.4285714286 13.0 0.0
14 1.98 7.003 271.18 13.0 13.0 0.0
16 0.0 4.5055 15.0 1.875 3.0 0.0
16 0.0 8.002 15.0 1.875 3.0 0.0
16 0.0 9.001 15.0 1.875 3.0 0.0
16 0.02 4.5055 22.24 1.875 4.0 0.0
16 0.02 8.002 21.16 1.875 8.0 0.0
16 0.02 9.001 20.02 1.875 13.0 0.0
16 0.04 0.5095 46.481942857142855 4.632135343618513 6.5768476929358926 0.0
16 0.04 1.009 38.897937500000005 3.5259738527214513 5.258069349315068 0.0
16 0.04 2.5075 31.282235294117648 2.2676627486437613 3.913646408839779 0.0
16 0.06 1.5085 41.3874 3.084935174746336 4.729740791268759 0.0
16 0.06 3.5065 34.97820234604105 2.125339350685698 4.283100180505415 0.0
16 0.06 9.5005 28.5 1.875 15.0 0.0
16 0.08 1.5085 47.37006779661017 3.2635980392156863 5.04073486328125 0.0
16 0.08 10.0 33.0 1.875 15.0 0.0
16 0.12 6.004 42.0 1.875 15.0 0.0
16 0.12 8.5015 42.0 1.875 15.0 0.0
16 0.14 3.5065 48.22 2.125 8.103463855421687 0.0
16 0.14 9.5005 46.5 1.875 15.0 0.0
16 0.2 5.005 60.8 2.0 15.0 0.0
16 0.24 7.5025 69.0 1.875 15.0 0.0
16 0.24 8.002 69.0 1.875 15.0 0.0
16 0.24 9.001 69.0 1.875 15.0 0.0
16 0.26 0.01 100.65916129032257 6.261468363136176 8.32873781148429 0.04400603773584906
16 0.26 3.007 78.34495094936709 2.681797730829421 6.116402497598463 0.0
16 0.28 2.008 95.90824528301887 4.294173003802281 6.077357255107386 0.0
16 0.28 7.003 78.0 1.875 15.0 0.0
16 0.3 3.007 87.95514749262537 2.847409420289855 6.133440308087291 0.0
16 0.32 5.005 88.36 2.125 15.0 0.0
16 0.34 3.5065 94.11835231316726 2.370900059311981 13.839378881987578 0.0
16 0.34 9.5005 91.5 1.875 15.0 0.0
16 0.36 5.005 96.64 2.0 15.0 0.0
16 0.42 3.007 121.62538888888889 4.253047024952015 6.2835222502099075 0.0
16 0.44 5.005 114.56 2.0 15.0 0.0
16 0.48 5.5045 123.52 2.0 15.0 0.0
16 0.52 5.5045 133.92 2.375 15.0 0.0
16 0.54 5.005 139.44417358490566 2.6750471698113207 15.0 0.0
16 0.56 5.005 143.4298191433104 2.5652895293495503 14.035033671572661 0.0
16 0.58 5.5045 146.94148046875 2.3040120442708334 15.0 0.0
16 0.6 5.5045 152.63736966824646 2.6991780213270142 15.0 0.0
16 0.62 1.5085 167.12157647058822 5.6423099529780565 7.379313057157839 0.0
16 0.62 3.5065 164.70580444444445 5.063707302709069 6.835040567951318 0.0
16 0.62 10.0 154.88 2.0 15.0 0.0
16 0.64 5.5045 160.92228631578948 2.5424605263157893 14.034356894553882 0.0
16 0.66 7.003 165.3083717675692 2.539842561606328 15.0 0.0
16 0.7 5.005 180.27553252323088 5.049358069977426 6.454345202172601 0.0
16 0.72 5.5045 180.92718300653593 3.6282066993464053 6.81078125 0.0
16 0.74 1.5085 190.5977627118644 5.965493574766355 7.966666666666667 0.0
16 0.74 3.5065 189.2722304230423 5.462358695652174 7.155295465706335 0.0
16 0.74 10.0 182.416721 2.31573125 15.0 0.0
16 0.76 0.01 195.79721645796064 6.309987745098039 8.378078602620088 0.04731347773766546
16 0.78 8.002 192.92820874999998 3.2546640625 9.662278106508875 0.0
16 0.78 9.001 192.08183588729608 2.773770390509145 15.0 0.0
16 0.8 1.5085 202.20943917169973 6.141999530075188 8.083264766382603 0.0
16 0.8 3.5065 201.32981096408318 5.76391129032258 7.370944372574385 0.0
16 0.8 9.5005 196.6620257611241 2.913766100702576 14.04374622538954 0.0
16 0.82 8.002 204.16420087336246 5.106565126050421 6.6270067220245155 0.0
16 0.82 9.001 203.9875097813579 4.989352375565611 6.569817287420942 0.0
16 0.84 2.008 209.70723376623374 6.181170576735093 8.087133739483608 0.0
16 0.84 2.5075 209.53972177419354 6.097477452085682 8.030588083901685 0.0
16 0.84 7.003 208.4547716535433 5.345815404475043 7.045782980866062 0.0
16 0.86 4.5055 213.0041681759379 5.863366916588566 7.510159557147509 0.0
16 0.88 2.008 217.3881077586207 6.329153311965812 8.182509575050155 0.0
16 0.88 2.5075 217.26401307189542 6.240722150259067 8.116754331683168 0.0
16 0.88 7.003 216.6234447871684 5.64830547112462 7.251093279839519 0.0
16 0.9 6.004 220.7188239590942 5.892804921540656 7.537116788321168 0.0
16 0.9 6.5035 220.64358143607706 5.801609766637856 7.4837828947368426 0.0
16 0.9 8.5015 220.52114225648214 5.650989838822705 7.2658683881715955 0.0
16 0.92 3.007 224.9219393939394 6.400236913357401 8.225598918083461 0.0
16 0.94 4.5055 228.64424341279798 6.330802505966587 8.177920899854863 0.0
16 0.94 8.002 228.5062268602541 6.054476427923844 7.889814814814815 0.0
16 0.94 9.001 228.46994008264463 5.978934468524252 7.681514762516047 0.0
16 0.96 0.01 232.66205602240896 6.321278782894737 8.406848894348894 0.04734213772148852
16 0.98 0.01 236.32640595399187 6.322215639810427 8.353959537572255 0.04719882055602359
16 0.98 3.007 236.27716620498614 6.7055225281602 8.598111691442346 0.0
16 1.02 3.007 243.34964450867054 7.0013361638361635 9.058007220216606 0.0
16 1.04 4.5055 246.5848947368421 7.301697930142303 9.266393260917756 0.0
16 1.04 8.002 246.43251016635858 7.648429568527919 9.731121718377088 0.0
16 1.04 9.001 246.3847867867868 7.792928082191781 9.932759643916913 0.0
16 1.06 4.5055 249.73135772357725 7.553011067708334 9.499895324494068 0.0
16 1.1 10.0 254.40808924485125 9.849174718196457 11.71152466367713 0.0
16 1.14 3.5065 261.92489743589744 8.200324427480917 10.2066254587599 0.0
16 1.14 9.5005 259.23758044444446 10.84051906779661 12.429003608104358 0.0
16 1.16 7.5025 262.4695809935205 10.447289364640884 12.157238339021616 0.0
16 1.16 8.002 262.16004107830554 10.75588503649635 12.323546944858421 0.0
16 1.16 9.001 261.5483851851852 11.205784671532847 12.786811594202899 0.0
16 1.18 4.006 267.00385384615385 8.998099816849816 11.0515 0.0
16 1.2 4.5055 269.19914498141264 9.50540757381258 11.356860192658162 0.0
16 1.2 8.002 266.51667322834646 11.558968832891246 13.072342788790158 0.0
16 1.2 9.001 265.8263885578069 12.023938679245283 13.238137996219281 0.0
16 1.22 1.5085 275.32219637462237 7.710062776957164 9.771826171875 0.0
16 1.22 10.0 267.52173348017624 12.820821220930233 14.025291637169504 0.0
16 1.24 0.5095 279.9495308641975 7.015522974607014 9.10321400159109 0.0
16 1.24 2.008 277.55794387001475 8.188983357452967 10.214535111808553 0.0
16 1.24 2.5075 276.7967112375534 8.58622248427673 10.56338403041825 0.0
16 1.24 7.003 271.7527065750736 11.763093434343434 13.13296106557377 0.0
16 1.26 6.5035 274.0636166484118 11.813757668711656 13.131053169734152 0.0
16 1.28 3.007 281.3018876404494 9.369714156079855 11.254221237154947 0.0
16 1.3 7.5025 278.0599751861042 12.85165458937198 14.004861416630005 0.0
16 1.32 9.5005 278.7560811594203 13.77693345323741 15.0 0.0
16 1.34 4.006 286.55342815249264 10.936142113095238 12.482412523020258 0.0
16 1.36 5.005 287.0369489953632 12.028405070754717 13.240423909728575 0.0
16 1.38 7.5025 286.4496979442296 13.644119588173178 14.049971499714998 0.0
16 1.4 0.5095 305.65822646657574 7.244519064124783 9.269711199812162 0.0
16 1.4 2.008 299.3195013850416 9.284101615074023 11.177534395365678 0.0
16 1.4 2.5075 297.5477429983526 9.880752652519893 11.798811369509044 0.0
16 1.44 3.007 300.6748934911243 10.792752387448841 12.35485221674877 0.0
16 1.48 6.004 299.34660898502494 13.554235751295337 14.048830084402127 0.0
16 1.48 6.5035 299.04 13.787174548352816 15.0 0.0
16 1.48 8.5015 298.08 14.420095076650943 15.0 0.0
16 1.5 4.006 304.6395247332687 12.370033987915408 13.485391610442946 0.0
16 1.52 5.5045 302.92 13.465203651685393 14.04757135552949 0.0
16 1.56 6.004 308.07911289513294 13.86810384263495 15.0 0.0
16 1.56 6.5035 307.76 14.171521618625277 15.0 0.0
16 1.56 8.5015 307.2 14.881178708651017 15.0 0.0
16 1.58 0.01 339.0604677661169 6.354317010309279 8.411073411474398 0.04137252527698735
16 1.58 3.007 315.9640673181325 11.881632369299222 13.172766117883624 0.0
16 1.6 2.008 324.2243451143451 10.524463457076566 12.205616350177019 0.0
16 1.6 2.5075 320.7963260869565 11.362319624819625 13.017253293025265 0.0
16 1.6 7.003 312.6 14.419176829268293 15.0 0.0
16 1.64 6.004 316.82269498038266 14.53124806321661 15.0 0.0
16 1.64 6.5035 317.44 14.539995559502664 15.0 0.0
16 1.64 8.5015 316.8 14.875 15.0 0.0
16 1.68 5.005 321.6 14.014387167262614 15.0 0.0
16 1.7 7.5025 324.0 14.780031500572738 15.0 0.0
16 1.72 3.5065 329.63480655737703 13.311808865586272 14.043283987915407 0.0
16 1.72 9.5005 326.4 15.0 15.0 0.0
16 1.76 1.5085 347.3805853658537 10.357168820678513 12.10674198250729 0.0
16 1.76 3.5065 333.9058364688857 13.293399308224442 14.04811530599976 0.0
16 1.76 9.5005 331.2 15.0 15.0 0.0
16 1.8 8.002 336.0 15.0 15.0 0.0
16 1.8 9.001 336.0 14.875 15.0 0.0
16 1.82 1.5085 354.24861413673233 10.632262954796031 12.262213378813719 0.0
16 1.82 3.5065 340.86 13.770807828608248 15.0 0.0
16 1.82 10.0 338.4 15.0 15.0 0.0
16 1.86 4.006 344.92 14.070827847267939 15.0 0.0
16 1.88 5.5045 346.48 14.424142156862745 15.0 0.0
16 1.9 7.003 348.0 14.875 15.0 0.0
16 1.92 4.006 351.32 14.282173414023372 15.0 0.0
16 1.94 0.01 399.9732765957447 6.35552797833935 8.408705357142857 0.03802363376773292
16 1.98 4.5055 358.58 14.282293557168783 15.0 0.0
16 2.0 5.005 360.0 14.875 15.0 0.0
18 0.0 0.01 65.41084337349398 7.267871485941097 9.668200455580866 0.040646490351116366
18 0.0 3.007 17.0 1.88888888889 3.0 0.0
18 0.02 3.007 27.950681181959567 2.0327008827005555 3.3659541648303217 0.0
18 0.04 6.004 28.56 1.88888888889 17.0 0.0
18 0.04 6.5035 31.16 2.0 13.0 0.0
18 0.04 8.5015 28.56 1.88888888889 17.0 0.0
18 0.06 7.5025 35.24 1.88888888889 16.0 0.0
18 0.06 8.002 36.14 1.88888888889 15.0 0.0
18 0.06 9.001 34.34 1.88888888889 17.0 0.0
18 0.08 4.5055 41.99164043583535 2.0 15.0 0.0
18 0.08 8.002 40.12 1.88888888889 17.0 0.0
18 0.08 9.001 40.12 1.88888888889 17.0 0.0
18 0.12 5.5045 53.44 2.11111111111 17.0 0.0
18 0.14 7.5025 58.32 2.0 17.0 0.0
18 0.16 2.008 85.20411111111112 4.024870238409182 6.029115629593337 0.0
18 0.16 7.003 64.08 2.0 17.0 0.0
18 0.18 2.008 91.73974509803921 4.197279651793457 6.099071250346548 0.0
18 0.18 2.5075 90.04982352941177 3.9215223097120706 6.055638420984955 0.0
18 0.18 7.003 69.02 1.88888888889 17.0 0.0
18 0.2 3.5065 78.82030443414956 2.447264504738777 16.009313311434383 0.0
18 0.2 9.5005 74.8 1.88888888889 17.0 0.0
18 0.22 2.008 103.80947586206896 4.469677113008021 6.301836506159015 0.0
18 0.22 2.5075 102.34114634146341 4.224107468121621 6.184154869520723 0.0
18 0.22 7.003 81.36 2.0 17.0 0.0
18 0.24 0.01 124.31214457831325 7.289114807965891 9.662027027027028 0.043312890849219056
18 0.26 5.005 92.88 2.0 17.0 0.0
18 0.3 5.005 104.42286136363637 2.0036287878787515 17.0 0.0
18 0.32 3.5065 114.20257190082644 2.660550964190722 16.022523690465167 0.0
18 0.32 9.5005 109.48 1.88888888889 17.0 0.0
18 0.34 7.5025 115.92 2.0 17.0 0.0
18 0.34 8.002 115.26 1.88888888889 17.0 0.0
18 0.36 3.5065 125.56622809917354 2.674692378331995 7.869356153219234 0.0
18 0.36 9.5005 121.04 1.88888888889 17.0 0.0
18 0.38 5.5045 128.68 2.22222222222 17.0 0.0
18 0.4 2.008 154.21218806509944 5.375449454756045 7.241200466200466 0.0
18 0.4 2.5075 152.51217391304348 5.126623263887622 7.102023878858474 0.0
18 0.42 5.005 139.62088976744187 2.126607235140853 17.0 0.0
18 0.44 1.5085 165.94017721518986 5.721517996872895 7.708816914080072 0.0
18 0.44 3.5065 150.006218798151 3.0488529361405834 9.544427244582044 0.0
18 0.44 9.5005 144.16 1.88888888889 17.0 0.0
18 0.48 4.006 159.98705577689242 2.8006529437824272 16.04305270155929 0.0
18 0.5 5.005 164.01079027355624 2.4468422830082432 16.049144246937306 0.0
18 0.54 1.5085 191.9818455882353 6.060960251868733 8.140350546551074 0.0
18 0.54 3.5065 188.67380198019802 5.391496500810963 7.229373003194889 0.0
18 0.56 3.5065 190.56606451612905 4.787633396110096 7.266733422340899 0.0
18 0.56 9.5005 178.84 1.88888888889 17.0 0.0
18 0.58 4.006 198.02374677002584 5.269082125601174 7.175151860288534 0.0
18 0.62 7.5025 197.00373596792667 2.1297473590415943 17.0 0.0
18 0.62 8.002 197.63433037037035 2.3141316872396573 17.0 0.0
18 0.62 9.001 196.98010117647058 2.1228366013059614 17.0 0.0
18 0.66 4.5055 219.28491947565544 5.513517441861547 7.242278481012658 0.0
18 0.68 2.008 226.9924366812227 6.338597883594497 8.28342819614711 0.0
18 0.7 1.5085 232.7666169154229 6.583327261692084 8.627120717781404 0.0
18 0.7 3.5065 230.91451665312755 6.0115201986995705 7.973755924170616 0.0
18 0.74 7.5025 233.75033896103895 3.124076479075238 15.722749326145552 0.0
18 0.74 8.002 232.91887499999999 2.768750000002312 17.0 0.0
18 0.74 9.001 232.9343541472507 2.7753650201948528 17.0 0.0
18 0.76 0.5095 248.81597674418603 7.118639871849695 9.352262133260213 0.0
18 0.76 1.009 248.19918518518517 6.9421402318354675 9.154962392221611 0.0
18 0.78 0.01 254.23319572953736 7.327168021676945 9.71032011466794 0.04782909375187925
18 0.78 3.007 251.63308628318583 6.445442401378631 8.362270582066072 0.0
18 0.8 7.5025 254.95762268266085 5.63690101434431 7.534214138641043 0.0
18 0.8 8.002 254.9030558858502 5.608724135698276 7.218730860837019 0.0
18 0.82 0.01 263.6737040169133 7.317362491713195 9.717478091528724 0.04782909375187925
18 0.82 3.007 261.82607801418436 6.600569535056288 8.55819188191882 0.0
18 0.84 6.004 265.8675493934142 6.121543260848403 8.104612129760225 0.0
18 0.84 8.5015 265.20704340124 5.670738137085894 7.415536637275768 0.0
18 0.88 6.004 276.21312337011034 6.415755379881658 8.267410240067983 0.0
18 0.88 8.5015 275.8436184100418 6.076234054353092 8.036435563899692 0.0
18 0.9 5.5045 281.37381065088755 6.629463601536273 8.548337504469075 0.0
18 0.92 5.005 286.4804168190128 6.8802952602964575 9.044164889836532 0.0
18 0.94 0.01 291.91096307237814 7.327427637718481 9.704954740352548 0.04780046306040834
18 0.94 3.007 291.60271111111115 7.3046882325332865 9.438171536286522 0.0
18 0.96 1.009 296.53304245973646 7.53004182578891 9.854173669467787 0.0
18 1.0 0.5095 306.0 7.561344415285809 10.003718662952647 0.0
18 1.0 2.008 306.0 7.720049019610642 10.055944163215218 0.0
18 1.0 2.5075 306.0 7.7592933947796725 10.074895709177593 0.0
18 1.02 5.005 310.285668261563 8.028624959269834 10.279259259259259 0.0
18 1.04 0.01 314.7445811320755 7.322421425406249 9.737912358444117 0.04794359930250737
18 1.04 3.007 314.5445996472663 8.101670420419405 10.332282838983051 0.0
18 1.08 0.5095 323.3272754158965 7.7121972934501715 10.089907819453273 0.0
18 1.08 2.008 322.9773574958814 8.243860527191421 10.479513532031518 0.0
18 1.08 2.5075 322.8739421965318 8.358230756602358 10.675983531564501 0.0
18 1.1 4.5055 326.1993714285714 9.287637203925488 11.55114532482163 0.0
18 1.1 9.001 324.7265143824027 11.055998033426063 13.15557448126355 0.0
18 1.12 2.008 331.132413559322 8.491031874661628 10.875112359550561 0.0
18 1.14 7.5025 331.6358144329897 11.506075808254582 13.455839302398006 0.0
18 1.16 0.01 341.0072030947776 7.333266533062799 9.760783316378433 0.04673991571342565
18 1.16 3.007 338.13034782608696 9.371400180664759 11.660794701986754 0.0
18 1.2 3.007 345.43173166926675 9.842691029901905 12.12406089690551 0.0
18 1.22 8.002 342.8246865671642 13.673404499573522 15.1455945339588 0.0
18 1.22 9.001 342.33828450874023 14.124745881515741 15.300426874536006 0.0
18 1.24 6.004 347.7652738853503 12.818752633815008 14.461833626244873 0.0
18 1.24 6.5035 347.25848818897634 13.152165946850376 14.962012798138453 0.0
18 1.24 8.5015 345.2174733969986 14.274260104826286 15.574053490795414 0.0
18 1.28 5.005 355.0273223322332 12.606376965239857 14.366456157396163 0.0
18 1.36 3.5065 370.254045941807 12.118775574429419 14.111309941520467 0.0
18 1.36 9.5005 361.883474267101 16.075150982109168 17.0 0.0
18 1.4 6.004 370.43392016376663 14.977008449995994 16.017915955962163 0.0
18 1.4 6.5035 369.4122909090909 15.237969139522056 16.04630929076946 0.0
18 1.4 8.5015 368.4 15.836546387433286 17.0 0.0
18 1.42 0.5095 394.38031294964026 8.336478288630095 10.633435852372584 0.0
18 1.42 2.008 385.4961571238349 10.754195481813424 13.033785103785103 0.0
18 1.42 2.5075 382.9727756756757 11.553324669741599 13.532435269419175 0.0
18 1.44 5.005 377.5641641991925 14.683144134878606 16.00197604790419 0.0
18 1.46 0.5095 402.4437916666667 8.451526421815432 10.833084709643048 0.0
18 1.46 1.009 398.76340234375 9.274742063489315 11.538291494941927 0.0
18 1.46 2.5075 389.1161612349914 11.870186335416708 14.016083516064448 0.0
18 1.48 5.5045 382.1979226519337 15.223108552609267 16.0442945525879 0.0
18 1.52 4.006 390.84719157340356 14.25855978258284 15.478725925925925 0.0
18 1.56 5.5045 393.4276373386962 15.666149030971148 17.0 0.0
18 1.58 1.009 420.55019047619044 9.773871685895806 12.110957817951158 0.0
18 1.6 8.5015 397.8 16.7777777778 17.0 0.0
18 1.62 0.5095 434.41412444444444 8.734275278741604 11.106435561452978 0.0
18 1.62 1.009 427.8865685950413 9.924903549383467 12.185935483870967 0.0
18 1.62 2.5075 411.81709728506786 13.15919881304046 15.007421063216464 0.0
18 1.64 5.5045 405.125878429263 16.119783960253383 17.0 0.0
18 1.68 1.5085 431.1291611111111 11.453062775460246 13.444685918428103 0.0
18 1.68 3.5065 415.5202461266047 14.853196347046644 16.033266172115884 0.0
18 1.68 9.5005 410.04 17.0 17.0 0.0
18 1.7 0.01 459.05120458891014 7.359632157751428 9.79509234828496 0.04105320534173152
18 1.72 7.5025 416.16 17.0 17.0 0.0
18 1.74 4.5055 421.44 15.937548545994689 17.0 0.0
18 1.76 7.5025 423.04 16.7777777778 17.0 0.0
18 1.76 8.002 422.28 17.0 17.0 0.0
18 1.76 9.001 422.28 17.0 17.0 0.0
18 1.78 4.006 426.98613678756476 15.816709116011113 17.0 0.0
18 1.8 0.01 480.9755601659751 7.389824771003669 9.780815473078933 0.039599065902405
18 1.8 3.007 434.06298245614033 14.923393162400822 16.023969795037758 0.0
18 1.82 7.5025 431.46 17.0 17.0 0.0
18 1.82 8.002 431.46 17.0 17.0 0.0
18 1.82 9.001 431.46 16.89060134662385 17.0 0.0
18 1.84 0.5095 476.3398649155722 9.16952214452045 11.398349834983499 0.0
18 1.84 2.008 448.4911327433628 13.470347731570953 15.073691714189868 0.0
18 1.84 2.5075 444.15934146341465 14.383010132735983 16.0 0.0
18 1.86 1.5085 458.2074690618763 12.41665683378331 14.220682406209573 0.0
18 1.9 4.5055 444.6 16.7777777778 17.0 0.0
18 1.94 0.5095 495.1943438016529 9.346575591981962 11.600040716612378 0.0
18 1.94 1.009 480.42387414965987 11.216242352455186 13.270767004341534 0.0
18 1.96 2.008 465.4815135135135 14.016981637848456 15.29530850675429 0.0
18 2.0 1.5085 478.0723132969035 13.020360440867789 14.804886649874055 0.0
18 2.0 3.5065 460.0 16.34114241286304 17.0 0.0
20 0.02 5.005 30.3 1.9 5.0 0.0
20 0.04 5.5045 33.44 1.9 18.0 0.0
20 0.06 0.01 100.91867226890756 8.264727626459145 11.026223061192386 0.04253189816774506
20 0.08 3.007 66.24920689655173 3.0674521739130434 5.3258599658453285 0.0
20 0.1 2.008 79.74709090909091 3.9196403978576893 6.014061135371179 0.0
20 0.1 2.5075 77.34828054298643 3.519392643284859 5.577741819489392 0.0
20 0.12 4.006 64.96 2.1113778833627097 18.031373688557185 0.0
20 0.14 0.01 125.41783333333333 8.297472035794184 11.019504643962849 0.04232921039102429
20 0.2 7.5025 91.2 1.9 19.0 0.0
20 0.2 8.002 91.2 1.9 19.0 0.0
20 0.22 8.5015 98.42 1.9 19.0 0.0
20 0.24 1.009 139.6672608695652 5.911815889029004 8.225938045375218 0.0
20 0.26 3.5065 118.40691228070176 2.6495827406353722 18.04991449401458 0.0
20 0.26 9.5005 112.86 1.9 19.0 0.0
20 0.3 3.5065 133.44632183908047 2.778045977011494 18.048944349340783 0.0
20 0.3 9.5005 127.3 1.9 19.0 0.0
20 0.32 7.5025 134.52 1.9 19.0 0.0
20 0.34 0.01 184.85623999999999 8.31757417102967 11.043436324995913 0.0441214645778623
20 0.36 7.5025 149.6 2.0 19.0 0.0
20 0.36 8.002 149.6 2.0 19.0 0.0
20 0.38 4.006 161.41701005413765 2.7446790409899458 19.0 0.0
20 0.42 1.5085 198.55193975903615 6.242523255813953 8.372612166253784 0.0
20 0.42 3.5065 178.5551288604899 3.268125665601704 8.928093023255814 0.0
20 0.42 9.5005 171.2 2.0 19.0 0.0
20 0.44 7.5025 179.52 2.2 19.0 0.0
20 0.44 8.002 178.4 2.0 19.0 0.0
20 0.46 0.5095 216.27290909090908 7.350296167247387 10.004455445544554 0.0
20 0.46 2.008 210.3565 6.138774193548387 8.183367403828285 0.0
20 0.46 2.5075 209.035327014218 5.920730207532667 8.041270053475936 0.0
20 0.5 1.5085 224.5754105090312 6.545609756097561 8.800869565217392 0.0
20 0.5 3.5065 210.04669565217392 4.009339130434783 8.032267441860466 0.0
20 0.52 2.008 229.9472888888889 6.3863215590743 8.428108581436078 0.0
20 0.54 7.5025 215.32 2.2 19.0 0.0
20 0.54 8.002 214.86 2.1 19.0 0.0
20 0.54 9.001 214.86 2.1 19.0 0.0
20 0.56 7.5025 223.36 2.4 19.0 0.0
20 0.6 2.008 255.82683501683502 6.650601265822785 9.013836889645242 0.0
20 0.62 0.01 268.2512964169381 8.32358348968105 11.049293902641635 0.046682521524474684
20 0.62 3.007 260.67665502183405 6.3835974025974025 8.314341085271318 0.0
20 0.64 2.008 268.6503695014663 6.789674479166666 9.07136309875813 0.0
20 0.7 7.5025 274.95690824980727 2.9856360832690827 19.0 0.0
20 0.7 8.002 274.7442759365994 2.914758645533141 19.0 0.0
20 0.7 9.001 273.014764573991 2.3382548579970104 19.0 0.0
20 0.72 2.008 294.1691348837209 7.1211918274687855 9.329583005507475 0.0
20 0.72 2.5075 293.54327441860465 6.941128048780488 9.144691572545613 0.0
20 0.74 0.01 303.76334146341463 8.290862831858409 11.040580926796508 0.04768592307460981
20 0.74 3.007 299.3923250688705 6.863165236051502 9.129563106796116 0.0
20 0.76 6.004 303.65202518363066 6.164277726001864 8.212908811081185 0.0
20 0.76 6.5035 303.73006810442683 6.189390134529148 8.106310747992675 0.0
20 0.76 8.5015 296.3369777094543 3.1404073789392775 19.0 0.0
20 0.78 1.009 314.15010606060605 7.788368421052631 10.23959099264706 0.0
20 0.8 0.01 321.3970619469026 8.324583333333335 11.065084124604365 0.047428107327638074
20 0.82 1.009 326.3543915789474 7.959556650246306 10.410564263322884 0.0
20 0.84 5.5045 330.1216275862069 6.7876463414634145 9.036294416243654 0.0
20 0.86 4.006 337.04503746397694 7.2684866828087165 9.444382574516869 0.0
20 0.86 5.005 336.64058675078866 7.020384615384615 9.184105571847507 0.0
20 0.88 5.5045 342.9535823714586 7.120729701952723 9.251864483856298 0.0
20 0.92 1.5085 356.2576237037037 8.208292349726776 10.675550458715596 0.0
20 0.92 3.5065 355.9014016 7.846972343522562 10.226466606498194 0.0
20 0.92 9.5005 355.16066094420603 6.9502890792291225 9.12745999319033 0.0
20 0.96 6.5035 367.9672418604651 7.917653179190752 10.263855421686747 0.0
20 0.96 9.5005 367.8605496932515 7.651374233128834 10.065179365549955 0.0
20 0.98 3.5065 374.09624212271973 8.468009630818619 11.050866781196314 0.0
20 0.98 9.5005 374.0188121019108 8.09406050955414 10.486010544815466 0.0
20 1.0 6.004 380.0 8.662693548387097 11.195717937792928 0.0
20 1.0 8.5015 380.0 8.689226713532513 11.225438791379693 0.0
20 1.02 3.5065 385.38369727891154 8.88715648854962 11.392438029494823 0.0
20 1.02 9.5005 385.2746680412371 9.407656500802569 12.060194624652455 0.0
20 1.06 4.006 395.69905346534654 9.563191489361701 12.150303375047402 0.0
20 1.06 5.005 395.5147777777778 9.803532423208193 12.349380581964851 0.0
20 1.08 6.004 400.135362962963 10.540172413793103 13.140870042039847 0.0
20 1.08 6.5035 399.9467218045113 10.806648550724638 13.291914587332053 0.0
20 1.08 8.5015 399.45136541889485 11.408915887850467 14.030111915734036 0.0
20 1.1 3.007 405.90799657534245 9.76565306122449 12.313488247863248 0.0
20 1.16 1.009 422.4267290448343 9.197580299785866 11.845731707317073 0.0
20 1.18 4.5055 422.7162333333333 12.097 14.43240625 0.0
20 1.18 9.001 418.2168629441625 15.01321325648415 16.878499201703033 0.0
20 1.2 5.005 426.032705061082 12.887560975609757 15.177704760378266 0.0
20 1.22 0.01 440.18935969868176 8.351437125748504 11.060173528411024 0.04682599404027331
20 1.22 3.007 433.6051635610766 11.345276190476191 13.955494839101396 0.0
20 1.24 5.5045 432.91340915395284 13.967212230215827 16.101239157372987 0.0
20 1.28 3.5065 444.6351254752852 12.707096273291924 15.080173796791444 0.0
20 1.28 9.5005 435.4245850178359 17.01539325842697 18.044784628378377 0.0
20 1.3 0.5095 459.69479690522246 9.12295847750865 11.744916540212444 0.0
20 1.3 1.009 457.7081913043478 9.784012096774195 12.331147091108672 0.0
20 1.3 2.5075 451.93335135135135 11.761021739130435 14.200887398935121 0.0
20 1.34 4.5055 452.93266376496194 14.673636363636364 16.50789641943734 0.0
20 1.36 7.5025 451.1779581256231 17.14755988023952 18.044496409389897 0.0
20 1.38 0.5095 480.37291397849464 9.337575250836121 12.037667274939173 0.0
20 1.38 1.009 476.9708507718696 10.120472312703583 12.709235976789168 0.0
20 1.38 2.5075 468.56465535248043 12.593197115384616 15.048945198836082 0.0
20 1.4 5.5045 460.59542997542997 16.560121412803532 18.00008525418377 0.0
20 1.42 6.004 463.6604697864607 17.019536764705883 18.029116718275745 0.0
20 1.42 8.5015 460.64 18.349939804364183 19.0 0.0
20 1.44 3.5065 474.9606438529785 14.728795562599048 16.52462096242584 0.0
20 1.44 9.5005 464.5152731540343 18.153476903870164 19.0 0.0
20 1.46 6.004 469.73916420361246 17.314857285928895 19.0 0.0
20 1.46 6.5035 469.96118194911185 17.5569131097561 19.0 0.0
20 1.46 8.5015 468.32 18.499168865435355 19.0 0.0
20 1.48 4.006 479.18495067264575 15.85896551724138 17.22725552968568 0.0
20 1.5 4.5055 481.1083031182016 16.448370514064013 18.0 0.0
20 1.52 1.5085 503.98662545454545 11.908886679920478 14.324024175270713 0.0
20 1.54 4.006 489.93690711175617 16.2083608815427 17.4103789943027 0.0
20 1.54 5.005 486.05517756315004 17.192954545454544 18.047514061419076 0.0
20 1.58 9.5005 490.2 19.0 19.0 0.0
20 1.6 5.5045 496.4 17.637083333333333 19.0 0.0
20 1.62 6.004 498.42 18.606178731961204 19.0 0.0
20 1.62 6.5035 499.04 18.435114906832297 19.0 0.0
20 1.62 8.5015 498.42 18.9 19.0 0.0
20 1.66 0.5095 549.213114822547 9.942163865546219 12.47107352433552 0.0
20 1.66 2.008 525.9776691285082 14.000103244837758 16.092245207408208 0.0
20 1.66 2.5075 519.9232999999999 15.016695035460993 17.024379800176714 0.0
20 1.68 7.5025 509.2 19.0 19.0 0.0
20 1.68 8.002 509.88 18.9 19.0 0.0
20 1.7 0.5095 559.5380942622951 10.000113636363636 12.533090211132437 0.0
20 1.7 1.009 548.7113166666667 11.610717948717948 14.118395041045401 0.0
20 1.7 2.5075 526.8543713450292 15.283880866425994 17.07608146390016 0.0
20 1.76 0.01 587.3114369747899 8.369092741935484 11.08803819131688 0.04105320534173152
20 1.78 1.5085 554.4620579150579 13.463593429158111 15.608238969152675 0.0
20 1.82 0.01 603.6969333333334 8.381380090497737 11.085192375573596 0.04096608116293156
20 1.82 3.007 543.528612328767 16.72720852017937 18.02137581507463 0.0
20 1.84 6.004 540.44 18.8 19.0 0.0
20 1.84 8.5015 539.6 19.0 19.0 0.0
20 1.86 4.5055 545.12 18.202617197964102 19.0 0.0
20 1.86 8.002 544.26 18.9 19.0 0.0
20 1.86 9.001 543.4 19.0 19.0 0.0
20 1.88 2.008 565.6033515981735 15.246720588235293 17.046764683360134 0.0
20 1.92 4.5055 556.64 18.245477908025247 19.0 0.0
20 1.94 6.004 558.6 19.0 19.0 0.0
20 1.94 6.5035 558.6 19.0 19.0 0.0
20 1.94 8.5015 558.6 19.0 19.0 0.0
20 1.98 5.005 566.2 19.0 19.0 0.0
20 2.0 7.5025 570.0 19.0 19.0 0.0
20 2.0 8.002 570.0 18.9 19.0 0.0
20 2.0 9.001 570.0 19.0 19.0 0.0
