10 0.02 0.01 18.586295774647887 3.3045624385447394 4.433073079325421 0.04256084656084656
10 0.08 7.5025 15.48 1.8 9.0 0.0
10 0.1 4.006 17.8 1.8 3.2696699544764796 0.0
10 0.12 3.007 21.202076923076923 1.8233933595948228 3.13008139401582 0.0
10 0.14 5.5045 20.34 1.8 8.00002210433245 0.0
10 0.16 1.5085 27.060753799392096 2.3550065530799476 3.288714258663132 0.0
10 0.16 10.0 21.96 1.8 9.0 0.0
10 0.18 1.5085 28.911406896551725 2.4126960593055014 3.3589995431703974 0.0
10 0.18 10.0 23.58 1.8 9.0 0.0
10 0.2 6.004 25.2 1.8 9.0 0.0
10 0.2 6.5035 25.2 1.8 8.03122552618698 0.0
10 0.2 8.5015 25.2 1.8 9.0 0.0
10 0.22 10.0 26.82 1.8 9.0 0.0
10 0.26 0.5095 36.898500000000006 3.003885778275476 4.139471795607865 0.0
10 0.26 1.009 36.31504436860068 2.805257595772787 4.016558005752636 0.0
10 0.26 2.5075 34.34792592592593 2.421906857352402 3.546079734219269 0.0
10 0.28 4.5055 31.68 1.8 8.023337651122626 0.0
10 0.28 8.002 31.68 1.8 9.0 0.0
10 0.28 9.001 31.68 1.8 9.0 0.0
10 0.3 0.5095 40.09176020408163 3.05073007367716 4.167427677873339 0.0
10 0.3 1.009 39.61788954635109 2.8871772151898734 4.062734842015371 0.0
10 0.3 2.5075 38.103242424242424 2.585748917748918 3.6661464585834334 0.0
10 0.32 6.004 34.92 1.8 9.0 0.0
10 0.32 6.5035 34.92 1.8 9.0 0.0
10 0.32 8.5015 34.92 1.8 9.0 0.0
10 0.36 6.004 38.16 1.8 9.0 0.0
10 0.36 6.5035 38.16 1.8 9.0 0.0
10 0.36 8.5015 38.16 1.8 9.0 0.0
10 0.38 3.007 41.2246 2.2517663954044997 4.073348736069584 0.0
10 0.4 1.5085 47.00849751243781 3.0391502683363147 4.127240709254312 0.0
10 0.4 10.0 41.4 1.8 9.0 0.0
10 0.42 0.5095 49.35848607594937 3.2416949152542376 4.295226983453543 0.0
10 0.42 1.009 48.9743137254902 3.144967695620962 4.186252324860509 0.0
10 0.44 6.5035 44.64 1.8 9.0 0.0
10 0.46 4.006 46.8 2.0 5.019698275862069 0.0
10 0.48 5.005 47.92366907419567 1.8167957977675642 8.026340548518018 0.0
10 0.5 1.009 54.64327914353687 3.2963671373555843 4.291419878296146 0.0
10 0.52 4.006 52.04736144578313 2.1864006024096385 4.418372456964006 0.0
10 0.52 5.005 51.41234224598931 1.9218092691622104 5.594415243101182 0.0
10 0.54 9.5005 52.74 1.8 9.0 0.0
10 0.56 6.004 54.8 2.0 9.0 0.0
10 0.56 6.5035 54.36 1.8 9.0 0.0
10 0.56 8.5015 54.36 1.8 9.0 0.0
10 0.58 5.005 56.41522741194487 2.0072511485451763 4.7816207627118645 0.0
10 0.6 4.006 59.008329177057355 2.504034869240349 4.22174308588064 0.0
10 0.64 4.006 62.92271800208117 2.945892682926829 4.214444637580393 0.0
10 0.66 7.5025 62.8 2.0 4.681070143884892 0.0
10 0.66 8.002 62.46 1.8 8.045964510589583 0.0
10 0.66 9.001 62.46 1.8 9.0 0.0
10 0.68 1.5085 67.47301333333333 3.603320950965825 4.53318979794634 0.0
10 0.68 10.0 64.08 1.8 9.0 0.0
10 0.7 9.5005 65.7 1.8 9.0 0.0
10 0.72 4.006 69.50602450980392 3.3026972477064223 4.292470685044229 0.0
10 0.76 2.008 73.07041082164329 3.6955159769512833 4.681149235221166 0.0
10 0.76 2.5075 73.00192294342243 3.6511775200713648 4.591705903658095 0.0
10 0.76 7.003 71.23919018404908 2.3659918200409 4.266704571298613 0.0
10 0.84 4.5055 78.49836826042727 3.61275 4.523789126853377 0.0
10 0.86 0.01 80.50506518518519 3.346359175662414 4.475715695952616 0.043775100401606426
10 0.86 3.007 80.11647135678392 3.83632488942501 4.957989540964555 0.0
10 0.88 4.5055 81.48207454739085 3.7841422924901185 4.7944011684518015 0.0
10 0.92 1.009 84.47792820512821 3.92439606741573 5.076748689906585 0.0
10 0.96 0.5095 87.25468431502316 3.8361547619047616 5.052312970340859 0.0
10 0.96 2.008 87.23183063895304 4.068684946838276 5.124110413396128 0.0
10 0.96 2.5075 87.22117036098797 4.055347400926403 5.128556819634412 0.0
10 0.96 7.003 87.19132108743571 3.9551537335285505 5.068746001279591 0.0
10 0.98 0.5095 88.62842332896462 3.82931473620376 5.0580006709158 0.0
10 0.98 1.009 88.62262721294891 4.007225624116816 5.111044509628874 0.0
10 0.98 2.5075 88.61670852713179 4.112661135928526 5.153999716834207 0.0
10 1.0 10.0 90.0 4.200887966804979 5.193289767293592 0.0
10 1.02 0.5095 91.21139539007092 3.8742458471760797 5.076176366006875 0.0
10 1.02 1.009 91.20238535911602 4.048914217156569 5.14667497921862 0.0
10 1.06 0.01 93.68887354085602 3.3662571103526733 4.509322625698324 0.0421264367816092
10 1.06 3.007 93.51105913978495 4.34184251968504 5.336273148148148 0.0
10 1.1 7.5025 95.374527595884 5.117267188859878 6.197758507853403 0.0
10 1.1 8.002 95.35234161988774 5.218831835686778 6.2538390207715135 0.0
10 1.12 1.5085 97.04969491525424 4.29602883355177 5.301431623931624 0.0
10 1.12 10.0 96.04658877086494 5.864234577303884 7.033164577306333 0.0
10 1.14 5.5045 97.50726043405676 5.15076181292189 6.2084205362982345 0.0
10 1.18 1.5085 100.41985622317597 4.430480928689884 5.429963697291259 0.0
10 1.18 3.5065 99.86358181818183 4.9451624231782265 6.09878283923837 0.0
10 1.18 9.5005 98.58163826815642 6.687946287519747 7.407509481668773 0.0
10 1.2 0.01 102.28574055158325 3.3644372294372293 4.493187919463088 0.04055929224989396
10 1.22 7.5025 100.59769306930693 6.613158201984821 7.332849936948298 0.0
10 1.24 4.5055 102.31677701778385 5.6757478991596635 6.794071533561979 0.0
10 1.26 5.5045 102.74358097801704 6.239718309859155 7.152913018096906 0.0
10 1.28 0.5095 106.57128443113773 4.101725663716814 5.203971365263337 0.0
10 1.28 1.009 106.1857130144605 4.405849056603774 5.431636980491942 0.0
10 1.28 2.5075 105.16365933286019 5.039603554340396 6.1585775862068965 0.0
10 1.32 5.5045 105.0468663316583 6.807772357723577 7.498843226788432 0.0
10 1.34 1.5085 108.99752836484984 4.738641259320629 6.011401085817697 0.0
10 1.34 3.5065 107.07956042579838 5.862876923076923 7.030113411055595 0.0
10 1.34 9.5005 105.3 8.086128851540616 8.049515262478614 0.0
10 1.36 6.004 106.52123231197771 7.238335301062574 8.018281303283008 0.0
10 1.36 6.5035 106.56426465580151 7.457987702627166 8.041517600411634 0.0
10 1.36 8.5015 106.2 8.0731905961377 8.049942997719908 0.0
10 1.4 4.5055 108.92114600550964 6.842042494859492 7.616314996232102 0.0
10 1.42 10.0 108.9 8.456983606557378 9.0 0.0
10 1.44 0.5095 115.7146631393298 4.233376470588236 5.294562697576396 0.0
10 1.44 1.009 114.76705862923204 4.6362183235867445 5.819228817858955 0.0
10 1.46 2.008 114.11320655270656 5.422672010688043 6.428807854137448 0.0
10 1.46 7.003 110.7 8.178906882591093 8.049971499714998 0.0
10 1.5 1.5085 116.87003042596349 5.118621291448517 6.194898125509372 0.0
10 1.5 3.5065 113.79431468961279 6.672706299911269 7.408318673033426 0.0
10 1.52 5.005 113.4 7.63812590100913 8.046136931835296 0.0
10 1.54 0.01 123.42845197740114 3.3811670480549196 4.517004189944134 0.03588564817633806
10 1.54 3.007 116.09731745152355 6.557039274924471 7.271190269331017 0.0
10 1.58 0.5095 123.54282953311618 4.32834304746045 5.387674543501611 0.0
10 1.58 2.008 119.32649201741654 5.8420673813169985 7.02976491308676 0.0
10 1.58 2.5075 118.36799354144242 6.2718870967741935 7.158686516988834 0.0
10 1.58 7.003 116.1 8.37738986784141 9.0 0.0
10 1.6 4.5055 117.1487488667271 7.7437335285505124 8.047055460263007 0.0
10 1.6 9.001 117.0 8.8 9.0 0.0
10 1.62 2.008 121.03959421786267 5.961056829511466 7.059596896609883 0.0
10 1.62 7.003 117.9 8.611790249897583 9.0 0.0
10 1.66 4.006 119.77840468846391 7.741924746743849 8.044813440714265 0.0
10 1.68 6.004 120.6 8.490485367594575 9.0 0.0
10 1.68 6.5035 120.6 8.601852701325178 9.0 0.0
10 1.72 5.5045 122.4 8.451422613531047 9.0 0.0
10 1.74 7.5025 123.3 8.682018900343643 9.0 0.0
10 1.74 8.002 123.3 8.771426966292136 9.0 0.0
10 1.74 9.001 123.3 8.8 9.0 0.0
10 1.78 5.005 125.1 8.424406478021 9.0 0.0
10 1.84 10.0 127.8 9.0 9.0 0.0
10 1.86 3.5065 128.7 7.956837136113297 9.0 0.0
10 1.86 9.5005 128.7 8.806800683301812 9.0 0.0
10 1.88 4.006 129.6 8.182728658536584 9.0 0.0
10 1.88 5.005 129.6 8.522121724429416 9.0 0.0
10 1.9 7.5025 130.5 8.650222301900323 9.0 0.0
10 1.9 8.002 130.5 8.807826561883667 9.0 0.0
10 1.9 9.001 130.5 9.0 9.0 0.0
10 1.92 1.5085 135.1027960088692 6.219987562189055 7.132700181983622 0.0
10 1.92 3.5065 131.4 8.216638400969108 9.0 0.0
10 1.94 2.008 134.43283887306112 6.918406040268456 7.654403522818255 0.0
10 1.94 2.5075 133.37438833437307 7.441660424469413 8.039220266990291 0.0
10 1.94 7.003 132.3 9.0 9.0 0.0
10 1.96 1.5085 136.96520388349515 6.292823218997362 7.177767799871713 0.0
10 1.96 10.0 133.2 9.0 9.0 0.0
10 1.98 0.01 150.09817789757412 3.4064140350877192 4.552815315315315 0.029354789272030654
10 1.98 3.007 134.1 7.84287333063537 8.04814391776128 0.0
10 2.0 9.5005 135.0 9.0 9.0 0.0
12 0.0 0.5095 18.404150579150578 3.067358429859777 4.400843759092232 0.0
12 0.0 1.009 13.424244604316547 2.2373741007199293 3.267271175592063 0.0
12 0.0 2.5075 11.0 1.83333333333 2.1878681864349394 0.0
12 0.02 0.5095 21.844857142857144 3.1521662763496474 4.453485383874076 0.0
12 0.02 1.009 18.093873015873015 2.3995261211260535 3.4819854107199495 0.0
12 0.02 2.5075 14.963393939393939 1.83333333333 3.0 0.0
12 0.08 0.01 35.009557894736844 4.2745085995076195 5.919187757504415 0.04224231792886523
12 0.1 1.5085 30.23 2.549647266314926 3.8661578947368422 0.0
12 0.1 10.0 23.1 1.83333333333 11.0 0.0
12 0.12 5.005 25.52 1.83333333333 8.033080808080808 0.0
12 0.16 4.5055 30.36 1.83333333333 9.195413447312182 0.0
12 0.16 8.002 30.36 1.83333333333 11.0 0.0
12 0.16 9.001 30.36 1.83333333333 11.0 0.0
12 0.18 4.5055 32.78 1.83333333333 9.083092817317153 0.0
12 0.18 9.001 32.78 1.83333333333 11.0 0.0
12 0.22 4.5055 37.62 1.83333333333 10.0249615124084 0.0
12 0.22 9.001 37.62 1.83333333333 11.0 0.0
12 0.24 0.5095 51.10856842105263 3.7191461267617973 5.157669498317038 0.0
12 0.24 2.008 48.977479452054794 3.0587714174466583 4.270194102276969 0.0
12 0.24 2.5075 47.97813483146067 2.8815469713432966 4.207973897819513 0.0
12 0.24 7.003 40.04 1.83333333333 11.0 0.0
12 0.26 6.004 42.46 1.83333333333 11.0 0.0
12 0.26 6.5035 42.46 1.83333333333 11.0 0.0
12 0.26 8.5015 42.46 1.83333333333 11.0 0.0
12 0.28 3.007 48.07453714285714 2.515865011637245 4.400127779197547 0.0
12 0.3 6.004 47.3 1.83333333333 11.0 0.0
12 0.3 6.5035 47.3 1.83333333333 11.0 0.0
12 0.3 8.5015 47.3 1.83333333333 11.0 0.0
12 0.32 5.5045 49.72 1.83333333333 11.0 0.0
12 0.38 5.005 57.6 2.0 11.0 0.0
12 0.4 4.5055 59.57940923076923 1.8831692307668941 11.0 0.0
12 0.4 9.001 59.4 1.83333333333 11.0 0.0
12 0.42 6.004 61.88282799852833 1.851387355895973 11.0 0.0
12 0.42 6.5035 61.82 1.83333333333 11.0 0.0
12 0.46 10.0 66.66 1.83333333333 11.0 0.0
12 0.48 1.5085 77.32831968810916 3.9138277202055307 5.175593984962406 0.0
12 0.48 3.5065 71.3411437751004 2.5575962815416564 5.182224622030238 0.0
12 0.5 6.5035 71.5 1.83333333333 11.0 0.0
12 0.5 9.5005 71.5 1.83333333333 11.0 0.0
12 0.52 1.5085 81.64141899441341 4.012190119493734 5.250360110803324 0.0
12 0.52 10.0 73.92 1.83333333333 11.0 0.0
12 0.56 5.5045 79.31849225320939 2.0448834292468767 10.04189459034249 0.0
12 0.58 1.5085 88.28377204301076 4.166134751776372 5.333115419296663 0.0
12 0.58 3.5065 85.72073037542661 3.5502818886549874 5.086071653048397 0.0
12 0.58 10.0 81.18 1.83333333333 11.0 0.0
12 0.6 1.5085 90.2832380952381 4.198715184188934 5.382462780721675 0.0
12 0.6 10.0 83.6 1.83333333333 11.0 0.0
12 0.64 1.5085 94.55371916971917 4.266473168213995 5.458550131540485 0.0
12 0.64 10.0 88.44 1.83333333333 11.0 0.0
12 0.66 0.01 97.94559047619047 4.31154698581314 5.945895745955662 0.04573451860780473
12 0.66 3.007 95.94426177285318 4.064548460426999 5.233258131227674 0.0
12 0.68 4.5055 96.1987467057101 3.3519932756934856 5.210266023924299 0.0
12 0.68 8.002 93.43486215139443 1.9139907038495414 11.0 0.0
12 0.68 9.001 93.6 2.0 11.0 0.0
12 0.72 1.5085 103.07157040572793 4.438805774276991 5.731626642501133 0.0
12 0.72 10.0 98.16477364142062 1.8599843103666192 11.0 0.0
12 0.78 0.5095 109.73249031007752 4.5475596674721235 6.060235088158059 0.0
12 0.78 2.008 109.25553846153846 4.51787452207196 5.9 0.0
12 0.78 2.5075 109.06646023468058 4.458455034587947 5.706471359860078 0.0
12 0.82 0.5095 113.79704039408867 4.587248628886571 6.08681141938078 0.0
12 0.82 2.008 113.35377792915531 4.581925554761839 6.022130620985011 0.0
12 0.82 2.5075 113.2786119402985 4.554486148347828 5.854107048224695 0.0
12 0.84 3.007 115.29419333874898 4.528415464744158 5.906082589285714 0.0
12 0.88 3.007 119.5600516605166 4.681707524687785 6.057951230894878 0.0
12 0.9 4.006 121.60366509433962 4.651942467381449 6.032686890574214 0.0
12 0.9 5.005 121.54748167888074 4.566888325946029 5.984373143196673 0.0
12 0.92 6.5035 123.6197907542579 4.537688593845051 5.8264751958224545 0.0
12 0.94 0.5095 125.9433727333781 4.721606529210757 6.158310626702997 0.0
12 0.94 1.009 125.91024310344827 4.85358744394326 6.197321119944694 0.0
12 0.94 2.5075 125.85467903225806 4.875314566003051 6.174177579048227 0.0
12 0.96 6.004 127.8774505893019 4.818763102722616 6.141658384211274 0.0
12 0.96 8.5015 127.85285225110971 4.719871389417187 6.0670547287566015 0.0
12 0.98 6.004 129.95416156462585 4.948871013264571 6.229570484581497 0.0
12 0.98 6.5035 129.95196776669226 4.931611833714521 6.21639780180819 0.0
12 0.98 8.5015 129.94748825396826 4.895590101520754 6.172454036770583 0.0
12 1.0 4.5055 132.0 5.110682278117276 6.371167334669339 0.0
12 1.02 6.004 133.77799494310997 5.247617079889903 6.568230120923415 0.0
12 1.02 6.5035 133.7706688453159 5.270715547702352 6.63774727492935 0.0
12 1.02 8.5015 133.7615706521739 5.315092689749058 6.686619406291538 0.0
12 1.04 0.5095 135.62435223160432 4.849140260375268 6.232483349191247 0.0
12 1.04 1.009 135.60035110746512 5.010839243499035 6.347902270483711 0.0
12 1.04 2.5075 135.56547311827958 5.186287356324388 6.483168632451386 0.0
12 1.06 1.009 137.3860501882058 5.040298313878886 6.354900497512438 0.0
12 1.08 4.5055 138.84737236533957 5.631401227882729 7.095281355932204 0.0
12 1.1 0.01 141.19467741935483 4.331147155614995 6.002474563497048 0.043861714975845414
12 1.12 4.5055 141.96962020579983 5.981554756194675 7.324589779653071 0.0
12 1.12 8.002 141.3387835738069 6.894949999997899 8.210765391014975 0.0
12 1.12 9.001 141.19558954501454 7.134533648172702 8.346897038081805 0.0
12 1.16 0.5095 146.33977908343127 4.974318996415257 6.325894787412923 0.0
12 1.16 2.008 145.77751371807 5.537327376117725 7.058027997565429 0.0
12 1.16 2.5075 145.6196979742173 5.70152789459123 7.136075572746207 0.0
12 1.16 7.003 144.19055666923668 7.184763222634836 8.416212458286985 0.0
12 1.18 7.5025 145.321068212824 7.715595347414905 9.0433952132556 0.0
12 1.18 8.002 145.08476739130435 7.926731824415544 9.111494140625 0.0
12 1.2 0.5095 149.8678431372549 5.010172201722221 6.380922827846735 0.0
12 1.2 1.009 149.5684793814433 5.280030333669173 6.662029598308668 0.0
12 1.2 2.5075 148.71929384965833 5.8973276407316595 7.254959839357429 0.0
12 1.26 4.006 152.0781425251743 7.061339833876272 8.293526832324076 0.0
12 1.28 6.004 151.88203256445047 8.3541762746576 9.248237679351217 0.0
12 1.28 6.5035 151.65118296013108 8.671501189706795 9.534220654265555 0.0
12 1.28 8.5015 150.94078900565884 9.310315751701928 10.041314482925648 0.0
12 1.3 2.008 156.72830439223696 6.095776515153431 7.455576150756873 0.0
12 1.3 7.003 152.6046906278435 8.934689766316179 10.00172435533699 0.0
12 1.32 4.006 155.83039498432603 7.581025880887183 9.011800099101013 0.0
12 1.34 7.5025 154.78 9.5221167079553 10.042763436309775 0.0
12 1.34 8.002 154.81386263947672 9.625319056891973 10.048687214611872 0.0
12 1.34 9.001 154.4716267242812 9.993253058103841 11.0 0.0
12 1.36 5.5045 156.69897794117648 8.940874587457563 9.912472527472527 0.0
12 1.38 2.008 162.4961322160149 6.455942857141976 8.01522888201855 0.0
12 1.38 7.003 157.24244911297853 9.594946808512537 10.048487124785915 0.0
12 1.42 4.5055 161.18716363636364 8.699830729168674 9.618684210526316 0.0
12 1.44 6.004 161.48 9.6583848190676 10.047628642747586 0.0
12 1.44 6.5035 161.06906261682244 9.870074320048003 11.0 0.0
12 1.44 8.5015 161.05553647088672 10.187390097202277 11.0 0.0
12 1.48 5.005 164.67982655826557 9.301961678830038 10.03441578241249 0.0
12 1.5 7.5025 165.0 10.249528301886981 11.0 0.0
12 1.5 8.002 165.0 10.261968935582239 11.0 0.0
12 1.5 9.001 165.0 10.501667401204976 11.0 0.0
12 1.52 3.5065 168.76833051398827 8.544367722719544 9.40532366908273 0.0
12 1.52 9.5005 166.32 10.614998604154769 11.0 0.0
12 1.56 4.006 170.03008695652176 9.175785696612719 10.037497340506368 0.0
12 1.56 5.005 169.52 9.736526223393122 10.048086692518112 0.0
12 1.58 6.004 170.28 10.040455782321017 11.0 0.0
12 1.58 6.5035 170.28 10.255817750071879 11.0 0.0
12 1.58 8.5015 170.28 10.54994191450813 11.0 0.0
12 1.6 3.007 174.3922247191011 8.590947867300397 9.384107058266224 0.0
12 1.64 4.006 174.88 9.590627130199495 10.04708413577275 0.0
12 1.64 5.005 174.24 9.972165820642422 11.0 0.0
12 1.7 2.008 183.1595200573066 7.8561011904733125 9.080429447852762 0.0
12 1.7 7.003 178.2 10.6666666667 11.0 0.0
12 1.74 0.01 199.93825207756234 4.3554102067154545 6.004291900152827 0.03553328866418956
12 1.74 3.007 182.36885827160492 9.066815839437192 10.020891692174505 0.0
12 1.78 3.5065 184.26 9.673521703524763 10.04768592307461 0.0
12 1.78 9.5005 183.48 11.0 11.0 0.0
12 1.8 0.5095 200.0578145087236 5.6361141011867915 7.126933216168717 0.0
12 1.8 1.009 195.78741901776385 6.547026081425877 8.071122994652406 0.0
12 1.8 2.5075 187.26617371937638 8.85586450960278 9.96089482858803 0.0
12 1.84 4.5055 187.44 10.221397549259153 11.0 0.0
12 1.86 7.5025 188.76 11.0 11.0 0.0
12 1.88 1.5085 197.341350069735 7.697173097536947 9.024073107049608 0.0
12 1.88 10.0 190.08 11.0 11.0 0.0
12 1.9 0.01 214.5604920212766 4.363761140817239 6.01497346965187 0.03291189494579325
12 1.9 3.007 192.3 9.730441741358018 10.048372749947411 0.0
12 1.92 7.5025 192.72 11.0 11.0 0.0
12 1.92 8.002 192.72 10.8333333333 11.0 0.0
12 1.92 9.001 192.72 11.0 11.0 0.0
12 1.96 4.5055 195.36 10.57446071754441 11.0 0.0
12 1.96 8.002 195.36 10.8333333333 11.0 0.0
12 1.96 9.001 195.36 11.0 11.0 0.0
12 1.98 1.009 207.77758921933085 6.9704699322972985 8.256187103988074 0.0
14 0.0 6.004 13.0 1.85714285714 3.0 0.0
14 0.0 6.5035 13.0 1.85714285714 3.0 0.0
14 0.0 8.5015 13.0 1.85714285714 3.0 0.0
14 0.02 6.004 17.18107188385269 1.85714285714 4.0 0.0
14 0.02 6.5035 17.36 1.85714285714 3.1910432033719704 0.0
14 0.02 8.5015 17.46 1.85714285714 6.0 0.0
14 0.04 4.006 22.883495495495495 1.85714285714 3.259636678200692 0.0
14 0.06 2.008 30.883985074626864 2.4584689837211227 3.9488545246277207 0.0
14 0.06 2.5075 29.535933333333332 2.2094353281848567 3.589892857142857 0.0
14 0.06 7.003 23.8 1.85714285714 11.0 0.0
14 0.08 0.5095 42.34233707865169 4.049317460318447 5.766962087641556 0.0
14 0.08 1.009 38.538722222222226 3.2943229052682557 4.887259747391543 0.0
14 0.08 2.5075 34.57011180124224 2.4438072500475996 4.026117847669572 0.0
14 0.1 4.5055 31.0 1.85714285714 9.863663220088627 0.0
14 0.1 9.001 29.9 1.85714285714 13.0 0.0
14 0.12 1.5085 45.091507692307694 3.133365758757531 4.5320430831369904 0.0
14 0.12 3.5065 35.374299155609165 2.0 4.428657569025706 0.0
14 0.12 9.5005 33.28 1.85714285714 13.0 0.0
14 0.14 2.008 48.02264179104478 2.9964187327822973 4.41356783919598 0.0
14 0.14 7.003 36.66 1.85714285714 13.0 0.0
14 0.16 3.007 47.47502608695652 2.6296914285740223 4.5441899629504885 0.0
14 0.18 3.007 50.61391596638656 2.697028154331365 4.60763968072976 0.0
14 0.22 3.007 54.781142559833505 2.528858098423893 5.063272291631011 0.0
14 0.24 6.004 53.56 1.85714285714 13.0 0.0
14 0.24 8.5015 53.56 1.85714285714 13.0 0.0
14 0.26 5.5045 57.68 2.0 13.0 0.0
14 0.28 5.005 60.32 1.85714285714 13.0 0.0
14 0.3 5.5045 63.7 1.85714285714 13.0 0.0
14 0.34 2.008 83.36590714285714 4.014550697529712 5.377524429967426 0.0
14 0.34 2.5075 82.4255918367347 3.8671283538769656 5.299853801169591 0.0
14 0.34 7.003 70.46 1.85714285714 13.0 0.0
14 0.38 3.5065 79.4183977180114 2.363686110138152 11.757545045045045 0.0
14 0.38 9.5005 77.22 1.85714285714 13.0 0.0
14 0.4 3.007 85.04398503274088 2.91390353189074 5.494798978940651 0.0
14 0.46 4.5055 91.82 2.14285714286 13.0 0.0
14 0.48 7.5025 94.12 1.85714285714 13.0 0.0
14 0.48 8.002 94.12 1.85714285714 13.0 0.0
14 0.48 9.001 94.12 1.85714285714 13.0 0.0
14 0.52 4.5055 102.51187254381306 2.3428192094650306 12.03889951136605 0.0
14 0.52 8.002 101.36 2.0 13.0 0.0
14 0.52 9.001 100.88 1.85714285714 13.0 0.0
14 0.58 7.5025 111.44 2.0 13.0 0.0
14 0.58 8.002 111.44 2.0 13.0 0.0
14 0.58 9.001 111.44 2.0 13.0 0.0
14 0.6 4.5055 117.88706872370267 3.102524544181574 6.031954097300792 0.0
14 0.6 8.002 114.4 1.85714285714 13.0 0.0
14 0.6 9.001 114.8 2.0 13.0 0.0
14 0.62 0.5095 128.2469781021898 5.191053535643161 7.028699835422206 0.0
14 0.62 2.008 126.72507335907336 4.839125697941664 6.270717896865521 0.0
14 0.62 2.5075 126.11189803012746 4.714101107644157 6.178742374472079 0.0
14 0.62 7.003 118.66605122992479 2.190244823280481 13.0 0.0
14 0.64 4.5055 125.78025384615385 3.688328840974117 6.021248355853163 0.0
14 0.64 8.002 121.88 2.14285714286 13.0 0.0
14 0.64 9.001 121.1747290406223 1.862987714529918 13.0 0.0
14 0.66 1.009 133.37499830220713 5.144201058203848 6.774362745098039 0.0
14 0.68 3.007 134.8596171875 4.779988314345143 6.199815094973945 0.0
14 0.72 4.5055 140.2228663507109 4.590622560501422 6.100324675324675 0.0
14 0.72 8.002 135.55838697624768 2.3052994776734863 13.0 0.0
14 0.72 9.001 135.52 2.28571428571 13.0 0.0
14 0.74 0.5095 145.52479715302493 5.360557255593926 7.110650520105573 0.0
14 0.74 2.008 144.53787968613776 5.169064935066482 6.651944330740893 0.0
14 0.74 2.5075 144.28263482587064 5.05960244955445 6.500063836578359 0.0
14 0.76 5.5045 146.0433160120846 4.58659998473106 6.082734102495304 0.0
14 0.78 6.004 148.92557071213642 4.5132972241031775 6.146716489107966 0.0
14 0.78 6.5035 148.49870124481328 4.240252100838323 6.0193886027579335 0.0
14 0.78 8.5015 146.18474899866487 2.7433435056293822 6.268971389645777 0.0
14 0.8 2.008 153.26257188498403 5.315466935887273 7.018335573476702 0.0
14 0.8 2.5075 153.0791135303266 5.217691029899448 6.769308357348703 0.0
14 0.8 7.003 150.97842911877396 3.841735084836446 6.0945898499840405 0.0
14 0.82 6.004 155.13976950998185 4.678915816330109 6.172656117066531 0.0
14 0.82 6.5035 155.14682392776524 4.678868729992905 6.137417910447761 0.0
14 0.82 8.5015 153.7612792079208 3.5883168316849345 6.085610551274452 0.0
14 0.84 5.005 158.48456050955414 4.984541381127788 6.330615680615681 0.0
14 0.86 3.5065 161.7298371040724 5.279051223134309 6.7735223450264295 0.0
14 0.86 9.5005 160.7032922636103 4.268665575109133 6.166447270007479 0.0
14 0.88 5.005 164.5158564784053 5.17563613231674 6.643235415804717 0.0
14 0.9 1.5085 167.85187050359713 5.626952467299521 7.2278956589449095 0.0
14 0.9 10.0 167.2030333333333 4.861270143466322 6.223958724202626 0.0
14 0.94 6.004 173.3729198203977 5.457689893282267 7.079321989868814 0.0
14 0.94 6.5035 173.36551762523192 5.441020910207922 7.051772089588973 0.0
14 0.94 8.5015 173.30948946417823 5.308308248039514 6.8750401713979645 0.0
14 0.96 5.5045 176.29513057851239 5.622239067057839 7.198428394843722 0.0
14 0.98 5.5045 179.17381520692973 5.809846111942855 7.346950604838709 0.0
14 1.04 6.004 186.88618928164195 6.441751398066959 8.167738135307976 0.0
14 1.04 6.5035 186.86618015267175 6.466652280246779 8.179405405405406 0.0
14 1.04 8.5015 186.7984448 6.673546349622643 8.35828722002635 0.0
14 1.06 3.5065 189.3540496083551 6.378382554942623 8.124756365922666 0.0
14 1.06 9.5005 188.96049666983825 7.22239534447044 9.057814971006852 0.0
14 1.1 0.5095 194.61905778894473 5.840204942734578 7.483316912972086 0.0
14 1.1 1.009 194.50399782135077 6.052011967091541 7.829199788023318 0.0
14 1.12 3.007 196.38848625180898 6.693930021268136 8.356610259122158 0.0
14 1.14 7.003 197.16834792368127 8.332600258728865 10.051882890727036 0.0
14 1.16 6.004 199.4571063094209 8.319843391898612 10.054644865652989 0.0
14 1.16 6.5035 199.18013333333334 8.578751764153997 10.162363078720608 0.0
14 1.16 8.5015 198.4806988505747 9.313277493404053 10.77349570200573 0.0
14 1.18 0.01 205.0817609561753 5.335767590615053 7.168388545760808 0.0438905830137979
14 1.2 6.004 202.99778787878788 8.917870129868486 10.363335819040516 0.0
14 1.2 6.5035 202.81792954708843 9.253069344446002 10.703123644251626 0.0
14 1.2 8.5015 201.7344373284538 10.050563265321292 11.205228848821083 0.0
14 1.22 0.5095 209.53194556213018 6.007202106649255 7.7634990253411305 0.0
14 1.22 2.008 207.99398192090396 6.902085385876531 8.604376971608833 0.0
14 1.22 2.5075 207.58618333333334 7.191428571428999 9.047969906854549 0.0
14 1.24 5.005 207.24622131979694 8.963529912709511 10.346729196729196 0.0
14 1.26 10.0 206.18 11.4776971296691 12.04840134623475 0.0
14 1.28 5.5045 210.18300818330604 9.770981023989993 11.102319118351701 0.0
14 1.3 4.5055 212.8604383886256 9.308257020753187 10.879446854663774 0.0
14 1.32 7.003 211.61379566563468 11.0983483907692 12.030988372093024 0.0
14 1.34 0.01 225.8411680376028 5.336595174259466 7.169537299338999 0.04238712994042759
14 1.4 5.005 220.5240188014101 10.62675485007621 11.608939169139466 0.0
14 1.42 3.007 225.88313498622588 9.128505494508065 10.52223761690336 0.0
14 1.48 1.5085 236.19466255778121 7.655839002270691 9.308304175414042 0.0
14 1.48 3.5065 229.7465049180328 9.982301054649694 11.167383647798742 0.0
14 1.48 10.0 225.68 12.523894189062428 13.0 0.0
14 1.5 0.01 246.06246803069052 5.3328987150382305 7.170763036809816 0.040181250568302365
14 1.5 3.007 232.64458450046686 9.687883133181746 11.06570536521239 0.0
14 1.52 7.5025 229.84 12.281078591882778 13.0 0.0
14 1.52 8.002 229.84 12.5714285714 13.0 0.0
14 1.54 3.5065 234.97449913344886 10.410954191585843 11.39222539229672 0.0
14 1.54 9.5005 231.14 12.8571428571 13.0 0.0
14 1.56 1.5085 244.12371506849314 7.989604395604188 9.624780526735835 0.0
14 1.56 10.0 232.96 12.7142857143 13.0 0.0
14 1.58 5.5045 235.36 11.94240238354866 13.0 0.0
14 1.6 5.005 237.28993808759458 11.781334597797622 12.049657883680451 0.0
14 1.64 1.5085 251.82286988847582 8.284216781550342 10.042654886097509 0.0
14 1.64 10.0 240.24 13.0 13.0 0.0
14 1.66 4.5055 242.72 11.755826828823228 13.0 0.0
14 1.72 7.003 247.52 13.0 13.0 0.0
14 1.74 1.009 265.30126616915425 7.7216845044245765 9.327902577441476 0.0
14 1.76 2.008 258.67062630085144 9.689327841232021 11.07661076054467 0.0
14 1.76 2.5075 255.66984121892543 10.489482993201486 11.462185578535495 0.0
14 1.76 7.003 251.16 12.7142857143 13.0 0.0
14 1.78 7.5025 252.98 12.8571428571 13.0 0.0
14 1.8 6.004 254.8 12.8571428571 13.0 0.0
14 1.8 6.5035 254.8 12.7142857143 13.0 0.0
14 1.8 8.5015 254.8 13.0 13.0 0.0
14 1.82 0.5095 279.6023554083885 6.775973202970603 8.475967213114753 0.0
14 1.82 2.008 263.19632807017547 10.007739175527341 11.18031927857665 0.0
14 1.82 2.5075 261.01288528528534 10.691732077453883 11.82174129353234 0.0
14 1.84 3.007 259.73552035861036 11.332387289516282 12.042387129940428 0.0
14 1.86 0.01 292.3516335877863 5.354230414743628 7.172841171935235 0.036179084489895305
14 1.88 4.5055 262.96 12.353081301390226 13.0 0.0
14 1.88 8.002 262.08 13.0 13.0 0.0
14 1.88 9.001 262.08 13.0 13.0 0.0
14 1.9 1.009 281.0651818181818 8.114002181027363 9.788800398208064 0.0
14 1.92 0.01 299.6587968 5.360032102725932 7.174717789022966 0.03562140268599446
14 1.94 5.5045 268.48 12.59362828711384 13.0 0.0
14 1.96 0.01 304.8547116357504 5.369758551305242 7.188432910883122 0.035298239200633644
14 1.96 3.007 270.32 11.764044401538785 13.0 0.0
14 1.98 9.5005 271.18 13.0 13.0 0.0
16 0.0 5.5045 15.0 1.875 3.0 0.0
16 0.02 5.5045 21.5 1.875 4.061520081920582 0.0
16 0.04 1.5085 34.52535 2.8171474358974358 4.337900943396226 0.0
16 0.04 10.0 24.0 1.875 15.0 0.0
16 0.06 6.004 29.28 1.875 14.0 0.0
16 0.06 8.5015 28.5 1.875 15.0 0.0
16 0.08 6.004 34.96 1.875 13.0 0.0
16 0.08 6.5035 33.92 1.875 14.0 0.0
16 0.08 8.5015 33.0 1.875 15.0 0.0
16 0.1 3.007 47.413663793103446 2.571696980096088 4.634541832669322 0.0
16 0.12 7.5025 42.0 1.875 15.0 0.0
16 0.12 8.002 42.0 1.875 15.0 0.0
16 0.12 9.001 42.0 1.875 15.0 0.0
16 0.16 5.005 51.84 2.0 15.0 0.0
16 0.18 5.005 55.524522614800325 1.8787382034756588 15.0 0.0
16 0.2 2.008 77.3933995037221 3.8257037213740457 5.510644628099174 0.0
16 0.2 2.5075 76.23572413793104 3.624247159090909 5.2892674964293 0.0
16 0.2 7.003 60.0 1.875 15.0 0.0
16 0.22 5.005 66.06 2.125 15.0 0.0
16 0.24 5.5045 69.03981896808828 1.8815491723829407 15.0 0.0
16 0.28 3.5065 80.92633487511563 2.38304424915202 14.020134290488272 0.0
16 0.28 9.5005 78.0 1.875 15.0 0.0
16 0.32 2.008 104.61457471264367 4.506502486016159 6.177088730569948 0.0
16 0.32 7.003 87.68 2.0 15.0 0.0
16 0.36 2.008 113.27643243243243 4.648094040247678 6.286800847457627 0.0
16 0.36 2.5075 112.4315282051282 4.5189720394736845 6.15298600311042 0.0
16 0.36 7.003 96.0 1.875 15.0 0.0
16 0.38 7.5025 101.12 2.0 15.0 0.0
16 0.38 8.002 100.5 1.875 15.0 0.0
16 0.4 5.005 106.27757589487993 2.1411616447666515 15.0 0.0
16 0.44 2.008 129.87534572490705 4.920699033037873 6.539113612381287 0.0
16 0.44 2.5075 128.99993548387096 4.7738965850515465 6.353326834023885 0.0
16 0.44 7.003 114.56 2.0 15.0 0.0
16 0.46 3.007 132.52083274021354 4.744737584650113 6.326666666666666 0.0
16 0.48 0.01 143.09250632911395 6.286235337243402 8.344065446478092 0.04576327366961972
16 0.52 0.01 150.6963187250996 6.29087389380531 8.355885681946802 0.04590702298815944
16 0.52 3.007 144.56348051948052 4.827747050147493 6.45901007705987 0.0
16 0.54 0.5095 153.04968292682926 5.873868534482758 8.00800160836349 0.0
16 0.54 2.008 150.36641538461538 5.257260582928522 7.0638295149110455 0.0
16 0.54 2.5075 149.78273378839592 5.100685408921933 6.7853320592451025 0.0
16 0.54 7.003 137.43806955956444 2.1299102064033804 15.0 0.0
16 0.56 2.008 154.38374901960785 5.313084016393443 7.071074710347583 0.0
16 0.56 7.003 141.88 2.125 15.0 0.0
16 0.58 0.01 162.02062711864406 6.3088108320251175 8.37105495151337 0.046854683361425474
16 0.58 3.007 157.30129411764705 5.115405475206612 6.853019390581718 0.0
16 0.6 3.007 161.2119455252918 5.1416006202618885 6.8451562500000005 0.0
16 0.62 6.004 156.44791304347825 2.5157608695652174 15.0 0.0
16 0.62 6.5035 156.098826446281 2.4009297520661157 15.0 0.0
16 0.62 8.5015 155.64 2.25 15.0 0.0
16 0.64 3.007 169.64094472361808 5.308290715971676 7.080198658410732 0.0
16 0.66 9.5005 164.18 2.125 15.0 0.0
16 0.68 5.005 172.18224 3.5086875 6.592004421518054 0.0
16 0.7 0.5095 183.9210394265233 6.169574004975124 8.171948003014318 0.0
16 0.7 2.008 182.38285507246377 5.729611522198732 7.4047108603667136 0.0
16 0.7 2.5075 182.02260349586015 5.59660809608541 7.2576931084738705 0.0
16 0.72 3.007 185.60652182347235 5.552587853323147 7.201216073316884 0.0
16 0.74 6.004 186.00435294117648 4.040554298642534 6.5628076256499135 0.0
16 0.74 6.5035 184.22261030595814 3.183947262479871 6.985581683168316 0.0
16 0.74 8.5015 182.70706405990018 2.455319259567388 15.0 0.0
16 0.76 4.006 193.0730909090909 5.501322176801226 7.135897040690505 0.0
16 0.78 5.5045 196.5400297462817 5.285923955870764 7.051862988625964 0.0
16 0.8 8.5015 199.68047184170473 4.798297184170472 6.38069823434992 0.0
16 0.82 5.5045 204.72289343768813 5.482390329012961 7.163247335084196 0.0
16 0.84 1.5085 209.8786125290023 6.271476744186047 8.1552654036525 0.0
16 0.84 3.5065 209.26069146608316 5.927793478260869 7.669800085070183 0.0
16 0.84 9.5005 206.72141886792454 4.001108490566038 6.605345454545454 0.0
16 0.86 7.5025 212.5059816373374 5.450689199395771 7.141182496707157 0.0
16 0.88 1.5085 217.51851819184122 6.403566028225806 8.270128456346615 0.0
16 0.88 3.5065 217.07073658536586 6.0746784979423865 7.99607965152458 0.0
16 0.88 9.5005 216.3418266666667 5.3551193118756935 7.067919514047077 0.0
16 0.9 8.002 220.5360579064588 5.669160516605166 7.30861002976872 0.0
16 0.9 9.001 220.48017085427136 5.599612887112887 7.196627867168778 0.0
16 0.94 5.5045 228.6064176 6.259502751572327 8.11991565135895 0.0
16 0.96 4.006 232.50158666666667 6.556416046758767 8.375195749440715 0.0
16 1.0 5.005 240.0 6.860627753303965 8.956680647094068 0.0
16 1.04 5.5045 246.53809308885755 7.412157738095238 9.37311706629055 0.0
16 1.06 7.5025 249.43186587183308 8.109603918228279 10.150841219768665 0.0
16 1.08 5.005 252.67590153846152 7.926438973647712 10.060904618748292 0.0
16 1.1 6.004 255.34937861271678 8.599216237942123 10.506036834924966 0.0
16 1.1 6.5035 255.19646592709984 8.756464334705075 10.805038961038962 0.0
16 1.12 5.005 258.3876812749004 8.560762411347518 10.53243839646929 0.0
16 1.14 4.5055 261.3526638888889 8.685992005813954 10.694157608695653 0.0
16 1.16 5.5045 263.3937413572343 9.525015188335358 11.353564206268958 0.0
16 1.18 0.5095 270.1156875 6.903730207064555 9.043052197411464 0.0
16 1.18 1.009 269.61304992435703 7.249734477124183 9.236806002143624 0.0
16 1.2 5.5045 268.3907883817427 10.18754 12.067832244008715 0.0
16 1.22 6.004 270.29180504587157 10.840547775947282 12.40943802097338 0.0
16 1.22 6.5035 269.8385382653061 11.146426380368098 12.788558909444985 0.0
16 1.22 8.5015 268.6694053639847 12.107388734353268 13.258401332223148 0.0
16 1.24 1.5085 278.30099524564184 7.807637880986937 10.0038660118373 0.0
16 1.24 3.5065 275.49567952522256 9.397542875989446 11.262962184873949 0.0
16 1.24 10.0 270.2436463834673 13.010767750213859 14.028670020244157 0.0
16 1.26 4.5055 276.4836652631579 10.391211656441717 12.148016756119912 0.0
16 1.32 4.5055 283.3682074074074 11.147154139433551 12.79613124387855 0.0
16 1.34 1.009 294.58032781954887 7.730770766773163 9.863596249310534 0.0
16 1.36 2.008 294.2022138728324 8.993923290203327 11.057426117706491 0.0
16 1.36 2.5075 292.4369910979228 9.597448575949366 11.39004907306434 0.0
16 1.36 7.003 285.1446909448819 13.073149671052631 14.038432575228494 0.0
16 1.4 1.5085 301.3663880597015 8.52862554112554 10.490484196368527 0.0
16 1.4 3.5065 294.46053022269354 11.107108695652174 12.677222222222222 0.0
16 1.4 10.0 288.0 14.625 15.0 0.0
16 1.42 5.005 293.5336862416107 12.606340579710144 13.831253145445395 0.0
16 1.46 4.006 299.6981033653846 12.064864457831325 13.221934065934066 0.0
16 1.46 5.005 298.03524420190996 12.961046180159634 14.034857212520192 0.0
16 1.48 7.5025 298.08 14.303425789860396 15.0 0.0
16 1.48 8.002 297.6 14.875 15.0 0.0
16 1.48 9.001 298.08 14.627405805154257 15.0 0.0
16 1.5 1.009 318.0245870393901 8.273234375 10.25479781420765 0.0
16 1.52 0.01 328.9011993410214 6.337928700361011 8.389633413461539 0.0419815459083346
16 1.54 7.5025 305.34 14.427823441502989 15.0 0.0
16 1.56 8.002 308.32 14.375 15.0 0.0
16 1.56 9.001 307.2 14.625 15.0 0.0
16 1.58 4.006 313.15244456581104 12.899836683417085 14.019679286753552 0.0
16 1.6 1.5085 327.5199159663866 9.600498102466792 11.407828067179048 0.0
16 1.6 3.5065 316.2221900826446 12.655682892249528 14.0 0.0
16 1.6 9.5005 312.0 15.0 15.0 0.0
16 1.62 4.006 316.88 13.170205906821963 14.044265708939458 0.0
16 1.62 5.005 316.26 13.753609198229219 14.04840134623475 0.0
16 1.64 8.002 316.8 15.0 15.0 0.0
16 1.64 9.001 316.8 14.875 15.0 0.0
16 1.68 2.008 333.1685582191781 10.972112724757952 12.511380536695764 0.0
16 1.68 2.5075 329.9196584333098 11.75038837744534 13.139991558510077 0.0
16 1.68 7.003 321.6 14.625 15.0 0.0
16 1.72 4.5055 327.84 14.081916666666666 15.0 0.0
16 1.74 9.5005 328.8 15.0 15.0 0.0
16 1.76 6.004 331.2 14.687211599241467 15.0 0.0
16 1.76 8.5015 331.2 14.75 15.0 0.0
16 1.78 0.01 372.9807375 6.356196763202726 8.39516806722689 0.03898701141053654
16 1.8 5.5045 336.8 14.625 15.0 0.0
16 1.82 6.004 338.4 14.751054869760093 15.0 0.0
16 1.82 6.5035 338.4 14.634250774393392 15.0 0.0
16 1.82 8.5015 338.4 15.0 15.0 0.0
16 1.84 5.005 341.64 14.484571566110398 15.0 0.0
16 1.86 0.5095 375.8885335051546 8.019465006729476 10.101085776330075 0.0
16 1.86 1.009 366.484926487748 9.473965371621622 11.319204193471528 0.0
16 1.86 2.5075 349.46947972190037 12.708131970260222 14.001441049411913 0.0
16 1.88 0.01 389.9713383010432 6.352209595959596 8.380596574128765 0.03767283556690066
16 1.88 3.007 349.18343695717283 13.316122816032887 14.047972221387127 0.0
16 1.9 9.5005 348.0 15.0 15.0 0.0
16 1.92 1.009 374.27297168405363 9.68453851744186 11.506637466307279 0.0
16 1.94 4.006 352.8 14.318215206185567 15.0 0.0
16 2.0 0.5095 395.7 8.26270979020979 10.25419814375135 0.0
16 2.0 2.008 367.6891865079365 12.423908243375859 13.538007258330584 0.0
16 2.0 2.5075 363.7904553415061 13.17872311827957 14.037087603004226 0.0
16 2.0 7.003 360.0 15.0 15.0 0.0
18 0.04 4.5055 32.44 1.88888888889 7.0 0.0
18 0.04 8.002 28.56 1.88888888889 17.0 0.0
18 0.04 9.001 28.56 1.88888888889 17.0 0.0
18 0.06 5.5045 35.28 1.88888888889 15.0 0.0
18 0.08 5.5045 40.12 1.88888888889 17.0 0.0
18 0.1 5.005 47.4 1.88888888889 16.0 0.0
18 0.12 0.01 95.02536363636364 7.274040032676998 9.61482905982906 0.042502948024067976
18 0.16 3.5065 66.6 2.2716606664793293 15.017453004054552 0.0
18 0.16 9.5005 63.24 1.88888888889 17.0 0.0
18 0.18 3.5065 72.43294983447925 2.3477554286310176 16.0 0.0
18 0.18 9.5005 69.02 1.88888888889 17.0 0.0
18 0.22 1.5085 105.37541935483871 4.785059922813443 6.807949367088607 0.0
18 0.22 3.5065 83.31223900156006 2.2771877770929243 16.042387129940426 0.0
18 0.22 9.5005 80.58 1.88888888889 17.0 0.0
18 0.24 4.006 86.36 1.88888888889 17.0 0.0
18 0.26 2.008 115.649 4.731690140847753 6.593683812405446 0.0
18 0.28 7.5025 98.64 2.0 17.0 0.0
18 0.3 2.008 126.89353174603175 4.938331800061948 6.994356796116505 0.0
18 0.34 5.5045 116.58 2.11111111111 17.0 0.0
18 0.38 0.01 158.15768604651163 7.302391824306609 9.645679567956796 0.044986278235169944
18 0.4 3.5065 137.8518341968912 2.861450777203458 16.025501600196947 0.0
18 0.4 9.5005 132.6 1.88888888889 17.0 0.0
18 0.42 2.008 159.51545544554457 5.430455904330524 7.26382750482729 0.0
18 0.42 2.5075 158.33247773279354 5.258990047313449 7.135052208835341 0.0
18 0.44 6.004 145.28 2.11111111111 17.0 0.0
18 0.44 8.5015 144.16 1.88888888889 17.0 0.0
18 0.46 5.005 150.48 2.0 17.0 0.0
18 0.48 1.009 177.842375 6.133164392461306 8.237799253239622 0.0
18 0.5 0.5095 184.2486902050114 6.588857721680907 9.000373443983403 0.0
18 0.5 2.008 180.25093457943925 5.704952808151722 7.548230572783655 0.0
18 0.5 2.5075 179.52581644144144 5.53264729620923 7.3256667426487345 0.0
18 0.54 6.004 174.9874847835405 2.3544649235569644 17.0 0.0
18 0.54 6.5035 174.55496620959843 2.2499918380647546 17.0 0.0
18 0.54 8.5015 173.52 2.0 17.0 0.0
18 0.58 1.009 203.4178779342723 6.453248393017381 8.565103969754253 0.0
18 0.6 5.005 194.53086007702183 3.036350021394587 16.0390744955242 0.0
18 0.62 5.5045 199.2866557377049 2.797267759564869 17.0 0.0
18 0.64 5.005 206.29768604651161 3.2276808785506947 16.013141574994545 0.0
18 0.68 3.5065 225.50135770234985 5.899174174175183 7.659747145187602 0.0
18 0.68 9.5005 214.52333392070483 2.237268722464588 17.0 0.0
18 0.7 6.004 223.22784021071115 3.3436445224821747 14.515159574468086 0.0
18 0.7 6.5035 222.81148122392213 3.1894374903396296 16.047628642747586 0.0
18 0.7 8.5015 220.39256892230577 2.293544045295496 17.0 0.0
18 0.72 5.005 234.7969939759036 5.649582332078112 7.4010364145658265 0.0
18 0.74 5.5045 237.70234782608696 4.810182207933302 7.41481772882245 0.0
18 0.76 1.5085 247.78741475211606 6.795024059494613 9.025118355200865 0.0
18 0.8 5.5045 255.66793619142572 6.015748709122046 7.855812757201646 0.0
18 0.84 7.5025 265.5191355759429 5.886839157707225 7.548146788990826 0.0
18 0.84 8.002 265.28611040723985 5.7252787733998005 7.467199276454628 0.0
18 0.84 9.001 265.0405543071161 5.555835406306266 7.328773803994427 0.0
18 0.88 7.5025 275.91137695852535 6.139518586226514 8.123790201382628 0.0
18 0.88 8.002 275.89708054169637 6.126106786190451 8.084293270643549 0.0
18 0.88 9.001 275.78865818181816 6.025703905540161 8.026550898203594 0.0
18 0.9 0.01 282.5056967213115 7.294897744040905 9.676616231086658 0.04777183064710128
18 0.9 3.007 281.79170500676594 7.052640327323345 9.187570110367288 0.0
18 0.92 0.5095 287.08002503912365 7.389015976757185 9.67836976320583 0.0
18 0.92 2.008 286.85638957475993 7.285468895076068 9.397732626619552 0.0
18 0.92 2.5075 286.7949356725146 7.276636413638598 9.386420101637492 0.0
18 0.98 2.008 301.26365567765566 7.627374031011478 10.023898955164661 0.0
18 1.0 1.5085 306.0 7.683036935707684 10.053162470023981 0.0
18 1.0 3.5065 306.0 7.734910729765175 10.063309241888359 0.0
18 1.02 2.008 310.322271875 7.8578369905970336 10.148417030567686 0.0
18 1.02 2.5075 310.31132869565215 7.914497214893848 10.165296893432954 0.0
18 1.08 1.5085 323.08925352112675 8.075545007031593 10.328059236165238 0.0
18 1.08 3.5065 322.6401976744186 8.636478342753165 11.063287917352897 0.0
18 1.12 3.5065 330.34993023255817 9.174995393401604 11.415720930232558 0.0
18 1.12 9.5005 327.72249588719154 11.84424175420758 13.964597014925372 0.0
18 1.16 4.006 337.23992452830186 10.057736763603472 12.257108695652175 0.0
18 1.18 6.004 338.94283774453396 11.58185239735813 13.602031429666539 0.0
18 1.18 6.5035 338.40817539267016 11.927408637881014 14.039865063068348 0.0
18 1.22 5.5045 345.50698245614035 12.069607262673125 14.076753413467149 0.0
18 1.24 7.5025 346.05779439252336 13.705662805692238 15.15789064236497 0.0
18 1.24 8.002 345.4010769230769 13.931794351435876 15.280820935651551 0.0
18 1.24 9.001 344.9313145336226 14.545136294487472 16.0 0.0
18 1.26 3.007 355.65939750445636 10.506662528455568 12.778730788299455 0.0
18 1.28 2.008 361.469575562701 9.706307775968137 12.064705882352941 0.0
18 1.3 4.006 359.9135820895522 12.01103308364434 14.060088133459239 0.0
18 1.3 5.005 357.8136888331242 12.906964573278225 14.5379 0.0
18 1.34 6.5035 360.93338193688794 14.69074783598949 16.011200274776744 0.0
18 1.38 4.006 371.4880023174971 13.092365478676996 14.907210205213532 0.0
18 1.38 5.005 368.7071023809524 13.950036429877493 15.268122949404248 0.0
18 1.4 7.5025 368.4 15.793732406048116 17.0 0.0
18 1.4 8.002 368.46837217975013 15.954710072569604 17.0 0.0
18 1.4 9.001 368.4 15.977445109782694 17.0 0.0
18 1.42 1.5085 388.3707041198502 9.987033676144513 12.23085128634177 0.0
18 1.42 3.5065 378.7618196531792 12.877242732311188 14.555064392620954 0.0
18 1.44 2.008 388.832486409156 10.939354958991895 13.120568114217727 0.0
18 1.44 2.5075 385.96140680713125 11.665574108464693 13.69392585975882 0.0
18 1.46 1.5085 395.0208185185185 10.237706855768192 12.37861369399831 0.0
18 1.48 0.01 411.0048588957055 7.345217683640858 9.75974293059126 0.043803973669907605
18 1.48 3.007 389.2730925110132 12.81105863835026 14.482986935866982 0.0
18 1.5 9.5005 383.0 16.66734781708725 17.0 0.0
18 1.52 0.5095 414.4931220400729 8.55612973308948 10.99536507936508 0.0
18 1.52 1.009 409.8410652557319 9.519439545367026 11.958787507654623 0.0
18 1.56 0.01 428.59805628517825 7.353264427214382 9.753719420868697 0.04247399612965651
18 1.56 3.007 401.01313615023474 13.45717028000187 15.057661258719335 0.0
18 1.6 7.5025 397.8 16.8888888889 17.0 0.0
18 1.6 8.002 398.4 16.757198935486688 17.0 0.0
18 1.62 1.5085 421.35994581861013 11.169792911173781 13.238838657826 0.0
18 1.64 0.01 446.08488718929254 7.361008056957229 9.786148300720907 0.04235817104149026
18 1.64 3.007 411.78555577492597 14.019146521391798 15.225084793668739 0.0
18 1.66 5.005 408.96 16.150788653549764 17.0 0.0
18 1.68 8.5015 410.04 17.0 17.0 0.0
18 1.7 4.006 416.78765909090913 15.380498607909306 17.0 0.0
18 1.76 5.5045 422.28 16.5555555556 17.0 0.0
18 1.78 0.5095 465.1827035928144 9.039816259316641 11.291542410168663 0.0
18 1.78 1.009 454.98 10.5555555556 13.0 0.0
18 1.78 2.5075 435.1216628455833 14.061748866206976 15.302268394967594 0.0
18 1.82 5.5045 432.28 16.8888888889 17.0 0.0
18 1.84 1.5085 455.1083008849557 12.230729445313113 14.143942959988925 0.0
18 1.84 3.5065 437.04 15.626573476739852 17.0 0.0
18 1.84 9.5005 434.52 17.0 17.0 0.0
18 1.86 6.004 437.58 17.0 17.0 0.0
18 1.86 6.5035 437.58 17.0 17.0 0.0
18 1.86 8.5015 437.58 16.8888888889 17.0 0.0
18 1.92 6.5035 446.76 17.0 17.0 0.0
18 1.92 9.5005 446.76 17.0 17.0 0.0
18 1.94 1.5085 470.7921216350947 12.67862897100037 14.424087591240877 0.0
18 1.96 3.5065 453.84 15.914156920086556 17.0 0.0
18 1.96 9.5005 452.88 17.0 17.0 0.0
18 2.0 6.004 459.0 17.0 17.0 0.0
18 2.0 6.5035 460.0 16.8888888889 17.0 0.0
18 2.0 8.5015 459.0 17.0 17.0 0.0
20 0.0 2.008 21.413061506565306 2.141306150656531 3.342658935597432 0.0
20 0.02 2.008 38.12530769230769 2.7269367816091954 4.312996706915477 0.0
20 0.04 3.007 45.887206751054855 2.530656897422941 4.380814549180328 0.0
20 0.06 4.006 44.866839565741856 2.1 9.783071553228622 0.0
20 0.1 3.5065 59.12930577849117 2.1 17.0 0.0
20 0.1 9.5005 55.1 1.9 19.0 0.0
20 0.12 1.009 95.23121428571429 5.223044733044733 7.453511597938144 0.0
20 0.14 4.006 72.12 2.1550066445182727 18.036765421584136 0.0
20 0.16 7.5025 76.76 1.9 19.0 0.0
20 0.18 7.5025 83.98 1.9 19.0 0.0
20 0.18 8.002 84.8 2.0 19.0 0.0
20 0.2 5.5045 92.8 2.1 19.0 0.0
20 0.22 7.5025 98.42 1.9 19.0 0.0
20 0.22 8.002 98.42 1.9 19.0 0.0
20 0.28 0.01 166.86135714285714 8.282445328031809 11.028163850812879 0.04415031693329309
20 0.34 4.006 146.36 2.6 19.0 0.0
20 0.36 5.5045 150.88 2.2 19.0 0.0
20 0.38 0.5095 190.61116455696202 7.155092748735244 9.642786738351255 0.0
20 0.38 1.009 187.22435294117648 6.459246794871795 8.938815789473685 0.0
20 0.4 7.5025 164.6 2.1 19.0 0.0
20 0.4 8.002 163.4 1.9 19.0 0.0
20 0.42 8.5015 171.2 2.0 19.0 0.0
20 0.44 5.5045 180.08 2.3 19.0 0.0
20 0.46 1.5085 211.58044444444445 6.3724898511502035 8.498215488215488 0.0
20 0.46 3.5065 197.5378217562254 4.210404699738904 7.964298615291993 0.0
20 0.46 9.5005 185.06 1.9 19.0 0.0
20 0.48 6.5035 193.32 2.1 19.0 0.0
20 0.48 9.5005 193.33383008483344 2.102659631698738 19.0 0.0
20 0.5 6.004 201.54364908503769 2.308729817007535 19.0 0.0
20 0.5 8.5015 199.5 1.9 19.0 0.0
20 0.52 3.5065 218.8712837632777 4.431517450682853 8.085059221658206 0.0
20 0.52 9.5005 207.2 2.0 19.0 0.0
20 0.54 5.5045 216.19358086560365 2.3899088838268794 19.0 0.0
20 0.58 9.5005 228.8 2.0 19.0 0.0
20 0.6 3.5065 253.2255714285714 6.11477514309076 8.159008855585832 0.0
20 0.6 9.5005 236.4 2.1 19.0 0.0
20 0.62 4.006 259.1541801801802 6.058460774577954 8.051570499515705 0.0
20 0.64 3.5065 266.56999772468714 6.295065710872162 8.235722748815165 0.0
20 0.64 9.5005 250.76 2.1 19.0 0.0
20 0.68 7.5025 267.29743923444977 2.78044976076555 19.0 0.0
20 0.7 5.5045 279.5524217118998 4.517473903966597 8.04379443127962 0.0
20 0.72 3.5065 292.5635017964072 6.627970731707316 8.748591224018476 0.0
20 0.72 9.5005 280.4577010904426 2.449178960872354 19.0 0.0
20 0.74 4.006 298.5855580221998 6.539652631578948 8.610240718074255 0.0
20 0.76 4.5055 304.6914732510288 6.547284069097889 8.507646229739253 0.0
20 0.76 9.001 295.5033309090909 2.7930545454545452 19.0 0.0
20 0.8 4.006 317.85813773035886 6.8840022805017105 9.078891974857477 0.0
20 0.84 0.01 333.222140625 8.326096153846155 11.056454068685502 0.048201136124552915
20 0.86 0.5095 338.723308411215 8.222522123893805 10.849255377826806 0.0
20 0.86 1.009 338.3913958333333 8.08548780487805 10.531930223739097 0.0
20 0.86 2.008 337.8874364089776 7.791426356589147 10.178554913294798 0.0
20 0.86 2.5075 337.6661572413793 7.675907172995781 10.11514705882353 0.0
20 0.88 0.01 344.9398223938224 8.31385026737968 11.039503971470255 0.048458533653846156
20 0.92 6.004 355.5275897435897 7.4069350961538465 9.731121718377088 0.0
20 0.92 8.5015 355.2783887323943 7.094958333333333 9.278209576682858 0.0
20 0.94 2.008 362.1827829787234 8.23551920341394 10.734853576572252 0.0
20 0.96 4.5055 368.04297095435686 8.098141447368421 10.581800236873272 0.0
20 1.0 7.5025 380.0 8.654676616915422 11.199228684594539 0.0
20 1.0 8.002 380.0 8.673722504230119 11.195521766298688 0.0
20 1.0 9.001 380.0 8.677819063004845 11.206428571428571 0.0
20 1.04 2.008 390.74684233261337 8.899733059548256 11.397830073349633 0.0
20 1.06 0.5095 396.26898986486486 8.65117202268431 11.232456747404845 0.0
20 1.06 2.008 396.02827697841724 9.056617915904935 11.635566119273985 0.0
20 1.06 2.5075 395.9508834355828 9.241616666666667 11.881203438395415 0.0
20 1.08 7.5025 399.7133918699187 11.116382978723404 13.635489435101336 0.0
20 1.08 8.002 399.5914578754579 11.300615640599002 13.84185667752443 0.0
20 1.08 9.001 399.3012225913621 11.636263157894737 14.115028524857376 0.0
20 1.12 7.5025 408.0963739837398 12.386750000000001 14.843978201634878 0.0
20 1.14 4.006 414.7150368852459 11.009751166407465 13.465185916419875 0.0
20 1.14 5.005 413.8764057450628 11.639295532646047 14.130384807596203 0.0
20 1.2 2.008 430.9269262295082 10.208397887323944 12.872874720357942 0.0
20 1.24 0.01 445.51832911392404 8.351398058252428 11.065658860538273 0.04694074096367412
20 1.24 3.007 437.885921901528 11.621992263056093 14.131770122783083 0.0
20 1.26 5.005 437.47456127450977 13.969983164983166 16.088939681123872 0.0
20 1.3 1.5085 455.71958083832334 10.496737739872069 13.102032 0.0
20 1.32 5.005 448.3283848101266 14.93472619047619 16.783847637415622 0.0
20 1.38 1.5085 473.71955136268343 11.008887015177066 13.460487641950568 0.0
20 1.4 0.01 489.15527593818985 8.344694323144106 11.07320272572402 0.04515905321875471
20 1.4 3.007 469.65979010494755 13.633505843071786 15.820803662258392 0.0
20 1.42 7.5025 461.25283703703707 17.726423635107118 19.0 0.0
20 1.42 8.002 461.06486843501324 17.851700044503783 19.0 0.0
20 1.42 9.001 461.06 18.341456026058633 19.0 0.0
20 1.46 4.5055 473.5536316489362 16.13408077994429 17.34910524073285 0.0
20 1.46 8.002 468.32 17.98596899224806 19.0 0.0
20 1.46 9.001 467.86 18.500538573508006 19.0 0.0
20 1.48 1.009 500.4462470119522 10.620412926391381 13.176503795989877 0.0
20 1.52 6.004 480.4591888888889 17.74365523465704 19.0 0.0
20 1.52 6.5035 480.88 17.942793542074362 19.0 0.0
20 1.52 8.5015 479.32 18.700446721311476 19.0 0.0
20 1.54 0.5095 520.4876820925554 9.664869739478958 12.242598533455546 0.0
20 1.54 1.009 514.0788722316865 10.9039082278481 13.371382823871906 0.0
20 1.54 2.5075 498.8211862615588 14.04145482388974 16.115087593850554 0.0
20 1.56 1.009 518.2505185185186 10.98625 13.491875871687586 0.0
20 1.58 4.5055 495.0733549180328 17.0590873015873 18.046481587425852 0.0
20 1.6 0.01 544.2490725806451 8.329889094269872 11.058077053058465 0.0421264367816092
20 1.62 4.5055 501.7566596363636 17.372175925925927 19.0 0.0
20 1.62 8.002 498.42 18.8 19.0 0.0
20 1.62 9.001 498.42 18.8 19.0 0.0
20 1.64 1.009 536.1954522821576 11.302974789915966 13.878704225352113 0.0
20 1.66 1.5085 531.9217 12.860213178294574 15.142218466738361 0.0
20 1.66 3.5065 512.9571882129278 16.56873033707865 18.0 0.0
20 1.68 5.5045 511.24 18.147959830866807 19.0 0.0
20 1.7 1.5085 540.6361129032258 13.042969502407704 15.231292388847024 0.0
20 1.72 4.006 520.3985242236024 17.44872340425532 19.0 0.0
20 1.72 5.005 518.96 17.945840998685938 19.0 0.0
20 1.76 4.006 527.8599811838495 17.542902869757174 18.049172796877347 0.0
20 1.78 6.004 528.2 18.7 19.0 0.0
20 1.78 6.5035 528.2 18.9 19.0 0.0
20 1.78 8.5015 528.2 19.0 19.0 0.0
20 1.8 2.008 550.5489290012033 14.934208998548621 16.82892230576441 0.0
20 1.82 4.006 540.72 17.644200459066564 19.0 0.0
20 1.84 7.5025 540.44 18.8 19.0 0.0
20 1.84 8.002 540.44 18.9 19.0 0.0
20 1.84 9.001 539.6 19.0 19.0 0.0
20 1.86 5.5045 545.12 18.6 19.0 0.0
20 1.88 3.5065 550.8374283657307 17.59521212121212 19.0 0.0
20 1.88 9.5005 547.2 19.0 19.0 0.0
20 1.94 4.5055 559.54 18.70403680098684 19.0 0.0
20 1.94 9.001 558.6 19.0 19.0 0.0
20 1.96 7.5025 562.4 19.0 19.0 0.0
20 1.98 0.5095 625.3494119547657 10.713156297420333 13.216573994867408 0.0
20 1.98 2.008 582.5717591522158 15.802673733804477 17.183775596752696 0.0
20 1.98 2.5075 575.2783386983905 16.75787104622871 18.020982501700363 0.0
20 2.0 5.5045 570.0 19.0 19.0 0.0
