10 0.0 4.5055 9.0 1.8 2.0539398589995685 0.0
10 0.0 8.002 9.0 1.8 2.051842409082163 0.0
10 0.0 9.001 9.0 1.8 2.042660631097829 0.0
10 0.02 4.5055 11.09260777385159 1.8 2.1736858638743457 0.0
10 0.02 8.002 11.058282744282744 1.8 3.0 0.0
10 0.02 9.001 11.020588575560376 1.8 2.327306708636632 0.0
10 0.04 0.5095 16.8644 2.5355969517358172 3.523545423613474 0.0
10 0.04 1.009 15.212 2.09414309484193 3.096440962506995 0.0
10 0.04 2.5075 13.72383962264151 1.8 2.3275 0.0
10 0.06 1.5085 16.8658 1.9641569589209074 3.0181295802798136 0.0
10 0.06 3.5065 15.345965870307168 1.8 3.0 0.0
10 0.06 9.5005 14.28 1.8 6.0 0.0
10 0.08 1.5085 18.98083660130719 2.031919575113809 3.0778036250848113 0.0
10 0.08 10.0 15.48 1.8 9.0 0.0
10 0.12 6.004 18.72 1.8 6.698406193078324 0.0
10 0.12 8.5015 18.72 1.8 8.0 0.0
10 0.14 3.5065 22.14088725128961 1.808549877427871 3.278083283522614 0.0
10 0.14 9.5005 20.34 1.8 9.0 0.0
10 0.2 5.005 25.2 1.8 7.189406139909411 0.0
10 0.24 7.5025 28.44 1.8 9.0 0.0
10 0.24 8.002 28.44 1.8 9.0 0.0
10 0.24 9.001 28.44 1.8 9.0 0.0
10 0.26 0.01 37.7314696969697 3.3173110893032387 4.450742965539045 0.044381073088297425
10 0.26 3.007 32.93104275862069 2.2577243880326385 3.6048232695139912 0.0
10 0.28 2.008 37.098364217252396 2.61245889387145 3.7092189500640202 0.0
10 0.28 7.003 31.68 1.8 9.0 0.0
10 0.3 3.007 34.29444545454545 2.0586323529411765 3.7688052068805207 0.0
10 0.32 5.005 34.92 1.8 8.045389322641908 0.0
10 0.34 3.5065 36.54 1.8 4.690390879478827 0.0
10 0.34 9.5005 36.54 1.8 9.0 0.0
10 0.36 5.005 38.16 1.8 8.048372749947411 0.0
10 0.42 3.007 45.581791397849464 2.6301937984496124 4.1068244941145355 0.0
10 0.44 5.005 44.64 1.8 8.048630054677643 0.0
10 0.48 5.5045 47.88 1.8 8.01666563159856 0.0
10 0.52 5.5045 51.12 1.8 8.049258436411673 0.0
10 0.54 5.005 52.74 1.8 8.004986489034122 0.0
10 0.56 5.005 54.36 1.8 5.617844827586207 0.0
10 0.58 5.5045 55.98 1.8 7.040286298568507 0.0
10 0.6 5.5045 58.0 2.0 5.175490196078432 0.0
10 0.62 1.5085 63.3679462915601 3.4728951486697968 4.425364667747163 0.0
10 0.62 3.5065 61.61931761006289 3.018764705882353 4.242918531781558 0.0
10 0.62 10.0 59.22 1.8 9.0 0.0
10 0.64 5.5045 61.28465520728008 2.0470306707111563 5.07870523415978 0.0
10 0.66 7.003 62.8 2.0 8.011107641382756 0.0
10 0.7 5.005 66.95175174013922 2.6345011600928077 4.2079537366548045 0.0
10 0.72 5.5045 68.35622467402206 2.540160481444333 4.335104669887278 0.0
10 0.74 1.5085 71.79259793814433 3.6775053995680347 4.68287269681742 0.0
10 0.74 3.5065 71.27775824175825 3.4988530066815144 4.398991885910991 0.0
10 0.74 10.0 68.94 1.8 9.0 0.0
10 0.76 0.01 73.77053120464441 3.3541963322545847 4.471829590488771 0.044957476325471986
10 0.78 8.002 72.69255953533398 2.2659632139399806 4.420246429571549 0.0
10 0.78 9.001 72.36496989528797 1.96815445026178 4.714079925650558 0.0
10 0.8 1.5085 76.0280958967266 3.789665306122449 4.97143701951508 0.0
10 0.8 3.5065 75.69641509433961 3.651570319240725 4.559430979978925 0.0
10 0.8 9.5005 74.02017881705639 2.0201788170563963 5.106272727272727 0.0
10 0.82 8.002 76.11382306163021 2.570914512922465 4.354108352144469 0.0
10 0.82 9.001 75.97164500484965 2.4129388942774006 4.541174311926605 0.0
10 0.84 2.008 78.7910231444533 3.8460153776571686 5.007634800485936 0.0
10 0.84 2.5075 78.72010350404312 3.824274465691788 4.9785334121821405 0.0
10 0.84 7.003 78.3088019207683 3.381641266119578 4.329264248704663 0.0
10 0.86 4.5055 79.99157901085646 3.687917823431427 4.754778235025149 0.0
10 0.88 2.008 81.6176757457847 3.907158536585366 5.055863157894737 0.0
10 0.88 2.5075 81.57477533039648 3.8797785977859776 5.031994779640598 0.0
10 0.88 7.003 81.36356169429098 3.6046400483968544 4.484009337613073 0.0
10 0.9 6.004 82.86900058788947 3.732190366972477 4.657512953367876 0.0
10 0.9 6.5035 82.85645294117647 3.710369942196532 4.649500599280863 0.0
10 0.9 8.5015 82.78039909638554 3.5606772009029344 4.507111528822055 0.0
10 0.92 3.007 84.40724143692566 3.980413026211279 5.069406635474266 0.0
10 0.94 4.5055 85.797685 3.9800801282051284 5.066458354676775 0.0
10 0.94 8.002 85.74470883233532 3.8155289719626166 4.96296079578701 0.0
10 0.94 9.001 85.73507158671586 3.783424354243542 4.795071770334928 0.0
10 0.96 0.01 87.28743107221007 3.3512017640573317 4.4847992034517095 0.04342848512309319
10 0.98 0.01 88.6432224591329 3.3341424272818454 4.481505016722408 0.04276343630977571
10 0.98 3.007 88.61397557471264 4.10709055876686 5.158923272573125 0.0
10 1.02 3.007 91.19007679738563 4.231854072963518 5.231872016970126 0.0
10 1.04 4.5055 92.34063359442993 4.383488372093024 5.363080270793037 0.0
10 1.04 8.002 92.29756414762741 4.520105660377358 5.553703703703704 0.0
10 1.04 9.001 92.27901616628175 4.5796500437445316 5.652667744543249 0.0
10 1.06 4.5055 93.474125 4.4556996996997 5.473465045592706 0.0
10 1.1 10.0 95.1885100286533 5.537096466093601 6.577830018083183 0.0
10 1.14 3.5065 97.84197411444141 4.75902397260274 6.018461963020881 0.0
10 1.14 9.5005 96.9549538188277 6.055588477366255 7.093003845071744 0.0
10 1.16 7.5025 98.07450727969349 5.89109500805153 7.036988405129386 0.0
10 1.16 8.002 97.98843391066545 6.061819560272934 7.094280425728829 0.0
10 1.16 9.001 97.83789705882353 6.289752066115703 7.1738309466480805 0.0
10 1.18 4.006 99.73823575638507 5.066925418569254 6.150932504440497 0.0
10 1.2 4.5055 100.49386217948718 5.389266666666667 6.377445721583653 0.0
10 1.2 8.002 99.63210239651416 6.517076124567474 7.249909315746084 0.0
10 1.2 9.001 99.47082310140974 6.837646302250803 7.574571528506471 0.0
10 1.22 1.5085 102.6227717206133 4.508930366116296 5.537211668928087 0.0
10 1.22 10.0 100.03252294085131 7.323212025316456 8.031284796573877 0.0
10 1.24 0.5095 104.2510226700252 4.076344969199178 5.182294504085884 0.0
10 1.24 2.008 103.44371521881123 4.731024793388429 6.0086551505833405 0.0
10 1.24 2.5075 103.1962119205298 4.882900874635569 6.084069920844327 0.0
10 1.24 7.003 101.5159884057971 6.629762363519589 7.357709348692955 0.0
10 1.26 6.5035 102.30537291066283 6.67681568627451 7.376287231586239 0.0
10 1.28 3.007 104.85784556962025 5.271438071487947 6.299628482972136 0.0
10 1.3 7.5025 103.79912005457025 7.349282550930027 8.03169948630137 0.0
10 1.32 9.5005 104.4 7.9669152046783624 8.048315552216378 0.0
10 1.34 4.006 106.8024680545585 6.175484581497797 7.126962201520506 0.0
10 1.36 5.005 106.99082584615385 6.878512635379061 7.565516062884484 0.0
10 1.38 7.5025 107.1 7.89028602860286 8.047313477737665 0.0
10 1.4 0.5095 113.49351991388589 4.207371244635193 5.263201865164174 0.0
10 1.4 2.008 111.29281173594133 5.2149903660886325 6.236045478770652 0.0
10 1.4 2.5075 110.72464446444644 5.542542204568024 6.557600281491907 0.0
10 1.44 3.007 111.86581715095677 6.104619615032081 7.109919599039365 0.0
10 1.48 6.004 111.60338409800625 7.82831550802139 8.048372749947411 0.0
10 1.48 6.5035 111.6 8.117175324675324 8.049172796877345 0.0
10 1.48 8.5015 111.6 8.481117274167987 9.0 0.0
10 1.5 4.006 113.0 7.077006711409396 8.004955223880597 0.0
10 1.52 5.5045 113.48412412957917 7.828843797856049 8.048029460393808 0.0
10 1.56 6.004 115.2 8.14154702970297 9.0 0.0
10 1.56 6.5035 115.2 8.218502798507462 9.0 0.0
10 1.56 8.5015 115.2 8.800067554769873 9.0 0.0
10 1.58 0.01 125.87339633558341 3.3848423423423424 4.523325234293648 0.03521006611217744
10 1.58 3.007 117.43128350772298 6.720960144927536 7.438153930430019 0.0
10 1.6 2.008 120.30492929292929 5.861677524429967 7.036167225645426 0.0
10 1.6 2.5075 119.23079553903347 6.359661016949153 7.196411748406761 0.0
10 1.6 7.003 117.0 8.527540983606558 9.0 0.0
10 1.64 6.004 118.8 8.372393483709274 9.0 0.0
10 1.64 6.5035 118.8 8.498848 9.0 0.0
10 1.64 8.5015 118.8 8.8 9.0 0.0
10 1.68 5.005 120.6 8.221787018825513 9.0 0.0
10 1.7 7.5025 121.5 8.8 9.0 0.0
10 1.72 3.5065 122.68060739575138 7.576433021806853 8.0456194810283 0.0
10 1.72 9.5005 122.4 8.8 9.0 0.0
10 1.76 1.5085 128.70070756646217 5.778423855165069 7.012341863139736 0.0
10 1.76 3.5065 124.36331219774316 7.736049063912201 8.049458202011106 0.0
10 1.76 9.5005 124.2 9.0 9.0 0.0
10 1.8 8.002 126.0 8.805680360813673 9.0 0.0
10 1.8 9.001 126.0 9.0 9.0 0.0
10 1.82 1.5085 131.04130970366066 5.943134182174338 7.055548915827215 0.0
10 1.82 3.5065 126.9 7.886627534685165 8.049201345102984 0.0
10 1.82 10.0 126.9 9.0 9.0 0.0
10 1.86 4.006 128.7 8.216960975609755 9.0 0.0
10 1.88 5.5045 129.6 8.621561801717041 9.0 0.0
10 1.9 7.003 130.5 8.808905047823071 9.0 0.0
10 1.92 4.006 131.4 8.076878661087866 9.0 0.0
10 1.94 0.01 147.6670429906542 3.407618332081142 4.544062273714699 0.029503524364082136
10 1.98 4.5055 134.1 8.6234171380683 9.0 0.0
10 2.0 5.005 135.0 8.6 9.0 0.0
12 0.0 0.01 25.644594594594594 4.274099099098135 5.921938168846611 0.04128545911416548
12 0.0 3.007 11.0 1.83333333333 3.0 0.0
12 0.02 3.007 14.604715651135006 1.83333333333 3.0 0.0
12 0.04 6.004 16.92 1.83333333333 3.8358354755784063 0.0
12 0.04 6.5035 17.28 1.83333333333 3.6026661514683154 0.0
12 0.04 8.5015 16.48 1.83333333333 7.0 0.0
12 0.06 7.5025 18.26 1.83333333333 11.0 0.0
12 0.06 8.002 18.8 1.83333333333 8.0 0.0
12 0.06 9.001 18.8 1.83333333333 10.0 0.0
12 0.08 4.5055 21.484008830022074 1.83333333333 4.237812018489985 0.0
12 0.08 8.002 20.68 1.83333333333 11.0 0.0
12 0.08 9.001 21.4 1.83333333333 9.0 0.0
12 0.12 5.5045 25.52 1.83333333333 10.0 0.0
12 0.14 7.5025 27.94 1.83333333333 11.0 0.0
12 0.16 2.008 38.288828282828284 2.680679824564176 4.071920916162489 0.0
12 0.16 7.003 30.36 1.83333333333 11.0 0.0
12 0.18 2.008 41.12404975124378 2.7850526045662143 4.117139737991266 0.0
12 0.18 2.5075 40.3889801980198 2.633097006529783 4.067526109660575 0.0
12 0.18 7.003 32.78 1.83333333333 11.0 0.0
12 0.2 3.5065 36.123509587449156 1.976945473795198 4.635920655454937 0.0
12 0.2 9.5005 35.2 1.83333333333 11.0 0.0
12 0.22 2.008 46.37807547169812 2.959320512819699 4.214170360987967 0.0
12 0.22 2.5075 45.270848484848486 2.822959183670551 4.171710238060465 0.0
12 0.22 7.003 37.62 1.83333333333 11.0 0.0
12 0.24 0.01 52.90998787878788 4.2890384615369 5.91698224852071 0.044092610480560256
12 0.26 5.005 42.46 1.83333333333 11.0 0.0
12 0.3 5.005 47.3 1.83333333333 11.0 0.0
12 0.32 3.5065 50.749637426900584 2.0856071019490203 5.202087912087912 0.0
12 0.32 9.5005 49.72 1.83333333333 11.0 0.0
12 0.34 7.5025 52.14 1.83333333333 11.0 0.0
12 0.34 8.002 52.14 1.83333333333 11.0 0.0
12 0.36 3.5065 56.049365384615385 2.220925704015543 5.154328697133125 0.0
12 0.36 9.5005 54.56 1.83333333333 11.0 0.0
12 0.38 5.5045 57.6 2.0 11.0 0.0
12 0.4 2.008 67.79235643564355 3.5924135497548475 5.015678179438123 0.0
12 0.4 2.5075 67.10134736842106 3.477147401908345 4.8963105726872245 0.0
12 0.4 7.003 59.4 1.83333333333 11.0 0.0
12 0.42 5.005 62.51291161773891 2.032445867167003 10.048544301895863 0.0
12 0.44 1.5085 72.93410317460318 3.8323501872626236 5.130716401831403 0.0
12 0.44 3.5065 66.55169914529915 2.5209353063938926 5.062050911716916 0.0
12 0.44 9.5005 64.24 1.83333333333 11.0 0.0
12 0.48 4.006 69.88669504950495 2.0918894389457323 8.748076923076923 0.0
12 0.5 5.005 72.1258965375103 2.0419655125042744 10.049543790143465 0.0
12 0.54 1.5085 83.76582539682539 4.057058588283485 5.289846980976013 0.0
12 0.54 3.5065 79.33477479147359 2.917933271546088 5.167677986554042 0.0
12 0.54 10.0 76.34 1.83333333333 11.0 0.0
12 0.56 3.5065 82.33584370477568 3.1839972527498928 5.031566265060241 0.0
12 0.56 9.5005 78.76 1.83333333333 11.0 0.0
12 0.58 4.006 83.28237268128161 2.6676082068610807 5.200500901622921 0.0
12 0.62 7.5025 86.4 2.0 11.0 0.0
12 0.62 8.002 86.4 2.0 11.0 0.0
12 0.62 9.001 86.02 1.83333333333 11.0 0.0
12 0.66 4.5055 93.03279955703212 2.898431155405868 5.234769103334024 0.0
12 0.68 2.008 98.52762756052142 4.28351634943741 5.454404900816803 0.0
12 0.68 7.003 93.75950645624103 2.083076279293866 11.0 0.0
12 0.7 1.5085 101.02029970760233 4.390165499679535 5.682871751171708 0.0
12 0.7 3.5065 100.11798169801727 4.112506520607362 5.2260907352685555 0.0
12 0.7 10.0 95.71386998087955 1.8410388782632325 11.0 0.0
12 0.74 7.5025 101.09705156626507 2.190417670685114 6.124003795066414 0.0
12 0.74 8.002 101.18424792408067 2.246312771846727 10.049401134692163 0.0
12 0.74 9.001 100.8 2.0 6.614074074074074 0.0
12 0.76 0.5095 107.66248188405797 4.519042203690045 6.046141883000359 0.0
12 0.76 1.009 107.43160568086884 4.529247383656786 6.013016042780749 0.0
12 0.78 0.01 109.96556947608201 4.339294750154913 6.003932026792359 0.0456482430233259
12 0.78 3.007 108.8957093124456 4.389359118084483 5.583852488363767 0.0
12 0.8 7.5025 109.23372299872935 3.0281024989416885 5.2210958296362024 0.0
12 0.8 8.002 109.01829647829648 2.8485803985773703 5.193876791364229 0.0
12 0.82 0.01 113.99290072639225 4.330211267602425 5.999811439346323 0.04553318464042438
12 0.82 3.007 113.16856436271401 4.495097198398987 5.810461080813089 0.0
12 0.84 6.004 114.94477097996752 4.227618302018989 5.332572087658593 0.0
12 0.84 8.5015 114.26603339517625 3.527118119975805 5.207648480662983 0.0
12 0.88 6.004 119.31790349819059 4.38228307812878 5.527365982792852 0.0
12 0.88 8.5015 119.16079566982408 4.167394567015161 5.264363221016562 0.0
12 0.9 5.5045 121.5124974253347 4.515808333333649 5.752643784786642 0.0
12 0.92 5.005 123.68630074441688 4.673086837444675 6.035194416749751 0.0
12 0.94 0.01 125.98990647482015 4.32548076922775 5.948128342245989 0.04426570893945796
12 0.94 3.007 125.83675523560208 4.849326886610562 6.165079605761941 0.0
12 0.96 1.009 127.946 4.879009926852334 6.222065037663054 0.0
12 1.0 0.5095 132.0 4.783534338357118 6.1971499380421315 0.0
12 1.0 2.008 132.0 5.036989912884738 6.313866787906342 0.0
12 1.0 2.5075 132.0 5.061399088074182 6.34167063303189 0.0
12 1.0 7.003 132.0 5.09660467737584 6.364731128502903 0.0
12 1.02 5.005 133.78081780016794 5.205859856897892 6.537792525323088 0.0
12 1.04 0.01 135.67076965517242 4.312770270267759 5.9754375 0.04322617680826636
12 1.04 3.007 135.55367980295566 5.239113756614192 6.580533926585095 0.0
12 1.08 0.5095 139.23458974358974 4.8813426688608885 6.261521115211152 0.0
12 1.08 2.008 139.06916027531958 5.28353735090889 6.662777080719364 0.0
12 1.08 2.5075 139.01757955865273 5.359493512971241 6.822625127681308 0.0
12 1.08 7.003 138.63646846846845 6.006653005464614 7.367338092809791 0.0
12 1.1 4.5055 140.44341853035144 5.833667905820713 7.204115153655952 0.0
12 1.1 9.001 139.85882882882885 6.759432544155955 8.152732542092188 0.0
12 1.12 2.008 142.47482131661442 5.383938893474144 6.949273678094132 0.0
12 1.12 7.003 141.51775317604356 6.632039864294414 8.074612895770741 0.0
12 1.14 7.5025 142.74101828681424 7.118265613245406 8.350131926121373 0.0
12 1.16 0.01 146.6886775956284 4.352388263388382 6.014336598397151 0.04305270155928925
12 1.16 3.007 145.4444372177055 5.834544695067701 7.234520907556722 0.0
12 1.18 10.0 144.64434688625835 8.536786372008102 9.413813581203202 0.0
12 1.2 3.007 148.4556616915423 6.09211711711896 7.446391437308868 0.0
12 1.22 8.002 147.5921819464034 8.440580431176258 9.346641542895146 0.0
12 1.22 9.001 147.24670477386934 8.842124915136013 9.755948553054662 0.0
12 1.24 6.004 149.60502812295618 7.871135496180629 9.093696433508432 0.0
12 1.24 6.5035 149.24792835820895 8.09281426553858 9.155213379469435 0.0
12 1.24 8.5015 148.5886364812419 8.890685483868781 10.002730364678465 0.0
12 1.28 5.005 152.55661738424044 7.796437198065775 9.057667964946447 0.0
12 1.34 10.0 154.44 10.16786043832582 11.0 0.0
12 1.36 3.5065 158.87669262295083 7.540877712032376 9.003031774663521 0.0
12 1.36 9.5005 155.76 10.198211841225369 11.0 0.0
12 1.4 6.004 158.83823815309842 9.33555243445364 10.040878941151528 0.0
12 1.4 6.5035 158.8 9.535780885781602 10.046079465011898 0.0
12 1.4 8.5015 158.4 10.02511920243242 11.0 0.0
12 1.42 0.5095 168.90561684782608 5.232837837838525 6.659815048339638 0.0
12 1.42 2.008 165.40566463414635 6.632625404533397 8.07492145421903 0.0
12 1.42 2.5075 164.21045394736842 7.142680454179659 8.351767497034402 0.0
12 1.42 7.003 160.14 9.875953613185175 11.0 0.0
12 1.44 5.005 162.00624182667357 9.053783639755938 10.022131299407114 0.0
12 1.46 0.5095 172.2933581081081 5.263839285713732 6.742945662535749 0.0
12 1.46 1.009 170.75497769156158 5.785684250763098 7.207187045123726 0.0
12 1.46 2.5075 166.96883021483023 7.3301640070889915 8.547993079584774 0.0
12 1.48 5.5045 164.28119876416065 9.581242220564233 10.046940740963674 0.0
12 1.5 10.0 165.0 10.677934691227316 11.0 0.0
12 1.52 4.006 168.02694830371567 8.992590497737408 10.008662033558728 0.0
12 1.56 5.5045 168.96 9.899951923074921 10.049857481472591 0.0
12 1.58 1.009 179.83142283298096 6.029781175060548 7.392843432958596 0.0
12 1.6 8.5015 171.6 10.8333333333 11.0 0.0
12 1.62 0.5095 185.60626096256684 5.4470125786152925 7.023583513114568 0.0
12 1.62 1.009 182.8880335689046 6.127495183046866 7.486281588447653 0.0
12 1.62 2.5075 176.6186875 8.128191276513169 9.161939102564103 0.0
12 1.64 5.5045 174.24 10.219052102962786 11.0 0.0
12 1.68 1.5085 184.17023444976078 7.046491228071106 8.308017718715393 0.0
12 1.68 3.5065 177.94352455357142 9.366026020103766 10.04058836004484 0.0
12 1.68 9.5005 176.88 11.0 11.0 0.0
12 1.7 0.01 196.28419098143237 4.357730716250598 6.012828100874936 0.035856294717613035
12 1.72 7.5025 179.52 11.0 11.0 0.0
12 1.74 4.5055 181.58 10.008403597528382 11.0 0.0
12 1.76 7.5025 182.16 10.516534463898275 11.0 0.0
12 1.76 8.002 182.16 11.0 11.0 0.0
12 1.76 9.001 182.16 11.0 11.0 0.0
12 1.78 4.006 183.48 9.921012514219125 11.0 0.0
12 1.8 0.01 205.3787163029525 4.374167490930553 6.02148705758056 0.033826580424701005
12 1.8 3.007 186.74852307692308 9.366508037222372 10.036325735674508 0.0
12 1.82 7.5025 186.12 10.8333333333 11.0 0.0
12 1.82 8.002 186.12 11.0 11.0 0.0
12 1.82 9.001 186.12 11.0 11.0 0.0
12 1.84 0.5095 203.36565182186234 5.686131288676217 7.146569230769231 0.0
12 1.84 2.008 191.73007022900762 8.383572796932537 9.291095510807315 0.0
12 1.84 2.5075 189.20214124293787 9.062127609665799 10.021527005314548 0.0
12 1.84 7.003 187.44 10.8333333333 11.0 0.0
12 1.86 1.5085 195.77033852140076 7.62523201856399 9.027891982098156 0.0
12 1.86 10.0 188.76 11.0 11.0 0.0
12 1.9 4.5055 191.4 10.393320874840237 11.0 0.0
12 1.92 10.0 192.72 11.0 11.0 0.0
12 1.94 0.5095 211.1711024875622 5.7925028184875895 7.211498569384836 0.0
12 1.94 1.009 205.35326261127597 6.860276422761433 8.184309656823624 0.0
12 1.96 2.008 198.8376672158155 8.720060991780567 9.605055350553506 0.0
12 1.96 7.003 195.36 11.0 11.0 0.0
12 2.0 1.5085 204.6820981713186 8.007298218029495 9.133329945110795 0.0
12 2.0 3.5065 198.0 10.319250513319323 11.0 0.0
12 2.0 10.0 198.0 11.0 11.0 0.0
14 0.02 5.005 18.220871184371184 1.85714285714 3.2077688651218064 0.0
14 0.04 5.5045 21.88 1.85714285714 4.0 0.0
14 0.06 0.01 46.68109677419355 5.294580689414516 7.143430977021575 0.041633628907786824
14 0.08 3.007 32.59920689655173 2.169260469262006 4.028603970061829 0.0
14 0.1 2.008 39.65235537190083 2.724508710805168 4.157364004629629 0.0
14 0.1 2.5075 38.355125628140705 2.5217297420165727 4.132568866111467 0.0
14 0.1 7.003 29.9 1.85714285714 13.0 0.0
14 0.12 4.006 35.04 1.910234829257095 8.37066346922462 0.0
14 0.14 0.01 58.27726086956522 5.267727487031031 7.140864440078586 0.042821303349050904
14 0.2 7.5025 46.8 1.85714285714 13.0 0.0
14 0.2 8.002 46.8 1.85714285714 13.0 0.0
14 0.22 8.5015 50.18 1.85714285714 13.0 0.0
14 0.24 1.009 68.37747368421053 4.022868949233043 5.55928078459862 0.0
14 0.26 3.5065 57.68 2.0 12.034121271274325 0.0
14 0.26 9.5005 56.94 1.85714285714 13.0 0.0
14 0.3 3.5065 65.85289144736842 2.2964169229294855 11.122732012513035 0.0
14 0.3 9.5005 63.7 1.85714285714 13.0 0.0
14 0.32 7.5025 67.08 1.85714285714 13.0 0.0
14 0.34 0.01 88.00068 5.301958525341662 7.148202644812814 0.045331765698953905
14 0.36 7.5025 73.84 1.85714285714 13.0 0.0
14 0.36 8.002 73.84 1.85714285714 13.0 0.0
14 0.38 4.006 78.75449392395139 2.21071288570255 12.049144246937304 0.0
14 0.42 1.5085 96.7291888111888 4.431862244896596 6.048354313431112 0.0
14 0.42 3.5065 86.60530414477525 2.5032180276069163 6.492724288840263 0.0
14 0.42 9.5005 83.98 1.85714285714 13.0 0.0
14 0.44 7.5025 87.36 1.85714285714 13.0 0.0
14 0.44 8.002 87.36 1.85714285714 13.0 0.0
14 0.46 0.5095 104.52806086956522 4.916252359973152 6.600279441117764 0.0
14 0.46 2.008 102.28020111731843 4.4004160887636115 6.026017950963222 0.0
14 0.46 2.5075 101.53164431486881 4.289950450131887 5.737494325919201 0.0
14 0.46 7.003 90.74 1.85714285714 13.0 0.0
14 0.48 10.0 94.64 2.0 13.0 0.0
14 0.5 1.5085 108.79621485219899 4.644726190479085 6.172908302553396 0.0
14 0.5 3.5065 101.2820747217806 2.937735634793213 5.933429561200924 0.0
14 0.52 2.008 111.47429661016949 4.597353220107129 6.11535333707235 0.0
14 0.52 7.003 101.36 2.0 13.0 0.0
14 0.54 7.5025 104.72 2.0 13.0 0.0
14 0.54 8.002 104.72 2.0 13.0 0.0
14 0.54 9.001 104.26 1.85714285714 13.0 0.0
14 0.56 7.5025 107.64 1.85714285714 13.0 0.0
14 0.6 2.008 123.51111794871795 4.786462053572105 6.236970923813029 0.0
14 0.6 7.003 114.56879238548483 1.9174258519572165 13.0 0.0
14 0.62 0.01 128.79543842364532 5.3239049865193895 7.167580251548714 0.04642416212472523
14 0.62 3.007 125.73926794258374 4.609406830439576 6.1007970647773275 0.0
14 0.64 2.008 129.68692116182572 4.879577717877196 6.300996898537882 0.0
14 0.64 7.003 122.06819731649566 2.217538617656131 13.0 0.0
14 0.7 7.5025 132.07001480932988 2.22381657587018 13.0 0.0
14 0.7 8.002 132.12606495468276 2.250507121274989 13.0 0.0
14 0.7 9.001 131.9 2.14285714286 13.0 0.0
14 0.72 2.008 141.49176119402986 5.070447019868959 6.5322658402203855 0.0
14 0.72 2.5075 141.30535742971887 5.016270270270596 6.436157380815623 0.0
14 0.72 7.003 136.1301786561265 2.5970299265970844 6.16621842631292 0.0
14 0.74 0.01 145.83259936908516 5.3056291932541715 7.151677728613569 0.04645287563986751
14 0.74 3.007 144.0233372982158 4.9763183956420125 6.360553715097018 0.0
14 0.76 6.004 144.76124412296565 3.8338576585852073 6.145989117079164 0.0
14 0.76 6.5035 144.64272826086957 3.763528726709898 6.012554847841472 0.0
14 0.76 8.5015 142.3163932683791 2.3788055168898956 12.04371734863355 0.0
14 0.78 1.009 150.88969158878504 5.380094854840948 7.094526436452214 0.0
14 0.8 0.01 154.17896464646464 5.312812777281083 7.150064231969169 0.046854683361425474
14 0.82 1.009 156.58001595214355 5.464829524623517 7.135193871169481 0.0
14 0.84 5.5045 158.4401221674877 4.936850793649531 6.2846771037182 0.0
14 0.86 4.006 161.68082399213372 5.230041302233678 6.802963335007534 0.0
14 0.86 5.005 161.56033812949642 5.124185574853541 6.5355855855855856 0.0
14 0.88 5.5045 164.50673697585768 5.168040689961792 6.541460869565217 0.0
14 0.92 1.5085 170.70606086956522 5.687823920269537 7.2765035568010346 0.0
14 0.92 3.5065 170.56401088435373 5.5495097299753455 7.1261630584983875 0.0
14 0.92 9.5005 170.2914105263158 5.091315056759162 6.47214846107423 0.0
14 0.96 6.5035 176.28631775700936 5.593368076846339 7.165698051948052 0.0
14 0.96 9.5005 176.2458028534371 5.449295905131467 7.07878987608753 0.0
14 0.98 3.5065 179.18099116465865 5.846808163262966 7.4154937735302635 0.0
14 0.98 9.5005 179.15612360688957 5.686597192072049 7.2344631661442005 0.0
14 1.0 6.004 182.0 5.967682827954599 7.582620219613783 0.0
14 1.0 8.5015 182.0 5.98243612405557 7.622012072434607 0.0
14 1.02 3.5065 184.50411486486487 6.111822660100758 7.857598702001082 0.0
14 1.02 9.5005 184.46610816777041 6.349414270497521 8.093720293821114 0.0
14 1.06 4.006 189.33136736958934 6.422745625839639 8.141708458709461 0.0
14 1.06 5.005 189.26327329192546 6.574735573706141 8.247674173858135 0.0
14 1.08 6.004 191.40454495912806 7.0177928949361075 8.829290254237288 0.0
14 1.08 6.5035 191.3466351706037 7.110494864614721 9.004777355113001 0.0
14 1.08 8.5015 191.09669282814613 7.530781595339173 9.212014200298954 0.0
14 1.1 3.007 194.10656427758815 6.579077514415419 8.253549319026002 0.0
14 1.16 1.009 201.80542392909896 6.182992511521587 8.03379947558996 0.0
14 1.18 4.5055 202.04444888366626 7.937362637361384 9.524965659340658 0.0
14 1.18 9.001 199.97551005025124 9.951333801332828 11.143734469293575 0.0
14 1.2 5.005 203.6632995951417 8.429831932771707 10.094767912952888 0.0
14 1.22 0.01 210.18290211640212 5.334655419953621 7.167245989304813 0.0437462253895398
14 1.22 3.007 207.1118364231189 7.471361106425468 9.177205000856311 0.0
14 1.24 5.5045 206.7386883248731 9.212778695292508 10.658947804473902 0.0
14 1.28 3.5065 212.389664 8.349698960040781 10.072407428769177 0.0
14 1.28 9.5005 207.76 11.542261904745 12.048000841750842 0.0
14 1.3 0.5095 219.24529685681023 6.11318977120011 8.006725978647687 0.0
14 1.3 1.009 218.30123196448392 6.532874127194468 8.233187512427918 0.0
14 1.3 2.5075 215.75432266009852 7.710145967939115 9.339094547273637 0.0
14 1.34 4.5055 216.35337547169812 9.752961275628776 11.096248418007594 0.0
14 1.36 7.5025 215.49759836065573 11.539789277951236 12.049743435858964 0.0
14 1.38 0.5095 228.9498818565401 6.19976529494603 8.053767794175265 0.0
14 1.38 1.009 227.3708268456376 6.742840982549723 8.431754278728606 0.0
14 1.38 2.5075 223.41596158770807 8.299448678445803 10.031483936766955 0.0
14 1.4 5.5045 219.93351215423303 10.885670103058484 12.015656958129993 0.0
14 1.42 6.004 221.21005763397372 11.308838122796042 12.042705562273277 0.0
14 1.42 8.5015 220.64 12.276959640469727 13.0 0.0
14 1.44 3.5065 226.39395445920303 9.71464418481574 11.084950713800136 0.0
14 1.44 9.5005 222.04 12.311441193700324 13.0 0.0
14 1.46 6.004 224.68437206502108 11.62413766787491 12.048372749947411 0.0
14 1.46 6.5035 224.78 11.720577409719613 12.04768592307461 0.0
14 1.46 8.5015 224.32 12.32662255941692 13.0 0.0
14 1.48 4.006 227.8268 10.554305555533833 11.566025420817589 0.0
14 1.5 4.5055 229.69420998455996 10.889879990735484 12.018189991938984 0.0
14 1.52 1.5085 240.19634482758622 7.800396825396806 9.419122257053292 0.0
14 1.52 10.0 229.32 12.7142857143 13.0 0.0
14 1.54 4.006 233.4380224824356 10.865612244857642 12.007325789160214 0.0
14 1.54 5.005 232.29591059706158 11.5949298288095 12.048601472134596 0.0
14 1.58 9.5005 234.78 13.0 13.0 0.0
14 1.6 5.5045 237.26045528455285 12.087611328847089 13.0 0.0
14 1.62 6.004 239.04 12.173803852204983 13.0 0.0
14 1.62 6.5035 239.04 12.335300735876038 13.0 0.0
14 1.62 8.5015 238.42 12.8571428571 13.0 0.0
14 1.66 0.5095 261.4369495192308 6.57279785432105 8.274238664561246 0.0
14 1.66 2.008 250.21970412844036 9.310356412499859 10.765926275992438 0.0
14 1.66 2.5075 247.88642 9.905932944604531 11.140949203616014 0.0
14 1.66 7.003 242.06 13.0 13.0 0.0
14 1.68 7.5025 243.88 12.7142857143 13.0 0.0
14 1.68 8.002 244.56 12.579058510290169 13.0 0.0
14 1.7 0.5095 266.2261983471074 6.663864468867746 8.356529850746268 0.0
14 1.7 1.009 261.2645227765727 7.61724137931269 9.282215424950842 0.0
14 1.7 2.5075 251.32392537313433 10.185130599763289 11.26037323470074 0.0
14 1.76 0.01 279.27335201401047 5.376838905772613 7.188515516900574 0.037233977866958534
14 1.78 1.5085 264.1004264264264 8.88777472527248 10.32237190812721 0.0
14 1.78 10.0 252.98 13.0 13.0 0.0
14 1.82 0.01 286.94946548672567 5.354755434779704 7.18086939494811 0.036911894407104406
14 1.82 3.007 259.39782406534715 11.282096144033364 12.04345737932701 0.0
14 1.84 6.004 258.44 12.861353397243029 13.0 0.0
14 1.84 8.5015 258.44 13.0 13.0 0.0
14 1.86 4.5055 261.12 12.319854834929227 13.0 0.0
14 1.86 8.002 260.26 13.0 13.0 0.0
14 1.86 9.001 260.26 12.858029185584272 13.0 0.0
14 1.88 2.008 268.50497597042516 10.193656174356677 11.243200126362344 0.0
14 1.88 7.003 262.08 13.0 13.0 0.0
14 1.92 4.5055 266.64 12.28667893282869 13.0 0.0
14 1.94 6.004 267.54 12.7142857143 13.0 0.0
14 1.94 6.5035 267.54 12.8571428571 13.0 0.0
14 1.94 8.5015 267.54 13.0 13.0 0.0
14 1.98 5.005 271.18 13.0 13.0 0.0
14 2.0 7.5025 273.0 13.0 13.0 0.0
14 2.0 8.002 273.0 13.0 13.0 0.0
14 2.0 9.001 273.0 13.0 13.0 0.0
16 0.0 3.5065 15.0 1.875 3.0 0.0
16 0.0 9.5005 15.0 1.875 3.0 0.0
16 0.02 3.5065 23.281173913043478 1.9169165368639667 3.205840437714722 0.0
16 0.02 9.5005 19.5 1.875 15.0 0.0
16 0.06 0.5095 51.71541818181818 4.7716328413284135 6.79332298136646 0.0
16 0.06 1.009 44.68837288135593 3.667953296703297 5.405310504933256 0.0
16 0.08 5.005 33.92 1.875 10.13263048738334 0.0
16 0.12 10.0 42.0 1.875 15.0 0.0
16 0.14 0.5095 70.11451764705882 5.008383977900553 7.072772879294618 0.0
16 0.14 1.009 65.91670967741936 4.173562431544359 6.068008595988538 0.0
16 0.14 2.5075 61.59130555555556 3.2631833864118898 5.072277470841007 0.0
16 0.18 5.5045 55.5 1.875 15.0 0.0
16 0.2 0.01 89.23703225806452 6.286896681749623 8.345691547749725 0.043399589173513775
16 0.22 5.5045 65.28 2.0 15.0 0.0
16 0.24 6.5035 69.76 2.0 15.0 0.0
16 0.26 7.5025 73.5 1.875 15.0 0.0
16 0.28 4.006 78.72 2.0 15.0 0.0
16 0.3 7.5025 82.5 1.875 15.0 0.0
16 0.32 0.01 112.40693129770993 6.298947166921899 8.359911111111112 0.044323394495412845
16 0.34 0.5095 112.98844604316547 5.514383012820513 7.4300342359165885 0.0
16 0.34 1.009 111.07831372549019 5.0352422389463785 7.019101123595505 0.0
16 0.36 0.01 120.09811382113821 6.313886589403974 8.351992088160497 0.04443874471937236
16 0.38 1.5085 118.4084938271605 4.917533783783783 6.650533661740559 0.0
16 0.38 10.0 100.5 1.875 15.0 0.0
16 0.4 5.5045 105.6 2.0 15.0 0.0
16 0.42 7.5025 110.08 2.0 15.0 0.0
16 0.42 8.002 109.5 1.875 15.0 0.0
16 0.44 0.01 135.32705555555555 6.282600806451613 8.348684962835906 0.04521663098863328
16 0.46 6.004 119.5963218892261 2.128778215098634 15.0 0.0
16 0.46 8.5015 119.04 2.0 15.0 0.0
16 0.48 4.5055 125.67431869758263 2.517865071534287 14.046108199289113 0.0
16 0.5 7.5025 128.0 2.0 15.0 0.0
16 0.5 8.002 127.5 1.875 15.0 0.0
16 0.5 9.001 128.0 2.0 15.0 0.0
16 0.54 0.01 154.44633333333334 6.301950503355704 8.356911976911977 0.04628056860619203
16 0.54 3.007 148.9991293634497 4.977924679487179 6.598885044213764 0.0
16 0.56 0.01 158.24822140221403 6.3008816614420065 8.359856938483547 0.04587827658933414
16 0.58 4.5055 148.4289702457956 2.746717335058215 14.042271283834872 0.0
16 0.62 1.009 167.77843799472296 5.807371794871795 7.7138837638376385 0.0
16 0.66 5.005 167.0884904109589 3.1942979452054794 7.069593326381647 0.0
16 0.7 0.01 184.5489433962264 6.2972643769968055 8.368221225710014 0.047026783027384896
16 0.7 3.007 181.45984243697478 5.450157156673114 7.153247807729782 0.0
16 0.74 1.009 191.0821711079944 6.073947212336892 8.073712937011358 0.0
16 0.78 3.5065 197.30857578840283 5.666281362007169 7.298715890850723 0.0
16 0.78 9.5005 191.0578334809566 2.1919508414526128 15.0 0.0
16 0.8 0.5095 202.79829499323412 6.342756849315069 8.286801909307876 0.0
16 0.8 1.009 202.47015217391305 6.252643762183236 8.191088560885609 0.0
16 0.82 3.5065 205.36390199081166 5.816849415204678 7.4530248033877795 0.0
16 0.82 9.5005 201.186708113804 3.0463250790305585 7.911614497528831 0.0
16 0.84 4.006 209.09718433619867 5.82600622406639 7.488871374527112 0.0
16 0.86 1.5085 213.6758929577465 6.294959459459459 8.195428904882318 0.0
16 0.86 10.0 212.1133501872659 5.101016355140187 6.7418816388467375 0.0
16 0.88 4.006 217.0285042979943 6.047206643658326 7.987075242718447 0.0
16 0.9 7.003 220.62030023094687 5.773612174578867 7.412977951437343 0.0
16 0.92 7.5025 224.5708061366806 5.890740418118467 7.575448225393341 0.0
16 0.92 8.002 224.56 5.875 7.892550655542312 0.0
16 0.92 9.001 224.48743085106383 5.761610704787234 7.367474851689451 0.0
16 0.94 3.5065 228.70797763975156 6.44907354618016 8.288299776286353 0.0
16 0.94 9.5005 228.43757540016847 5.911584595959596 7.659627592044012 0.0
16 0.98 7.5025 236.25029466357307 6.563906612529002 8.379038461538462 0.0
16 1.0 5.5045 240.0 6.866313559322034 8.871515486725663 0.0
16 1.02 7.5025 243.30406415620644 7.213253604193971 9.201831790427418 0.0
16 1.02 8.002 243.3023708439898 7.245626876876877 9.213361547762998 0.0
16 1.04 3.5065 246.61807738095237 7.196761744966443 9.17158379373849 0.0
16 1.04 9.5005 246.35660826446284 7.889186262376238 10.04553053795335 0.0
16 1.06 1.5085 250.00973989455184 7.030206102783726 9.08559258705724 0.0
16 1.06 10.0 249.19304041720991 8.553781669150522 10.531050724637682 0.0
16 1.08 5.5045 252.60916691729324 8.083466514459666 10.142304471612794 0.0
16 1.1 5.005 255.60515999999998 8.256640127388534 10.24625 0.0
16 1.14 0.5095 263.4652077464789 6.841834077380953 9.018724503671471 0.0
16 1.14 2.008 262.65245794392524 7.56743006993007 9.53141495601173 0.0
16 1.14 2.5075 262.39549666666665 7.778363022113022 9.926810747663552 0.0
16 1.16 9.5005 261.56256167979006 11.326970517448856 13.019355054974524 0.0
16 1.18 3.007 267.8922584070796 8.356035223367698 10.310810126582279 0.0
16 1.2 3.5065 270.14427652733116 8.949080882352941 11.045139148883065 0.0
16 1.2 9.5005 265.84583208395804 12.226817908653846 13.320138613861387 0.0
16 1.22 1.009 275.94335344827584 7.383155926352129 9.34775924960917 0.0
16 1.24 4.006 274.8117403846154 9.74243913857678 11.603076323987539 0.0
16 1.26 0.5095 283.14554495412847 7.0320727848101265 9.108724942490962 0.0
16 1.26 2.008 280.38887202380954 8.336618852459017 10.313656496062992 0.0
16 1.26 2.5075 279.60290014064697 8.745452508960573 10.77823500247893 0.0
16 1.26 7.003 273.54958514492756 12.122715453194651 13.24360914105595 0.0
16 1.28 7.5025 275.6638996941896 12.595499401913875 13.672095857026807 0.0
16 1.3 6.004 279.0464950980392 12.002525684931507 13.219216610219409 0.0
16 1.3 6.5035 278.5049709864603 12.335085768742058 13.413507349214395 0.0
16 1.3 8.5015 276.3 13.233259456264776 14.044842251312058 0.0
16 1.32 0.5095 292.88564444444444 7.131799363057325 9.179187628097633 0.0
16 1.32 2.008 288.743942938659 8.730121664050236 10.727941865916549 0.0
16 1.32 2.5075 287.55493227091637 9.252070433436533 11.171698113207547 0.0
16 1.34 3.007 288.67122727272726 9.965216503267975 11.952825698988697 0.0
16 1.36 0.01 301.50497832817337 6.358868838028169 8.4067136725935 0.043312890849219056
16 1.38 6.004 288.1324241935484 12.795400090415914 14.008506841165973 0.0
16 1.38 6.5035 287.5555951683748 13.126821553228622 14.03770207852194 0.0
16 1.38 8.5015 285.99715817176946 14.011140688717717 15.0 0.0
16 1.4 4.006 293.23285945072695 11.526589347079037 13.072578409287818 0.0
16 1.42 5.5045 292.51240499414746 12.890504143646409 14.027267700814008 0.0
16 1.44 7.5025 293.68 13.95191504178273 15.0 0.0
16 1.44 8.002 293.68 14.192721949891068 15.0 0.0
16 1.46 5.5045 296.931720464135 13.280874650837989 14.048229742726617 0.0
16 1.48 7.003 298.2602524752475 14.131229427254773 15.0 0.0
16 1.52 4.5055 305.61038144742105 12.947668850806451 14.01535089083051 0.0
16 1.52 9.001 302.92 14.491403598099117 15.0 0.0
16 1.54 1.5085 319.9288490322581 9.296116692426585 11.197345448066987 0.0
16 1.54 10.0 304.8 15.0 15.0 0.0
16 1.56 7.003 307.76 14.159097658979734 15.0 0.0
16 1.6 4.006 314.9162563237774 12.90734272875817 14.022644362828308 0.0
16 1.62 5.5045 315.02 14.128773949320149 15.0 0.0
16 1.64 7.003 316.8 15.0 15.0 0.0
16 1.66 6.004 319.86 14.293266926303176 15.0 0.0
16 1.66 6.5035 319.2 14.875 15.0 0.0
16 1.66 8.5015 319.2 14.75 15.0 0.0
16 1.68 0.01 356.0208947368421 6.350629340277778 8.410250783699059 0.04029760281237688
16 1.7 6.004 324.7 14.562965282748747 15.0 0.0
16 1.7 6.5035 324.7 14.411275448498287 15.0 0.0
16 1.7 8.5015 324.0 15.0 15.0 0.0
16 1.72 0.5095 354.65270000000004 7.76456964520368 9.960696821515892 0.0
16 1.72 2.008 337.4073243243243 11.113390151515151 12.729889807162534 0.0
16 1.72 2.5075 334.51468065967015 12.033260758196722 13.21739191663146 0.0
16 1.74 5.005 329.54 14.037112603305784 15.0 0.0
16 1.76 0.5095 361.0590962343096 7.8103806907378335 10.011888198757765 0.0
16 1.76 1.009 353.1894528301887 9.124453422053232 11.11396912731163 0.0
16 1.78 4.5055 334.61385101867575 14.062113333333333 15.0 0.0
16 1.78 8.002 334.38 14.75 15.0 0.0
16 1.78 9.001 333.6 15.0 15.0 0.0
16 1.8 3.5065 338.54080313418217 13.543305555555555 14.049344060520548 0.0
16 1.8 9.5005 336.0 15.0 15.0 0.0
16 1.82 1.009 361.51467671232876 9.327033011272142 11.212477097838036 0.0
16 1.84 5.5045 340.8 14.875 15.0 0.0
16 1.86 3.007 346.20741646090534 13.323303415061297 14.04739945251632 0.0
16 1.9 5.005 348.0 14.586894700776611 15.0 0.0
16 1.92 3.007 353.70849754994344 13.507060768261965 14.048286950772376 0.0
16 1.98 1.5085 373.19978518518514 11.256919164882227 12.988484486873508 0.0
16 1.98 3.5065 359.58723290022067 14.01714609483961 15.0 0.0
16 1.98 10.0 357.6 15.0 15.0 0.0
16 2.0 0.01 410.31743827160494 6.360004456327986 8.406489028213166 0.037233977866958534
16 2.0 3.007 361.0 13.735718776194467 15.0 0.0
18 0.0 7.5025 17.0 1.88888888889 3.0 0.0
18 0.02 7.5025 23.38 1.88888888889 15.0 0.0
18 0.04 2.008 40.91425 2.808042403955371 4.4391884222474465 0.0
18 0.04 7.003 28.56 1.88888888889 17.0 0.0
18 0.06 6.5035 36.14 1.88888888889 14.000490261472786 0.0
18 0.08 3.5065 49.88565187713311 2.4749881544637655 5.245030806321993 0.0
18 0.08 9.5005 40.12 1.88888888889 17.0 0.0
18 0.1 5.5045 46.8 2.0 17.0 0.0
18 0.12 4.5055 53.44 2.11111111111 16.0 0.0
18 0.14 6.004 57.46 1.88888888889 17.0 0.0
18 0.14 6.5035 57.46 1.88888888889 17.0 0.0
18 0.14 8.5015 57.46 1.88888888889 17.0 0.0
18 0.16 4.006 64.29976339044184 2.0290692315396353 16.027417076167076 0.0
18 0.18 4.006 71.8445888568684 2.2648831743371827 16.0 0.0
18 0.2 0.5095 105.95626506024097 5.920252041179356 8.179309636326279 0.0
18 0.2 1.009 101.65523437499999 5.136124727667484 7.176240014861602 0.0
18 0.22 4.006 81.36 2.0 17.0 0.0
18 0.28 1.5085 122.47407299270073 5.091187253242179 7.0966549810108095 0.0
18 0.3 0.01 138.60373015873014 7.269355141941281 9.618319618882634 0.04279237070398694
18 0.32 0.5095 138.21925714285715 6.2217793183108965 8.392484526967285 0.0
18 0.32 1.009 135.4786349206349 5.625940507440311 7.742767900048054 0.0
18 0.32 2.5075 131.27312 4.822401585954764 6.594613935969869 0.0
18 0.34 6.004 115.26 1.88888888889 17.0 0.0
18 0.34 6.5035 115.92 2.0 17.0 0.0
18 0.34 8.5015 115.26 1.88888888889 17.0 0.0
18 0.36 0.5095 148.84515384615383 6.348686594199411 8.57709586843161 0.0
18 0.36 1.009 146.28450526315788 5.779022687611285 8.0238491477654 0.0
18 0.38 4.5055 129.45872316384182 2.3617783447709 17.0 0.0
18 0.38 9.001 127.44 2.0 17.0 0.0
18 0.4 4.006 136.58099022801304 2.626109301487633 16.049971499714996 0.0
18 0.42 0.01 167.7808656716418 7.269926199259293 9.622304670449585 0.04507267354200591
18 0.44 0.5095 169.42151612903226 6.511165845649497 8.834268426842684 0.0
18 0.44 1.009 167.41225 6.031420661884674 8.150943732193733 0.0
18 0.46 5.5045 150.5100126715945 2.0061754468300843 17.0 0.0
18 0.48 3.007 172.965 5.298679417119053 7.17849528495285 0.0
18 0.5 0.01 186.8652466367713 7.284490306438681 9.65237030411449 0.04527420181494769
18 0.5 3.007 178.54069037656905 5.367366289235027 7.197602489019034 0.0
18 0.54 1.009 193.1290487804878 6.298862763175127 8.334897588799585 0.0
18 0.56 0.5095 199.6334923076923 6.752180259079289 9.091556816285667 0.0
18 0.56 1.009 198.29292413793104 6.379013822431085 8.44158631415241 0.0
18 0.56 2.5075 195.42577777777777 5.731085543839911 7.535382993675334 0.0
18 0.62 9.5005 196.94 2.11111111111 17.0 0.0
18 0.66 1.5085 222.6782582781457 6.434897660814364 8.437767077941619 0.0
18 0.66 3.5065 220.30036990595613 5.796999495715595 7.699355116079106 0.0
18 0.68 4.006 225.01324152542372 5.769831148898275 7.507937017994859 0.0
18 0.7 1.009 233.3564717348928 6.7392138215274136 9.02737993748224 0.0
18 0.74 9.5005 232.00689064398543 2.379013095716475 17.0 0.0
18 0.78 7.5025 246.3365386597938 3.866938717068914 7.626581231914014 0.0
18 0.8 6.004 255.42954084675014 5.8948947234916655 7.599338263915921 0.0
18 0.8 6.5035 255.2296071733561 5.787393956071278 7.469117647058823 0.0
18 0.82 7.5025 260.2565362831858 5.759532665715328 7.46708675263775 0.0
18 0.86 8.002 270.66761424332344 5.956709816613162 7.866684350132626 0.0
18 0.86 9.001 270.4886322241681 5.8157910099259515 7.611771561771562 0.0
18 0.9 4.5055 281.5341095890411 6.801498501500487 9.010037462860096 0.0
18 0.92 0.01 287.1991772575251 7.321483021479806 9.695916473317865 0.04771456065435737
18 0.94 7.5025 291.3154852071006 6.806041734952229 8.986360856269114 0.0
18 1.0 4.006 306.0 7.773064516131302 10.08998310032263 0.0
18 1.02 0.01 310.3784335378323 7.323730317140253 9.697751756440281 0.048344151941339106
18 1.04 7.5025 314.2925342237062 8.696914600553995 11.0765625 0.0
18 1.06 8.002 318.04435273972604 9.376651901066738 11.695314653192467 0.0
18 1.06 9.001 317.91834594594593 9.599547689286208 12.026575230852798 0.0
18 1.08 4.006 322.52896576576575 8.782219127207378 11.131755116198404 0.0
18 1.1 1.5085 327.21966346153846 8.193034547150264 10.409646401985112 0.0
18 1.1 3.5065 326.5720811287478 8.89869674185565 11.195781536580395 0.0
18 1.1 9.5005 324.59803135888507 11.143235555541231 13.21709960754999 0.0
18 1.12 4.006 330.0852087912088 9.40795385549076 11.751817288801572 0.0
18 1.14 6.004 332.41374438687393 10.771297917905727 13.039342485549133 0.0
18 1.14 6.5035 332.2369820895522 11.035120044664271 13.172403959067271 0.0
18 1.14 8.5015 331.10305426356587 11.967243589746866 14.044847494553377 0.0
18 1.18 5.005 339.6984586846543 10.935358511227044 13.132843953382777 0.0
18 1.2 7.5025 340.68582987551866 12.88440170941327 14.50602825745683 0.0
18 1.22 3.5065 348.16515424610054 10.485758740607315 12.649916874480466 0.0
18 1.22 9.5005 342.16684474885847 14.309461364887271 16.0 0.0
18 1.26 6.004 350.6691009771987 13.083876811585816 14.851315110881899 0.0
18 1.26 8.5015 347.4476 14.58206557816472 16.0116940265901 0.0
18 1.28 0.01 367.273537815126 7.331643518515202 9.745944584382872 0.04596451058958214
18 1.3 5.5045 357.15581736189404 13.322466422434177 15.044768839733461 0.0
18 1.32 6.004 358.7312088724584 14.004883609310767 15.219837653090288 0.0
18 1.32 6.5035 358.2022306830907 14.350933436298112 15.49824614454188 0.0
18 1.32 8.5015 356.3690308123249 15.293467176516224 16.040791785303206 0.0
18 1.34 5.005 363.8985264069264 13.378072876533915 15.058337789320907 0.0
18 1.36 0.5095 382.0942719449225 8.249948240163132 10.536142804563857 0.0
18 1.36 1.009 379.85125521669346 8.917347314202445 11.233041766892631 0.0
18 1.38 5.5045 368.02162408553744 14.324839581190076 16.0 0.0
18 1.42 4.006 377.3489596412556 13.474624032685204 15.080922644602294 0.0
18 1.44 0.01 402.1939685863874 7.348771367517879 9.711784675072744 0.043399589173513775
18 1.48 4.5055 384.60769882352946 14.453910024117718 15.700674252001686 0.0
18 1.5 5.005 385.63014534883723 15.15658453694271 16.039599065902404 0.0
18 1.52 3.007 395.1273246753247 13.126167360135325 14.878449197860963 0.0
18 1.54 4.5055 392.2073389830508 14.942410714291473 16.039307708643022 0.0
18 1.54 8.002 389.16 16.340377473329738 17.0 0.0
18 1.54 9.001 388.62 16.675989713249358 17.0 0.0
18 1.56 4.5055 394.46872028469755 15.192565157731085 16.045418098510883 0.0
18 1.64 4.5055 406.62604465558195 15.465334517438224 16.04940113469216 0.0
18 1.66 5.5045 408.3 16.344260189803652 17.0 0.0
18 1.68 0.5095 445.8550385321101 8.866302016303353 11.186379415968961 0.0
18 1.68 1.009 438.0846259780908 10.174888888871399 12.345027265645287 0.0
18 1.7 5.5045 413.8 16.465052009428305 17.0 0.0
18 1.72 6.004 416.88 16.46567891476248 17.0 0.0
18 1.72 6.5035 416.88 16.575269876045393 17.0 0.0
18 1.72 8.5015 416.16 17.0 17.0 0.0
18 1.74 1.5085 440.7892338902148 11.788205828800779 13.86183651804671 0.0
18 1.74 3.5065 421.9966086956522 15.302582526263608 16.048286950772376 0.0
18 1.76 6.5035 422.28 17.0 17.0 0.0
18 1.78 3.007 430.9812188112345 14.885716318122114 16.023247277998827 0.0
18 1.8 7.5025 428.4 17.0 17.0 0.0
18 1.82 9.5005 431.46 17.0 17.0 0.0
18 1.84 4.006 437.04 15.923452665083232 17.0 0.0
18 1.86 5.005 438.44 16.550838206668352 17.0 0.0
18 1.9 1.5085 464.52350436681223 12.517217553701915 14.258442035642108 0.0
18 1.9 3.5065 446.4 15.869565877365806 17.0 0.0
18 1.92 5.005 447.68 16.44732029533111 17.0 0.0
18 1.96 4.006 453.85116224620447 16.264226639928374 17.0 0.0
18 1.96 5.005 452.88 16.78262625101357 17.0 0.0
18 1.98 7.5025 455.94 17.0 17.0 0.0
18 1.98 8.002 455.94 17.0 17.0 0.0
18 1.98 9.001 455.94 17.0 17.0 0.0
18 2.0 1.009 490.38826219512197 11.404908103551824 13.375520555258943 0.0
20 0.02 0.01 88.96440776699029 8.257169042769858 11.030075311067453 0.04096608116293156
20 0.08 7.5025 47.88 1.9 19.0 0.0
20 0.1 4.006 59.49262411347518 2.226332034761762 16.061983874908382 0.0
20 0.12 3.007 72.93018556701031 2.8747795163584637 6.1127548708654285 0.0
20 0.14 5.5045 70.4 1.9 18.0 0.0
20 0.16 1.5085 107.06009638554217 4.867303523035231 7.0984086853063655 0.0
20 0.18 1.5085 114.80362962962963 5.036464530892449 7.202399299474606 0.0
20 0.2 6.004 92.0 2.0 19.0 0.0
20 0.2 6.5035 92.8 2.1 19.0 0.0
20 0.2 8.5015 92.0 2.0 19.0 0.0
20 0.26 0.5095 151.86358139534886 6.902786885245902 9.351011684240524 0.0
20 0.26 1.009 146.7478487394958 6.017940074906367 8.272891707775429 0.0
20 0.26 2.5075 140.93637333333334 5.00121799844841 7.08901619309502 0.0
20 0.28 4.5055 122.24 2.2 19.0 0.0
20 0.28 8.002 120.8 2.0 19.0 0.0
20 0.28 9.001 120.08 1.9 19.0 0.0
20 0.3 0.5095 164.87495867768595 6.993612662942272 9.42024073487488 0.0
20 0.3 1.009 160.33604026845637 6.169565846599132 8.445067401960785 0.0
20 0.3 2.5075 155.00731092436976 5.2272862129144855 7.224063079777365 0.0
20 0.32 6.004 134.52 1.9 19.0 0.0
20 0.32 6.5035 135.2 2.0 19.0 0.0
20 0.32 8.5015 135.2 2.0 19.0 0.0
20 0.36 6.004 149.6 2.0 19.0 0.0
20 0.36 6.5035 149.6 2.0 19.0 0.0
20 0.36 8.5015 148.96 1.9 19.0 0.0
20 0.38 3.007 181.27675555555555 5.450279475982533 7.26626759084226 0.0
20 0.4 1.5085 191.80706185567013 6.179207547169812 8.306611957796013 0.0
20 0.42 0.5095 203.37345454545456 7.234306451612904 9.762334352701325 0.0
20 0.42 1.009 200.70202424242424 6.663342981186686 9.090253823625122 0.0
20 0.44 6.5035 178.96 2.1 19.0 0.0
20 0.46 4.006 191.55504958677685 3.1027869605142335 18.04363070790046 0.0
20 0.48 5.005 196.64596349809887 2.7396083650190115 19.0 0.0
20 0.5 1.009 226.16868191721133 6.893677966101695 9.244670846394984 0.0
20 0.52 4.006 214.79294032549728 3.581862567811935 8.09788765088208 0.0
20 0.52 5.005 210.75580843459613 2.7407934238741958 19.0 0.0
20 0.54 9.5005 214.4 2.0 19.0 0.0
20 0.56 6.004 223.73292063492065 2.48475468975469 19.0 0.0
20 0.56 6.5035 222.92 2.3 19.0 0.0
20 0.56 8.5015 222.04 2.1 19.0 0.0
20 0.58 5.005 232.90480452342487 2.9773344103392567 18.047628642747586 0.0
20 0.6 4.006 252.47870503597122 5.975029154518951 8.048509281830114 0.0
20 0.64 4.006 265.8284696356275 6.129981006647673 8.202575031077961 0.0
20 0.66 7.5025 260.1667735163504 2.7549333871618895 19.0 0.0
20 0.66 8.002 258.4249835329341 2.2426422155688623 19.0 0.0
20 0.66 9.001 258.6808534435262 2.3178980716253443 19.0 0.0
20 0.68 1.5085 282.37985562632696 7.203796498905908 9.484431741761936 0.0
20 0.7 9.5005 272.9 2.3 19.0 0.0
20 0.72 4.006 292.02746245059285 6.472342657342657 8.455963302752293 0.0
20 0.76 2.008 306.75789885807507 7.29963779527559 9.575161167993933 0.0
20 0.76 2.5075 306.2555044247788 7.120164654226125 9.28158924205379 0.0
20 0.84 4.5055 330.4639131334023 7.000064695009242 9.183891955835962 0.0
20 0.86 0.01 339.08178879310344 8.326951219512196 11.077198641765705 0.04814391776127927
20 0.86 3.007 337.37360317460315 7.489612277867528 9.952571770334929 0.0
20 0.88 4.5055 343.2189861111111 7.3327987082884825 9.522366055375764 0.0
20 0.92 1.009 356.3792896551724 8.285466666666666 10.865856416054267 0.0
20 0.96 0.5095 368.27419771863117 8.439805996472664 11.082626896912611 0.0
20 0.96 2.008 368.16862830482114 8.363836805555556 10.999165061014772 0.0
20 0.96 2.5075 368.1334651810585 8.301373555840822 10.879966235227911 0.0
20 0.98 0.5095 374.1372182163188 8.443519553072626 11.08887511071745 0.0
20 0.98 1.009 374.1301993006993 8.510575221238938 11.108155339805826 0.0
20 0.98 2.5075 374.1028005617978 8.478867595818816 11.08126726519337 0.0
20 1.02 0.5095 385.4463774954628 8.560731707317073 11.14183653275282 0.0
20 1.02 1.009 385.42194824399263 8.673150943396227 11.229887433953595 0.0
20 1.06 0.01 396.4036257545272 8.302353951890035 11.041605017690575 0.048201136124552915
20 1.06 3.007 395.86325609756096 9.308217179902757 12.007848582285881 0.0
20 1.1 7.5025 403.9193816254417 11.746581027667984 14.196381390005744 0.0
20 1.1 8.002 403.7051093439364 12.031149635036495 14.381702488687782 0.0
20 1.12 1.5085 411.7010484739677 9.287773195876289 12.007885680083795 0.0
20 1.14 5.5045 413.56253082191785 11.835087412587413 14.251069807650746 0.0
20 1.18 1.5085 426.80691228070174 9.655456273764258 12.217685447030671 0.0
20 1.18 3.5065 424.1199166666667 11.257775423728814 13.801497933884297 0.0
20 1.18 9.5005 417.9158184357542 15.239459119496855 17.03840890240531 0.0
20 1.2 0.01 434.62898181818184 8.339352014010508 11.052805872756933 0.046539005810977634
20 1.22 7.5025 426.73841018766757 15.041376021798365 16.96790780141844 0.0
20 1.24 4.5055 434.6889663366337 13.147982142857142 15.31424365942029 0.0
20 1.26 5.5045 436.7358056994819 14.30268758526603 16.22383118920615 0.0
20 1.28 0.5095 454.6691564356436 9.080649606299213 11.70009592326139 0.0
20 1.28 1.009 452.7633247863248 9.734701873935263 12.282392607392607 0.0
20 1.28 2.5075 447.6645307692308 11.605054095826892 14.12983664317745 0.0
20 1.32 5.5045 447.2063892165122 15.445733830845771 17.09118957545187 0.0
20 1.34 1.5085 464.7817595190381 10.760556701030929 13.295532390171259 0.0
20 1.34 3.5065 456.12239292730845 13.51963671128107 15.721880733944953 0.0
20 1.34 9.5005 445.28 17.890187793427227 19.0 0.0
20 1.36 6.004 453.73626985482497 16.191031468531467 17.387267225325886 0.0
20 1.36 6.5035 450.9606612716763 16.65271186440678 18.03152180561502 0.0
20 1.36 8.5015 450.20631760958594 17.634878345498784 19.0 0.0
20 1.4 4.5055 462.8437950664137 15.434266862170087 17.10996454919996 0.0
20 1.44 0.5095 495.3596844036697 9.506331738437002 12.131784796180684 0.0
20 1.44 1.009 491.1218301158301 10.433996062992126 13.069605825550102 0.0
20 1.46 2.008 487.3059825834543 12.5118 15.009775181838219 0.0
20 1.5 1.5085 499.85556569343066 11.812121739130436 14.217428157949142 0.0
20 1.5 3.5065 485.0279081632653 15.349239302694137 17.066819721490404 0.0
20 1.52 5.005 482.2619989206692 17.284229910714288 18.047743196511803 0.0
20 1.54 0.01 527.8888421052632 8.327894736842106 11.054735568613896 0.044092610480560256
20 1.54 3.007 494.2933767605634 14.94276892430279 16.75009285051068 0.0
20 1.58 0.5095 530.3433143872114 9.836763698630138 12.352557219553546 0.0
20 1.58 2.008 510.7562994505494 13.468058551617874 15.60019105846389 0.0
20 1.58 2.5075 505.0340950323974 14.413619186046512 16.29643796802267 0.0
20 1.6 4.5055 497.19478068232166 17.212560846560844 18.04498627823517 0.0
20 1.6 9.001 494.6 18.803597369782945 19.0 0.0
20 1.62 2.008 518.1084541607898 13.647693693693693 15.947188995215312 0.0
20 1.66 4.006 510.97476624548733 17.12033769063181 18.040297602812377 0.0
20 1.68 6.004 511.24 18.249737623762375 19.0 0.0
20 1.68 6.5035 510.56 18.22526872048572 19.0 0.0
20 1.72 5.5045 516.8 18.122846666666668 19.0 0.0
20 1.74 7.5025 521.34 18.9 19.0 0.0
20 1.74 8.002 520.6 18.83424769433465 19.0 0.0
20 1.74 9.001 521.34 18.9 19.0 0.0
20 1.78 5.005 530.7129924634951 17.96408473221423 19.0 0.0
20 1.86 3.5065 546.3317352398524 17.569329479768786 18.049771949828962 0.0
20 1.86 9.5005 543.4 19.0 19.0 0.0
20 1.88 4.006 548.08 18.151112266112268 19.0 0.0
20 1.88 5.005 548.08 18.9 19.0 0.0
20 1.9 7.5025 551.0 19.0 19.0 0.0
20 1.9 8.002 551.0 19.0 19.0 0.0
20 1.9 9.001 551.0 19.0 19.0 0.0
20 1.92 1.5085 581.1153644388398 14.170672 16.184754278536662 0.0
20 1.92 3.5065 556.7438489347966 18.082908982748364 19.0 0.0
20 1.94 2.008 575.3202345191041 15.60391581632653 17.143261332522055 0.0
20 1.94 2.5075 568.9360833333334 16.587419354838712 18.01837259764414 0.0
20 1.94 7.003 559.54 18.9 19.0 0.0
20 1.96 1.5085 588.4011611687088 14.536314049586776 16.349395067473242 0.0
20 1.98 0.01 647.5333305263158 8.350900383141763 11.079334624185883 0.03936599423631124
20 1.98 3.007 570.8628022545796 17.441905594405593 19.0 0.0
20 2.0 9.5005 570.0 19.0 19.0 0.0
