10 0.0 6.004 9.0 1.8 2.053187863870876 0.0
10 0.0 6.5035 9.0 1.8 2.057358875869111 0.0
10 0.0 8.5015 9.0 1.8 2.0644145447530864 0.0
10 0.02 6.004 11.053232352941176 1.8 2.3216152485753585 0.0
10 0.02 6.5035 11.061980309423348 1.8 3.0 0.0
10 0.02 8.5015 10.92 1.8 3.0 0.0
10 0.04 4.006 13.074641810918775 1.8 3.0 0.0
10 0.06 2.008 16.308679611650486 1.8282212028542304 3.0 0.0
10 0.06 2.5075 15.884059574468086 1.8 3.0 0.0
10 0.06 7.003 14.58 1.8 3.8776951672862454 0.0
10 0.08 0.5095 20.964000000000002 2.6388966391883324 3.7183461364663355 0.0
10 0.08 1.009 19.74348888888889 2.260263024785028 3.2022944256236525 0.0
10 0.08 2.5075 18.172793388429753 1.8389847494553377 3.0137302901576786 0.0
10 0.1 4.5055 18.089936278674596 1.8 3.450698780850431 0.0
10 0.1 9.001 17.1 1.8 8.0 0.0
10 0.12 1.5085 23.183388235294117 2.211919525065963 3.172613165976766 0.0
10 0.12 3.5065 20.347928698752227 1.8 3.252550730134648 0.0
10 0.12 9.5005 18.72 1.8 9.0 0.0
10 0.14 2.008 24.71768695652174 2.1579169329073484 3.1731070166582533 0.0
10 0.14 7.003 20.34 1.8 9.0 0.0
10 0.16 3.007 24.462644897959184 1.933092406221409 3.270768404083826 0.0
10 0.18 3.007 26.038131147540984 1.941781557743957 3.280698113207547 0.0
10 0.22 3.007 29.650370078740156 2.091578947368421 3.4359475374732336 0.0
10 0.24 6.004 28.44 1.8 9.0 0.0
10 0.24 8.5015 28.44 1.8 9.0 0.0
10 0.26 5.5045 30.06 1.8 9.0 0.0
10 0.28 5.005 31.68 1.8 8.028610429447852 0.0
10 0.3 5.5045 33.3 1.8 8.049486733101213 0.0
10 0.34 2.008 41.859493055555554 2.813380471380471 4.010739922694643 0.0
10 0.34 2.5075 41.19641346153846 2.702027855153203 3.8926005361930294 0.0
10 0.34 7.003 36.54 1.8 9.0 0.0
10 0.38 3.5065 40.64704386566141 2.078534278959811 4.225316169828365 0.0
10 0.38 9.5005 39.78 1.8 9.0 0.0
10 0.4 3.007 43.32060941828255 2.4144126506024097 4.08599857006673 0.0
10 0.46 4.5055 46.26 1.8 8.027566405650237 0.0
10 0.48 7.5025 47.88 1.8 9.0 0.0
10 0.48 8.002 47.88 1.8 9.0 0.0
10 0.48 9.001 47.88 1.8 9.0 0.0
10 0.52 4.5055 51.41776390243903 1.924068292682927 4.850592672413793 0.0
10 0.52 8.002 51.12 1.8 9.0 0.0
10 0.52 9.001 51.12 1.8 9.0 0.0
10 0.58 7.5025 55.98 1.8 9.0 0.0
10 0.58 8.002 55.98 1.8 9.0 0.0
10 0.58 9.001 55.98 1.8 9.0 0.0
10 0.6 4.5055 58.47913114754098 2.239565573770492 4.512525597269624 0.0
10 0.6 8.002 57.6 1.8 9.0 0.0
10 0.6 9.001 57.6 1.8 9.0 0.0
10 0.62 0.5095 63.770593073593076 3.4687774725274725 4.525042186972663 0.0
10 0.62 2.008 62.975145736434115 3.433405226047283 4.319121392190153 0.0
10 0.62 2.5075 62.63596656833825 3.3868953974895395 4.282975430450764 0.0
10 0.62 7.003 59.28316302521009 1.8332436974789916 9.0 0.0
10 0.64 4.5055 61.8157533632287 2.342085201793722 4.37189349112426 0.0
10 0.64 8.002 60.84 1.8 9.0 0.0
10 0.64 9.001 60.84 1.8 9.0 0.0
10 0.66 1.009 66.5081892393321 3.57445 4.5737804878048784 0.0
10 0.68 3.007 66.87016488549618 3.4264712966680047 4.361847389558233 0.0
10 0.72 4.5055 69.32982181515403 3.2197122302158276 4.29185952090946 0.0
10 0.72 8.002 67.50194640578476 1.9299617184176947 6.104444444444445 0.0
10 0.72 9.001 67.32 1.8 8.048515714199867 0.0
10 0.74 0.5095 72.2591171875 3.6183757444504603 4.736993166287016 0.0
10 0.74 2.008 71.77266841828691 3.6601969981238276 4.62938443670151 0.0
10 0.74 2.5075 71.5387557840617 3.6284543610547666 4.4999063670411985 0.0
10 0.76 5.5045 71.84349107142857 2.869498327759197 4.296560636182902 0.0
10 0.78 6.004 73.49052359208524 2.9899395770392747 4.275948592411261 0.0
10 0.78 6.5035 73.25966037735849 2.781509433962264 4.31068359375 0.0
10 0.78 8.5015 72.55196580113997 2.1381507283090566 4.714661319073084 0.0
10 0.8 2.008 75.93273548387097 3.7877106518282986 4.887005347593583 0.0
10 0.8 2.5075 75.83075010715817 3.721155997513984 4.727991071428572 0.0
10 0.8 7.003 74.6384993997599 2.638499399759904 4.3149445564516125 0.0
10 0.82 6.004 76.86552280701754 3.4039390476190476 4.374988235294118 0.0
10 0.82 6.5035 76.59557718120806 3.105606229143493 4.281036861817465 0.0
10 0.82 8.5015 75.98283860414394 2.4253762268266086 4.348904933814681 0.0
10 0.84 5.005 78.50131881804045 3.6175829725829725 4.509059882097425 0.0
10 0.86 3.5065 80.07469507654118 3.7874027005559965 4.789581351094196 0.0
10 0.86 9.5005 79.52458503401361 3.0351214771622934 4.313976005051568 0.0
10 0.88 5.005 81.4230716981132 3.696590361445783 4.698975672215109 0.0
10 0.9 1.5085 83.05080832823025 3.9429377713458753 5.0668860138300245 0.0
10 0.9 10.0 82.71794638069706 3.435892761394102 4.368894483863585 0.0
10 0.94 6.004 85.77230518697225 3.9049702026221693 5.032567870000973 0.0
10 0.94 6.5035 85.76464119601329 3.880562293274531 5.021417249417249 0.0
10 0.94 8.5015 85.74263114754098 3.8086118347599554 4.985492537313433 0.0
10 0.96 5.5045 87.20264731267164 4.010159347065682 5.077910447761194 0.0
10 0.98 5.5045 88.60934955489614 4.091793062904174 5.132187541156328 0.0
10 1.04 6.004 92.32427762803233 4.434108777598277 5.415934214073874 0.0
10 1.04 6.5035 92.31416803278688 4.465730061349693 5.4832763444202675 0.0
10 1.04 8.5015 92.28782557280118 4.550328006728343 5.6144119907763255 0.0
10 1.06 3.5065 93.49368413173653 4.390264840182649 5.387635518843573 0.0
10 1.06 9.5005 93.31953929121725 4.84337856173677 6.060333263466778 0.0
10 1.1 0.5095 96.01284356725147 3.9559785522788204 5.114506539833531 0.0
10 1.1 1.009 95.9383962264151 4.152861896838602 5.205930232558139 0.0
10 1.12 3.007 96.8515358649789 4.576997411561691 5.618875968992248 0.0
10 1.14 7.003 97.26397696335079 5.510257731958763 6.544252675181222 0.0
10 1.16 6.004 98.34690452261306 5.453577296489918 6.465180467091296 0.0
10 1.16 6.5035 98.21963000728331 5.6113538873994635 6.657760395224372 0.0
10 1.16 8.5015 97.83686497461929 6.157478672985782 7.125503495773766 0.0
10 1.18 0.01 101.04385207100592 3.366711259754738 4.518162468960624 0.04108224321705427
10 1.2 6.004 100.09929463629685 5.855352112676056 7.037465103294249 0.0
10 1.2 6.5035 99.9271 6.028954821308159 7.089181395348837 0.0
10 1.2 8.5015 99.57977908689249 6.693853459972862 7.372157401052391 0.0
10 1.22 0.5095 103.07816109682948 4.056186107470511 5.179392523364486 0.0
10 1.22 2.008 102.43370201577564 4.635251628182356 5.7696752626552055 0.0
10 1.22 2.5075 102.23925708884687 4.821472822910579 6.047788975730152 0.0
10 1.24 5.005 102.10682905355833 5.858017118402282 7.02677905531386 0.0
10 1.26 10.0 101.73096490673412 7.626537313432835 8.043601824167196 0.0
10 1.28 5.5045 103.55804304828388 6.463215627347859 7.245712901663168 0.0
10 1.3 4.5055 104.82672084805654 6.164645030425963 7.122864814623567 0.0
10 1.32 7.003 104.61830230572161 7.314936908517351 8.032646016617791 0.0
10 1.34 0.01 111.0679781529295 3.357742616033755 4.491066576086957 0.03819893697798026
10 1.4 5.005 108.60323640960809 7.057610872675251 8.000400883838385 0.0
10 1.42 3.007 111.0 6.0 7.10081471423281 0.0
10 1.48 1.5085 115.90672555205047 5.06927231807952 6.173017306245297 0.0
10 1.48 3.5065 113.09161498897869 6.638544169611307 7.35340858787074 0.0
10 1.48 10.0 111.6 8.47600326264274 9.0 0.0
10 1.5 0.01 120.72145030425963 3.358211920529801 4.490695296523517 0.03535701230656756
10 1.5 3.007 114.46061818181818 6.352654205607477 7.193678083118993 0.0
10 1.52 7.5025 113.4 8.243722291928064 9.0 0.0
10 1.52 8.002 113.4 8.412038178564327 9.0 0.0
10 1.54 3.5065 115.41687333116248 7.009558614143332 7.8634565330557 0.0
10 1.54 9.5005 114.3 8.648421225562675 9.0 0.0
10 1.56 1.5085 119.72639346494215 5.250258358662614 6.27832181638697 0.0
10 1.56 10.0 115.2 8.8 9.0 0.0
10 1.58 5.5045 116.1 8.149436325678497 9.0 0.0
10 1.6 5.005 117.00546783403121 7.930204081632653 8.048801513877208 0.0
10 1.64 1.5085 123.22140582524273 5.480854037267081 6.504735824742268 0.0
10 1.64 10.0 118.8 8.554216981132075 9.0 0.0
10 1.66 4.5055 119.7 7.968154631655726 8.047112809556765 0.0
10 1.72 7.003 122.4 8.648756828339678 9.0 0.0
10 1.74 1.009 129.93853134962805 5.075847255369928 6.175868902439024 0.0
10 1.76 2.008 126.92492981132075 6.419935979513444 7.216390315480558 0.0
10 1.76 2.5075 125.78708497536945 6.945449490268767 7.751568894952251 0.0
10 1.76 7.003 124.2 8.62619620142882 9.0 0.0
10 1.78 7.5025 125.1 8.639858898497952 9.0 0.0
10 1.8 6.004 126.0 8.606077185017027 9.0 0.0
10 1.8 6.5035 126.0 8.689821328866556 9.0 0.0
10 1.8 8.5015 126.0 8.806735833511336 9.0 0.0
10 1.82 0.5095 136.74 4.6 6.0 0.0
10 1.82 2.008 129.33448037383178 6.595330661322645 7.324595203935233 0.0
10 1.82 2.5075 128.00310407239817 7.092080237741456 8.00856892395354 0.0
10 1.84 3.007 127.9489489291598 7.649994514536478 8.046424162124726 0.0
10 1.86 0.01 142.82148973607036 3.4074964438122333 4.547447668013221 0.029860302677532015
10 1.88 4.5055 129.6 8.322204827136334 9.0 0.0
10 1.88 8.002 129.6 8.8 9.0 0.0
10 1.88 9.001 129.6 8.8 9.0 0.0
10 1.9 1.009 137.30936 5.3747594677584445 6.377325581395349 0.0
10 1.92 0.01 146.46998804780876 3.386083995459705 4.529786476868328 0.029533265912782325
10 1.94 5.5045 132.3 8.65302450072061 9.0 0.0
10 1.96 0.01 148.81231456310678 3.4114389534883722 4.545247560534875 0.0302465166130761
10 1.96 3.007 133.2 7.9521840759678595 8.049686402784863 0.0
10 1.98 9.5005 134.1 9.0 9.0 0.0
12 0.0 5.5045 11.0 1.83333333333 2.0814843507902077 0.0
12 0.02 5.5045 14.261121852970795 1.83333333333 3.0 0.0
12 0.04 1.5085 20.092385542168675 2.173219665848045 3.2153006329113922 0.0
12 0.04 10.0 16.2 1.83333333333 9.0 0.0
12 0.06 6.004 19.685616341030194 1.83333333333 6.0 0.0
12 0.06 8.5015 18.26 1.83333333333 11.0 0.0
12 0.08 6.004 20.68 1.83333333333 10.0 0.0
12 0.08 6.5035 21.4 1.83333333333 8.0 0.0
12 0.08 8.5015 20.68 1.83333333333 10.0 0.0
12 0.1 3.007 27.575893854748603 2.050070057448108 3.463074255995377 0.0
12 0.12 7.5025 25.52 1.83333333333 11.0 0.0
12 0.12 8.002 25.52 1.83333333333 11.0 0.0
12 0.12 9.001 25.52 1.83333333333 11.0 0.0
12 0.16 5.005 30.36 1.83333333333 9.40375605815832 0.0
12 0.18 5.005 32.78 1.83333333333 11.0 0.0
12 0.2 2.008 43.57116173120729 2.8574439742958484 4.17335940895263 0.0
12 0.2 2.5075 42.16859315589354 2.666080312725425 4.141419959812458 0.0
12 0.2 7.003 35.2 1.83333333333 11.0 0.0
12 0.22 5.005 37.62 1.83333333333 11.0 0.0
12 0.24 5.5045 40.04 1.83333333333 11.0 0.0
12 0.28 3.5065 46.03887495005993 2.097763680637608 5.244399821508256 0.0
12 0.28 9.5005 44.88 1.83333333333 11.0 0.0
12 0.32 2.008 58.72456578947368 3.3487760187598017 4.544984802431611 0.0
12 0.32 7.003 49.72 1.83333333333 11.0 0.0
12 0.36 2.008 63.32307865168539 3.5002581275289573 4.811918892185955 0.0
12 0.36 2.5075 62.43115151515151 3.3515295887633294 4.662084347120843 0.0
12 0.36 7.003 54.56 1.83333333333 11.0 0.0
12 0.38 7.5025 56.98 1.83333333333 11.0 0.0
12 0.38 8.002 56.98 1.83333333333 11.0 0.0
12 0.4 5.005 59.4 1.83333333333 10.049172796877345 0.0
12 0.44 2.008 72.38169696969697 3.716220887919837 5.083067867036011 0.0
12 0.44 2.5075 71.81751020408163 3.6005676328522527 5.01189417759948 0.0
12 0.44 7.003 64.24 1.83333333333 11.0 0.0
12 0.46 3.007 69.55512244897959 2.7240638766530196 5.068064893306051 0.0
12 0.48 0.01 78.94609448818898 4.306961451244887 5.917411491584446 0.045935767654856595
12 0.52 0.01 83.19886206896552 4.292623655912274 5.904421175101803 0.045935767654856595
12 0.52 3.007 79.86198994974875 3.6390725436207796 5.089420004915213 0.0
12 0.54 0.5095 84.75947682119205 4.220705394192043 5.591730182926829 0.0
12 0.54 2.008 83.39518110236222 3.97761787280657 5.208494389027432 0.0
12 0.54 2.5075 82.8814306569343 3.8747123184279793 5.146621807195825 0.0
12 0.54 7.003 76.38797304738443 1.8507148722377522 11.0 0.0
12 0.56 2.008 85.72970961145194 4.031957588503969 5.252672727272727 0.0
12 0.56 7.003 78.76 1.83333333333 11.0 0.0
12 0.58 0.01 89.56035974304069 4.299037227212416 5.96480343980344 0.04659641728134879
12 0.58 3.007 87.06 3.9462725546048136 5.425696721311476 0.0
12 0.6 3.007 89.0890070210632 3.8957099200731378 5.164326581104067 0.0
12 0.62 6.004 86.89260526315789 2.2160549399828904 8.544258872651357 0.0
12 0.62 6.5035 86.10252635353173 1.8695291024235887 11.0 0.0
12 0.62 8.5015 86.02 1.83333333333 11.0 0.0
12 0.64 3.007 93.41974301675978 3.918605006103378 5.211364028280738 0.0
12 0.66 9.5005 90.86 1.83333333333 11.0 0.0
12 0.68 5.005 95.4298785942492 2.953061767837187 5.109106774551801 0.0
12 0.7 0.5095 101.60286339754816 4.4440137389586445 6.013667761295436 0.0
12 0.7 2.008 100.67185135135135 4.342539609287729 5.4834779913205205 0.0
12 0.7 2.5075 100.4750611888112 4.260574086679858 5.392960921843687 0.0
12 0.72 3.007 102.48266603235015 4.2220796228403 5.320878880629646 0.0
12 0.74 6.004 102.07879491255962 2.8197403285610685 5.343049964480227 0.0
12 0.74 6.5035 101.6618538909476 2.552470442916172 5.441373439273553 0.0
12 0.74 8.5015 100.8 2.0 10.043312890849219 0.0
12 0.76 4.006 106.45365795369679 4.203306306308174 5.310572597137014 0.0
12 0.78 5.5045 108.21409908735332 3.9606884057963154 5.210099526839615 0.0
12 0.8 8.5015 108.63397969543146 2.5283164128601263 5.807038681039949 0.0
12 0.82 5.5045 112.75044076840982 4.167992904210072 5.306566085847853 0.0
12 0.84 1.5085 115.59414770459082 4.675221836422745 6.0813704238921 0.0
12 0.84 3.5065 115.27335533294048 4.5095343137256805 5.80351137487636 0.0
12 0.84 9.5005 113.67185201305767 2.9081791802665715 5.390086646279307 0.0
12 0.86 7.5025 117.02461671763506 4.171699544767927 5.340420459471175 0.0
12 0.88 1.5085 119.71235383319292 4.758443408443071 6.12703808180536 0.0
12 0.88 3.5065 119.51093221757321 4.61744582420493 6.024624202444036 0.0
12 0.88 9.5005 119.0650998509687 4.034860904123897 5.267937306501548 0.0
12 0.9 8.002 121.41574626865672 4.358800759564806 5.449426276534711 0.0
12 0.9 9.001 121.35630643967431 4.260233702336614 5.384905156291745 0.0
12 0.94 5.5045 125.77682203926535 4.710194980296137 6.080601158860454 0.0
12 0.96 4.006 127.89595692749461 4.887132690539524 6.182281943997425 0.0
12 1.0 5.005 132.0 5.0761996904040005 6.352271604938272 0.0
12 1.04 5.5045 135.493348 5.403021602404404 6.8828277356446375 0.0
12 1.06 7.5025 137.06809584664535 5.815030097815307 7.211057347670251 0.0
12 1.08 5.005 138.80531200000001 5.715644257704455 7.150373760488177 0.0
12 1.1 6.004 140.2255068226121 6.1047643797664755 7.470274485339988 0.0
12 1.1 6.5035 140.18118292682925 6.204555149301026 7.597709627329192 0.0
12 1.12 5.005 141.88902888086642 6.084749816042902 7.427980035231943 0.0
12 1.14 4.5055 143.47657106598984 6.147445109783388 7.495299145299145 0.0
12 1.16 5.5045 144.64533333333333 6.697614706778151 8.117554980595084 0.0
12 1.18 0.5095 148.08416960352423 4.9921556886225975 6.359510010537408 0.0
12 1.18 1.009 147.86523498233217 5.251505757307291 6.665830854228644 0.0
12 1.2 5.5045 147.22436126932465 7.197554259801255 8.452263251935676 0.0
12 1.22 6.004 148.2889775132275 7.661089906703816 9.028622855392157 0.0
12 1.22 6.5035 148.1891052631579 7.848207443894063 9.091401360544218 0.0
12 1.22 8.5015 147.4420161987041 8.689725020993174 9.490369707811569 0.0
12 1.24 1.5085 152.55666821345707 5.605647668395895 7.089899920990256 0.0
12 1.24 3.5065 151.0746372745491 6.597574626867623 8.079595416276895 0.0
12 1.24 10.0 148.2244833538841 9.334542016112461 10.039948461421858 0.0
12 1.26 4.5055 151.65606908768822 7.3668056842729 8.635558204211362 0.0
12 1.32 4.5055 155.3700202020202 7.927224067920287 9.103147437788925 0.0
12 1.34 1.009 161.25112673611113 5.548609929078986 7.068184098319539 0.0
12 1.36 2.008 161.0523 6.349867957743476 7.862837108953614 0.0
12 1.36 2.5075 160.32459190751445 6.752356122054753 8.141620189626325 0.0
12 1.36 7.003 156.15519468717233 9.5913966049401 10.04894434934078 0.0
12 1.4 1.5085 164.9362577962578 6.074375624377112 7.423212226066897 0.0
12 1.4 3.5065 161.5890838958534 7.768686317320941 9.06060630557801 0.0
12 1.4 10.0 158.4 10.501661170797766 11.0 0.0
12 1.42 5.005 160.2089090909091 8.950282785435556 10.014952718676122 0.0
12 1.46 4.006 164.32050076491586 8.554338903548434 9.443017701601573 0.0
12 1.46 5.005 163.37493234258898 9.214984402853451 10.035826939471441 0.0
12 1.48 7.5025 163.76969271028037 10.207088744605908 11.0 0.0
12 1.48 8.002 164.16 10.246434072706293 11.0 0.0
12 1.48 9.001 163.68 10.563765944380357 11.0 0.0
12 1.5 1.009 173.90017793594305 5.880486725661326 7.26584168541624 0.0
12 1.52 0.01 179.83159231905466 4.351422764224671 6.00083949379777 0.037175433262389784
12 1.54 7.5025 167.64 10.319691857821876 11.0 0.0
12 1.56 8.002 168.96 10.549029209631799 11.0 0.0
12 1.56 9.001 168.96 10.546624514929706 11.0 0.0
12 1.58 4.006 171.47849728096676 9.28566569484794 10.042039507517318 0.0
12 1.6 1.5085 179.06471889400922 6.759681647939687 8.142331547786862 0.0
12 1.6 3.5065 173.32276288659796 8.982123527538644 10.017428402991095 0.0
12 1.6 9.5005 171.6 10.8333333333 11.0 0.0
12 1.62 4.006 174.28898272251308 9.40733935095452 10.042647681238286 0.0
12 1.62 5.005 172.92 10.034819336546612 11.0 0.0
12 1.64 8.002 174.24 10.667949307376206 11.0 0.0
12 1.64 9.001 174.24 10.671617264260437 11.0 0.0
12 1.68 2.008 182.32 7.83333333333 9.179726598702503 0.0
12 1.68 2.5075 180.37975471698113 8.394151785712168 9.255081596380675 0.0
12 1.68 7.003 176.88 10.583157431854803 11.0 0.0
12 1.72 4.5055 179.52 10.00240800865849 11.0 0.0
12 1.74 9.5005 180.84 10.836901009444102 11.0 0.0
12 1.76 6.004 182.16 10.836161813671419 11.0 0.0
12 1.76 8.5015 182.16 11.0 11.0 0.0
12 1.78 0.01 203.55334048257373 4.342904446543688 6.008727600876628 0.03521006611217744
12 1.8 5.5045 184.8 10.836400504188063 11.0 0.0
12 1.82 6.004 186.12 10.680565175770166 11.0 0.0
12 1.82 6.5035 186.12 10.669906836886497 11.0 0.0
12 1.82 8.5015 186.12 11.0 11.0 0.0
12 1.84 5.005 187.44 10.536217292384945 11.0 0.0
12 1.86 0.5095 204.84928639618138 5.703925992781627 7.154991298845119 0.0
12 1.86 1.009 199.8702076923077 6.683893939396584 8.107122689938398 0.0
12 1.86 2.5075 190.71968169126444 9.074928664074132 10.024330652863789 0.0
12 1.88 0.01 212.69355642023348 4.353036238978452 6.005125887669464 0.034121271274324405
12 1.88 3.007 190.96 9.62477939083654 10.047256152596425 0.0
12 1.9 9.5005 191.4 11.0 11.0 0.0
12 1.92 1.009 204.17480279232112 6.795404339248677 8.155598789450929 0.0
12 1.94 4.006 194.04 10.346817904963274 11.0 0.0
12 2.0 0.5095 215.75469678953627 5.861957813425641 7.2558473035750355 0.0
12 2.0 2.008 201.5448693126815 8.817331339312693 9.715755488592338 0.0
12 2.0 2.5075 199.06435196791176 9.536261261261986 10.048601472134596 0.0
12 2.0 7.003 198.0 11.0 11.0 0.0
14 0.04 4.5055 21.92 1.85714285714 3.4828529411764704 0.0
14 0.04 8.002 20.64 1.85714285714 11.0 0.0
14 0.04 9.001 19.76 1.85714285714 13.0 0.0
14 0.06 5.5045 24.34 1.85714285714 10.0 0.0
14 0.08 5.5045 27.4 1.85714285714 10.0 0.0
14 0.1 5.005 31.7 2.0 9.051311749930226 0.0
14 0.12 0.01 55.45158620689655 5.293637873750026 7.1424964183381086 0.04218438086020205
14 0.16 3.5065 42.16872752808989 2.0582108626209727 5.520466786355476 0.0
14 0.16 9.5005 40.04 1.85714285714 13.0 0.0
14 0.18 3.5065 44.29290590619572 2.005908443177888 9.264155844155844 0.0
14 0.18 9.5005 43.42 1.85714285714 13.0 0.0
14 0.22 1.5085 63.85786567164179 3.66464737794181 5.190871169581261 0.0
14 0.22 3.5065 50.96 2.0 9.241917293233083 0.0
14 0.22 9.5005 50.18 1.85714285714 13.0 0.0
14 0.24 4.006 53.56 1.85714285714 12.046280568606193 0.0
14 0.26 2.008 70.10343689320389 3.67240884638719 5.184597630404678 0.0
14 0.26 7.003 57.68 2.0 13.0 0.0
14 0.28 7.5025 60.32 1.85714285714 13.0 0.0
14 0.3 2.008 76.7207911392405 3.8458853217417124 5.272393007836046 0.0
14 0.3 7.003 64.4 2.0 13.0 0.0
14 0.34 5.5045 71.12 2.0 13.0 0.0
14 0.38 0.01 94.08272448979592 5.317244508981641 7.153147632311978 0.04507267354200591
14 0.4 3.5065 81.41170011806375 2.050404790016188 8.05993091537133 0.0
14 0.4 9.5005 80.6 1.85714285714 13.0 0.0
14 0.42 2.008 96.07842264150943 4.307219749085582 5.741769265845873 0.0
14 0.42 2.5075 95.09852777777778 4.124037543750492 5.590734011627907 0.0
14 0.42 7.003 84.56 2.0 13.0 0.0
14 0.44 6.004 87.92 2.0 13.0 0.0
14 0.44 8.5015 87.92 2.0 13.0 0.0
14 0.46 5.005 92.36 2.28571428571 13.0 0.0
14 0.48 1.009 106.58778333333333 4.750164791456066 6.300748733759084 0.0
14 0.5 0.5095 110.26909023117076 5.002004340610279 6.697232304900181 0.0
14 0.5 2.008 108.18306026916325 4.520237154150602 6.069727385377943 0.0
14 0.5 2.5075 107.68962765957447 4.435625829277792 6.037750692520776 0.0
14 0.5 7.003 97.5 1.85714285714 13.0 0.0
14 0.54 6.004 104.73497888829503 2.0046518286631456 13.0 0.0
14 0.54 6.5035 105.18 2.14285714286 13.0 0.0
14 0.54 8.5015 104.26 1.85714285714 13.0 0.0
14 0.58 1.009 121.62651219512195 4.965723177237015 6.503073838957568 0.0
14 0.6 5.005 115.9890203685742 2.424650131632136 7.3271474878444085 0.0
14 0.62 5.5045 118.95784837905236 2.2999429996397467 7.165108225108225 0.0
14 0.64 5.005 123.32893863636363 2.7178327922119005 6.56586129753915 0.0
14 0.68 3.5065 134.5196462585034 4.66731618043181 6.141413107080163 0.0
14 0.68 9.5005 127.92 1.85714285714 13.0 0.0
14 0.7 6.004 133.69168944099377 2.996042590949344 6.220317199890621 0.0
14 0.7 6.5035 132.7734691943128 2.5587948544358405 8.047436823104693 0.0
14 0.7 8.5015 132.17524382520583 2.2739256310466973 13.0 0.0
14 0.72 5.005 138.99207106598985 4.056816533721223 6.076526975543812 0.0
14 0.74 5.5045 142.2674265060241 4.161297539151823 6.115166516651665 0.0
14 0.76 1.5085 147.640788482835 5.282743818677182 7.00752663535342 0.0
14 0.76 10.0 142.0002689747004 2.190636294464992 13.0 0.0
14 0.8 5.5045 152.23626474442986 4.733342007115832 6.163208873613498 0.0
14 0.84 7.5025 158.16057095980312 4.713707742643314 6.081157652162125 0.0
14 0.84 8.002 158.10398014888338 4.660825344871115 6.148881161173269 0.0
14 0.84 9.001 157.86587265917603 4.450308277580011 6.037878165639973 0.0
14 0.88 7.5025 164.3205371142619 4.950927567055618 6.299611694837825 0.0
14 0.88 8.002 164.25853043938594 4.878767536579262 6.250619434765777 0.0
14 0.88 9.001 164.20317821011673 4.813230393245284 6.211585993820803 0.0
14 0.9 0.01 168.11811881188117 5.342837889869787 7.161980234943129 0.04616566265060241
14 0.9 3.007 167.68509547738694 5.505680587315073 7.122358545034642 0.0
14 0.92 0.5095 170.8092015503876 5.587556321231542 7.25690331010453 0.0
14 0.92 2.008 170.6687658119658 5.673929674860033 7.233096226042284 0.0
14 0.92 2.5075 170.61452806652807 5.609922940132607 7.213529520636683 0.0
14 0.92 7.003 170.38828340807174 5.263374538036847 6.7548433048433045 0.0
14 0.96 10.0 176.23396798292424 5.407028510441806 7.035180927024084 0.0
14 0.98 2.008 179.19215197568388 5.880781341105488 7.467075086396481 0.0
14 0.98 7.003 179.16568535564855 5.7539258906254425 7.300428313796213 0.0
14 1.0 1.5085 182.0 5.902800857676962 7.5106301939058175 0.0
14 1.0 3.5065 182.0 5.967439409904512 7.584097744360903 0.0
14 1.02 2.008 184.51872459499265 6.02845894263274 7.726882217090069 0.0
14 1.02 2.5075 184.51240516129033 6.047846441948522 7.730861354214648 0.0
14 1.02 7.003 184.4806504237288 6.242137129763889 8.03771265366944 0.0
14 1.08 1.5085 191.96045590230665 6.155940233238354 7.993638048177887 0.0
14 1.08 3.5065 191.72044621513945 6.514038556599391 8.218782508187248 0.0
14 1.08 10.0 190.92493430656936 7.867689671285717 9.49956982131039 0.0
14 1.12 3.5065 196.25454598540145 6.830337471584425 8.488154362416108 0.0
14 1.12 9.5005 194.6784084507042 8.837205449188124 10.278142626913779 0.0
14 1.16 4.006 200.29972631578948 7.435060690941745 9.160308692120228 0.0
14 1.18 6.004 201.23084090909092 8.651332622604306 10.197055319148935 0.0
14 1.18 6.5035 200.94392613636364 8.881626282144206 10.320945340501792 0.0
14 1.22 5.5045 205.14095993458707 9.010514800515011 10.385014186226464 0.0
14 1.24 7.5025 205.53788876772083 10.422777101123057 11.350086994345368 0.0
14 1.24 8.002 205.473783908046 10.463667523579229 11.47471031286211 0.0
14 1.24 9.001 204.81309517601045 10.890862877965173 12.011200274776744 0.0
14 1.26 3.007 211.0237543859649 7.790061279203868 9.398157596371883 0.0
14 1.28 2.008 214.490426519337 7.240154977148797 9.071744378096811 0.0
14 1.28 7.003 208.79406787330316 10.58574690147605 11.48074912891986 0.0
14 1.3 4.006 213.55567926455566 8.985519391931108 10.368527056539675 0.0
14 1.3 5.005 212.34484871993794 9.63539928486564 11.060114707087259 0.0
14 1.34 6.5035 214.3 10.900525958572125 12.022493517718237 0.0
14 1.38 4.006 220.12885539215685 9.664055917276356 11.08194663858171 0.0
14 1.38 5.005 219.21717610062893 10.373125453238913 11.38073567554822 0.0
14 1.4 7.5025 218.86471485943775 11.898181284803716 13.0 0.0
14 1.4 8.002 219.2 11.982178543971814 13.0 0.0
14 1.4 9.001 218.8 12.109051948084664 13.0 0.0
14 1.42 1.5085 230.05712295081966 7.424530801499926 9.146631205673758 0.0
14 1.42 3.5065 224.74604801670145 9.62230142566436 11.04952862206803 0.0
14 1.44 2.008 230.51884489795918 8.13656682027923 9.884364640883978 0.0
14 1.44 2.5075 228.72098433179724 8.690073679905561 10.220942867157378 0.0
14 1.44 7.003 222.48 11.734153555701745 13.0 0.0
14 1.46 1.5085 234.25125714285713 7.611731207291529 9.264550597108737 0.0
14 1.46 10.0 223.86 12.531188709237458 13.0 0.0
14 1.48 0.01 243.52136702127657 5.34011718076537 7.165815061963775 0.040704613613643935
14 1.48 3.007 231.1689504950495 9.47441683183361 11.021819361349383 0.0
14 1.5 9.5005 228.0 12.719399654646192 13.0 0.0
14 1.52 0.5095 245.35911964549481 6.36100335695358 8.153439425051335 0.0
14 1.52 1.009 242.66836413793104 7.089619309263958 8.994892307692307 0.0
14 1.56 0.01 254.1289922077922 5.389150354016942 7.188698224852071 0.040064870108217895
14 1.56 3.007 237.6029708737864 10.032807612105776 11.170558065697888 0.0
14 1.6 7.5025 236.6 12.579056893001198 13.0 0.0
14 1.6 8.002 236.6 12.5714285714 13.0 0.0
14 1.62 1.5085 249.67971198388722 8.24103389103184 10.023230066023363 0.0
14 1.62 10.0 238.42 13.0 13.0 0.0
14 1.64 0.01 263.90363884156733 5.363984450920506 7.170518154311649 0.03875364254492472
14 1.64 3.007 243.89539013452915 10.48109951846663 11.483801359739877 0.0
14 1.66 5.005 242.72 11.949082256952773 13.0 0.0
14 1.68 8.5015 243.88 13.0 13.0 0.0
14 1.7 4.006 247.1 11.62910614524013 12.04903003003003 0.0
14 1.76 5.5045 251.16 12.446839901499096 13.0 0.0
14 1.78 0.5095 275.1160367647059 6.73126773888707 8.41450177935943 0.0
14 1.78 1.009 269.1616255319149 7.8150535461701915 9.449731182795698 0.0
14 1.78 2.5075 257.8470929878049 10.559774436066316 11.54139277578913 0.0
14 1.82 5.5045 256.62 12.45986536677557 13.0 0.0
14 1.84 1.5085 269.6192971372162 9.120446950712518 10.517314132618889 0.0
14 1.84 3.5065 259.308 11.699528571438432 12.04708413577275 0.0
14 1.84 9.5005 258.44 13.0 13.0 0.0
14 1.86 6.004 260.26 12.8571428571 13.0 0.0
14 1.86 6.5035 261.12 12.5714285714 13.0 0.0
14 1.86 8.5015 260.26 13.0 13.0 0.0
14 1.92 6.5035 265.72 12.8571428571 13.0 0.0
14 1.92 9.5005 265.72 13.0 13.0 0.0
14 1.94 1.5085 278.3826439688716 9.508314732143024 11.03152559194669 0.0
14 1.94 10.0 267.54 13.0 13.0 0.0
14 1.96 3.5065 270.32865154332467 12.029309656832416 13.0 0.0
14 1.96 9.5005 269.36 13.0 13.0 0.0
14 2.0 6.004 273.0 12.8571428571 13.0 0.0
14 2.0 6.5035 273.0 13.0 13.0 0.0
14 2.0 8.5015 273.0 13.0 13.0 0.0
16 0.0 2.008 15.0 1.875 3.0061226208522824 0.0
16 0.0 7.003 15.0 1.875 3.0 0.0
16 0.02 2.008 25.27404210526316 2.258187361419069 3.55625 0.0
16 0.02 7.003 21.42 1.875 7.0 0.0
16 0.04 3.007 30.549025210084032 2.162101302785265 3.8395042994436013 0.0
16 0.06 4.006 34.68337142857143 2.0554057116953763 4.390837032339886 0.0
16 0.1 3.5065 43.73140789473684 2.246018574908648 4.907986309184255 0.0
16 0.1 9.5005 37.5 1.875 15.0 0.0
16 0.12 1.009 60.98570588235294 4.082263513513514 6.028314344899016 0.0
16 0.14 4.006 47.36 2.0 13.215622210319586 0.0
16 0.16 7.5025 51.0 1.875 15.0 0.0
16 0.18 7.5025 55.5 1.875 15.0 0.0
16 0.18 8.002 55.5 1.875 15.0 0.0
16 0.2 5.5045 60.8 2.0 15.0 0.0
16 0.22 7.5025 64.5 1.875 15.0 0.0
16 0.22 8.002 64.5 1.875 15.0 0.0
16 0.24 10.0 69.0 1.875 15.0 0.0
16 0.28 0.01 104.63464935064935 6.288149109792285 8.330186637814444 0.043861714975845414
16 0.34 4.006 92.92433513513512 2.1447604422604423 15.0 0.0
16 0.36 5.5045 97.28 2.125 15.0 0.0
16 0.38 0.5095 121.112 5.57708051420839 7.546714501510574 0.0
16 0.38 1.009 119.48705714285714 5.156507391763464 7.084703033755876 0.0
16 0.4 7.5025 105.6 2.0 15.0 0.0
16 0.4 8.002 105.0 1.875 15.0 0.0
16 0.42 8.5015 109.5 1.875 15.0 0.0
16 0.44 5.5045 114.57161183053557 2.002591926458833 15.0 0.0
16 0.46 1.5085 134.98980350877193 5.18711876155268 7.041696156192801 0.0
16 0.46 3.5065 122.44126613816535 2.7873301245753113 8.490701754385965 0.0
16 0.46 9.5005 119.04 2.0 15.0 0.0
16 0.48 6.5035 123.52 2.0 15.0 0.0
16 0.48 9.5005 123.0 1.875 15.0 0.0
16 0.5 6.004 128.66399700598802 2.165999251497006 15.0 0.0
16 0.5 8.5015 128.0 2.0 15.0 0.0
16 0.52 3.5065 138.98253211009174 3.693367737003058 6.413460988853958 0.0
16 0.52 9.5005 132.48 2.0 15.0 0.0
16 0.54 5.5045 138.37744757281553 2.3851759708737865 15.0 0.0
16 0.58 9.5005 145.92222170923378 2.0006612229862477 15.0 0.0
16 0.6 3.5065 157.14612765957446 4.105431392931393 6.749977365323676 0.0
16 0.6 9.5005 150.8 2.125 15.0 0.0
16 0.62 4.006 164.2437444633731 4.906045825771325 6.552511880515954 0.0
16 0.64 3.5065 169.05898273878023 5.196092419080069 6.8953565505804315 0.0
16 0.64 9.5005 159.36 2.0 15.0 0.0
16 0.68 7.5025 168.97483298097254 2.255794133192389 15.0 0.0
16 0.7 5.5045 177.79002857142856 4.07806338028169 7.0 0.0
16 0.72 3.5065 185.3298097447796 5.4556133276740235 7.13180774748924 0.0
16 0.72 9.5005 177.7094144645341 2.191702885952712 15.0 0.0
16 0.74 4.006 189.0287375 5.393458811613774 7.116707205837641 0.0
16 0.76 4.5055 192.859484375 5.395556402439024 7.105934096621056 0.0
16 0.76 9.001 187.44109514563107 2.6255703883495145 15.0 0.0
16 0.78 7.003 195.73125000000002 4.80906771799629 6.714093083949543 0.0
16 0.8 4.006 201.1766567164179 5.679906449044586 7.279875295635347 0.0
16 0.82 7.003 204.45084738041004 5.306685211773152 7.02944508819364 0.0
16 0.84 0.01 210.59650847457627 6.294173076923077 8.362320092112839 0.04719882055602359
16 0.86 0.5095 214.05930263157893 6.416163500678426 8.367592335462371 0.0
16 0.86 1.009 213.87859316427785 6.4014433262711865 8.279617246944893 0.0
16 0.86 2.008 213.5394936061381 6.245790653008963 8.141481106612686 0.0
16 0.86 2.5075 213.45116592724045 6.195168393782383 8.084002237449308 0.0
16 0.88 0.01 217.97823325062035 6.321085640138408 8.370917159763314 0.04754270933589991
16 0.92 6.004 224.67167753001715 6.0472281223449444 7.850481798715204 0.0
16 0.92 8.5015 224.49519999999998 5.773426076360682 7.427480270574971 0.0
16 0.94 2.008 228.7959 6.576119186046512 8.44698262243286 0.0
16 0.94 7.003 228.54378778625954 6.132073863636363 8.02104924778192 0.0
16 0.96 4.5055 232.49217244611057 6.532848304307974 8.322235932872655 0.0
16 1.0 7.5025 240.0 6.875813106796117 8.974238733252133 0.0
16 1.0 8.002 240.0 6.883583743842364 8.980037082818294 0.0
16 1.0 9.001 240.0 6.855796370967742 8.922099767981438 0.0
16 1.04 2.008 246.6839857142857 7.010969387755102 9.056615070093457 0.0
16 1.04 7.003 246.47899472759227 7.571055555555556 9.570383141762452 0.0
16 1.06 0.5095 250.13838947368419 6.712535971223022 8.748153547133139 0.0
16 1.06 2.008 249.96659405940594 7.137669491525424 9.150511283497885 0.0
16 1.06 2.5075 249.91546915351506 7.201760312944524 9.194197108066971 0.0
16 1.08 7.5025 252.26479310344828 8.572769174041298 10.554386631219142 0.0
16 1.08 8.002 252.18780742778543 8.733415178571429 10.741342925659472 0.0
16 1.08 9.001 252.02820815752463 9.008739210850802 11.057333333333334 0.0
16 1.12 7.5025 257.5193288135593 9.544790076335877 11.387267833109018 0.0
16 1.14 4.006 261.63479479768785 8.473604559748427 10.407968476357269 0.0
16 1.14 5.005 261.1863534246575 8.920682176656152 11.020619633325598 0.0
16 1.2 2.008 271.77315508021394 7.916020208604954 10.050171963131104 0.0
16 1.2 7.003 267.2928985507246 11.060778743315508 12.645221169036335 0.0
16 1.24 0.01 280.97472164948454 6.337298387096774 8.379375 0.044294552587897995
16 1.24 3.007 276.06943658210946 8.957013274336283 11.048217468805705 0.0
16 1.26 5.005 275.95739595959594 10.745985856905158 12.315469379105743 0.0
16 1.3 1.5085 287.14290933694184 8.08078885400314 10.158190029529269 0.0
16 1.3 10.0 276.7163231469441 13.734685114503817 14.047313477737665 0.0
16 1.32 5.005 282.43250686378036 11.428349923430321 13.058214862681744 0.0
16 1.38 1.5085 298.6779846350832 8.469414451827243 10.440018861993083 0.0
16 1.38 10.0 285.98 14.505129774730657 15.0 0.0
16 1.4 0.01 308.3063389830508 6.342689929328622 8.39351598173516 0.04325508323514306
16 1.4 3.007 295.9351482479784 10.470855034722222 12.174364051789794 0.0
16 1.42 7.5025 290.82 13.707528294260307 14.048715792003364 0.0
16 1.42 8.002 290.82 14.152045612813371 15.0 0.0
16 1.42 9.001 290.4 14.305990860454749 15.0 0.0
16 1.46 4.5055 298.878625 12.57637599469496 13.596554225607544 0.0
16 1.46 8.002 295.66 14.095799483013295 15.0 0.0
16 1.46 9.001 295.2269111610597 14.75 15.0 0.0
16 1.48 1.009 315.0881488372093 8.173006706408346 10.194305150631681 0.0
16 1.52 6.004 303.99065157157753 13.779352815177479 15.0 0.0
16 1.52 6.5035 303.44 13.951193301687765 15.0 0.0
16 1.52 8.5015 302.4 14.541968212714915 15.0 0.0
16 1.54 0.5095 327.957593220339 7.490910914927769 9.474077800134138 0.0
16 1.54 1.009 323.6350126182965 8.394944733420026 10.323572884811417 0.0
16 1.54 2.5075 314.0505687558466 10.968645038167939 12.475574798447298 0.0
16 1.56 1.009 326.5227553191489 8.447415966386554 10.382285873192435 0.0
16 1.58 4.5055 311.5961008465219 13.245300925925926 14.048000841750842 0.0
16 1.6 0.01 342.4590743801653 6.35138134057971 8.395586419753087 0.041111279333838
16 1.62 4.5055 316.3223091626844 13.447191147859922 14.04957231609592 0.0
16 1.62 8.002 315.02 14.625 15.0 0.0
16 1.62 9.001 314.4 15.0 15.0 0.0
16 1.64 1.009 337.5343663663664 8.669292664670659 10.685191873589165 0.0
16 1.66 1.5085 335.02188051209106 9.960105994152046 11.845507399577167 0.0
16 1.66 3.5065 322.45060863204094 12.793108974358974 14.008724096913541 0.0
16 1.66 10.0 319.2 15.0 15.0 0.0
16 1.68 5.5045 322.28 14.454139529058116 15.0 0.0
16 1.7 1.5085 339.84354074074076 10.127528571428572 12.03872940201057 0.0
16 1.7 10.0 324.0 15.0 15.0 0.0
16 1.72 4.006 328.7232375463154 13.567941070137383 15.0 0.0
16 1.72 5.005 327.84 14.109038315629743 15.0 0.0
16 1.76 4.006 332.2561440702782 13.669754746835443 14.049401134692163 0.0
16 1.78 6.004 334.38 14.644862493452068 15.0 0.0
16 1.78 6.5035 334.38 14.625 15.0 0.0
16 1.78 8.5015 333.6 15.0 15.0 0.0
16 1.8 2.008 346.81837262357413 11.599579701120797 13.083370974487663 0.0
16 1.8 7.003 336.0 15.0 15.0 0.0
16 1.82 4.006 340.04 13.993553307642904 15.0 0.0
16 1.84 7.5025 341.64 14.875 15.0 0.0
16 1.84 8.002 340.8 15.0 15.0 0.0
16 1.84 9.001 340.8 15.0 15.0 0.0
16 1.86 5.5045 344.06 14.625 15.0 0.0
16 1.88 3.5065 347.6512710133543 13.764903085443038 15.0 0.0
16 1.88 9.5005 345.6 15.0 15.0 0.0
16 1.94 4.5055 352.8 14.75 15.0 0.0
16 1.94 9.001 352.8 15.0 15.0 0.0
16 1.96 7.5025 355.2 15.0 15.0 0.0
16 1.98 0.5095 393.0064808454425 8.198675115207374 10.217233697853382 0.0
16 1.98 2.008 366.0367055837564 12.348133626097868 13.378409356725147 0.0
16 1.98 2.5075 360.8607350130321 13.067317708333333 14.040064870108218 0.0
16 2.0 5.5045 360.0 15.0 15.0 0.0
18 0.04 5.005 31.8 2.0 10.088361326442723 0.0
18 0.06 10.0 35.24 1.88888888889 16.0 0.0
18 0.08 2.008 57.61152727272727 3.335634774291529 5.148690707765973 0.0
18 0.08 7.003 40.12 1.88888888889 17.0 0.0
18 0.1 7.5025 45.9 1.88888888889 17.0 0.0
18 0.1 8.002 45.9 1.88888888889 17.0 0.0
18 0.12 6.5035 51.700195788972415 1.8914388622450773 17.0 0.0
18 0.14 1.5085 80.56723333333333 4.234548450208756 6.154563591022444 0.0
18 0.14 10.0 57.46 1.88888888889 17.0 0.0
18 0.16 0.01 104.87253658536585 7.303081761003258 9.652694346289753 0.0428791633923714
18 0.18 0.01 109.54051851851852 7.272703569993261 9.653468468468468 0.04322617680826636
18 0.2 4.006 75.66629973587798 2.009208296649629 16.04639544688027 0.0
18 0.22 0.01 119.22135937499999 7.25322580644908 9.605614183199663 0.042994862496222426
18 0.24 4.5055 87.88 2.11111111111 17.0 0.0
18 0.28 0.5095 127.81428070175438 6.166452991451327 8.33251313243019 0.0
18 0.28 1.009 124.47914814814816 5.484903946000869 7.522622377622378 0.0
18 0.28 2.5075 119.83755339805826 4.608179012349598 6.456740381702515 0.0
18 0.32 4.006 111.5280912106136 2.223544315457503 16.048258347609174 0.0
18 0.34 1.5085 139.09995652173913 5.354749027418409 7.280488841657811 0.0
18 0.36 4.006 124.18392920353982 2.434709931165761 17.0 0.0
18 0.38 6.004 127.44 2.0 17.0 0.0
18 0.38 6.5035 128.06 2.11111111111 17.0 0.0
18 0.38 8.5015 126.82 1.88888888889 17.0 0.0
18 0.4 0.01 162.87345864661654 7.291553077237894 9.664418288818469 0.044554067101134444
18 0.42 5.5045 139.54 2.11111111111 17.0 0.0
18 0.44 4.006 147.39778378378378 2.5313063063088106 17.0 0.0
18 0.46 7.5025 150.48 2.0 17.0 0.0
18 0.46 8.002 149.94 1.88888888889 17.0 0.0
18 0.46 9.001 150.48 2.0 17.0 0.0
18 0.5 5.5045 163.15168763424364 2.255930585384915 17.0 0.0
18 0.52 7.5025 168.24 2.11111111111 17.0 0.0
18 0.54 4.006 179.26463971462545 3.3875941339636233 7.567765726681128 0.0
18 0.56 4.006 190.794 4.7555229716544485 7.147243133265514 0.0
18 0.6 7.5025 191.2 2.11111111111 17.0 0.0
18 0.64 7.5025 203.57743758765778 2.3880980208781515 17.0 0.0
18 0.66 0.5095 224.38911641791046 6.954628171479019 9.218845177664974 0.0
18 0.66 2.008 221.99955757575756 6.252279728894582 8.233432186635033 0.0
18 0.66 2.5075 221.32576946107784 6.079779233381055 8.072408904012477 0.0
18 0.68 0.01 230.4573870967742 7.312970085466955 9.677325312355391 0.046682521524474684
18 0.7 4.006 230.340594639866 5.8406014421517085 7.600417298937785 0.0
18 0.72 7.5025 227.3316951219512 2.7824186991891677 17.0 0.0
18 0.76 3.007 246.56368167202572 6.353044073093313 8.252137486573577 0.0
18 0.78 4.5055 250.92351461038962 6.095795135068104 8.048394314293235 0.0
18 0.82 4.5055 261.1561536614646 6.256019900494953 8.1556656239138 0.0
18 0.84 0.5095 268.03031186440677 7.2645557191922485 9.47613596947624 0.0
18 0.84 1.009 267.743247706422 7.1867270704161905 9.339831623257037 0.0
18 0.86 6.004 271.0346661849711 6.245069642289414 8.132062895231584 0.0
18 0.86 6.5035 270.94423448275865 6.171781138414581 8.100805609428614 0.0
18 0.86 8.5015 270.5973716475096 5.902167577414458 7.669090136054422 0.0
18 0.88 0.5095 277.6173576437588 7.355601092892619 9.599043659043659 0.0
18 0.88 1.009 277.4076974789916 7.273858068592172 9.436384 0.0
18 0.9 3.5065 281.70006398537475 6.957104969291328 9.11824550230855 0.0
18 0.9 9.5005 280.92136 6.1347927753574645 8.009327086882454 0.0
18 0.92 5.5045 286.42009896907217 6.803565839483297 9.00438916384475 0.0
18 0.96 3.007 296.4500947752126 7.446108075284092 9.59534789644013 0.0
18 1.0 0.01 306.0 7.334369885430371 9.709889582333174 0.048229742726616974
18 1.0 3.007 306.0 7.7506383712930385 10.076295496607033 0.0
18 1.02 5.5045 310.28002064896754 8.080508619217492 10.319262086513994 0.0
18 1.06 6.004 318.3260609137056 8.965325357984758 11.229426805881099 0.0
18 1.06 6.5035 318.2443271692745 9.051298205421404 11.299447652523224 0.0
18 1.06 8.5015 318.0123110367893 9.458347481603912 11.810809399477806 0.0
18 1.08 0.01 323.511520661157 7.316822222219054 9.727525622254758 0.04748541177886061
18 1.08 3.007 322.76719360000004 8.52972508591303 10.899541547277938 0.0
18 1.1 2.008 327.08282882882884 8.379010360839368 10.711199625117152 0.0
18 1.1 2.5075 326.87610800744875 8.5237500000019 11.007792743265531 0.0
18 1.12 0.01 332.2652706766917 7.355761663852541 9.739533754249635 0.046912056822969964
18 1.14 1.5085 335.4183777777778 8.419365079360885 10.762722772277227 0.0
18 1.16 4.5055 336.8984549125168 10.2493929359574 12.446329272102467 0.0
18 1.24 1.009 356.26374869109947 8.472296077463728 10.835145317545749 0.0
18 1.26 1.5085 359.0903611584327 9.038655913978108 11.323128164135358 0.0
18 1.26 3.5065 354.7740453900709 10.962287702070478 13.135209323723355 0.0
18 1.26 9.5005 347.35841705481903 14.953448060860124 16.0404139268507 0.0
18 1.3 8.002 353.54297837837834 14.911947886885196 16.03927856319398 0.0
18 1.3 9.001 353.4368118195956 15.164812727028488 16.04282130334905 0.0
18 1.32 1.5085 370.28583783783785 9.354179408763022 11.674118697010263 0.0
18 1.32 3.5065 364.192808575804 11.810322467596956 13.863842417701026 0.0
18 1.36 4.006 368.40469565217387 12.808526771916393 14.528474805546162 0.0
18 1.38 4.5055 369.4728657142857 13.507712915967817 15.074590092064884 0.0
18 1.38 8.002 365.66 15.570896686202754 16.0490871419134 0.0
18 1.38 9.001 365.28 15.934609399321822 17.0 0.0
18 1.4 1.009 387.4100888099467 9.114093248560772 11.361778645107332 0.0
18 1.42 0.01 398.14460909090906 7.338079999996619 9.755809233891426 0.04357293868921776
18 1.44 5.5045 376.8552897795591 14.871184007081581 16.026879110073136 0.0
18 1.46 0.01 406.62012154696134 7.357269119765547 9.797648902821317 0.04383284519460129
18 1.46 3.007 386.60727049180326 12.592201834903165 14.276272189349113 0.0
18 1.48 9.5005 379.44 17.0 17.0 0.0
18 1.54 6.004 390.24 15.790143635484087 17.0 0.0
18 1.54 6.5035 389.16 16.24654746698258 17.0 0.0
18 1.54 8.5015 389.7 16.349429960304718 17.0 0.0
18 1.56 3.5065 398.72217519908986 14.027597222219462 15.30985572418962 0.0
18 1.56 9.5005 392.24 16.4444444444 17.0 0.0
18 1.6 0.5095 430.21238764044944 8.698940914161316 11.09514096185738 0.0
18 1.6 1.009 424.0301086956522 9.863707960835761 12.14369183040331 0.0
18 1.62 0.01 441.78 7.351262626259113 10.0 0.09409561427403977
18 1.62 3.007 409.4032049861496 13.940988328033793 15.21002140754616 0.0
18 1.64 3.5065 410.1256478632479 14.512016838892125 15.699115417017692 0.0
18 1.64 9.5005 403.92 17.0 17.0 0.0
18 1.66 7.5025 407.64 16.7777777778 17.0 0.0
18 1.66 8.002 407.64 16.7777777778 17.0 0.0
18 1.66 9.001 406.98 17.0 17.0 0.0
18 1.68 4.006 412.6478918918919 15.337616909805371 16.049172796877347 0.0
18 1.7 4.5055 413.83750963184934 15.990098694684212 17.0 0.0
18 1.7 8.002 413.1 16.8888888889 17.0 0.0
18 1.7 9.001 413.1 17.0 17.0 0.0
18 1.72 1.5085 437.077694721826 11.617719806801512 13.589355207935903 0.0
18 1.74 0.5095 457.55298666666664 8.911800035330328 11.214936764064545 0.0
18 1.74 2.008 434.421972629521 12.953500417715594 14.644457593688363 0.0
18 1.74 2.5075 429.24573965936736 13.87328636431621 15.19600427635975 0.0
18 1.78 5.5045 426.12 16.32251727615379 17.0 0.0
18 1.8 4.5055 429.2 15.998128169663627 17.0 0.0
18 1.84 0.01 489.78993372319684 7.330120772943558 9.74437250996016 0.0384617720289063
18 1.88 7.5025 440.64 17.0 17.0 0.0
18 1.9 0.5095 487.9087721893491 9.255623826589012 11.519191551347415 0.0
18 1.9 2.008 456.9239521640091 13.741799544444955 15.17821630537229 0.0
18 1.9 2.5075 452.0776140118969 14.688052181767587 16.01577933177933 0.0
18 1.94 3.007 450.76 15.886826684708184 17.0 0.0
18 1.98 6.004 456.92 16.673866485200783 17.0 0.0
18 1.98 6.5035 455.94 17.0 17.0 0.0
18 1.98 8.5015 455.94 17.0 17.0 0.0
18 2.0 4.006 460.0 16.5555555556 17.0 0.0
20 0.04 3.5065 45.018795698924734 2.4191998288403935 4.484989234081821 0.0
20 0.04 9.5005 33.44 1.9 19.0 0.0
20 0.06 4.5055 45.45750952380953 2.0123686877216684 13.362674714104193 0.0
20 0.1 0.01 113.57842767295597 8.321793960923625 11.04705385784231 0.042416087087995165
20 0.14 4.5055 72.12 2.1 18.0 0.0
20 0.14 8.002 69.54 1.9 19.0 0.0
20 0.14 9.001 69.54 1.9 19.0 0.0
20 0.16 0.5095 117.82828571428571 6.5593653846153845 9.126137667304015 0.0
20 0.16 1.009 110.85125714285715 5.5206953223767385 8.006818181818181 0.0
20 0.16 2.5075 103.31588732394366 4.217388289676426 6.268916700861715 0.0
20 0.18 0.5095 125.23512 6.703864661654135 9.245340460144085 0.0
20 0.18 1.009 118.11428125 5.609111111111111 8.038589211618257 0.0
20 0.2 1.5085 122.10260061919504 5.148890147225368 7.268488199021901 0.0
20 0.22 0.5095 138.26385 6.7450811688311685 9.230859375 0.0
20 0.22 1.009 132.69026966292134 5.824554054054054 8.151122877487676 0.0
20 0.24 3.007 126.46033333333334 4.33706611570248 6.893604004449388 0.0
20 0.26 4.006 116.56 2.4 19.0 0.0
20 0.28 6.004 121.52 2.1 19.0 0.0
20 0.28 6.5035 120.8 2.0 19.0 0.0
20 0.28 8.5015 120.8 2.0 19.0 0.0
20 0.3 4.006 131.56290223463688 2.508986033519553 19.0 0.0
20 0.32 1.5085 164.93456666666665 5.82413140311804 8.06925153742313 0.0
20 0.34 4.5055 143.89323172941414 2.226247231729414 19.0 0.0
20 0.34 9.001 142.4 2.0 19.0 0.0
20 0.36 1.5085 178.52548344370862 6.013274428274428 8.195632614807872 0.0
20 0.4 0.5095 197.1730172413793 7.232195540308748 9.811666666666667 0.0
20 0.4 1.009 193.95588732394367 6.571017488076311 9.026837107377649 0.0
20 0.42 4.006 176.48761788031723 2.911658255227109 19.0 0.0
20 0.46 0.01 220.60448809523808 8.28219512195122 11.045450160771704 0.045101468504055726
20 0.5 4.006 206.6523198011599 3.33046396023198 18.02768583622463 0.0
20 0.56 1.5085 244.11275789473686 6.750270602706027 9.083196657898808 0.0
20 0.6 0.01 262.20252771618624 8.29487341772152 11.048243130724396 0.04596451058958214
20 0.62 4.5055 258.1739611650485 5.81984631147541 8.0 0.0
20 0.64 0.01 274.140292358804 8.33249547920434 11.056305841924399 0.04676861021642937
20 0.66 6.004 261.37269991687447 3.1096176226101413 19.0 0.0
20 0.66 6.5035 261.08267886005956 3.0243173117822204 19.0 0.0
20 0.66 8.5015 259.3692970270981 2.5203814785582743 19.0 0.0
20 0.68 0.5095 284.6014731182796 7.8400175746924425 10.347680629744167 0.0
20 0.68 1.009 283.35207322654463 7.500839598997493 10.023545994065282 0.0
20 0.68 2.5075 280.79762857142856 6.769247881355932 9.069388044867244 0.0
20 0.72 0.01 297.76283229813663 8.274936440677967 11.056473176510409 0.047284816029363096
20 0.74 4.5055 298.32734779116464 6.466670020120724 8.486878787878787 0.0
20 0.76 5.005 304.32436408977554 6.420604606525912 8.384228282260331 0.0
20 0.8 4.5055 317.62783956244306 6.7823522595596755 9.025588920528087 0.0
20 0.8 9.001 315.8397678571429 5.918653344917463 7.983164782867341 0.0
20 0.84 6.5035 329.7176306010929 6.568417112299465 8.53385039641503 0.0
20 0.86 5.5045 336.53644181034485 6.945601233299075 9.159482283825959 0.0
20 0.88 6.5035 342.6912178571429 6.905626086956522 9.102357357357358 0.0
20 0.9 7.5025 349.0036247877759 7.0033558748943365 9.159178275436432 0.0
20 0.92 4.006 355.83712258064514 7.775853293413173 10.14488146551724 0.0
20 0.96 5.005 368.02852863436124 8.066865021770681 10.425363636363636 0.0
20 0.98 4.006 374.08426878612715 8.413799435028249 11.013095415857848 0.0
20 0.98 5.005 374.07097151898734 8.352154088050314 10.946833130328868 0.0
20 1.0 1.009 380.0 8.577967032967033 11.153479561316052 0.0
20 1.02 4.006 385.37915942028985 8.950510366826157 11.434898227183192 0.0
20 1.06 5.5045 395.42777323420074 9.965463709677419 12.4908 0.0
20 1.08 1.009 401.53992156862745 8.890184162062615 11.412859399684045 0.0
20 1.1 8.5015 403.6382028469751 12.239428044280443 14.577255054432348 0.0
20 1.12 0.5095 412.464817204301 8.784618181818182 11.561888284725654 0.0
20 1.12 1.009 412.04178461538464 9.05204980842912 11.598712624584717 0.0
20 1.12 2.5075 411.1133851351351 9.838359073359074 12.35949542556141 0.0
20 1.14 8.002 411.79031054131053 13.217521968365553 15.40066358915176 0.0
20 1.14 9.001 411.1318284883721 13.750626223091977 16.02266731328807 0.0
20 1.18 2.008 426.08318613138687 10.045538160469667 12.652792553191489 0.0
20 1.18 2.5075 425.3972566037736 10.476216768916155 13.10474841719427 0.0
20 1.22 4.5055 431.0771634756996 12.72692439862543 15.09600453743383 0.0
20 1.24 9.5005 428.0501791767555 16.584380587484038 18.01045872132992 0.0
20 1.26 7.5025 433.6759744552968 15.71291450777202 17.189006622516555 0.0
20 1.26 8.002 433.23650643776824 16.108742586002375 17.410938296787354 0.0
20 1.26 9.001 432.394829787234 16.625731707317073 18.006017138014375 0.0
20 1.28 4.006 443.36170409982174 13.274536290322581 15.442826617826618 0.0
20 1.3 0.01 461.84367205542725 8.33 11.054492220177346 0.04682599404027331
20 1.3 3.007 450.31298062593146 12.420079239302694 14.804080578512396 0.0
20 1.32 7.5025 443.96541040462427 16.8056073943662 18.03146256422804 0.0
20 1.32 8.002 443.7126417910448 16.969301423027165 18.037731319699777 0.0
20 1.32 9.001 442.4749247519961 17.618928317955998 19.0 0.0
20 1.34 0.5095 470.0872399299475 9.243268858800773 11.915207100591715 0.0
20 1.34 2.008 462.40384814814814 11.564056074766356 14.108437409236132 0.0
20 1.34 2.5075 460.23454505494504 12.201155172413792 14.553223330775134 0.0
20 1.36 1.5085 469.37449246231154 10.864216589861751 13.351690416317407 0.0
20 1.38 0.01 484.00644140625 8.34077504725898 11.068949694085656 0.04527420181494769
20 1.38 3.007 466.1974215116279 13.29901376146789 15.452905384849407 0.0
20 1.4 9.5005 457.6 18.15220070990642 19.0 0.0
20 1.42 1.009 486.47509589041096 10.323333333333334 13.023438205629986 0.0
20 1.44 4.006 471.3651821561338 15.403437849944009 17.082488684425318 0.0
20 1.5 0.5095 510.5805057096248 9.566286266924564 12.186936392914653 0.0
20 1.5 2.008 495.34486531986533 12.894080808080808 15.152566671805149 0.0
20 1.5 2.5075 491.30182291666665 13.779980988593156 16.02984481086324 0.0
20 1.54 5.5045 484.22 17.589683481701286 19.0 0.0
20 1.56 7.5025 487.52 18.509205568053993 19.0 0.0
20 1.58 5.005 493.24077142857146 17.5717774566474 19.0 0.0
20 1.6 6.004 495.8 18.109775280898877 19.0 0.0
20 1.6 6.5035 495.2 18.440410628019322 19.0 0.0
20 1.64 7.5025 502.24 18.5 19.0 0.0
20 1.66 0.01 560.1329369369369 8.334003984063745 11.069529758806178 0.04221335027069534
20 1.66 3.007 516.0814940554822 15.848078125 17.241523536895674 0.0
20 1.7 3.007 522.1679145978153 16.09689393939394 17.406268882175226 0.0
20 1.72 8.002 516.8 19.0 19.0 0.0
20 1.72 9.001 516.8 19.0 19.0 0.0
20 1.74 6.004 521.34 18.9 19.0 0.0
20 1.74 6.5035 520.6 19.0 19.0 0.0
20 1.74 8.5015 520.6 19.0 19.0 0.0
20 1.76 4.5055 527.0306081270435 17.907343427391602 19.0 0.0
20 1.82 4.5055 536.62 18.146422360248447 19.0 0.0
20 1.84 1.009 578.1139243243243 12.173742203742203 14.536464909023394 0.0
20 1.86 2.008 561.3940460431655 15.24237609329446 17.05938236680811 0.0
20 1.9 6.004 551.9 18.9 19.0 0.0
20 1.9 6.5035 551.9 18.803945340936668 19.0 0.0
20 1.9 8.5015 551.9 18.9 19.0 0.0
20 1.92 0.5095 611.8017951582868 10.53669245647969 13.143800322061193 0.0
20 1.92 2.008 572.1798514285714 15.49937969924812 17.110030523995253 0.0
20 1.92 2.5075 563.4247966718669 16.37024132730015 18.0 0.0
20 1.92 7.003 555.72 18.9 19.0 0.0
20 1.94 5.005 559.54 18.9 19.0 0.0
20 1.96 0.5095 621.1828945454546 10.628517857142857 13.192968288359268 0.0
20 1.96 1.009 601.8085193199381 12.706717428087986 15.094029454690196 0.0
20 1.96 2.5075 573.2245478099939 16.78523611111111 18.026100996432525 0.0
20 1.98 5.5045 567.18 18.9 19.0 0.0
