10 0.0 0.01 16.55730880929332 3.311461761858664 4.454652270562083 0.04035576835661687
10 0.0 3.007 9.0 1.8 2.061228373702422 0.0
10 0.02 3.007 11.21166361556064 1.8 2.165888231694881 0.0
10 0.04 6.004 12.72 1.8 3.0 0.0
10 0.04 6.5035 12.863444253859349 1.8 3.0402400983079687 0.0
10 0.04 8.5015 13.0 1.8 3.09484734990353 0.0
10 0.06 7.5025 14.58 1.8 4.02015444015444 0.0
10 0.06 8.002 13.86 1.8 6.728305084745763 0.0
10 0.06 9.001 14.28 1.8 7.0 0.0
10 0.08 4.5055 15.58515526802218 1.8 3.407334076965979 0.0
10 0.08 8.002 15.48 1.8 6.290370801786061 0.0
10 0.08 9.001 16.04 1.8 7.0 0.0
10 0.12 5.5045 18.72 1.8 5.318635486981678 0.0
10 0.14 7.5025 20.34 1.8 7.12855748108372 0.0
10 0.16 2.008 26.65713725490196 2.2330667644900957 3.204067747539085 0.0
10 0.16 7.003 21.96 1.8 8.049144246937304 0.0
10 0.18 2.008 28.492933333333333 2.2826318289786225 3.267019064124783 0.0
10 0.18 2.5075 27.520183908045976 2.097281553398058 3.25235177210997 0.0
10 0.18 7.003 23.58 1.8 8.020346481051817 0.0
10 0.2 3.5065 25.338435681965095 1.8 3.617936024371668 0.0
10 0.2 9.5005 25.2 1.8 9.0 0.0
10 0.22 2.008 32.13697233201581 2.4510703124999997 3.398644652538196 0.0
10 0.22 2.5075 31.134901234567902 2.26264 3.357014072119613 0.0
10 0.22 7.003 26.82 1.8 9.0 0.0
10 0.24 0.01 36.160765957446806 3.3021232227488153 4.44494917407878 0.04443874471937236
10 0.26 5.005 30.06 1.8 8.02828254932646 0.0
10 0.3 5.005 33.3 1.8 8.048915785679961 0.0
10 0.32 3.5065 35.6839979226175 2.0133445864480346 4.2056543668701885 0.0
10 0.32 9.5005 34.92 1.8 9.0 0.0
10 0.34 7.5025 36.54 1.8 9.0 0.0
10 0.34 8.002 36.54 1.8 9.0 0.0
10 0.36 3.5065 38.62584224841341 1.9402970729576234 4.164043243243244 0.0
10 0.36 9.5005 38.16 1.8 9.0 0.0
10 0.38 5.5045 39.78 1.8 8.049258436411673 0.0
10 0.4 2.008 46.63070234113712 2.9724 4.076152368758002 0.0
10 0.4 2.5075 45.70014981273408 2.8240906898215146 4.067540587977183 0.0
10 0.4 7.003 41.4 1.8 9.0 0.0
10 0.42 5.005 43.022615758343896 1.800901985635826 8.04840134623475 0.0
10 0.44 1.5085 50.11246308724832 3.113341630367144 4.160704978740913 0.0
10 0.44 3.5065 46.054968629136226 2.305255474452555 4.117358736362156 0.0
10 0.44 9.5005 44.64 1.8 9.0 0.0
10 0.48 4.006 48.4 2.0 4.692804337111878 0.0
10 0.5 5.005 49.533259785111284 1.8133039140445126 8.033531709699078 0.0
10 0.54 1.5085 57.38705797101449 3.3208891523414343 4.274125744047619 0.0
10 0.54 3.5065 54.69453652392947 2.646970443349754 4.199366208069254 0.0
10 0.54 10.0 52.74 1.8 9.0 0.0
10 0.56 3.5065 56.25559339704605 2.6575662251655627 4.169704556835253 0.0
10 0.56 9.5005 54.36 1.8 9.0 0.0
10 0.58 4.006 57.0237816813049 2.297038895859473 4.2778483448806774 0.0
10 0.62 7.5025 59.22 1.8 9.0 0.0
10 0.62 8.002 59.22 1.8 5.272878949236777 0.0
10 0.62 9.001 59.22 1.8 9.0 0.0
10 0.66 4.5055 63.73136875664187 2.547863974495218 4.329980324643384 0.0
10 0.68 2.008 67.30997402597401 3.556718309859155 4.43599120153973 0.0
10 0.68 7.003 64.13849304677623 1.8365581542351455 8.042676622630673 0.0
10 0.7 1.5085 68.96935643564356 3.6267632850241545 4.58900657414171 0.0
10 0.7 3.5065 68.2258283671037 3.3455624446412755 4.34725499092559 0.0
10 0.7 10.0 65.7 1.8 9.0 0.0
10 0.74 7.5025 69.31488396883968 2.0883722837228373 4.740314885496183 0.0
10 0.74 8.002 68.94 1.8 8.01418609718893 0.0
10 0.74 9.001 68.98478687437851 1.834451441829632 6.63199617956065 0.0
10 0.76 0.5095 73.54487912087912 3.6412608444187393 4.819405241935484 0.0
10 0.76 1.009 73.34395546823838 3.7121769662921347 4.880636461704423 0.0
10 0.78 0.01 75.16430275913497 3.359935483870968 4.493842530282638 0.044871060171919774
10 0.78 3.007 74.2944323943662 3.636146872166818 4.608087149187592 0.0
10 0.8 7.5025 74.74682584269662 2.746825842696629 4.196673276051994 0.0
10 0.8 8.002 74.36508757297749 2.3650875729774814 4.568758967001434 0.0
10 0.82 0.01 77.87393566833452 3.3515027027027027 4.487466397849462 0.04466936165077833
10 0.82 3.007 77.23889794364052 3.743907894736842 4.723975319524019 0.0
10 0.84 6.004 78.38609289909236 3.4776882845188286 4.42289318303811 0.0
10 0.84 8.5015 77.95457569296376 2.9429148936170213 4.3562020302054965 0.0
10 0.88 6.004 81.39120761559384 3.64904 4.508706390861377 0.0
10 0.88 8.5015 81.26033160621762 3.4332268670737434 4.411978079331941 0.0
10 0.9 5.5045 82.88723858615612 3.7657526501766783 4.778260869565218 0.0
10 0.92 5.005 84.35113026052105 3.8707803468208093 5.016396043299738 0.0
10 0.94 0.01 85.93342569992822 3.3521383647798744 4.503206692227257 0.042821303349050904
10 0.94 3.007 85.81798882161155 4.0342752143732135 5.096868929265227 0.0
10 0.96 1.009 87.24457562408223 3.9789981785063753 5.101286251668487 0.0
10 1.0 0.5095 90.0 3.86500693481276 5.07021178104386 0.0
10 1.0 2.008 90.0 4.14327246165084 5.175003753190212 0.0
10 1.0 2.5075 90.0 4.166092214663643 5.193144353720536 0.0
10 1.0 7.003 90.0 4.207136186770428 5.19941381495564 0.0
10 1.02 5.005 91.18395234657041 4.286182926829269 5.261563270726617 0.0
10 1.04 0.01 92.4567617260788 3.35927868852459 4.4854242928452575 0.042502948024067976
10 1.04 3.007 92.36285109199206 4.28840176879343 5.272376574055567 0.0
10 1.08 0.5095 94.81185163204748 3.9386019736842104 5.11165851823994 0.0
10 1.08 2.008 94.70727975584944 4.304204244031831 5.298330515638208 0.0
10 1.08 2.5075 94.67594832041344 4.360350877192983 5.355028598665395 0.0
10 1.08 7.003 94.42400660066006 4.843153894870171 6.058693604103423 0.0
10 1.1 4.5055 95.62352895752895 4.685286671630677 5.904833333333333 0.0
10 1.1 9.001 95.24989666136725 5.40254844392249 6.388465526179368 0.0
10 1.12 2.008 96.97316701902749 4.426311827956989 5.426813616071429 0.0
10 1.12 7.003 96.38515938461539 5.257556363636364 6.285739892451703 0.0
10 1.14 7.5025 97.28 5.668541666666666 7.0 0.0
10 1.16 0.01 99.83483720930234 3.3884719101123597 4.510608154803041 0.04026851739604801
10 1.16 3.007 98.96555102040816 4.707739984882842 5.990783132530121 0.0
10 1.18 10.0 98.52256334231805 6.818045212765957 7.542615894039735 0.0
10 1.2 3.007 100.98027484143763 4.8927864005912785 6.083278955954323 0.0
10 1.22 8.002 100.44044047619047 6.751073891625616 7.454361672666852 0.0
10 1.22 9.001 100.19620130195294 7.025912743972445 7.848206967213114 0.0
10 1.24 6.004 101.75396374622358 6.286750741839763 7.157719971229921 0.0
10 1.24 6.5035 101.57579413278435 6.467138413685848 7.255111793821471 0.0
10 1.24 8.5015 101.10727508090615 7.056751630112626 8.001850217487235 0.0
10 1.28 5.005 103.75296962477665 6.248801843317972 7.163754005422726 0.0
10 1.34 10.0 105.3 8.096735862562634 8.049372598463016 0.0
10 1.36 3.5065 107.97391983967935 6.005029239766082 7.069464505901004 0.0
10 1.36 9.5005 106.2 8.17705694177863 9.0 0.0
10 1.4 6.004 108.22348112861854 7.5024625 8.040966081162932 0.0
10 1.4 6.5035 108.0308391804659 7.6205592841163305 8.045935767654857 0.0
10 1.4 8.5015 108.0 8.086121241991128 9.0 0.0
10 1.42 0.5095 114.55376151761517 4.233515764425937 5.282542616553707 0.0
10 1.42 2.008 112.29836614420063 5.274441727791361 6.287608127137397 0.0
10 1.42 2.5075 111.55500656455142 5.63170245398773 6.723412877082396 0.0
10 1.42 7.003 108.92536523679644 7.913542662116041 9.0 0.0
10 1.44 5.005 110.29003544824043 7.274255185417976 8.026400418127038 0.0
10 1.46 0.5095 116.82588907849829 4.2508414872798435 5.306207944432385 0.0
10 1.46 1.009 115.90505081967214 4.647035623409669 5.8475667189952905 0.0
10 1.46 2.5075 113.20045971563981 5.818713210130047 7.019513857337574 0.0
10 1.48 5.5045 111.77264421310471 7.657792056074766 8.046280568606193 0.0
10 1.5 10.0 112.5 8.618060868519187 9.0 0.0
10 1.52 4.006 114.14912037914692 7.21057392996109 8.01809866360733 0.0
10 1.56 5.5045 115.2 7.977958783120706 8.049629362864259 0.0
10 1.58 1.009 122.05675555555555 4.823250454821103 6.052665975103735 0.0
10 1.6 8.5015 117.0 8.61207816091954 9.0 0.0
10 1.62 0.5095 125.7656432111001 4.402089385474861 5.441029369002617 0.0
10 1.62 1.009 124.03459885714285 4.908160919540229 6.096948955916473 0.0
10 1.62 2.5075 120.01814035087719 6.474157814871017 7.248784806051827 0.0
10 1.64 5.5045 118.8 8.200318968442483 9.0 0.0
10 1.68 1.5085 125.11949952244508 5.559515789473684 6.603774304231796 0.0
10 1.68 3.5065 120.8605 7.455935383011986 8.03910365335599 0.0
10 1.68 9.5005 120.6 9.0 9.0 0.0
10 1.7 0.01 133.1371597633136 3.403215297450425 4.5521675774134795 0.03187710180372975
10 1.72 7.5025 122.4 8.670765529308836 9.0 0.0
10 1.74 4.5055 123.3 8.11802454704851 9.0 0.0
10 1.76 7.5025 124.2 8.803893361406987 9.0 0.0
10 1.76 8.002 124.2 8.805094322203416 9.0 0.0
10 1.76 9.001 124.2 8.644628325508608 9.0 0.0
10 1.78 4.006 125.1 8.014441997063143 8.048830084402127 0.0
10 1.8 0.01 139.21885436893203 3.387628635346756 4.508765347885403 0.031699486301369866
10 1.8 3.007 126.21090530697191 7.523784219001611 8.040443003454335 0.0
10 1.82 7.5025 126.9 8.627246347402597 9.0 0.0
10 1.82 8.002 126.9 8.8 9.0 0.0
10 1.82 9.001 126.9 9.0 9.0 0.0
10 1.84 0.5095 137.53929044117646 4.541732142857143 5.65046996322027 0.0
10 1.84 2.008 130.12982230623817 6.625860039241334 7.332772572402044 0.0
10 1.84 2.5075 128.12943185078908 7.176491897044805 8.012033195020747 0.0
10 1.84 7.003 127.8 8.63835741669124 9.0 0.0
10 1.86 1.5085 132.48964226519337 6.103800163800164 7.112358764123588 0.0
10 1.86 10.0 128.7 9.0 9.0 0.0
10 1.9 4.5055 130.5 8.479582059123343 9.0 0.0
10 1.92 10.0 131.4 9.0 9.0 0.0
10 1.94 0.5095 142.77287168758716 4.650688741721854 5.8805555555555555 0.0
10 1.94 1.009 139.07503776041665 5.444002869440459 6.4768921841211 0.0
10 1.96 2.008 134.59997026022305 6.991953781512605 7.871744860305746 0.0
10 1.96 7.003 133.2 9.0 9.0 0.0
10 2.0 1.5085 138.41835157759175 6.413100616016427 7.227425431711146 0.0
10 2.0 3.5065 135.0 8.232654897888542 9.0 0.0
10 2.0 10.0 135.0 9.0 9.0 0.0
12 0.02 5.005 14.140629486471564 1.83333333333 3.0 0.0
12 0.04 5.5045 17.247513513513514 1.83333333333 3.2698981324278438 0.0
12 0.06 0.01 32.79809677419355 4.2955895390052685 5.928007181328546 0.041517600411634735
12 0.08 3.007 25.20472 2.0375282294497117 3.2636594448205822 0.0
12 0.1 2.008 29.45621160409556 2.378606171148203 3.521451204055767 0.0
12 0.1 2.5075 28.5468 2.1866285278438773 3.3861994738100933 0.0
12 0.1 7.003 23.1 1.83333333333 10.0 0.0
12 0.12 4.006 26.835656500802568 1.86959932835128 4.946191819464034 0.0
12 0.14 0.01 41.94705714285714 4.3049688057019 5.9441958887545345 0.04325508323514306
12 0.2 7.5025 35.2 1.83333333333 11.0 0.0
12 0.2 8.002 35.2 1.83333333333 11.0 0.0
12 0.22 8.5015 37.62 1.83333333333 11.0 0.0
12 0.24 1.009 50.21631111111111 3.396172306213426 4.772238095238095 0.0
12 0.26 3.5065 43.2 2.0 5.149190938511327 0.0
12 0.26 9.5005 42.46 1.83333333333 11.0 0.0
12 0.3 3.5065 48.0 1.92341138962028 7.537937062937063 0.0
12 0.3 9.5005 47.3 1.83333333333 11.0 0.0
12 0.32 7.5025 49.74059298746152 1.838380634178513 11.0 0.0
12 0.34 0.01 64.02127642276423 4.286629353232366 5.871159179145868 0.04521663098863328
12 0.36 7.5025 54.56 1.83333333333 11.0 0.0
12 0.36 8.002 54.56 1.83333333333 11.0 0.0
12 0.38 4.006 58.22 2.16666666667 10.006889955154138 0.0
12 0.42 1.5085 70.62802816901409 3.7667033235574943 5.104493967003201 0.0
12 0.42 3.5065 63.74965892193309 2.3876781288701205 5.2344838118509465 0.0
12 0.42 9.5005 61.82 1.83333333333 11.0 0.0
12 0.44 7.5025 64.24 1.83333333333 11.0 0.0
12 0.44 8.002 64.24 1.83333333333 11.0 0.0
12 0.46 0.5095 76.21349214659686 4.105055821373712 5.446718609529517 0.0
12 0.46 2.008 74.59190430622009 3.771191381494716 5.10461293092872 0.0
12 0.46 2.5075 74.00232624113475 3.6165655544344175 5.030834063047285 0.0
12 0.46 7.003 66.66 1.83333333333 11.0 0.0
12 0.48 10.0 69.08 1.83333333333 11.0 0.0
12 0.5 1.5085 79.21487534626038 3.951616161615194 5.202316031537451 0.0
12 0.5 3.5065 74.83536269430051 2.9450244463607067 5.056851561385997 0.0
12 0.52 2.008 81.166523659306 3.9292454954940803 5.1569287833827895 0.0
12 0.52 7.003 73.95297002974148 1.8447812603237976 11.0 0.0
12 0.54 7.5025 76.34 1.83333333333 11.0 0.0
12 0.54 8.002 76.34 1.83333333333 11.0 0.0
12 0.54 9.001 76.34 1.83333333333 11.0 0.0
12 0.56 7.5025 78.76 1.83333333333 11.0 0.0
12 0.6 2.008 89.87307835820896 4.090341451768761 5.277817109144543 0.0
12 0.6 7.003 84.0 2.0 11.0 0.0
12 0.62 0.01 93.68990222222223 4.306070496081308 5.9624387254901965 0.04587827658933414
12 0.62 3.007 91.5342463768116 3.9907960199003134 5.182470425564603 0.0
12 0.64 2.008 94.393698630137 4.207438846295971 5.360532629558541 0.0
12 0.64 7.003 88.8 2.0 11.0 0.0
12 0.7 7.5025 95.94626338329765 1.9701463240536499 10.043168358714045 0.0
12 0.7 8.002 96.10796164772727 2.0599786931830177 11.0 0.0
12 0.7 9.001 95.78583480721613 1.8810193373399149 11.0 0.0
12 0.72 2.008 102.82605616224649 4.367532338305808 5.583711566617862 0.0
12 0.72 2.5075 102.5784190140845 4.296258758756908 5.422169014084507 0.0
12 0.72 7.003 98.97100886524822 2.339886229311219 5.642625169147497 0.0
12 0.74 0.01 105.97330162703379 4.31859869645908 5.9469987995198075 0.04536054503798384
12 0.74 3.007 104.66961190476191 4.279418429001844 5.413869000265182 0.0
12 0.76 6.004 105.13556083086054 3.3440757128779044 5.230860286762254 0.0
12 0.76 6.5035 104.66591035548686 3.017993302421792 5.224376006441224 0.0
12 0.76 8.5015 103.3573145539906 2.10924621805122 10.032970959171832 0.0
12 0.78 1.009 109.51465337954939 4.563028700907605 6.035741844966679 0.0
12 0.8 0.01 111.94840549102429 4.329178019978667 6.004590943207406 0.04613693183529625
12 0.82 1.009 113.62681784386618 4.63909276249004 6.078292129162462 0.0
12 0.84 5.5045 114.98039584775087 4.262626596212617 5.321730337078652 0.0
12 0.86 4.006 117.33889989118607 4.525142068518119 5.744670280036134 0.0
12 0.86 5.005 117.23361464354528 4.410974143113072 5.53279643591501 0.0
12 0.88 5.5045 119.37140714908458 4.448880492582241 5.559125344352617 0.0
12 0.92 1.5085 123.84150415183868 4.846774827922205 6.179288499025341 0.0
12 0.92 3.5065 123.73410806577918 4.752113180515675 6.090542732376793 0.0
12 0.92 9.5005 123.53806276150627 4.3709247648877 5.5586578581363 0.0
12 0.96 6.5035 127.87401628959276 4.807519590112226 6.128306202071842 0.0
12 0.96 9.5005 127.84783409090909 4.699119318183854 6.058561331509348 0.0
12 0.98 3.5065 129.96249642857143 5.006051253273596 6.267729003808379 0.0
12 0.98 9.5005 129.9450912672357 4.8757605602951735 6.157091533895658 0.0
12 1.0 6.004 132.0 5.091646618553023 6.347210197210197 0.0
12 1.0 8.5015 132.0 5.08834251245915 6.358481815962899 0.0
12 1.02 3.5065 133.7851035137702 5.179155282334346 6.467595712098009 0.0
12 1.02 9.5005 133.7591294117647 5.375947105072572 6.804447776111944 0.0
12 1.06 4.006 137.23782551594746 5.432109398608494 6.994907975460123 0.0
12 1.06 5.005 137.18759490986213 5.5364108134209555 7.049408563993376 0.0
12 1.08 6.004 138.72645551601423 5.861982919666308 7.240003859513701 0.0
12 1.08 6.5035 138.67490829694322 5.947711390634873 7.299222912966252 0.0
12 1.08 8.5015 138.50436217303823 6.2675670498077265 7.687341772151899 0.0
12 1.1 3.007 140.6354794520548 5.519545215562957 7.046307499143933 0.0
12 1.16 1.009 146.14815384615386 5.221795977012622 6.599352134146342 0.0
12 1.18 4.5055 146.32925442477875 6.5411578244919815 8.054671989641777 0.0
12 1.18 9.001 144.906 8.301854275739636 9.233115225023939 0.0
12 1.2 5.005 147.46498188405798 6.947960526314748 8.24235541133804 0.0
12 1.22 0.01 152.2335516739447 4.343541666663537 6.004797917183239 0.041720631846516976
12 1.22 3.007 149.92001418439716 6.230636743215806 7.66381607219596 0.0
12 1.24 5.5045 149.79891851851852 7.685625181319662 9.027476345357776 0.0
12 1.28 3.5065 153.75946519337018 6.903180272106907 8.204919946631087 0.0
12 1.28 9.5005 150.76 9.66702159794925 10.047657283772404 0.0
12 1.3 0.5095 158.60485714285713 5.10749832999547 6.4990581903800875 0.0
12 1.3 1.009 157.9693570608496 5.468902439023768 7.020510783200908 0.0
12 1.3 2.5075 156.16185185185185 6.390870596203779 7.9973423980222496 0.0
12 1.34 4.5055 156.48808263473052 8.066518737673915 9.151508521418702 0.0
12 1.36 7.5025 156.18583034177527 9.560563973065184 10.046768610216429 0.0
12 1.38 0.5095 165.48309242144177 5.197585924715681 6.580982986767486 0.0
12 1.38 1.009 164.48590972222223 5.624399563321266 7.100121163166397 0.0
12 1.38 2.5075 161.5651930232558 6.866397338400369 8.194594155844156 0.0
12 1.4 5.5045 159.06151240169388 9.234236760125242 10.03441578241249 0.0
12 1.42 6.004 160.1908531701891 9.423291105831138 10.04374622538954 0.0
12 1.42 8.5015 160.14 10.07517108998332 11.0 0.0
12 1.44 3.5065 163.68905969148224 8.086685082874663 9.148419825072887 0.0
12 1.44 9.5005 161.04 10.438815533968345 11.0 0.0
12 1.46 6.004 162.8638405323654 9.723674948241218 10.049743435858964 0.0
12 1.46 6.5035 162.82 9.925137701802871 10.04988598859886 0.0
12 1.46 8.5015 162.36 10.319133089105437 11.0 0.0
12 1.48 4.006 165.47582857142856 8.66666666667 9.725 0.0
12 1.5 4.5055 165.7442224953903 9.214922145330123 10.031995475943022 0.0
12 1.52 1.5085 173.74698725573492 6.505532329988962 8.038064182194617 0.0
12 1.52 10.0 166.32 10.578611998595772 11.0 0.0
12 1.54 4.006 169.11038502673796 9.038201019665731 10.015136530447222 0.0
12 1.54 5.005 167.64 9.793410520295577 10.04811530599976 0.0
12 1.58 9.5005 170.28 10.8333333333 11.0 0.0
12 1.6 5.5045 171.63620157138985 9.995423976608096 11.0 0.0
12 1.62 6.004 172.92 10.337747131171753 11.0 0.0
12 1.62 6.5035 172.92 10.484617794483139 11.0 0.0
12 1.62 8.5015 172.92 10.538350097590616 11.0 0.0
12 1.66 0.5095 188.8784985727878 5.4859343737492186 7.049639266706091 0.0
12 1.66 2.008 180.63606593406593 7.706142769609597 9.04406240298044 0.0
12 1.66 2.5075 179.31317899761336 8.33333333333 9.586577946768061 0.0
12 1.66 7.003 175.56 10.838032181477049 11.0 0.0
12 1.68 7.5025 176.88 10.8333333333 11.0 0.0
12 1.68 8.002 176.88 10.606411341536305 11.0 0.0
12 1.7 0.5095 192.11143042912872 5.53270742358144 7.073306723213172 0.0
12 1.7 1.009 188.8044597887896 6.329800606845529 7.785282457879088 0.0
12 1.7 2.5075 181.95418139534883 8.452429439084437 9.303578828404596 0.0
12 1.76 0.01 201.81425268817205 4.357308467739081 6.012890674030375 0.036061731401436745
12 1.78 1.5085 190.82322931034483 7.333693621560592 8.55640200286123 0.0
12 1.78 10.0 183.48 10.8333333333 11.0 0.0
12 1.82 0.01 207.18554314720814 4.370450723172652 6.026191403713804 0.03573886300660759
12 1.82 3.007 187.19691656441717 9.373330562480149 10.042242317928865 0.0
12 1.84 6.004 187.44 10.8333333333 11.0 0.0
12 1.84 8.5015 187.44 11.0 11.0 0.0
12 1.86 4.5055 188.76 10.353001297829135 11.0 0.0
12 1.86 8.002 188.76 10.8333333333 11.0 0.0
12 1.86 9.001 188.76 11.0 11.0 0.0
12 1.88 2.008 193.62094399999998 8.5124395212633 9.393476702508961 0.0
12 1.88 7.003 190.08 11.0 11.0 0.0
12 1.92 4.5055 192.72 10.437456714108308 11.0 0.0
12 1.94 6.004 194.04 10.8333333333 11.0 0.0
12 1.94 6.5035 194.04 11.0 11.0 0.0
12 1.94 8.5015 194.04 11.0 11.0 0.0
12 1.98 5.005 196.68 10.6666666667 11.0 0.0
12 2.0 7.5025 198.0 10.8333333333 11.0 0.0
12 2.0 8.002 198.0 10.840807041853505 11.0 0.0
12 2.0 9.001 198.0 11.0 11.0 0.0
14 0.0 3.5065 13.0 1.85714285714 3.0 0.0
14 0.0 9.5005 13.0 1.85714285714 3.0 0.0
14 0.02 3.5065 17.89268815165877 1.85714285714 3.059984393289114 0.0
14 0.02 9.5005 17.64 1.85714285714 5.0 0.0
14 0.06 0.5095 38.5948 3.97871428571386 5.678692170818506 0.0
14 0.06 1.009 34.21181081081081 3.1656935984386765 4.681180017226529 0.0
14 0.08 5.005 28.15167816091954 1.85714285714 8.125343106674984 0.0
14 0.12 10.0 33.28 1.85714285714 13.0 0.0
14 0.14 0.5095 53.194 4.233181486878808 6.051048557353976 0.0
14 0.14 1.009 50.443777777777775 3.5933983585126326 5.186046892933268 0.0
14 0.14 2.5075 47.06389473684211 2.825773964937167 4.336051879533963 0.0
14 0.18 5.5045 43.42 1.85714285714 12.026340548518018 0.0
14 0.2 0.01 67.23030567685589 5.288616614524796 7.136407420620763 0.0436595898891674
14 0.22 5.5045 50.18 1.85714285714 12.04894434934078 0.0
14 0.24 6.5035 53.56 1.85714285714 13.0 0.0
14 0.26 7.5025 57.68 2.0 13.0 0.0
14 0.28 4.006 61.04 2.0 12.045907022988159 0.0
14 0.3 7.5025 63.7 1.85714285714 13.0 0.0
14 0.32 0.01 85.01549700598802 5.2762129380015805 7.124458259325045 0.04464054062207742
14 0.34 0.5095 86.00726966292135 4.670937773885978 6.334198355601234 0.0
14 0.34 1.009 85.00742510121458 4.385636306922229 6.058684895833333 0.0
14 0.36 0.01 91.05816393442623 5.299168831164815 7.139316702819957 0.04559071729957806
14 0.38 1.5085 90.40254867256637 4.296662800031625 5.877059773828756 0.0
14 0.38 10.0 77.22 1.85714285714 13.0 0.0
14 0.4 5.5045 80.6 1.85714285714 13.0 0.0
14 0.42 7.5025 84.56 2.0 13.0 0.0
14 0.42 8.002 83.98 1.85714285714 13.0 0.0
14 0.44 0.01 102.87979661016949 5.321375791692416 7.150968342644321 0.04587827658933414
14 0.46 6.004 90.74 1.85714285714 13.0 0.0
14 0.46 8.5015 90.74 1.85714285714 13.0 0.0
14 0.48 4.5055 95.52967418032787 2.2444159836043367 6.848536585365854 0.0
14 0.5 7.5025 98.0 2.0 13.0 0.0
14 0.5 8.002 97.5 1.85714285714 13.0 0.0
14 0.5 9.001 98.0 2.0 13.0 0.0
14 0.54 0.01 117.32314285714286 5.301781472680121 7.151009544787078 0.04616566265060241
14 0.54 3.007 113.43418258426966 4.419095022622816 6.000616349480969 0.0
14 0.56 0.01 120.19195604395604 5.295142180090689 7.154485172223246 0.04607946501189867
14 0.58 4.5055 113.59111009174312 2.73167009923577 6.268060959792478 0.0
14 0.62 1.009 127.63204444444445 5.051615720525049 6.65577003776752 0.0
14 0.66 5.005 127.02196073903002 2.899983503792127 6.226732925586137 0.0
14 0.7 0.01 140.21927397260274 5.303897729300566 7.1468329086275935 0.046395446880269815
14 0.7 3.007 138.10648279628617 4.86759348034251 6.25290009699321 0.0
14 0.74 1.009 145.06828748451053 5.306201814055081 7.028268596090379 0.0
14 0.78 3.5065 149.82948079658607 5.014878790125585 6.346842983083155 0.0
14 0.78 9.5005 145.70005292096218 2.4286057928311693 12.024120184899846 0.0
14 0.8 0.5095 153.89695219123507 5.4510947930564315 7.158289975719736 0.0
14 0.8 1.009 153.67321180555555 5.445468638205444 7.128510573558497 0.0
14 0.82 3.5065 155.84301764290754 5.13915552428146 6.566058655221745 0.0
14 0.82 9.5005 153.1943376884422 3.138363244798173 6.0 0.0
14 0.84 4.006 158.67390950226243 5.149961199297034 6.522993776613167 0.0
14 0.86 1.5085 162.11809626955477 5.527388972914063 7.155611173906023 0.0
14 0.86 10.0 160.75641758241758 4.322816838330536 6.106745242828742 0.0
14 0.88 4.006 164.64271660777385 5.316161801039611 6.9278344671201815 0.0
14 0.9 7.003 167.379483488569 5.111728691478825 6.521491228070175 0.0
14 0.92 7.5025 170.3490140428677 5.194380600949147 6.637563650607129 0.0
14 0.92 8.002 170.32419553666313 5.150301704633651 6.597203579418345 0.0
14 0.92 9.001 170.3119793103448 5.128534482761191 6.485936507936508 0.0
14 0.94 3.5065 173.45339793038568 5.629500681454703 7.205443262411348 0.0
14 0.94 9.5005 173.2832732095491 5.245797576979033 6.821939030484757 0.0
14 0.98 7.5025 179.16365143299768 5.740347191511165 7.275171086398632 0.0
14 1.0 5.5045 182.0 5.976440816326059 7.593982368723649 0.0
14 1.02 7.5025 184.47898630136984 6.247491248539049 8.047264126821785 0.0
14 1.02 8.002 184.47212044817928 6.281757384354077 8.066741306638567 0.0
14 1.04 3.5065 186.96501384451545 6.213517837145381 8.036799693016116 0.0
14 1.04 9.5005 186.7781152368758 6.754428268124815 8.397892074198989 0.0
14 1.06 1.5085 189.51203311258277 6.062112462007321 7.817886597938144 0.0
14 1.06 10.0 188.9180765661253 7.321778555516639 9.108708751793401 0.0
14 1.08 5.5045 191.47856136087486 6.916503046714647 8.634223500410846 0.0
14 1.1 5.005 193.72912632821723 7.06898431048858 8.90625717566016 0.0
14 1.14 0.5095 199.62223235294115 5.886169431799221 7.58295631825273 0.0
14 1.14 2.008 199.0009805950841 6.508070931388958 8.21475 0.0
14 1.14 2.5075 198.82892524377033 6.687403139284495 8.3465490797546 0.0
14 1.16 9.5005 198.17242986054143 9.704306983343328 11.072743870631195 0.0
14 1.18 3.007 202.9511632896305 7.174555555556828 9.03270462633452 0.0
14 1.2 3.5065 204.62902634593357 7.611927383782354 9.259434351775392 0.0
14 1.2 9.5005 201.42833702882484 10.433372485711573 11.411150622301244 0.0
14 1.22 1.009 208.97475757575756 6.313395593167142 8.102366863905326 0.0
14 1.24 4.006 208.05372661870504 8.334025038583544 10.058107531470023 0.0
14 1.26 0.5095 214.4850603085554 6.062450396826645 7.875948660714286 0.0
14 1.26 2.008 212.38838248175182 7.083921494623305 8.974223034734917 0.0
14 1.26 2.5075 211.7544993630573 7.469025210083414 9.178877050566548 0.0
14 1.26 7.003 207.45138067712634 10.18059327039376 11.261972564681368 0.0
14 1.28 7.5025 209.0424579780755 10.786873892721601 11.883660477453581 0.0
14 1.3 6.004 211.50794707297513 10.235409457906643 11.261749712218386 0.0
14 1.3 6.5035 211.0715842696629 10.50949858088551 11.562227520435968 0.0
14 1.3 8.5015 209.9 11.48437631690469 12.047886349969934 0.0
14 1.32 0.5095 221.67331868131868 6.140972644379719 8.015383658748911 0.0
14 1.32 2.008 218.6063619047619 7.443595539480487 9.166756077116514 0.0
14 1.32 2.5075 217.7945994397759 7.882189039406511 9.490700678075557 0.0
14 1.34 3.007 218.7224490177736 8.48232589817775 10.114902781196161 0.0
14 1.36 0.01 228.3711505376344 5.335430139130551 7.16767468069121 0.04148858889763303
14 1.38 6.004 218.35045318646735 11.03380425691134 12.02983058117092 0.0
14 1.38 6.5035 217.86640600858368 11.307248616978832 12.04498627823517 0.0
14 1.38 8.5015 217.06317641863546 11.93832643470574 13.0 0.0
14 1.4 4.006 221.95987878787878 9.921277273449611 11.164270784951231 0.0
14 1.42 5.5045 221.25357425742573 10.952210674637769 12.01776364764268 0.0
14 1.44 7.5025 222.48 12.018973481613905 13.0 0.0
14 1.44 8.002 222.04 12.20022731867014 13.0 0.0
14 1.46 5.5045 224.79734646243617 11.373452157610535 12.047628642747586 0.0
14 1.48 7.003 225.68 12.086960632654591 13.0 0.0
14 1.52 4.5055 230.98192 11.142796092838932 12.034562970641138 0.0
14 1.52 9.001 229.32 12.7142857143 13.0 0.0
14 1.54 1.5085 242.066225 7.909052515605967 9.558037037037037 0.0
14 1.54 10.0 231.14 12.602232610302286 13.0 0.0
14 1.56 7.003 233.52 12.289937526017802 13.0 0.0
14 1.6 4.006 238.44694983522518 11.156452223310835 12.030365289812915 0.0
14 1.62 5.5045 239.04 12.111851851885408 13.0 0.0
14 1.64 7.003 240.24 12.348912984553332 13.0 0.0
14 1.66 6.004 242.10846997018317 12.417275536193848 13.0 0.0
14 1.66 6.5035 242.72 12.517110507762782 13.0 0.0
14 1.66 8.5015 242.06 13.0 13.0 0.0
14 1.68 0.01 269.3993098236776 5.352003835088124 7.179032874617737 0.038228147968171054
14 1.7 6.004 245.7 12.511666858519565 13.0 0.0
14 1.7 6.5035 245.73626319784694 12.437896113243998 13.0 0.0
14 1.7 8.5015 245.7 12.8571428571 13.0 0.0
14 1.72 0.5095 268.426693877551 6.655268425844779 8.351385651385652 0.0
14 1.72 2.008 255.57812103746397 9.494428401562654 11.03064136622391 0.0
14 1.72 2.5075 252.76083591836735 10.246703296704615 11.28176664228237 0.0
14 1.74 5.005 250.08 12.280018898708033 13.0 0.0
14 1.76 0.5095 272.91996306068603 6.720078797610883 8.398897993783555 0.0
14 1.76 1.009 267.20182578397214 7.764704875964126 9.389214887258897 0.0
14 1.78 4.5055 252.98 12.068868943758714 13.0 0.0
14 1.78 8.002 252.98 13.0 13.0 0.0
14 1.78 9.001 252.98 13.0 13.0 0.0
14 1.8 3.5065 255.6 11.72674299385756 13.0 0.0
14 1.8 9.5005 254.8 13.0 13.0 0.0
14 1.82 1.009 273.20328911917096 7.91153711484417 9.535809859154929 0.0
14 1.84 5.5045 258.44 12.7142857143 13.0 0.0
14 1.86 3.007 262.54804787904243 11.47417238295098 12.046854683361426 0.0
14 1.9 5.005 263.9 12.549064625830715 13.0 0.0
14 1.92 3.007 267.16316474464577 11.528051948040728 12.04487106017192 0.0
14 1.98 1.5085 281.91979095163805 9.612706611572502 11.061763593738183 0.0
14 1.98 3.5065 272.16 12.054646813424537 13.0 0.0
14 1.98 10.0 271.18 13.0 13.0 0.0
14 2.0 0.01 310.04634730538925 5.3828454332529265 7.192989002356638 0.03397394832372411
14 2.0 3.007 273.0 11.99687308399661 13.0 0.0
16 0.0 7.5025 15.0 1.875 3.0 0.0
16 0.02 7.5025 20.9 1.875 9.0 0.0
16 0.04 2.008 32.81156097560976 2.522719414893617 4.078818346136466 0.0
16 0.04 7.003 25.04 1.875 13.0 0.0
16 0.06 6.5035 28.5 1.875 14.0 0.0
16 0.08 3.5065 39.984590717299575 2.334241277156024 4.3153320521033525 0.0
16 0.08 9.5005 33.0 1.875 15.0 0.0
16 0.1 5.5045 38.52153879033981 1.875 13.0 0.0
16 0.12 4.5055 43.76 2.0097518412663518 12.076470588235294 0.0
16 0.14 6.004 46.5 1.875 15.0 0.0
16 0.14 6.5035 46.5 1.875 15.0 0.0
16 0.14 8.5015 46.5 1.875 15.0 0.0
16 0.16 4.006 51.84 2.0 13.926591549295775 0.0
16 0.18 4.006 57.14 2.125 13.552336448598131 0.0
16 0.2 0.5095 83.24680701754386 5.150858302122347 7.1594863142107235 0.0
16 0.2 1.009 80.26219451371571 4.491878881987578 6.298657417766838 0.0
16 0.22 4.006 66.0657392167678 2.1254371207942637 14.042010527589545 0.0
16 0.28 1.5085 96.92177483443709 4.5163212927756655 6.2354616708086406 0.0
16 0.28 10.0 78.0 1.875 15.0 0.0
16 0.3 0.01 108.42017241379311 6.285447485207101 8.343108258928572 0.0438905830137979
16 0.32 0.5095 108.92540425531915 5.454838154269972 7.3748051948051945 0.0
16 0.32 1.009 106.92473142857143 4.986949204406365 6.913948126801153 0.0
16 0.32 2.5075 103.2202 4.263839285714286 6.109753315271639 0.0
16 0.34 6.004 92.16 2.0 15.0 0.0
16 0.34 6.5035 92.16 2.0 15.0 0.0
16 0.34 8.5015 91.5 1.875 15.0 0.0
16 0.36 0.5095 117.1739761904762 5.554736682808716 7.485814889336016 0.0
16 0.36 1.009 115.3505 5.115003429355281 7.056553657234383 0.0
16 0.38 4.5055 101.96202184200946 2.1697624681470695 15.0 0.0
16 0.38 9.001 100.5 1.875 15.0 0.0
16 0.4 4.006 107.1906 2.331375 14.047256152596425 0.0
16 0.42 0.01 131.53503278688524 6.30788002980626 8.342741485203797 0.044986278235169944
16 0.44 0.5095 133.32180465116278 5.699356745479833 7.6260165975103735 0.0
16 0.44 1.009 131.850338028169 5.330355113636363 7.167071501881629 0.0
16 0.46 5.5045 119.61745932484781 2.133671140011068 15.0 0.0
16 0.48 3.007 135.41828148148147 4.572035452322738 6.372584089695676 0.0
16 0.5 0.01 146.63513368983956 6.319560917721519 8.378385731559854 0.04642416212472523
16 0.5 3.007 140.70968454258676 4.885827267637178 6.465200478755237 0.0
16 0.54 1.009 151.9797142857143 5.6084375 7.40230179028133 0.0
16 0.56 0.5095 156.94547435897437 5.919081325301205 8.029585214446952 0.0
16 0.56 1.009 155.95876411960134 5.661913863404689 7.475718954248366 0.0
16 0.56 2.5075 153.7564366197183 5.181600509832483 6.930822311673375 0.0
16 0.62 9.5005 154.88 2.0 15.0 0.0
16 0.66 1.5085 175.04179388083736 5.75417 7.498737960810362 0.0
16 0.66 3.5065 173.33314202898552 5.264568493150685 6.988848263254114 0.0
16 0.66 10.0 163.86267059775696 2.0083347785871197 15.0 0.0
16 0.68 4.006 176.8214056680162 5.221479636048527 7.0 0.0
16 0.7 1.009 183.37951851851852 6.020603975535169 8.053169539839827 0.0
16 0.74 9.5005 182.45864577259474 2.3358873906705537 15.0 0.0
16 0.78 7.5025 195.92914995034758 4.956797178988327 6.659715429079591 0.0
16 0.8 6.004 200.36398533007335 5.217046766743649 7.072915620291311 0.0
16 0.8 6.5035 200.39558609539208 5.238633720930233 6.649108204518431 0.0
16 0.82 7.5025 203.77689949748742 4.844126884422111 6.704368308351178 0.0
16 0.84 10.0 208.10989569160998 5.0858560090702944 6.506685150955022 0.0
16 0.86 8.002 212.4531192241871 5.403797914317925 7.100746041412911 0.0
16 0.86 9.001 212.25067621776503 5.222411736641221 6.894830371567044 0.0
16 0.88 10.0 216.35768734491316 5.372384201819686 7.033489278752437 0.0
16 0.9 4.5055 220.87693244739756 6.080392932489452 8.024448109616849 0.0
16 0.92 0.01 225.3076724832215 6.305499249249249 8.370160332541568 0.04711280955676587
16 0.94 7.5025 228.50796276595744 6.0574053697183095 7.9894960534304795 0.0
16 1.0 4.006 240.0 6.857927236315087 8.930193095377414 0.0
16 1.02 0.01 243.40566511627907 6.3330040322580645 8.38427067669173 0.04757135552948961
16 1.04 7.5025 246.4558512396694 7.612949775112444 9.62550083472454 0.0
16 1.06 8.002 249.39106363636364 8.18798076923077 10.195021309569935 0.0
16 1.06 9.001 249.2849186440678 8.359754575707155 10.336255296610169 0.0
16 1.08 4.006 252.8903422459893 7.666315628815629 9.724502369668247 0.0
16 1.1 1.5085 256.5367149059334 7.1964993169398905 9.193095987411487 0.0
16 1.1 3.5065 256.00546454767726 7.770759212198221 9.905434782608696 0.0
16 1.1 9.5005 254.43085836909873 9.748882799325465 11.544933145672061 0.0
16 1.12 4.006 258.7717328990228 8.196397637795275 10.19313871327631 0.0
16 1.14 6.004 260.6126732394366 9.37808784676354 11.243966227347611 0.0
16 1.14 6.5035 260.35190875462393 9.628456151035323 11.431449985586625 0.0
16 1.14 8.5015 259.6257606837607 10.447596870342773 12.168858392399336 0.0
16 1.18 5.005 266.2109592760181 9.548913902053712 11.410155350978135 0.0
16 1.2 7.5025 266.87307443365694 11.281324701195219 13.016744722731284 0.0
16 1.22 3.5065 272.7893668711656 9.194959677419355 11.153691275167786 0.0
16 1.22 9.5005 267.97666992882563 12.653401835594574 14.0 0.0
16 1.26 6.004 274.84855315870567 11.435057251908397 13.041048136645962 0.0
16 1.26 8.5015 272.82222830188675 12.790668362627198 14.003389457120377 0.0
16 1.28 0.01 287.74140219092334 6.355736607142857 8.417722710163112 0.0439483138604595
16 1.3 5.5045 279.80560975609757 11.713771489971347 13.119760421657881 0.0
16 1.32 6.004 281.3587331378299 12.26130729653882 13.310548125824072 0.0
16 1.32 6.5035 280.6975204968944 12.540842445328032 13.633168316831684 0.0
16 1.32 8.5015 279.21425702127664 13.534380182421227 15.0 0.0
16 1.34 5.005 284.7295703858186 11.825915055248618 13.154976092516401 0.0
16 1.36 0.5095 299.3652516556291 7.177840136054422 9.206423505572442 0.0
16 1.36 1.009 297.5341942078365 7.7932898259705485 9.951036585365854 0.0
16 1.38 5.5045 288.29453231939164 12.497367571059431 13.664277132559072 0.0
16 1.4 7.003 289.3306017191977 13.536267724510466 14.04971492017765 0.0
16 1.42 4.006 295.54954777070066 11.721908783783784 13.120784494693124 0.0
16 1.44 0.01 315.04845933014354 6.356962809917356 8.408929119361767 0.04345737932701021
16 1.48 4.5055 301.48894079216007 12.68638440860215 13.792139113863744 0.0
16 1.5 5.005 302.3755947497949 13.159628080985916 14.041923577284967 0.0
16 1.52 3.007 309.5129324324324 11.48892967542504 13.047980030721966 0.0
16 1.54 4.5055 306.56261410018556 13.144875979112271 14.039540808589367 0.0
16 1.54 8.002 305.34 14.625 15.0 0.0
16 1.54 9.001 304.8 14.875 15.0 0.0
16 1.56 4.5055 309.3803738546121 13.294465272296764 14.046653821838216 0.0
16 1.6 10.0 312.0 15.0 15.0 0.0
16 1.64 4.5055 318.72 13.733458737864078 15.0 0.0
16 1.66 5.5045 319.2 14.875 15.0 0.0
16 1.68 0.5095 348.8249053497943 7.758087349397591 9.890605546123373 0.0
16 1.68 1.009 342.83930133333337 8.855739379084968 10.991592920353982 0.0
16 1.7 5.5045 324.0 14.242159926470588 15.0 0.0
16 1.72 6.004 327.12 14.5 15.0 0.0
16 1.72 6.5035 326.4 14.875 15.0 0.0
16 1.72 8.5015 326.4 15.0 15.0 0.0
16 1.74 1.5085 344.42539162561576 10.285444972826086 12.090003503445054 0.0
16 1.74 3.5065 331.7270383480826 13.31421862509992 14.04417916754701 0.0
16 1.74 10.0 328.8 15.0 15.0 0.0
16 1.76 6.5035 331.2 14.625 15.0 0.0
16 1.78 3.007 337.38840675580576 12.941162842012357 14.028312365756367 0.0
16 1.8 7.5025 336.01896550027067 14.75 15.0 0.0
16 1.82 9.5005 338.4 15.0 15.0 0.0
16 1.84 4.006 342.48 13.81675641025641 15.0 0.0
16 1.86 5.005 344.06 14.35171946347032 15.0 0.0
16 1.9 1.5085 363.27247226624405 10.902935501653804 12.402172206228736 0.0
16 1.9 3.5065 348.9 13.819605920114123 15.0 0.0
16 1.9 10.0 348.0 15.0 15.0 0.0
16 1.92 5.005 351.32 14.75 15.0 0.0
16 1.96 4.006 356.16 14.554047277936963 15.0 0.0
16 1.96 5.005 356.16 14.474678072111846 15.0 0.0
16 1.98 7.5025 357.6 15.0 15.0 0.0
16 1.98 8.002 357.6 15.0 15.0 0.0
16 1.98 9.001 357.6 15.0 15.0 0.0
16 2.0 1.009 384.049417989418 9.936191275167785 11.889584487534625 0.0
18 0.02 0.01 70.83913821138212 7.2855676328473855 9.672497704315886 0.04131448292564786
18 0.08 7.5025 40.12 1.88888888889 17.0 0.0
18 0.1 4.006 49.5 2.33333333333 7.488374291115312 0.0
18 0.12 3.007 67.7847 3.152398800598176 5.300770156438026 0.0
18 0.14 5.5045 58.32 2.0 17.0 0.0
18 0.16 1.5085 86.93414925373135 4.368056913214523 6.24958324862777 0.0
18 0.16 10.0 63.24 1.88888888889 17.0 0.0
18 0.18 1.5085 93.36886206896551 4.545178197068604 6.429152046783626 0.0
18 0.18 10.0 69.02 1.88888888889 17.0 0.0
18 0.2 6.004 75.6 2.0 17.0 0.0
18 0.2 6.5035 75.6 2.0 17.0 0.0
18 0.2 8.5015 74.8 1.88888888889 17.0 0.0
18 0.22 10.0 80.58 1.88888888889 17.0 0.0
18 0.26 0.5095 122.36058333333334 6.10951557093316 8.298159057437408 0.0
18 0.26 1.009 118.84327083333334 5.382388140891049 7.40954165465552 0.0
18 0.26 2.5075 114.34792592592592 4.515375867168295 6.320812064965197 0.0
18 0.28 4.5055 100.8 2.33333333333 17.0 0.0
18 0.28 8.002 97.92 1.88888888889 17.0 0.0
18 0.28 9.001 97.92 1.88888888889 17.0 0.0
18 0.3 0.5095 132.90317567567567 6.170734577238165 8.361516119663085 0.0
18 0.3 1.009 129.97586826347305 5.560839843754391 7.578058912386707 0.0
18 0.3 2.5075 125.49971962616823 4.7370074370100665 6.532303090727817 0.0
18 0.32 6.004 110.84 2.11111111111 17.0 0.0
18 0.32 6.5035 110.84 2.11111111111 17.0 0.0
18 0.32 8.5015 109.48 1.88888888889 17.0 0.0
18 0.36 6.004 121.04 1.88888888889 17.0 0.0
18 0.36 6.5035 121.68 2.0 17.0 0.0
18 0.36 8.5015 121.04 1.88888888889 17.0 0.0
18 0.38 3.007 140.42850609756098 4.213461047252016 6.919097995545657 0.0
18 0.4 1.5085 155.26381308411214 5.591764322920749 7.503203434610304 0.0
18 0.42 0.5095 164.30496153846155 6.463618618615708 8.761075481006413 0.0
18 0.42 1.009 162.1702222222222 5.970578386606078 8.1087972166998 0.0
18 0.44 6.5035 145.28 2.11111111111 17.0 0.0
18 0.46 4.006 154.1939742331288 2.7641922290412126 16.0438905830138 0.0
18 0.48 5.005 157.7128025 2.314701388885742 17.0 0.0
18 0.5 1.009 182.68071770334927 6.219711143933467 8.29122678396872 0.0
18 0.52 4.006 172.28081486988847 3.0464849235848304 8.435955831608005 0.0
18 0.52 5.005 168.31773134328358 2.129104477610649 17.0 0.0
18 0.54 9.5005 173.56591071211938 2.0110895439900762 17.0 0.0
18 0.56 6.004 180.79331032278682 2.382149071406995 17.0 0.0
18 0.56 6.5035 180.6 2.33333333333 17.0 0.0
18 0.56 8.5015 179.28243707722189 2.0006154235408746 17.0 0.0
18 0.58 5.005 188.0911976534296 2.8071951464118756 17.0 0.0
18 0.6 4.006 203.4965806451613 5.348115821553737 7.276449834619625 0.0
18 0.64 4.006 214.76089932885904 5.623557571180383 7.249010224059169 0.0
18 0.66 7.5025 209.60504323725056 2.4983801428922083 17.0 0.0
18 0.66 8.002 209.18257464415757 2.3603185111589995 17.0 0.0
18 0.66 9.001 208.7831621284037 2.2297915452276684 17.0 0.0
18 0.68 1.5085 227.63345583038867 6.495186953062463 8.495416953824948 0.0
18 0.7 9.5005 220.2 2.22222222222 17.0 0.0
18 0.72 4.006 235.60239595619208 5.923324286537489 7.903523194362889 0.0
18 0.76 2.008 247.34188876276957 6.615100370800422 8.683158355205599 0.0
18 0.76 2.5075 246.84741978021978 6.451443494772944 8.366188413643746 0.0
18 0.84 4.5055 266.27726315789477 6.383096205958228 8.261318728522337 0.0
18 0.86 0.01 273.0917615658363 7.290432702758565 9.706334622823984 0.04840134623474968
18 0.86 3.007 271.78518644067793 6.786413415470993 9.020237934297688 0.0
18 0.88 4.5055 276.4888350515464 6.6517946317138446 8.716773897058824 0.0
18 0.92 1.009 286.98802828854315 7.393592264827267 9.644692005242463 0.0
18 0.96 0.5095 296.5697051792829 7.510063897764383 9.842142468733007 0.0
18 0.96 2.008 296.48675965130764 7.4993055555555 9.76655034895314 0.0
18 0.96 2.5075 296.4584032697548 7.457371007367597 9.641941150636804 0.0
18 0.98 0.5095 301.2855205882353 7.522439024392039 9.948614457831326 0.0
18 0.98 1.009 301.27522074074074 7.597622377626402 10.01919920769666 0.0
18 0.98 2.5075 301.2577976391231 7.61321274763522 9.960591430295715 0.0
18 1.02 0.5095 310.3548241758242 7.609961102659067 10.026809690601285 0.0
18 1.02 1.009 310.3433138461538 7.72415100560777 10.084646827992152 0.0
18 1.06 0.01 319.1098550185873 7.326177411976619 9.725960591133004 0.04788634996993386
18 1.06 3.007 318.6756744966443 8.29914669571233 10.569185591229443 0.0
18 1.1 7.5025 325.2088696808511 10.448625345655989 12.67008888888889 0.0
18 1.1 8.002 325.09621753246756 10.645223820978723 12.957186358099879 0.0
18 1.12 1.5085 331.37841624365484 8.268452071413504 10.519602169981917 0.0
18 1.14 5.5045 332.8182195121951 10.512763532773743 12.725298438934802 0.0
18 1.18 1.5085 343.52121 8.59859202714566 11.031597616345062 0.0
18 1.18 3.5065 341.38000975609754 9.922082239720813 12.177271889400922 0.0
18 1.18 9.5005 336.50979916317993 13.513648148159067 15.081544748671844 0.0
18 1.2 0.01 349.7240695652174 7.379895104891306 9.792384453781512 0.04607946501189867
18 1.22 7.5025 343.2637014028056 13.355268905233379 15.048942239125267 0.0
18 1.24 4.5055 349.8798823529412 11.567723295403967 13.667523167649536 0.0
18 1.26 5.5045 351.31362898550725 12.80342190018069 14.979621451104101 0.0
18 1.28 0.5095 365.6733572496263 8.085205535204684 10.343382149765128 0.0
18 1.28 1.009 364.3062516129032 8.604038680322503 11.042299883990719 0.0
18 1.28 2.5075 360.1289272419628 10.251648351623187 12.405357142857143 0.0
18 1.32 5.5045 359.5888380520951 13.601087244802553 15.118172474046665 0.0
18 1.34 1.5085 373.8138682042834 9.513195709371628 11.894114285714286 0.0
18 1.34 3.5065 366.8732357142857 12.086684587804951 14.078799269681022 0.0
18 1.34 9.5005 358.7046402976307 15.938621965982364 17.0 0.0
18 1.36 6.004 364.57367581047384 14.519031339046563 16.0 0.0
18 1.36 6.5035 363.9786582278481 14.79859577370794 16.016360191340002 0.0
18 1.36 8.5015 362.16 15.845650953999723 17.0 0.0
18 1.4 4.5055 372.7231498470948 13.824715376872984 15.184093951563831 0.0
18 1.44 0.5095 398.57759021406724 8.3948351438878 10.75610593428151 0.0
18 1.44 1.009 395.0056013071895 9.222336433347426 11.482299698290312 0.0
18 1.46 2.008 392.16580569948184 11.07122660293991 13.168498230237654 0.0
18 1.5 1.5085 402.0233703190014 10.437643097599334 12.581892206281504 0.0
18 1.5 3.5065 390.4032194480946 13.679584185444448 15.127294386734013 0.0
18 1.52 5.005 388.4760644391408 15.243233763270538 16.04734213772149 0.0
18 1.54 0.01 424.23745742574255 7.338204707166842 9.721483996120272 0.04328398791540786
18 1.54 3.007 398.0350438871473 13.228805082431837 15.025311142204876 0.0
18 1.58 0.5095 426.43065283018865 8.615540911590884 11.056023639945446 0.0
18 1.58 2.008 410.5756236391913 11.923961499501019 14.027434067023597 0.0
18 1.58 2.5075 406.08261257142857 12.77586047588289 14.50023163467902 0.0
18 1.6 4.5055 401.21814528593507 15.298600890312649 16.049172796877347 0.0
18 1.6 9.001 397.8 17.0 17.0 0.0
18 1.62 2.008 416.7073738317757 12.197964796459852 14.142113924050633 0.0
18 1.66 4.006 409.0196867833434 15.285298029230326 16.0474567604151 0.0
18 1.68 6.004 411.4 16.36927402859293 17.0 0.0
18 1.68 6.5035 410.72 16.35742064180184 17.0 0.0
18 1.72 5.5045 417.6 16.55813738404218 17.0 0.0
18 1.74 7.5025 419.96 16.77875056954178 17.0 0.0
18 1.74 8.002 419.22 16.8888888889 17.0 0.0
18 1.74 9.001 419.22 17.0 17.0 0.0
18 1.78 5.005 427.68 16.134212576502996 17.0 0.0
18 1.86 3.5065 438.596727306968 15.488556358206646 16.048172527802826 0.0
18 1.86 9.5005 437.58 17.0 17.0 0.0
18 1.88 4.006 441.52 15.854341226486941 17.0 0.0
18 1.88 5.005 441.52 16.498247671854717 17.0 0.0
18 1.9 7.5025 443.7 17.0 17.0 0.0
18 1.9 8.002 443.7 17.0 17.0 0.0
18 1.9 9.001 443.7 17.0 17.0 0.0
18 1.92 1.5085 466.5499132720105 12.654612482887762 14.366267082234476 0.0
18 1.92 3.5065 449.85338917716825 15.65611301156359 17.0 0.0
18 1.94 2.008 462.42282478218783 13.925303819451914 15.224950128241664 0.0
18 1.94 2.5075 455.9737978021978 14.804595555575096 16.024210396573505 0.0
18 1.96 1.5085 472.533225433526 12.860575048746886 14.510140754958414 0.0
18 1.98 0.01 519.9409208633093 7.355822058217024 9.77047223663726 0.037321781425748594
18 1.98 3.007 458.9697986406117 15.633943720293175 17.0 0.0
18 2.0 9.5005 459.0 17.0 17.0 0.0
20 0.0 0.5095 59.694105263157894 5.96941052631579 8.43346787756475 0.0
20 0.0 1.009 40.88635607321132 4.088635607321131 6.22968533086534 0.0
20 0.0 2.5075 19.013598150483396 1.9013598150483395 3.027543236915641 0.0
20 0.02 0.5095 67.69041176470589 6.052674199623352 8.53374501992032 0.0
20 0.02 1.009 51.828562500000004 4.35572202166065 6.49293109603713 0.0
20 0.02 2.5075 35.238 2.3774361313868613 4.123958333333333 0.0
20 0.08 0.01 106.82394701986756 8.246778656126482 11.011800947867298 0.042068485691814386
20 0.1 1.5085 82.41427672955976 4.345505350772889 6.41601756954612 0.0
20 0.12 5.005 63.2 2.0 19.0 0.0
20 0.16 4.5055 77.6 2.0 18.045418098510883 0.0
20 0.16 8.002 76.76 1.9 19.0 0.0
20 0.16 9.001 76.76 1.9 19.0 0.0
20 0.18 4.5055 85.62 2.1 19.0 0.0
20 0.18 9.001 83.98 1.9 19.0 0.0
20 0.22 4.5055 101.54 2.3 19.0 0.0
20 0.22 9.001 98.42 1.9 19.0 0.0
20 0.24 0.5095 145.0066923076923 6.807334337349397 9.274794871794871 0.0
20 0.24 2.008 135.079904 5.084785801713586 7.154886075949367 0.0
20 0.24 2.5075 133.54945833333335 4.856640350877193 7.052239590174701 0.0
20 0.26 6.004 114.34 2.1 19.0 0.0
20 0.26 6.5035 112.86 1.9 19.0 0.0
20 0.26 8.5015 112.86 1.9 19.0 0.0
20 0.28 3.007 131.66187916152896 3.5065050732807217 7.2704927057528215 0.0
20 0.3 6.004 128.7 2.1 19.0 0.0
20 0.3 6.5035 128.0 2.0 19.0 0.0
20 0.3 8.5015 127.3 1.9 19.0 0.0
20 0.32 5.5045 136.56 2.2 19.0 0.0
20 0.38 5.005 158.04 2.2 19.0 0.0
20 0.4 4.5055 166.4 2.4 19.0 0.0
20 0.4 9.001 163.4 1.9 19.0 0.0
20 0.42 6.004 172.36 2.2 19.0 0.0
20 0.42 6.5035 172.36 2.2 19.0 0.0
20 0.48 1.5085 218.462 6.495242718446602 8.74925588094095 0.0
20 0.48 3.5065 201.2502585635359 3.625049723756906 8.416153846153847 0.0
20 0.5 6.5035 202.0047672552167 2.4009534510433386 19.0 0.0
20 0.5 9.5005 200.5 2.1 19.0 0.0
20 0.52 1.5085 231.2478035714286 6.609563794983642 8.979034229828851 0.0
20 0.56 5.5045 225.40831651090343 2.8655264797507787 19.0 0.0
20 0.58 1.5085 250.62371548117153 6.837276119402985 9.144466690935566 0.0
20 0.58 3.5065 246.56962561576356 6.010999138673557 8.140880619012528 0.0
20 0.6 1.5085 256.892158808933 6.908398314014753 9.162275334608031 0.0
20 0.64 1.5085 269.66960975609754 7.0200984682713345 9.296787439613526 0.0
20 0.66 0.01 280.02433974358974 8.308987341772152 11.035003306878307 0.04714148161521334
20 0.66 3.007 273.8802908163265 6.525535714285714 8.50519658119658 0.0
20 0.68 4.5055 278.5980925925926 6.214570815450644 8.144067243349111 0.0
20 0.68 8.002 267.367368707483 2.8023027210884353 19.0 0.0
20 0.68 9.001 266.46798999642726 2.5212468738835296 19.0 0.0
20 0.72 1.5085 294.87278414096915 7.3534100135318 9.735813730196831 0.0
20 0.78 0.5095 314.8074508009153 8.037169811320755 10.570178349232684 0.0
20 0.78 2.008 313.05981159420287 7.380486725663717 9.73379674017258 0.0
20 0.78 2.5075 312.61831466666666 7.210417910447761 9.407074626865672 0.0
20 0.82 0.5095 326.84842285714285 8.106210873146622 10.680642159143789 0.0
20 0.82 2.008 325.5611742112483 7.5728877887788775 10.051169977924944 0.0
20 0.82 2.5075 325.21383808437855 7.414063876651983 9.714212962962963 0.0
20 0.84 3.007 331.1465619834711 7.396537267080745 9.688322813345357 0.0
20 0.88 3.007 343.6384646464646 7.643012195121951 10.065638428483732 0.0
20 0.9 4.006 349.59546376811596 7.575299727520436 10.022994880546076 0.0
20 0.9 5.005 349.40244329896905 7.393206751054852 9.636085498742666 0.0
20 0.92 6.5035 355.4779482564679 7.344100558659218 9.56188850967008 0.0
20 0.94 0.5095 362.35141088180114 8.350856672158155 11.039757709251102 0.0
20 0.94 1.009 362.31634349919744 8.362288288288289 11.022442519160279 0.0
20 0.94 2.5075 362.11569100169777 8.15549483013294 10.583180183779465 0.0
20 0.96 6.004 367.9905471698113 7.975188087774295 10.3642305570877 0.0
20 0.96 8.5015 367.89367351874245 7.734142512077295 10.124729115693814 0.0
20 0.98 6.004 374.0592021466905 8.292994652406417 10.835145317545749 0.0
20 0.98 6.5035 374.048634965035 8.242555865921787 10.73477626459144 0.0
20 0.98 8.5015 374.02906006006003 8.145300300300299 10.567005870841488 0.0
20 1.0 4.5055 380.0 8.677743682310469 11.204377830493854 0.0
20 1.02 6.004 385.34697849462367 9.119522342064714 11.660462016881386 0.0
20 1.02 6.5035 385.3323516068053 9.135459363957597 11.757486229344016 0.0
20 1.02 8.5015 385.29492 9.268392857142857 12.005276417074878 0.0
20 1.04 0.5095 390.86683265306124 8.583340336134453 11.177696640934697 0.0
20 1.04 1.009 390.82648192771086 8.72341155234657 11.257960860111139 0.0
20 1.04 2.5075 390.715429844098 9.000253353204172 11.527989437947944 0.0
20 1.06 1.009 396.2015831932773 8.816723076923077 11.338621839399833 0.0
20 1.08 4.5055 400.5147833001988 10.084456066945606 12.650022311468094 0.0
20 1.1 0.01 407.31955339805825 8.308915887850468 11.060412092551934 0.04831555221637866
20 1.12 4.5055 409.8473742574257 10.829644351464436 13.294357527571172 0.0
20 1.12 8.002 407.92188124999996 12.674787018255577 15.085435343239592 0.0
20 1.12 9.001 407.3936304654443 13.070985626283367 15.278334767641997 0.0
20 1.16 0.5095 423.0225666666667 8.851392649903289 11.389625798600548 0.0
20 1.16 2.008 421.2466769230769 9.908733108108109 12.424795725958516 0.0
20 1.16 2.5075 420.6964861878453 10.280354166666667 12.995359186268278 0.0
20 1.18 7.5025 419.5501294117647 14.013522336769759 16.119054634745243 0.0
20 1.18 8.002 418.82046679316886 14.362744014732966 16.25550320392009 0.0
20 1.2 0.5095 433.56244803695154 8.927698815566837 11.519099890230516 0.0
20 1.2 1.009 432.6425367647059 9.390534188034188 12.073799342105263 0.0
20 1.2 2.5075 429.9358169934641 10.688508158508158 13.217955801104972 0.0
20 1.26 4.006 439.57201766784453 12.97719262295082 15.218546320029294 0.0
20 1.28 6.004 439.414495 15.060842767295597 17.001480420248328 0.0
20 1.28 6.5035 438.60945132743365 15.534266666666667 17.107000614088957 0.0
20 1.28 8.5015 435.82136870997255 16.65239564428312 18.008009898819033 0.0
20 1.3 2.008 453.7030377358491 11.114430641821945 13.599788762146176 0.0
20 1.32 4.006 450.9114954954955 13.80385993485342 16.035166036985483 0.0
20 1.34 7.5025 448.11834699103713 16.825796915167096 18.031729093410792 0.0
20 1.34 8.002 447.3026216216216 17.19777905638665 18.042994862496222 0.0
20 1.34 9.001 446.4468563411897 17.631942224953903 19.0 0.0
20 1.36 5.5045 454.1654054878049 15.69566844919786 17.214589959894898 0.0
20 1.38 2.008 471.08834982332155 11.8154 14.218899082568807 0.0
20 1.42 4.5055 467.0314543610548 15.645427927927928 17.172595078299775 0.0
20 1.44 6.004 467.4227363100253 16.959241486068112 18.04096608116293 0.0
20 1.44 6.5035 466.2567355163728 17.1201185770751 18.04550441570968 0.0
20 1.44 8.5015 464.92 18.30171742943709 19.0 0.0
20 1.48 5.005 476.20849170252 16.837005119453924 18.03491603937464 0.0
20 1.5 7.5025 476.5 18.235038617138652 19.0 0.0
20 1.5 8.002 475.5 18.60226506986028 19.0 0.0
20 1.5 9.001 475.5 18.8 19.0 0.0
20 1.52 3.5065 487.8910181818182 15.603419913419913 17.156772548602994 0.0
20 1.52 9.5005 479.32 18.8 19.0 0.0
20 1.56 4.006 493.21284605087016 16.512256983240224 17.963925883034165 0.0
20 1.56 5.005 490.37005621301773 17.191270053475936 18.04988598859886 0.0
20 1.58 6.004 491.362107958902 18.16375925204519 19.0 0.0
20 1.58 6.5035 490.78 18.374815932407966 19.0 0.0
20 1.58 8.5015 490.78 18.8 19.0 0.0
20 1.6 3.007 505.40354497354497 15.453239795918368 17.11810522541902 0.0
20 1.64 4.006 507.3469651376147 17.078729446935725 18.045878276589335 0.0
20 1.64 5.005 503.00994517282476 17.82612938005391 19.0 0.0
20 1.7 2.008 532.6712919463088 14.258339694656488 16.211365110246433 0.0
20 1.74 0.01 581.9455278969957 8.347643678160921 11.074370872746742 0.042068485691814386
20 1.74 3.007 528.869417336908 16.382750677506774 17.6040029379361 0.0
20 1.78 3.5065 533.3569619651347 17.243354922279792 18.045274201814948 0.0
20 1.78 9.5005 528.98 18.9 19.0 0.0
20 1.8 0.5095 583.3621015761822 10.258622754491018 12.9544437538844 0.0
20 1.8 1.009 570.0175778546712 12.042027027027027 14.39322462749508 0.0
20 1.8 2.5075 543.5560698689957 15.825400202634246 17.217231984743222 0.0
20 1.84 4.5055 541.28 18.6 19.0 0.0
20 1.86 7.5025 543.4 19.0 19.0 0.0
20 1.88 1.5085 573.4188130081301 14.085898876404494 16.103130328867234 0.0
20 1.9 0.01 625.3215071283096 8.372682403433476 11.063275705186534 0.04131448292564786
20 1.9 3.007 557.3251345206518 17.06927974947808 19.0 0.0
20 1.92 7.5025 554.8 19.0 19.0 0.0
20 1.92 8.002 554.8 19.0 19.0 0.0
20 1.92 9.001 554.8 19.0 19.0 0.0
20 1.96 4.5055 563.36 18.7 19.0 0.0
20 1.96 8.002 562.4 19.0 19.0 0.0
20 1.96 9.001 562.4 19.0 19.0 0.0
20 1.98 1.009 606.0247702479339 12.777024029574862 15.098702214698829 0.0
