0.0 0.665075342642 1.86706666667
0.02 0.999962463158 1.86666666667
0.04 2.42915000955 1.86666666667
0.06 2.72934667015 1.86666666667
0.08 2.98375548541 1.86666666667
0.1 0.999955408069 1.86666666667
0.12 3.41436594165 1.86666666667
0.14 3.60411979893 1.86666666667
0.16 3.78178914643 1.86666666667
0.18 3.94959748469 1.86666666667
0.2 4.10912906679 1.86666666667
0.22 4.26159356973 1.86666666667
0.24 4.40794537949 1.86666666667
0.26 4.54892177397 1.86666666667
0.28 4.68518262326 1.86666666667
0.3 4.81712637448 1.86666666667
0.32 4.94518677177 1.86666666667
0.34 5.06979035631 1.86666666667
0.36 5.19111982998 1.86666666667
0.38 5.30951007007 1.86666666667
0.4 5.42515912978 1.86666666667
0.42 5.53825668243 1.86666666667
0.44 5.64897331685 1.89628571429
0.46 5.75746027787 1.86666666667
0.48 5.86385058423 1.8790952381
0.5 5.96828925065 1.88125714286
0.52 6.0708494309 2.08867619047
0.54 6.1715924336 1.87713333334
0.56 6.270699545 1.99740952381
0.58 6.3682039299 1.96424761905
0.6 6.46417861285 2.0824
0.62 6.55869050675 2.07648571429
0.64 6.65184783342 2.12208571429
0.66 6.74361361725 2.29146666667
0.68 6.83407154777 2.36345714286
0.7 6.92330303014 0.0
0.72 7.0113339534 2.5982
0.74 7.09820519202 2.82149523809
0.76 7.18395465443 2.9104
0.78 7.26861754545 3.12263809524
0.8 7.35222659957 3.32779047619
0.82 7.43481229014 0.0
0.84 7.51640301747 4.99615238095
0.86 7.59703451015 5.39035238095
0.88 7.67669032684 5.64324761905
0.9 7.75547137867 5.80967619048
0.92 7.8333159425 6.0501047619
0.94 7.91028850573 0.0
0.96 7.98640603229 6.58864761905
0.98 8.06168475363 6.96048571429
1.0 8.13614017803 7.3817047619
1.02 8.20978710002 7.88894285714
1.04 8.28263841609 8.46901904762
1.06 8.35470921439 9.0477047619
1.08 8.4260123733 9.67640952381
1.1 8.49655965747 10.2668
1.12 8.56636227541 10.7363619048
1.14 8.6354096994 0.0
1.16 8.70377556876 11.6341619048
1.18 8.77140589852 12.030152381
1.2 8.83835091387 12.2700571429
1.22 8.90455904003 12.6212571429
1.24 8.97009849095 12.8455142857
1.26 9.0349566669 13.0519619048
1.28 9.09914059921 13.1538285714
1.3 9.16265684908 13.3530857143
1.32 9.22551155281 13.4440857143
1.34 9.28771044476 13.4999047619
1.36 9.34925888014 13.5674190476
1.38 9.41016185733 0.0
1.4 9.47042403989 0.0
1.42 9.53004977799 13.7063333333
1.44 9.58904312936 13.8800761905
1.46 9.6474248039 13.8853333333
1.48 9.70514242444 13.8449047619
1.5 9.76228442188 14.0
1.52 9.81875916028 13.8561904762
1.54 9.87464608038 13.8210666667
1.56 9.92991521949 13.9446666667
1.58 9.98457415084 13.8706857143
1.6 10.0386252949 13.9464571429
1.62 10.0920709319 13.9674571429
1.64 10.1449132171 0.0
1.66 10.1971541965 0.0
1.68 10.2487958212 13.8629238095
1.7 10.2998399618 13.9124952381
1.72 10.3502838721 14.0
1.74 10.4001307925 13.9058952381
1.76 10.4494128424 14.0
1.78 10.4980963679 13.9463047619
1.8 10.5461369092 14.0
1.82 10.5936774342 13.9142
1.84 10.6405800982 14.0
1.86 10.6868944652 14.0
1.88 10.7326233836 0.0
1.9 10.7778166272 0.0
1.92 10.8223845698 14.0
1.94 10.866392651 14.0
1.96 10.9098257726 14.0
1.98 10.9526858886 14.0
2.0 10.9949750264 14.0
