10 0.02 0.01 23.86631607367848 4.49421011579768 6.622757544849103 0.9922301553968921
10 0.02 10.0 11.266145677086989 1.8021899562019135 4.544219115617688 0.001619967600647987
10 0.08 0.5095 24.590955780884414 3.6753644927101448 5.819283614327714 0.6473270534589308
10 0.08 1.5085 21.062116757665194 2.761942761144849 4.92245155096898 0.2707745845083098
10 0.08 2.5075 19.656709665806574 2.377650446990787 4.737655246895062 0.11474770504589908
10 0.08 3.5065 18.823203935922272 2.1681826363469425 4.875712485750285 0.0501289974200516
10 0.08 4.5055 17.461150776982453 1.9558048839025521 6.273954520909582 0.008849823003539928
10 0.08 5.5045 17.266529069421562 1.9035699286017642 6.195896082078359 0.005879882402351953
10 0.08 6.5035 16.78205555888675 1.8358432831351157 6.698416031679367 0.0017099658006839863
10 0.08 7.5025 15.479999999993158 1.8000000000010403 9.0 2.999940001199976E-5
10 0.08 8.5015 16.039999999991757 1.8000000000010403 8.0 1.499970000599988E-4
10 0.08 9.5005 15.479999999993158 1.8000000000010403 9.0 2.999940001199976E-5
10 0.14 1.009 28.010655186897125 3.3322553548928875 5.502279954400912 0.4871002579948401
10 0.14 2.008 26.332108357833313 2.822721545569231 5.1378472430551385 0.24110517789644206
10 0.14 3.007 25.220005399891416 2.518029639407225 5.382072358552829 0.10628787424251515
10 0.14 4.006 23.30665566688627 2.181550368992477 6.898542029159417 0.025589488210235795
10 0.14 5.005 21.372662146755285 1.93107337853335 8.404661906761865 0.0021599568008639825
10 0.14 6.004 20.8023705525866 1.844873102539032 8.711735765284695 2.999940001199976E-4
10 0.14 7.003 20.340000000001336 1.8000000000010403 9.0 5.999880002399952E-5
10 0.14 8.002 20.588419031621857 1.8180416391683594 8.825673486530269 2.999940001199976E-4
10 0.14 9.001 20.340000000001336 1.8000000000010403 9.0 2.999940001199976E-5
10 0.26 0.5095 39.1270666586619 4.003077938441222 6.169316613667727 0.753554928901422
10 0.26 1.5085 37.5014411711803 3.4376552468949955 5.7114057718845626 0.4263514729705406
10 0.26 2.5075 36.42166556669531 3.1186236275273096 5.860742785144297 0.21683566328673426
10 0.26 3.5065 34.49209695806752 2.7007679846402106 7.073258534829304 0.07100857982840343
10 0.26 4.5055 31.476262674761355 2.1645347093055665 8.942221155576888 0.0030899382012359753
10 0.26 5.5045 30.835918881640307 2.0097078058432536 9.0 5.099898002039959E-4
10 0.26 6.5035 30.22398812026151 1.844321113578388 9.0 1.499970000599988E-4
10 0.26 7.5025 30.136322073583088 1.8206275874489912 9.0 0.0
10 0.26 8.5015 30.06000000002552 1.8000000000010403 9.0 2.999940001199976E-5
10 0.26 9.5005 30.06000000002552 1.8000000000010403 9.0 2.999940001199976E-5
10 0.32 1.009 42.91574368512605 3.8177176456471003 6.029369412611747 0.5955780884382312
10 0.32 2.008 41.932142557148545 3.4856842863142012 5.827083458330834 0.3363832723345533
10 0.32 3.007 40.57799364012666 3.1374032519348978 6.484460310793784 0.14366712665746684
10 0.32 4.006 36.94356512870261 2.338561228775396 8.664366712665746 0.012089758204835903
10 0.32 5.005 36.08494030119182 2.1401391972157517 8.995170096598068 0.0018299634007319853
10 0.32 6.004 35.23800923981691 1.8935321293586669 9.0 2.999940001199976E-4
10 0.32 7.003 35.16491750165677 1.8689146217086114 8.993370132597349 2.3999520009599807E-4
10 0.32 8.002 34.92000000000909 1.8000000000010403 9.0 5.999880002399952E-5
10 0.32 9.001 34.947865842691655 1.808195836084365 9.0 5.999880002399952E-5
10 0.44 0.5095 52.48595548089533 4.251244975100507 6.420651586968261 0.7992740145197096
10 0.44 1.5085 51.53647327054001 3.91368572628553 6.177506449871003 0.48080038399232017
10 0.44 2.5075 50.73390532189936 3.671386572268741 6.148617027659447 0.247885042299154
10 0.44 3.5065 49.275244495109106 3.2742545149097935 7.086518269634607 0.09047819043619128
10 0.44 4.5055 46.18373312532663 2.3487970240594414 8.974410511789765 0.005789884202315953
10 0.44 5.5045 45.525174296497255 2.1161336773265096 9.0 0.001619967600647987
10 0.44 6.5035 44.92976060476963 1.9034859302823204 9.0 3.599928001439971E-4
10 0.44 7.5025 44.862797144033244 1.8795704085932838 9.0 4.1999160016799666E-4
10 0.44 8.5015 44.99821923558013 1.9279354412918885 9.0 1.499970000599988E-4
10 0.44 9.5005 44.664577908422444 1.808777824444424 9.0 0.0
10 0.5 0.01 57.380422391552166 4.523675526489452 6.652696946061079 0.996340073198536
10 0.5 10.0 49.54844903101938 1.819379612408644 9.0 5.999880002399952E-5
10 0.62 0.5095 65.19411891761631 4.4636587268255035 6.613817723645527 0.7992740145197096
10 0.62 1.5085 64.53107817842859 4.2763304733904555 6.5196796064078715 0.499430011399772
10 0.62 2.5075 63.9750224995398 4.091978160436797 6.44780104397912 0.28247435051298975
10 0.62 3.5065 63.4133887322151 3.8718665626689064 6.627467450650987 0.14555708885822283
10 0.62 4.5055 62.56484970300277 3.4955540889185786 7.170996580068398 0.05957880842383152
10 0.62 5.5045 61.02437751245496 2.742389152216851 8.645077098458032 0.015989680206395872
10 0.62 6.5035 60.174840103204765 2.302243955120907 8.997510049799004 0.00509989800203996
10 0.62 7.5025 59.959765404707504 2.1893502129955635 9.0 0.00374992500149997
10 0.62 8.5015 59.6723087538259 2.038057238855539 9.0 0.0013199736005279894
10 0.62 9.5005 59.64198536029228 2.022097558049492 9.0 9.599808003839923E-4
10 0.8 1.009 77.1405711885762 4.652732945341069 6.8070438591228175 0.6578868422631547
10 0.8 2.008 76.80368992620183 4.566406671866568 6.757094858102838 0.46469070618587627
10 0.8 3.007 76.55918281634347 4.433881322373474 6.725865482690346 0.31856362872742544
10 0.8 4.006 76.36996460070677 4.301469970600424 6.605777884442311 0.2217255654886902
10 0.8 5.005 76.20150596988007 4.161978760424667 6.5146397072058555 0.14642707145857084
10 0.8 6.004 76.03399532009473 4.015827683446274 6.692206155876883 0.1014879702405952
10 0.8 7.003 75.70737385251913 3.700341993160174 7.228355432891342 0.06395872082558349
10 0.8 8.002 75.50305993880505 3.4987640247198004 7.573738525229495 0.04361912761744765
10 0.8 9.001 75.3107637847293 3.3093718125639184 7.600377992440151 0.02861942761144777
10 0.98 0.01 90.72962200758164 4.522889542209144 6.653146937061258 0.992440151196976
10 0.98 10.0 88.68411531771987 4.83968320633589 7.0125097498050035 0.4866202675946481
10 1.04 1.009 92.85637367254041 5.018833623327571 7.132087358252835 0.7108057838843224
10 1.04 2.008 92.64027239456763 5.136215275694492 7.238915221695566 0.6530269394612108
10 1.04 3.007 92.58076798465494 5.203641927161489 7.297234055318894 0.627377452450951
10 1.04 4.006 92.55170576589677 5.26783464330715 7.348803023939521 0.6093178136437272
10 1.04 5.005 92.54008519830622 5.311273774524519 7.385552288954221 0.5966880662386752
10 1.04 6.004 92.52584028320184 5.374698506029836 7.431781364372712 0.5832483350332993
10 1.04 7.003 92.51184976300915 5.44121917561648 7.4795404091918165 0.5754484910301794
10 1.04 8.002 92.50320033599576 5.484310313793717 7.5284994300114 0.5585588288234236
10 1.04 9.001 92.48884502309994 5.555774884502311 7.588468230635387 0.5395092098158036
10 1.16 0.5095 100.90780104398894 5.002597948041031 7.107367852642947 0.749715005699886
10 1.16 1.5085 100.18971860563265 5.350980980380358 7.414951700965981 0.6112077758444832
10 1.16 2.5075 99.9365524689483 5.594186116277636 7.619937601247975 0.5293694126117477
10 1.16 3.5065 99.70173396531382 5.876138477230483 7.840013199736005 0.46697066058678827
10 1.16 4.5055 99.48930461389773 6.138717225655456 8.025469490610188 0.38252234955300896
10 1.16 5.5045 99.2725397491939 6.409455810883813 8.222085558288834 0.3130737385252295
10 1.16 6.5035 99.06112437750123 6.673594528109384 8.402591948161037 0.24683506329873403
10 1.16 7.5025 98.86406911860604 6.919913601727821 8.537889242215156 0.19109617807643847
10 1.16 8.5015 98.64697906040833 7.191276174476498 8.684646307073859 0.1379372412551749
10 1.16 9.5005 98.50510829782004 7.368614627707492 8.783254334913302 0.10778784424311513
10 1.22 1.009 104.13375292494463 5.291708165836654 7.366862662746745 0.6350272994540109
10 1.22 2.008 103.61218995619917 5.645245095098035 7.652996940061199 0.5133797324053518
10 1.22 3.007 103.17415011698967 6.026261474770565 7.956320873582528 0.4180116397672047
10 1.22 4.006 102.74212455749715 6.416649667006677 8.219655606887862 0.30956380872382555
10 1.22 5.005 102.34162116756467 6.7803443931121965 8.462380752384952 0.22310553788924223
10 1.22 6.004 101.99124077517648 7.098872022559552 8.653326933461331 0.15584688306233876
10 1.22 7.003 101.64745365092207 7.41140577188465 8.792284154316913 0.0999580008399832
10 1.22 8.002 101.35725745484898 7.6752204955901036 8.890112197756045 0.06500869982600348
10 1.22 9.001 101.08626687466135 7.921575568488632 8.940781184376313 0.041909161816763664
10 1.34 0.5095 112.23168656625862 5.149781004379927 7.23822523549529 0.7026759464810703
10 1.34 1.5085 110.81726885462959 5.769610607787882 7.74992500149997 0.4879102417951641
10 1.34 2.5075 109.79399892003605 6.357700845983001 8.199856002879942 0.32747345053098936
10 1.34 3.5065 108.82071338574502 6.929039419211513 8.543559128817424 0.1896562068758625
10 1.34 4.5055 108.05091558169995 7.381814363712726 8.78817423651527 0.10376792464150716
10 1.34 5.5045 107.34109137817755 7.799358012839836 8.927941441171177 0.05114897702045959
10 1.34 6.5035 106.81668926620989 8.107829843403234 8.978130437391252 0.0251094978100438
10 1.34 7.5025 106.41453170935426 8.344393112138055 8.996730065398692 0.011639767204655907
10 1.34 8.5015 106.27743625127125 8.425037499249871 8.99895002099958 0.00752984940301194
10 1.34 9.5005 105.71671266571596 8.754874902500884 8.999490010199796 0.0026699466010679787
10 1.4 0.01 119.72920141597112 4.547579048419034 6.668356632867343 0.9854502909941801
10 1.4 10.0 108.43620327592753 8.781898362032306 9.0 0.0011699766004679907
10 1.52 0.5095 123.2804163916518 5.316415671686535 7.368002639947201 0.6508669826603468
10 1.52 1.5085 120.63897282059314 6.219199616007685 8.08309833803324 0.3617327653446931
10 1.52 2.5075 118.45376492475124 7.056296874062501 8.623657526849463 0.15911681766364671
10 1.52 3.5065 116.70217315655493 7.729933401332035 8.912941741165177 0.05843883122337553
10 1.52 4.5055 115.42516709664221 8.221089578208973 8.989530209395813 0.018719625607487852
10 1.52 5.5045 114.8142833143017 8.456044879101347 8.997930041399172 0.007679846403071938
10 1.52 6.5035 113.89455690880517 8.809785804283408 9.0 0.001619967600647987
10 1.52 7.5025 113.88875382487012 8.812017759644302 9.0 0.0013499730005399892
10 1.52 8.5015 113.65708285828723 8.901121977559367 9.0 2.699946001079978E-4
10 1.52 9.5005 113.48851262968785 8.965956680865103 9.0 0.0
10 1.7 1.009 131.68449631007417 6.096832063358787 7.996790064198716 0.4017219655606888
10 1.7 2.008 127.7752294954109 7.207091858162763 8.697186056278875 0.13277734445311093
10 1.7 3.007 124.96230575387904 8.010769784604577 8.967540649187017 0.03236935261294774
10 1.7 4.006 123.16797564050033 8.523435531288413 8.998080038399232 0.006029879402411952
10 1.7 5.005 122.52068458631021 8.70837583248275 9.0 0.0016499670006599868
10 1.7 6.004 122.13471230579675 8.818653626924172 9.0 5.699886002279955E-4
10 1.7 7.003 121.60415791684696 8.970240595186652 9.0 8.999820003599928E-5
10 1.7 8.002 121.75650986983953 8.926711465768376 9.0 2.999940001199976E-5
10 1.7 9.001 121.57402351953553 8.978850422990309 9.0 5.999880002399952E-5
10 1.88 0.01 152.81860442792413 4.562182756344851 6.6966460670786585 0.9786404271914562
10 1.88 10.0 129.60000000005297 9.0 9.0 0.0
12 0.06 0.5095 32.92312533749394 4.358312833743315 6.8933821323573525 0.619637607247855
12 0.06 1.5085 26.48741105177874 3.045454090918081 5.494840103197936 0.22937541249175017
12 0.06 2.5075 24.259277614447186 2.5468590628186316 5.123477530449391 0.08948821023579528
12 0.06 3.5065 22.892537349253942 2.254759904801966 5.314843703125938 0.03227935441291174
12 0.06 4.5055 21.866117477650302 2.072328553428802 5.803263934721306 0.009359812803743926
12 0.06 5.5045 20.678380032396277 1.9612607747827757 7.358222835543289 0.0030899382012359753
12 0.06 6.5035 20.001930161395634 1.8861722765513282 8.138747225055498 4.7999040019199615E-4
12 0.06 7.5025 18.260000000006812 1.833333333328946 11.0 0.0
12 0.06 8.5015 18.260000000006812 1.833333333328946 11.0 0.0
12 0.06 9.5005 18.260000000006812 1.833333333328946 11.0 0.0
12 0.12 1.009 37.37915521689687 3.839493210135769 6.350062998740025 0.4462410751784964
12 0.12 2.008 34.603721125576655 3.1526519469610754 5.791144177116458 0.20999580008399832
12 0.12 3.007 32.80620867582508 2.7382402351952826 6.179936401271974 0.08570828583428332
12 0.12 4.006 29.752386152274298 2.3000839983201717 8.58252834943301 0.014069718605627888
12 0.12 5.005 27.058407631848382 1.9900801983951606 10.280854382912342 8.099838003239935E-4
12 0.12 6.004 25.770530989392316 1.8776774464479273 10.984820303593928 1.1999760004799904E-4
12 0.12 7.003 25.587081058390666 1.8460380792343978 11.0 5.999880002399952E-5
12 0.12 8.002 25.52000000001148 1.833333333328946 11.0 5.999880002399952E-5
12 0.12 9.001 25.74986020280759 1.8768674626471633 11.0 0.0
12 0.24 0.5095 54.24286434270315 4.7387002259954665 7.290784184316314 0.7300353992920141
12 0.24 1.5085 51.48991300174328 3.9663056738865485 6.581838363232736 0.3983920321593568
12 0.24 2.5075 49.97600407992862 3.5611537769243955 6.559488810223796 0.20456590868182636
12 0.24 3.5065 44.845685486301456 2.702765944681426 9.627767444651107 0.03626927461450771
12 0.24 4.5055 40.9611363772969 2.0314543709112916 10.991360172796544 7.199856002879943E-4
12 0.24 5.5045 40.7633839323446 1.991970160596323 11.0 2.0999580008399833E-4
12 0.24 6.5035 40.55554328915103 1.9463910721763775 11.0 1.1999760004799904E-4
12 0.24 7.5025 40.04000000001902 1.833333333328946 11.0 0.0
12 0.24 8.5015 40.04000000001902 1.833333333328946 11.0 0.0
12 0.24 9.5005 40.095653686945965 1.8455380892341833 11.0 0.0
12 0.3 0.01 63.24742905141954 5.500894982100342 8.029939401211976 0.9942401151976961
12 0.3 10.0 47.30000000002835 1.833333333328946 11.0 0.0
12 0.42 0.5095 74.03790304194035 5.055183896322033 7.606167876642467 0.7816943661126777
12 0.42 1.5085 72.39733845323377 4.534799304013916 7.141417171656567 0.4518509629807404
12 0.42 2.5075 71.2056698866069 4.215490690186293 7.131997360052799 0.23264534709305815
12 0.42 3.5065 67.5886650266935 3.368162636747323 9.482960340793184 0.05318893622127557
12 0.42 4.5055 64.16264054718631 2.506114877702013 10.999370012599748 0.004799904001919961
12 0.42 5.5045 63.59702645946889 2.3439731205378247 11.0 0.0021899562008759824
12 0.42 6.5035 62.80972700545312 2.1177376452476326 11.0 5.699886002279955E-4
12 0.42 7.5025 62.13822223557647 1.9247765044681606 11.0 8.999820003599928E-5
12 0.42 8.5015 61.820000000020535 1.833333333328946 11.0 0.0
12 0.42 9.5005 61.97021119579746 1.8764974700469783 11.0 0.0
12 0.6 1.009 92.29660406791858 5.123527529449386 7.687616247675047 0.6402171956560869
12 0.6 2.008 91.42348953020989 4.838973220535578 7.491480170396592 0.373972520549589
12 0.6 3.007 90.64897102058018 4.5891482170356985 7.451430971380573 0.19598608027839443
12 0.6 4.006 89.44148317033532 4.1626017479650645 8.105267894642108 0.08672826543469131
12 0.6 5.005 87.39689806203869 3.3871072578547587 9.738015239695207 0.025409491810163796
12 0.6 6.004 85.5495770084703 2.6456570868586846 11.0 0.006449871002579949
12 0.6 7.003 84.92408951819068 2.385037299254118 11.0 0.0030299394012119757
12 0.6 8.002 84.53028139433847 2.22095058098952 11.0 9.599808003839923E-4
12 0.6 9.001 84.1743325133351 2.072638547228748 11.0 5.999880002399952E-4
12 0.78 0.01 111.60993400131888 5.519589608207837 8.041459170816584 0.995440091198176
12 0.78 10.0 106.43817003658087 2.6349773004535813 10.996820063598728 0.009239815203695927
12 0.9 0.5095 122.85971680566347 5.676811463770731 8.213595728085439 0.8318233635327293
12 0.9 1.5085 122.44429411411751 5.694166116677666 8.225835483290334 0.6506569868602627
12 0.9 2.5075 122.25415191696204 5.592493150136977 8.134247315053699 0.5240595188096238
12 0.9 3.5065 122.1391852162947 5.4875502489949834 8.036839263214736 0.4313313733725325
12 0.9 4.5055 122.04569208615776 5.372092558148795 7.958600827983441 0.3554028919421612
12 0.9 5.5045 121.96517069658643 5.256789864202712 7.831313373732526 0.29459410811783765
12 0.9 6.5035 121.91345173096441 5.180806383872343 7.7992740145197095 0.24878502429951402
12 0.9 7.5025 121.85331493370126 5.085483290334174 7.72157556848863 0.20789584208315834
12 0.9 8.5015 121.78380932381555 4.971440571188528 7.634577308453831 0.16778664426711465
12 0.9 9.5005 121.74986200276015 4.915671686566208 7.599658006839864 0.14081718365632687
12 0.96 0.01 129.7615227695503 5.50363492730145 8.02744945101098 0.9950200995980081
12 0.96 10.0 128.02790904182874 5.4490210195795665 8.032609347813043 0.3853122937541249
12 1.02 1.009 134.18271254572156 5.930501389972193 8.440091198176036 0.7744645107097858
12 1.02 2.008 133.98878922418234 6.029819403611914 8.53194936101278 0.7240355192896142
12 1.02 3.007 133.9334265314332 6.094913101737934 8.580938381232375 0.7122157556848863
12 1.02 4.006 133.91192416147936 6.123142537149285 8.604307913841723 0.7011159776804464
12 1.02 5.005 133.90325493486114 6.1573918521629 8.642047159056819 0.6898962020759585
12 1.02 6.004 133.89810463786782 6.189346213075747 8.671626567468651 0.6899862002759944
12 1.02 7.003 133.89243415127697 6.230990380192449 8.704055918881622 0.6789464210715785
12 1.02 8.002 133.888305633846 6.264374712505729 8.75127497450051 0.6705165896682066
12 1.02 9.001 133.88453530925165 6.296814063718736 8.763364732705346 0.6623567528649427
12 1.14 0.5095 145.9439713205764 5.948241035179324 8.439491210175797 0.8007739845203096
12 1.14 1.5085 145.21842683146627 6.341988160236816 8.79330413391732 0.6779864402711946
12 1.14 2.5075 144.93298434031274 6.618287634247295 9.03869922601548 0.5944681106377873
12 1.14 3.5065 144.6649763004755 6.925456490870193 9.294714105717885 0.5257994840103198
12 1.14 4.5055 144.39748065038933 7.241420171596572 9.534709305813884 0.4510409791804164
12 1.14 5.5045 144.13314153716848 7.555783884322362 9.788294234115318 0.37298254034919304
12 1.14 6.5035 143.89863502729784 7.834958300834016 9.97630047399052 0.30710385792284156
12 1.14 7.5025 143.61239395212118 8.175721485570392 10.21332573348533 0.23606527869442612
12 1.14 8.5015 143.39269634607055 8.437266254674867 10.375862482750344 0.1877662446751065
12 1.14 9.5005 143.16426291473863 8.709210815783724 10.556758864822704 0.14336713265734685
12 1.2 0.01 153.85334493310148 5.526954460910781 8.050728985420292 0.9913301733965321
12 1.2 10.0 146.7723465530674 9.68971120577651 10.93280134397312 0.03659926801463971
12 1.32 0.5095 162.71732765345828 6.175236495270042 8.63832723345533 0.7438051238975221
12 1.32 1.5085 161.00641267175286 6.903506929861414 9.269034619307615 0.5402591948161036
12 1.32 2.5075 159.59567408651597 7.627562448751043 9.822343553128938 0.35348293034139316
12 1.32 3.5065 158.28420711584832 8.31030879382413 10.305723885522289 0.2132657346853063
12 1.32 4.5055 157.11448011038968 8.91954160916772 10.657916841663166 0.11423771524569509
12 1.32 5.5045 156.22568188636026 9.382457350853425 10.862902741945161 0.05930881382372353
12 1.32 6.5035 155.4407151857155 9.79129417411808 10.956710865782684 0.02984940301193976
12 1.32 7.5025 154.88046079079632 10.083093338135342 10.989320213595729 0.015419691606167877
12 1.32 8.5015 154.63306413873227 10.211945761086302 10.992860142797143 0.009689806203875922
12 1.32 9.5005 153.92633587326875 10.580033399326986 11.0 0.0028199436011279774
12 1.5 1.009 177.1819463610728 6.950810983780292 9.313403731925362 0.5285294294114118
12 1.5 2.008 173.8285234295314 8.057308853822896 10.13682726345473 0.2598548029039419
12 1.5 3.007 171.0234595308094 8.99218015639714 10.696106077878442 0.10283794324113518
12 1.5 4.006 168.87118257634847 9.70960580788527 10.94180116397672 0.035519289614207715
12 1.5 5.005 167.42791144177116 10.190696186077977 10.992830143397132 0.012149757004859903
12 1.5 6.004 166.74889002219956 10.417036659268588 10.999370012599748 0.004649907001859963
12 1.5 7.003 165.85633287334252 10.714555708883085 11.0 0.0010499790004199917
12 1.5 8.002 165.60708285834284 10.797639047217775 11.0 5.099898002039959E-4
12 1.5 9.001 165.3169886602268 10.894337113251632 11.0 2.699946001079978E-4
12 1.68 0.01 201.95271254574584 5.540104197916033 8.062458750824984 0.9852402951940962
12 1.68 10.0 176.87999999990888 11.0 11.0 0.0
12 1.8 0.5095 205.53766724665496 6.706685866282692 9.125397492050158 0.5986080278394432
12 1.8 1.5085 196.8864942701123 8.482025359492837 10.394822103557928 0.18158636827263455
12 1.8 2.5075 190.9028619427662 9.728570428592224 10.947591048179037 0.03362932741345173
12 1.8 3.5065 187.5196496070709 10.433406331875252 10.99895002099958 0.004499910001799964
12 1.8 4.5055 186.34084118321178 10.67899142016447 11.0 9.299814003719926E-4
12 1.8 5.5045 184.8257514848588 10.994635107296777 11.0 0.0
12 1.8 6.5035 184.79999999988834 11.0 11.0 0.0
12 1.8 7.5025 184.79999999988834 11.0 11.0 0.0
12 1.8 8.5015 184.79999999988834 11.0 11.0 0.0
12 1.8 9.5005 184.79999999988834 11.0 11.0 0.0
12 1.86 0.01 220.00509149816693 5.545669086618269 8.07544849103018 0.9835603287934241
12 1.86 10.0 188.75999999985385 11.0 11.0 0.0
12 1.98 1.009 214.00793964120757 8.0533139337213 10.132717345653086 0.26435471290574186
12 1.98 2.008 204.6287484250103 9.648172036559528 10.91510169796604 0.040979180416391675
12 1.98 3.007 200.27578328432497 10.388472230557097 11.0 0.005639887202255955
12 1.98 4.006 198.14720705589838 10.750474990492991 11.0 4.499910001799964E-4
12 1.98 5.005 197.38564468716623 10.879992400145527 11.0 1.499970000599988E-4
12 1.98 6.004 196.67999999993947 11.0 11.0 0.0
12 1.98 7.003 196.70484250310074 10.995775084497819 11.0 2.999940001199976E-5
12 1.98 8.002 196.67999999993947 11.0 11.0 0.0
12 1.98 9.001 196.67999999993947 11.0 11.0 0.0
14 0.04 0.5095 41.32169076618497 5.018843908836167 7.920681586368272 0.5929981400371993
14 0.04 1.5085 30.695677686446338 3.276723036967726 5.9722505549889 0.18497630047399052
14 0.04 2.5075 27.121652366951977 2.625881768079156 5.422931541369173 0.06575868482630347
14 0.04 3.5065 25.401283974320968 2.318319347898429 5.549169016619667 0.02378952420951581
14 0.04 4.5055 23.39529369413854 2.0083869751157786 6.184886302273955 0.004619907601847963
14 0.04 5.5045 23.30176396471067 1.9827546306201558 6.494420111597768 0.002129957400851983
14 0.04 6.5035 21.86344153114644 1.8725882625170833 8.077218455630888 8.999820003599928E-5
14 0.04 7.5025 21.0735177296359 1.865966966371618 10.019559608807825 2.999940001199976E-5
14 0.04 8.5015 20.791564168718292 1.8571428571391961 10.538009239815203 1.1999760004799904E-4
14 0.04 9.5005 20.19999999999609 1.8571428571391961 12.0 0.0
14 0.1 0.01 59.1135837283254 6.47049773290247 9.376612467750645 0.9921101577968441
14 0.1 10.0 29.900000000016078 1.8571428571391961 13.0 0.0
14 0.22 0.5095 70.8933533329356 5.482274640221482 8.414021719565609 0.7044159116817663
14 0.22 1.5085 66.39720165596529 4.443575414205977 7.359482810343793 0.374602507949841
14 0.22 2.5075 64.28208855823021 3.9500852840087988 7.22277554448911 0.18992620147597047
14 0.22 3.5065 54.844523309543646 2.6352758659112543 12.54619907601848 0.010679786404271915
14 0.22 4.5055 51.79704805903106 2.1533055053184063 13.0 5.699886002279955E-4
14 0.22 5.5045 50.84463550726714 1.9783790038457643 12.998890022199555 8.999820003599928E-5
14 0.22 6.5035 50.26391072177834 1.8725111212030452 13.0 2.999940001199976E-5
14 0.22 7.5025 50.179999999989825 1.8571428571391961 13.0 0.0
14 0.22 8.5015 50.36080818382848 1.8902579091245295 13.0 2.999940001199976E-5
14 0.22 9.5005 50.179999999989825 1.8571428571391961 13.0 0.0
14 0.4 1.009 96.7596508069839 5.405390463619262 8.325433491330173 0.5958180836383272
14 0.4 2.008 94.83418131637377 4.905086183990644 7.902021959560809 0.3117237655246895
14 0.4 3.007 91.84041519169722 4.28214007148439 9.152156956860862 0.1114777704445911
14 0.4 4.006 84.63283134336915 2.8120580445534413 12.960730785384293 0.008189836203275935
14 0.4 5.005 82.77244855101748 2.3743925121480904 13.0 0.0017099658006839863
14 0.4 6.004 80.80791384176555 1.9066461527888938 13.0 1.1999760004799904E-4
14 0.4 7.003 81.06320273593246 1.9674292228433388 13.0 8.999820003599928E-5
14 0.4 8.002 80.60000000005037 1.8571428571391961 13.0 0.0
14 0.4 9.001 80.94989500212058 1.9404511909751407 13.0 2.999940001199976E-5
14 0.58 0.01 125.46968620627472 6.4897016345387 9.392842143157138 0.9960400791984161
14 0.58 10.0 111.43999999995029 1.999999999999328 13.0 2.0999580008399833E-4
14 0.7 0.5095 141.39900101997856 6.3101680823526065 9.214615707685846 0.8283734325313493
14 0.7 1.5085 140.42707445851013 5.9548337604677135 8.863412731745365 0.5360892782144357
14 0.7 2.5075 139.670483590327 5.672710831497642 8.620357592848142 0.3259734805303894
14 0.7 3.5065 138.97810643787136 5.3993262991882 8.457970840583188 0.1762464750704986
14 0.7 4.5055 138.38219235615367 5.160796784064411 8.315683686326274 0.09332813343733125
14 0.7 5.5045 137.48257034859134 4.76522469550623 9.292134157316854 0.047069058618827625
14 0.7 6.5035 134.69593508129208 3.4724348370175795 12.340763184736305 0.01787964240715186
14 0.7 7.5025 133.54719205616388 2.9272343124563056 13.0 0.009389812203755924
14 0.7 8.5015 133.17512149756013 2.750057855986767 13.0 0.005489890202195956
14 0.7 9.5005 132.56890262196123 2.4613822009265234 13.0 0.0021899562008759824
14 0.76 0.01 150.2937625247483 6.488377375309605 9.3965020699586 0.995440091198176
14 0.76 10.0 142.97094858102813 2.7684217744212796 13.0 0.006809863802723946
14 0.88 1.009 166.01949961000483 6.549494724391237 9.437391252174956 0.75712485750285
14 0.88 2.008 165.70561828763343 6.40653901207696 9.296424071518569 0.5902981940361193
14 0.88 3.007 165.4939797204113 6.257231998217179 9.141447171056578 0.4712305753884922
14 0.88 4.006 165.32103677927415 6.092801001122798 9.018239635207296 0.36791264174716504
14 0.88 5.005 165.14839743205982 5.912671746565063 8.902231955360893 0.2835243295134097
14 0.88 6.004 165.04877302455088 5.807270997437281 8.759914801703966 0.23267534649307015
14 0.88 7.003 164.92415551689552 5.665579545551902 8.67897642047159 0.17663646727065457
14 0.88 8.002 164.82754784905305 5.553398932021377 8.554208915821684 0.14261714765704686
14 0.88 9.001 164.7515629687494 5.464669278042936 8.480890382192356 0.11432771344573109
14 0.94 0.01 175.11924521509616 6.500004285628595 9.399892002159957 0.995590088198236
14 0.94 10.0 173.57452150958343 5.939135503004181 8.899472010559789 0.28208435831283374
14 1.0 0.01 183.39191216175678 6.503094223829813 9.40577188456231 0.9962500749985
14 1.0 10.0 182.00005999880003 6.920184453453828 9.799304013919722 0.7739245215095698
14 1.12 0.5095 198.42488630228323 6.907434708448671 9.787754244915101 0.8418131637367252
14 1.12 1.5085 197.76068638629042 7.305436748407901 10.135237295254095 0.7306353872922542
14 1.12 2.5075 197.4556272874693 7.614563423017252 10.414891702165956 0.6593568128637427
14 1.12 3.5065 197.19116817664505 7.917955926595711 10.672016559668807 0.5890082198356033
14 1.12 4.5055 196.88260994779472 8.283087195399027 10.971980560388792 0.5139197216055679
14 1.12 5.5045 196.6146217075528 8.6018008211265 11.225685486290274 0.44189116217675645
14 1.12 6.5035 196.34739905200277 8.919803032511341 11.472760544789104 0.372502549949001
14 1.12 7.5025 196.07223015538054 9.247345053100029 11.71467570648587 0.30647387052258956
14 1.12 8.5015 195.8120093598024 9.557131714510968 11.92812143757125 0.249055018899622
14 1.12 9.5005 195.53650686986236 9.885110869214408 12.15884682306354 0.19832603347933042
14 1.3 1.009 220.7046499070005 7.5993365846968395 10.402471950560988 0.6735165296694066
14 1.3 2.008 218.95044999100148 8.405866168391013 11.080218395632087 0.4778904421911562
14 1.3 3.007 217.15056098878262 9.26163762439145 11.715965680686386 0.30551388972220556
14 1.3 4.006 215.62184256315152 9.989598779456458 12.223495530089398 0.18173636527269454
14 1.3 5.005 214.27791744165233 10.629563123024601 12.577788444231116 0.0998380032399352
14 1.3 6.004 213.21358072838515 11.136390129340214 12.81307373852523 0.054598908021839566
14 1.3 7.003 212.2227185456199 11.608229263985068 12.949241015179696 0.0249595008099838
14 1.3 8.002 211.93374332512653 11.745836511838995 12.97360052798944 0.01625967480650387
14 1.3 9.001 210.96451670967863 12.207372995400902 12.99340013199736 0.005459890802183957
14 1.48 0.01 249.43293694126345 6.5250666415243135 9.425631487370252 0.9903101937961241
14 1.48 10.0 226.23726885457594 12.83414617421474 13.0 1.1999760004799904E-4
14 1.6 0.5095 259.4676486470271 7.588498230035357 10.37820243595128 0.6869562608747825
14 1.6 1.5085 252.46749265014859 9.222368409775745 11.704925901481971 0.3095938081238375
14 1.6 2.5075 246.7352372952571 10.58684826303608 12.572328553428932 0.10304793904121917
14 1.6 3.5065 241.98632027359918 11.717542791999394 12.959110817783644 0.02231955360892782
14 1.6 4.5055 240.04446511072388 12.179889259362014 12.997180056398872 0.006359872802543949
14 1.6 5.5045 238.7508309833977 12.487897384912447 13.0 0.0016499670006599868
14 1.6 6.5035 237.35706485858893 12.819746462208261 13.0 4.1999160016799666E-4
14 1.6 7.5025 236.91916961650065 12.924007234135757 13.0 0.0
14 1.6 8.5015 237.0867282653832 12.884112317726458 13.0 5.999880002399952E-5
14 1.6 9.5005 237.28278034445145 12.837433251310856 13.0 5.999880002399952E-5
14 1.66 0.01 274.11735945281157 6.537782101500805 9.457460850782985 0.9886902261954761
14 1.66 10.0 242.0599999998285 13.0 13.0 0.0
14 1.78 1.009 275.1300479990455 8.943879693835258 11.494660106797864 0.37091258174836506
14 1.78 2.008 265.53698446029216 10.700185996281286 12.635747285054299 0.09209815803683927
14 1.78 3.007 259.04747525050243 11.888740796612385 12.986440271194576 0.015209695806083879
14 1.78 4.006 256.73057058854977 12.313082309785495 12.99970000599988 0.004259914801703966
14 1.78 5.005 254.7899538008793 12.668506629856626 13.0 7.799844003119938E-4
14 1.78 6.004 253.62058558828699 12.882676632162635 13.0 2.999940001199976E-5
14 1.78 7.003 253.03393592149794 12.99012162613804 13.0 5.999880002399952E-5
14 1.78 8.002 252.98000000021614 13.0 13.0 0.0
14 1.78 9.001 252.98000000021614 13.0 13.0 0.0
14 1.84 0.01 298.6199664006711 6.5633158765396 9.465590688186236 0.9862902741945161
14 1.84 10.0 258.4400000001621 13.0 13.0 0.0
14 1.96 1.009 293.04613067742866 9.47539192073489 11.86857262854743 0.26711465770684584
14 1.96 2.008 280.852496550032 11.289807061001039 12.883242335153296 0.04244915101697966
14 1.96 3.007 273.4420303594873 12.39255500603406 13.0 0.004019919601607968
14 1.96 4.006 271.33952840947404 12.705427320012769 13.0 4.499910001799964E-4
14 1.96 5.005 269.3600000000975 13.0 13.0 0.0
14 1.96 6.004 269.3600000000975 13.0 13.0 0.0
14 1.96 7.003 269.3600000000975 13.0 13.0 0.0
14 1.96 8.002 269.3600000000975 13.0 13.0 0.0
14 1.96 9.001 269.3600000000975 13.0 13.0 0.0
16 0.02 0.5095 49.80433791324145 5.7196406071878565 8.962980740385193 0.5723285534289314
16 0.02 1.5085 32.40348053038946 3.382484850302994 6.310763784724306 0.14102717945641088
16 0.02 2.5075 26.865570288594693 2.565732435351293 5.368482630347393 0.04037919241615168
16 0.02 3.5065 24.8022895542094 2.246835063298734 5.159476810463791 0.012959740805183896
16 0.02 4.5055 23.424111117781184 2.04960025799484 5.249565008699826 0.0030599388012239755
16 0.02 5.5045 22.162975940488195 1.9036831763364732 5.909761804763905 5.099898002039959E-4
16 0.02 6.5035 21.569434211316647 1.8965470690586188 7.7174056518869625 8.999820003599928E-5
16 0.02 7.5025 20.960730785384456 1.875 9.0 0.0
16 0.02 8.5015 20.760000000007118 1.875 10.0 5.999880002399952E-5
16 0.02 9.5005 19.5 1.875 15.0 0.0
16 0.2 1.009 84.12398752025027 5.374940001199976 8.603437931241375 0.47900041999160015
16 0.2 2.008 80.01250974980509 4.5330368392632145 7.890322193556129 0.251904961900762
16 0.2 3.007 73.060724785505 3.568552378952421 11.401091978160437 0.06305873882522349
16 0.2 4.006 62.49940601189252 2.265532189356213 15.0 5.399892002159956E-4
16 0.2 5.005 61.15015299697119 2.0547114057718847 15.0 5.999880002399952E-5
16 0.2 6.004 61.09113817726889 2.0454903401931963 15.0 8.999820003599928E-5
16 0.2 7.003 60.0 1.875 15.0 0.0
16 0.2 8.002 60.0 1.875 15.0 0.0
16 0.2 9.001 60.0 1.875 15.0 0.0
16 0.38 0.01 128.79097618046734 7.498057538849223 10.76267474650507 0.99505009899802
16 0.38 10.0 100.5 1.875 15.0 0.0
16 0.5 0.5095 148.2739695206096 6.86762389752205 10.149997000059999 0.8026639467210656
16 0.5 1.5085 145.34788804223916 6.065293694126117 9.331793364132718 0.4724005519889602
16 0.5 2.5075 143.55192896142077 5.62492500149997 8.964360712785744 0.24521509569808603
16 0.5 3.5065 140.222520549589 4.892988390232196 10.720285594288114 0.09200815983680326
16 0.5 4.5055 132.7434601307974 3.1844138117237657 14.988270234595308 0.010709785804283915
16 0.5 5.5045 130.6514819703606 2.662870492590148 15.0 0.002909941801163977
16 0.5 6.5035 129.24415011699767 2.311037529249415 15.0 8.099838003239935E-4
16 0.5 7.5025 128.33593328133438 2.0839833203335933 15.0 5.999880002399952E-5
16 0.5 8.5015 129.132477350453 2.2831193376132477 15.0 2.0999580008399833E-4
16 0.5 9.5005 128.59857802843942 2.149644507109858 15.0 5.999880002399952E-5
16 0.56 0.01 161.36824863503327 7.493752624947501 10.746115077698446 0.995680086398272
16 0.56 10.0 141.33120777584548 1.9690931181376372 15.0 1.1999760004799904E-4
16 0.68 1.009 181.4145545089137 6.874703755924881 10.109737805243896 0.6807163856722865
16 0.68 2.008 180.15266214674966 6.4259389812203755 9.654856902861942 0.4163616727665447
16 0.68 3.007 179.1597144056978 6.0916894162116755 9.361552768944621 0.23420531589368213
16 0.68 4.006 178.33963520728037 5.813778724425512 9.193856122877543 0.11915761684766304
16 0.68 5.005 176.58458630827602 5.1808213835723285 10.283434331313373 0.050788984220315594
16 0.68 6.004 173.5080590388237 4.013030989380212 13.79012419751605 0.024719505609887803
16 0.68 7.003 171.0887574248487 3.0815458690826185 15.0 0.00989980200395992
16 0.68 8.002 170.54754904900432 2.8701363472730543 15.0 0.005639887202255955
16 0.68 9.001 169.5890850182524 2.4957363352732944 15.0 0.0019499610007799844
16 0.74 0.01 193.98993100139165 7.501079978400432 10.75637487250255 0.997480050398992
16 0.74 10.0 183.40678106434854 2.7917216655666888 15.0 0.004799904001919961
16 0.86 1.009 214.9846343073079 7.364057718845623 10.594798104037919 0.7692146157076859
16 0.86 2.008 214.55439371211864 7.12282504349913 10.388012239755206 0.5854382912341753
16 0.86 3.007 214.22131637366482 6.896498320033599 10.14987700245995 0.4521509569808604
16 0.86 4.006 213.93413991719908 6.67777644447111 9.955720885582288 0.3378232435351293
16 0.86 5.005 213.7156740865235 6.507987340253195 9.760994780104397 0.25994480110397794
16 0.86 6.004 213.47390892183066 6.302813943721126 9.514759704805904 0.1881262374752505
16 0.86 7.003 213.29843463133008 6.151530719385613 9.408261834763305 0.13997720045599088
16 0.86 8.002 213.14598008041605 6.020155846883062 9.43730125397492 0.10379792404151916
16 0.86 9.001 212.95309113819593 5.84920051598968 9.299664006719865 0.07388852222955541
16 0.92 0.01 226.57476810462586 7.496868812623748 10.76102477950441 0.996970060598788
16 0.92 10.0 224.87375532486547 6.364983950320994 9.628457430851382 0.19403611927761444
16 0.98 0.5095 236.84560928782625 7.647012059758805 10.875772484550309 0.9055318893622127
16 0.98 1.5085 236.55727425452764 7.720416841663167 10.951550968980621 0.8273834523309533
16 0.98 2.5075 236.47853842924624 7.695401091978161 10.941381172376552 0.7812743745125097
16 0.98 3.5065 236.43994840104827 7.641450920981581 10.867102657946841 0.753254934901302
16 0.98 4.5055 236.42397432053113 7.608312833743325 10.847693046139078 0.7239455210895782
16 0.98 5.5045 236.4181370372768 7.59277689446211 10.820123597528049 0.7157256854862902
16 0.98 6.5035 236.40516109679515 7.525090748185036 10.752654946901062 0.6808363832723345
16 0.98 7.5025 236.39634787306042 7.4734992800144 10.693256134877302 0.6631667366652667
16 0.98 8.5015 236.38798644028785 7.424364012719746 10.648917021659567 0.6410571788564229
16 0.98 9.5005 236.38157136858814 7.384637307253855 10.640787184256315 0.622907541849163
16 1.1 1.009 257.6651586968249 8.0719985600288 11.270294594108117 0.8224035519289614
16 1.1 2.008 257.3010109797788 8.404590658186835 11.586518269634608 0.750254994900102
16 1.1 3.007 257.02422751544873 8.72602672946541 11.885342293154137 0.6817963640727186
16 1.1 4.006 256.7616817663644 9.048929021419571 12.15122697546049 0.6151076978460431
16 1.1 5.005 256.506263874723 9.367417651646967 12.424611507769844 0.5508189836203276
16 1.1 6.004 256.24612707745786 9.692382402351953 12.678256434871303 0.48590028199436014
16 1.1 7.003 255.9794654106906 10.025668236635267 12.9587508249835 0.41969160616787665
16 1.1 8.002 255.73836923261436 10.327162206755865 13.170726585468291 0.3610427791444171
16 1.1 9.001 255.45755984880378 10.67805018899622 13.439821203575928 0.30707385852282953
16 1.28 0.01 291.61364732705147 7.5265532189356215 10.792464150716986 0.993670126597468
16 1.28 10.0 275.26595548087323 14.256269874602507 14.998710025799484 0.0034499310013799724
16 1.4 0.5095 309.40806983860386 8.361414021719566 11.543709125817484 0.7765344693106138
16 1.4 1.5085 304.9958300833992 9.69007619847603 12.685126297474051 0.48092038159236816
16 1.4 2.5075 300.9194936101242 10.962658246835064 13.647267054658906 0.25880482390352194
16 1.4 3.5065 297.36506869862114 12.073416031679367 14.358762824743506 0.12122757544849103
16 1.4 4.5055 294.8671866562646 12.854004169916601 14.770264594708106 0.05159896802063959
16 1.4 5.5045 292.5872442551148 13.566486170276594 14.973060538789225 0.018869622607547848
16 1.4 6.5035 291.415731685378 13.932583848323034 14.999130017399652 0.007379852402951941
16 1.4 7.5025 289.8421791564174 14.424319013619728 15.0 0.002129957400851983
16 1.4 8.5015 289.690442191106 14.471736815263695 15.0 8.999820003599928E-4
16 1.4 9.5005 289.3176216476334 14.588243235135296 15.0 3.899922001559969E-4
16 1.46 0.01 324.17608987819017 7.524610757784845 10.781754364912702 0.991930161396772
16 1.46 10.0 296.34398332034965 14.689134967300655 15.0 2.0999580008399833E-4
16 1.58 1.009 334.3319727605464 9.67104907901842 12.671866562668747 0.49556008879822405
16 1.58 2.008 325.9878100437658 11.468144387112257 14.00539989200216 0.1874362512749745
16 1.58 3.007 319.8438363232958 12.79227665446691 14.74377512449751 0.05696886062278755
16 1.58 4.006 316.1363184737521 13.591310673786523 14.969070618587628 0.016349673006539868
16 1.58 5.005 313.7470678587091 14.106235375292494 14.997540049199015 0.003959920801583968
16 1.58 6.004 312.5436209276017 14.36559893802124 15.0 0.0013799724005519889
16 1.58 7.003 311.6095554088152 14.566906161876762 15.0 5.399892002159956E-4
16 1.58 8.002 310.5056170875776 14.80482390352193 15.0 1.7999640007199856E-4
16 1.58 9.001 309.5999999998056 15.0 15.0 0.0
16 1.64 0.01 356.5816943660975 7.5459628307433855 10.787124257514849 0.9901301973960521
16 1.64 10.0 317.34400192018666 14.8937496250075 15.0 0.0
16 1.76 1.009 360.07194936099336 10.251541219175616 13.13517729645407 0.38174236515269694
16 1.76 2.008 347.42518149638255 12.331384622307555 14.507709845803085 0.09476810463790725
16 1.76 3.007 339.77456650864036 13.589709455810883 14.958630827383452 0.016679666406671866
16 1.76 4.006 335.54550188995904 14.285279294414112 14.999370012599748 0.003899922001559969
16 1.76 5.005 333.08324233541924 14.690256194876103 15.0 4.7999040019199615E-4
16 1.76 6.004 331.74251514956956 14.910770534589307 15.0 1.1999760004799904E-4
16 1.76 7.003 331.199999999921 15.0 15.0 0.0
16 1.76 8.002 331.36050879009133 14.97360052798944 15.0 0.0
16 1.76 9.001 331.8459338812656 14.893760874782505 15.0 2.999940001199976E-5
16 1.82 0.01 389.15384892302603 7.535553038939221 10.793364132717345 0.9880602387952241
16 1.82 10.0 338.40000000020956 15.0 15.0 0.0
16 1.88 0.5095 386.64210355794694 9.176043979120418 12.263244735105298 0.5941681166376672
16 1.88 1.5085 367.82328673429305 11.843283134337312 14.247885042299155 0.1383272334553309
16 1.88 2.5075 355.34367552645153 13.615955180896382 14.970570588588227 0.01733965320693586
16 1.88 3.5065 350.6793112137368 14.278506929861402 15.0 0.0027899442011159775
16 1.88 4.5055 347.5309365812897 14.725719235615287 15.0 5.399892002159956E-4
16 1.88 5.5045 347.06572508576323 14.79180041399172 15.0 2.999940001199976E-5
16 1.88 6.5035 345.5999999997871 15.0 15.0 0.0
16 1.88 7.5025 345.94160916790963 14.95147597048059 15.0 0.0
16 1.88 8.5015 345.5999999997871 15.0 15.0 0.0
16 1.88 9.5005 345.5999999997871 15.0 15.0 0.0
16 1.94 1.009 384.2604541909195 10.816459920801584 13.541369172616548 0.28025439491210175
16 1.94 2.008 367.905902081962 12.991236425271495 14.82207355852883 0.042329153416931664
16 1.94 3.007 359.56479090418225 14.10042674146517 14.999040019199615 0.005759884802303954
16 1.94 4.006 354.90615947692567 14.71992560148797 15.0 3.2999340013199736E-4
16 1.94 5.005 354.17559668799015 14.81707490850183 15.0 2.999940001199976E-5
16 1.94 6.004 353.84789104237444 14.86065278694426 15.0 2.999940001199976E-5
16 1.94 7.003 352.80000000011984 15.0 15.0 0.0
16 1.94 8.002 352.80000000011984 15.0 15.0 0.0
16 1.94 9.001 352.80000000011984 15.0 15.0 0.0
16 2.0 1.009 392.17501649967 10.978130437391252 13.668836623267534 0.250794984100318
16 2.0 2.008 373.8657226855463 13.266784664306714 14.906911861762765 0.02972940541189176
16 2.0 3.007 365.6077878442431 14.29902651946961 15.0 0.0029399412011759767
16 2.0 4.006 362.53842923141536 14.682696346073078 15.0 4.7999040019199615E-4
16 2.0 5.005 360.1432471350573 14.982094108117838 15.0 2.999940001199976E-5
16 2.0 6.004 360.0 15.0 15.0 0.0
16 2.0 7.003 360.0 15.0 15.0 0.0
16 2.0 8.002 361.0 14.875 15.0 0.0
16 2.0 9.001 360.0 15.0 15.0 0.0
18 0.0 1.009 41.23756524869503 4.581951694299415 7.8875622487550245 0.25211495770084597
18 0.0 2.008 23.24185516289674 2.5824283514328745 5.176156476870463 0.032999340013199735
18 0.0 3.007 19.00191996160077 2.111324440176678 4.333683326333474 0.005189896202075959
18 0.0 4.006 17.356092878142437 1.9284547642390435 4.07214855702886 9.89980200395992E-4
18 0.0 5.005 17.259734805303893 1.9177483117015528 3.867582648347033 6.899862002759944E-4
18 0.0 6.004 17.001679966400673 1.8890755518238218 3.6970960580788383 3.2999340013199736E-4
18 0.0 7.003 17.069088618227635 1.8965654020267086 3.729345413091738 2.999940001199976E-4
18 0.0 8.002 17.0 1.8888888888904165 3.8542629147417053 5.099898002039959E-4
18 0.0 9.001 17.01529969400612 1.8905888548910796 3.896382072358553 4.1999160016799666E-4
18 0.18 0.01 117.6703851922946 8.46132410685103 12.063388732225356 0.992920141597168
18 0.18 10.0 69.02000000001597 1.8888888888904165 17.0 0.0
18 0.3 0.5095 138.20878682426374 7.234725305493844 10.81592368152637 0.7221155576888463
18 0.3 1.5085 131.28962320753584 5.928918088304895 9.426021479570409 0.38168236635267294
18 0.3 2.5075 128.20510589788248 5.353709592474685 9.070558588828224 0.19502609947801045
18 0.3 3.5065 110.6733935321241 2.9954067585316135 16.998890022199557 0.005069898602027959
18 0.3 4.5055 107.72484250315998 2.5277527782785847 17.0 0.001109977800443991
18 0.3 5.5045 105.9288114237794 2.2426684799619645 17.0 1.499970000599988E-4
18 0.3 6.5035 103.70000000005332 1.8888888888904165 17.0 0.0
18 0.3 7.5025 103.70000000005332 1.8888888888904165 17.0 0.0
18 0.3 8.5015 104.96864762704877 2.0902615281015806 17.0 0.0
18 0.3 9.5005 104.04451910955663 1.9435744618448283 17.0 0.0
18 0.36 0.01 159.16493070138534 8.45654086918243 12.065878682426352 0.99460010799784
18 0.48 1.009 180.87800083998724 7.037359252814903 10.618767624647507 0.6025679486410271
18 0.48 2.008 177.86362032759249 6.347246388405487 9.892152156956861 0.3332633347333053
18 0.48 3.007 175.7067354652679 5.897868709292643 9.766634667306654 0.15659686806263876
18 0.48 4.006 163.42484190319334 3.5342626480801584 16.992740145197097 0.01385972280554389
18 0.48 5.005 161.00194516103792 3.017509649807174 17.0 0.005279894402111958
18 0.48 6.004 158.60890622183405 2.5061765431344654 17.0 0.0010199796004079918
18 0.48 8.002 155.7200000000229 1.8888888888904165 17.0 0.0
18 0.48 9.001 156.922439551186 2.1458204169230988 17.0 2.999940001199976E-5
18 0.54 0.01 200.82639347215726 8.491670166596467 12.068668626627467 0.9954100917981641
18 0.66 1.009 225.81071098577902 7.590278194436141 11.186266274674507 0.6768164636707266
18 0.66 2.008 223.99738225234998 7.018709625807561 10.577218455630888 0.40550188996220077
18 0.66 3.007 222.60025679485642 6.596801397305357 10.125007499850003 0.21479570408591828
18 0.66 4.006 221.51502849942938 6.284824303513986 9.906701865962681 0.10733785324293514
18 0.66 5.005 219.3903791924324 5.629970733918328 11.48815023699526 0.045149097018059636
18 0.66 6.004 212.87681106376942 3.567585314960282 17.0 0.014729705405891882
18 0.66 8.002 210.59575928485017 2.822143557129662 17.0 0.002999940001199976
18 0.66 9.001 209.95617087665372 2.613127737445772 17.0 0.0017099658006839863
18 0.72 0.01 242.23637727245682 8.473333866655864 12.056788864222716 0.996640067198656
18 0.78 0.5095 255.43409371812163 8.215365692686126 11.79807403851923 0.8661726765464691
18 0.78 1.5085 254.36924581508043 7.7521349573008465 11.314633707325854 0.627977440451191
18 0.78 2.5075 253.45879342413906 7.34030319393618 10.879432411351774 0.4272214555708886
18 0.78 3.5065 252.69099058019617 6.998436697932686 10.570858582828343 0.26771464570708586
18 0.78 4.5055 252.08995260095404 6.722098891355529 10.284934301313974 0.16661666766664668
18 0.78 5.5045 251.53805603888395 6.462827410118416 9.96940061198776 0.09800803983920321
18 0.78 6.5035 251.141078178442 6.27607781177697 9.99430011399772 0.061888762224755506
18 0.78 7.5025 249.39885702286136 5.408175169829968 12.882612347753044 0.0376492470150597
18 0.78 8.5015 247.68792824143185 4.547532382685731 14.727065458690825 0.024419511609767804
18 0.78 9.5005 245.57132477350996 3.4804670573252583 17.0 0.01379972400551989
18 0.84 1.009 269.10606107877163 8.150593654793521 11.718545629087417 0.7819943601127978
18 0.84 2.008 268.47386332273356 7.804770571255241 11.368692626147476 0.5846883062338754
18 0.84 3.007 267.97724125517607 7.515403025272801 11.072508549829003 0.4375412491750165
18 0.84 4.006 267.52400791984144 7.235061965427395 10.79687406251875 0.3105837883242335
18 0.84 5.005 267.1382564348819 6.984643640460468 10.580278394432112 0.21860562788744226
18 0.84 6.004 266.8387100258229 6.790187529582603 10.371182576348472 0.15449691006179878
18 0.84 8.002 266.22137517252145 6.371842563148662 10.036329273414532 0.07172856542869142
18 0.84 9.001 265.9927389452179 6.215482357019122 10.147267054658906 0.050488990220195595
18 0.96 0.5095 297.18275274492044 8.576305140563601 12.134007319853604 0.9247915041699166
18 0.96 1.5085 296.9480134397035 8.536959260814704 12.099118017639647 0.8310433791324173
18 0.96 2.5075 296.8466238674868 8.444037785910822 12.025529489410212 0.7673246535069299
18 0.96 3.5065 296.7822451550599 8.33672659880131 11.910691786164277 0.7178556428871422
18 0.96 4.5055 296.7405591887746 8.251731632033955 11.82657346853063 0.6732765344693106
18 0.96 5.5045 296.69769844599017 8.149633673993165 11.717735645287094 0.6327473450530989
18 0.96 6.5035 296.65214015715924 8.028042772477828 11.561018779624408 0.5848083038339233
18 0.96 7.5025 296.6154688905961 7.929138083904997 11.488720225595488 0.5502789944201116
18 0.96 8.5015 296.58529309412205 7.846276407805199 11.445101097978041 0.5087598248035039
18 0.96 9.5005 296.55791684165246 7.7715912348419804 11.338813223735526 0.47882042359152815
18 1.08 0.01 325.1434427311782 8.5147230388724 12.101727965440691 0.997360052798944
18 1.2 0.5095 351.15283494330225 9.021229575407704 12.583998320033599 0.8629627407451851
18 1.2 1.5085 349.5179816403689 9.83166336672965 13.318923621527569 0.7006059878802424
18 1.2 2.5075 348.1172196556072 10.601984626972486 13.972310553788924 0.5520489590208196
18 1.2 3.5065 346.70737385252545 11.384852302953288 14.599028019439611 0.4230215395692086
18 1.2 4.5055 345.50268194635925 12.054065585355177 15.134697306053878 0.3073738525229495
18 1.2 5.5045 344.29959800803493 12.722445551089267 15.633467330653387 0.2150356992860143
18 1.2 6.5035 343.1359692806145 13.368905955213368 16.031529369412613 0.14291714165716685
18 1.2 7.5025 342.3345233095423 13.814153716926004 16.29027419451611 0.0998980020399592
18 1.2 8.5015 341.372304553907 14.348719692272729 16.580938381232375 0.06428871422571548
18 1.2 9.5005 340.630251394962 14.760971447239802 16.77665446691066 0.04076918461630767
18 1.26 0.01 366.53178856421556 8.520739585208089 12.09167816643667 0.994690106197876
18 1.38 1.009 387.59438951221756 10.146567068655811 13.578238435231295 0.6432771344573108
18 1.38 2.008 382.63741585167844 11.591471503902904 14.771194576108478 0.3820423591528169
18 1.38 3.007 378.0127587448413 12.943637793911169 15.765464690706185 0.19445611087778245
18 1.38 4.006 374.4734943300972 13.978510429790825 16.42608147837043 0.0865482690346193
18 1.38 5.005 371.56601667969903 14.82865009366411 16.819433611327774 0.03959920801583968
18 1.38 6.004 369.54371992563745 15.419964934032553 16.951580968380632 0.016649667006659867
18 1.38 8.002 366.83471230571365 16.21207242519905 16.999040019199615 0.0024599508009839803
18 1.38 9.001 366.4113931721245 16.33584994965887 17.0 0.001109977800443991
18 1.44 0.01 407.8584484310351 8.537462584081524 12.125937481250375 0.9931001379972401
18 1.56 1.009 422.589298614021 10.867982640345902 14.201145977080458 0.5085198296034079
18 1.56 2.008 412.8207103857984 12.805423891521627 15.663706725865483 0.20591588168236635
18 1.56 3.007 405.1959176816455 14.31827030125953 16.561138777224457 0.06461870762584748
18 1.56 4.006 399.53629567411053 15.441211175776921 16.96598068038639 0.01613967720645587
18 1.56 5.005 396.6792440151161 16.00808650493532 16.99943001139977 0.004559908801823964
18 1.56 6.004 395.6135741284454 16.219528942738947 17.0 0.0018899622007559848
18 1.56 8.002 393.2509029818612 16.688312900442725 17.0 2.999940001199976E-4
18 1.56 9.001 391.69569088600355 16.996886728932388 17.0 0.0
18 1.62 0.01 449.4288912221858 8.508069838603053 12.118587628247434 0.9914501709965801
18 1.68 0.5095 452.87077698446984 10.007839843200108 13.471380572388552 0.6770564588708226
18 1.68 1.5085 437.35431931362166 12.536875929148476 15.459650806983861 0.23990520189596207
18 1.68 2.5075 426.1329933401303 14.37042592481487 16.599358012839744 0.061738765224695506
18 1.68 3.5065 419.2134517309724 15.50106997860198 16.982690346193078 0.013439731205375893
18 1.68 4.5055 415.16229675411995 16.163023406193137 16.99952000959981 0.002609947801043979
18 1.68 5.5045 413.1966328673397 16.484210315804265 17.0 4.7999040019199615E-4
18 1.68 6.5035 411.6485894282588 16.737158590169113 17.0 1.499970000599988E-4
18 1.68 7.5025 410.9211603769118 16.85601954628515 17.0 0.0
18 1.68 8.5015 410.03999999967573 17.0 17.0 0.0
18 1.68 9.5005 410.03999999967573 17.0 17.0 0.0
18 1.74 1.009 455.6367042659288 11.53226935461282 14.745365092698146 0.39509209815803686
18 1.74 2.008 440.039098818051 13.874009186482809 16.32972340553189 0.09761804763904722
18 1.74 3.007 430.02665506685736 15.377379119083997 16.950110997780044 0.016799664006719867
18 1.74 4.006 425.33386872275577 16.082001693291517 17.0 0.0037199256014879703
18 1.74 5.005 422.4880188394484 16.509306480536058 17.0 5.999880002399952E-4
18 1.74 6.004 420.2382492347959 16.847109724484845 17.0 0.0
18 1.74 8.002 419.34249715027005 16.98160703452797 17.0 0.0
18 1.74 9.001 419.2200000002169 17.0 17.0 0.0
18 1.86 0.5095 488.92610487790193 10.3687892908784 13.775964480710385 0.6037979240415192
18 1.86 1.5085 465.48234835305607 13.395045432425562 16.063388732225356 0.14387712245755085
18 1.86 2.5075 451.2778748424599 15.23024872836018 16.911711765764686 0.02207955840883182
18 1.86 3.5065 443.63134637321673 16.2181723032256 16.99808003839923 0.002969940601187976
18 1.86 4.5055 440.5011981760264 16.622584215002465 17.0 3.599928001439971E-4
18 1.86 5.5045 439.5422829545673 16.746475070524074 17.0 1.499970000599988E-4
18 1.86 6.5035 437.5800000000678 17.0 17.0 0.0
18 1.86 7.5025 437.5800000000678 17.0 17.0 0.0
18 1.86 8.5015 438.36123417525255 16.89906535202741 17.0 2.999940001199976E-5
18 1.86 9.5005 437.5800000000678 17.0 17.0 0.0
18 1.92 1.009 486.6560784785261 12.181633034006127 15.210235795284094 0.29315413691726167
18 1.92 2.008 465.587736245324 14.726118810958404 16.785384292314152 0.04130917381652367
18 1.92 3.007 454.429748605034 16.073701859292175 16.998560028799425 0.003929921401571969
18 1.92 4.006 450.4996976059375 16.548345699754936 17.0 5.399892002159956E-4
18 1.92 5.005 448.8526177473586 16.747268387984057 17.0 8.999820003599928E-5
18 1.92 6.004 447.90267234636724 16.86199609341372 17.0 5.999880002399952E-5
18 1.92 8.002 446.75999999980917 17.0 17.0 0.0
18 1.92 9.001 446.75999999980917 17.0 17.0 0.0
20 0.04 1.009 69.41912521749597 5.5381502369952145 9.254754904901901 0.3113037739245215
20 0.04 2.008 54.17537649246862 3.7109197816044 7.188966220675587 0.0998680026399472
20 0.04 3.007 48.936720465589495 3.0114777704446167 6.886572268554629 0.0374092518149637
20 0.04 4.006 45.1323681526359 2.5612857742843405 8.008639827203456 0.009629807403851923
20 0.04 5.005 37.8564828703611 1.9467000659997271 12.927581448371033 1.1999760004799904E-4
20 0.04 6.004 33.43999999997142 1.9000000000010122 19.0 0.0
20 0.04 8.002 33.73714285714523 1.9116067678654862 18.726885462290753 2.999940001199976E-5
20 0.04 9.001 33.43999999997142 1.9000000000010122 19.0 0.0
20 0.16 0.5095 125.8854034919279 7.6719895602088055 11.554688906221875 0.6505969880602388
20 0.16 1.5085 111.17685966280688 5.62217555648887 9.369232615347693 0.3008339833203336
20 0.16 2.5075 106.15635207295911 4.80997180056395 8.840703185936281 0.15206695866082678
20 0.16 3.5065 83.63386452271403 2.6939491210177753 18.896532069358614 0.0023099538009239817
20 0.16 4.5055 79.62191036177055 2.239332213355849 18.99520009599808 2.3999520009599807E-4
20 0.16 5.5045 78.03408651829034 2.0516769664606165 19.0 0.0
20 0.16 6.5035 77.60000000004871 2.0 19.0 0.0
20 0.16 7.5025 77.11422931537086 1.9421701565977096 19.0 2.999940001199976E-5
20 0.16 8.5015 76.89438891223912 1.9159986800271789 19.0 0.0
20 0.16 9.5005 76.75999999996671 1.9000000000010122 19.0 0.0
20 0.22 1.009 137.82530689386317 6.725754484910321 10.528439431211376 0.4734805303893922
20 0.22 2.008 130.93153416931574 5.603914921701589 9.376132477350453 0.24212515749685007
20 0.22 3.007 110.2932849343053 3.384346313073808 18.827413451730965 0.009389812203755924
20 0.22 4.006 102.58876942457835 2.4344483110338064 18.999970000599987 6.29987400251995E-4
20 0.22 5.005 101.7031415371287 2.3209155816878755 19.0 2.3999520009599807E-4
20 0.22 6.004 99.76322673549981 2.0722085558286953 19.0 0.0
20 0.22 8.002 98.41999999995515 1.9000000000010122 19.0 0.0
20 0.22 9.001 98.41999999995515 1.9000000000010122 19.0 0.0
20 0.34 0.5095 183.8275718485624 8.1705255894882 12.099388012239755 0.7290454190916181
20 0.34 1.5085 175.18686026279696 6.659707805843881 10.459620807583848 0.3881622367552649
20 0.34 2.5075 171.42744705106264 6.0081088378232765 9.924281514369712 0.1901961960760785
20 0.34 3.5065 152.00759944800325 3.455696886062484 19.0 0.008519829603407933
20 0.34 4.5055 146.32889482212727 2.5952870942584365 19.0 0.0012299754004919902
20 0.34 5.5045 144.6080320393675 2.334550308993991 19.0 3.599928001439971E-4
20 0.34 6.5035 143.64484070315615 2.188612227755247 19.0 2.999940001199976E-5
20 0.34 7.5025 142.39999999998525 2.0 19.0 0.0
20 0.34 8.5015 143.0599999999934 2.0999999999994095 19.0 0.0
20 0.34 9.5005 142.39999999998525 2.0 19.0 0.0
20 0.4 0.01 208.9724305513876 9.458945821083603 13.345803083938321 0.994720105597888
20 0.52 0.5095 239.26063238735804 8.55339593208132 12.482510349793005 0.7900641987160257
20 0.52 1.5085 234.2363640727092 7.407556848863094 11.236305273894523 0.4658006839863203
20 0.52 2.5075 231.43132657346862 6.812962740745165 10.61639767204656 0.24503509929801404
20 0.52 3.5065 227.6121905561979 6.080413391732254 12.159866802663947 0.0998080038399232
20 0.52 4.5055 215.51789284215596 3.7328943421131475 19.0 0.013079738405231895
20 0.52 5.5045 211.71949361009615 2.9415611687761376 19.0 0.002849943001139977
20 0.52 6.5035 210.40377752441526 2.667453650927806 19.0 0.0012299754004919902
20 0.52 7.5025 208.541635567325 2.2795074098515635 19.0 2.0999580008399833E-4
20 0.52 8.5015 208.05786284270127 2.1787214255716174 19.0 5.999880002399952E-5
20 0.52 9.5005 207.5565512688973 2.074281514369007 19.0 0.0
20 0.7 1.009 292.02740445190994 8.511507769844599 12.416091678166437 0.7075358492830144
20 0.7 2.008 289.9734505309901 7.836278274434521 11.674986500269995 0.44618107637847243
20 0.7 3.007 288.4594738105283 7.361564768704484 11.206275874482511 0.25697486050278995
20 0.7 4.006 287.2289524209507 6.985438291234262 10.95755084898302 0.13454730905381893
20 0.7 5.005 286.29128817424186 6.700371992559927 10.467360652786944 0.06767864642707146
20 0.7 6.004 281.8843523129495 5.277998440031139 15.429141417171657 0.03104937901241975
20 0.7 8.002 276.1281544369014 3.3760514789705645 19.0 0.00740985180296394
20 0.7 9.001 274.291489170211 2.7638297234050473 19.0 0.0024299514009719805
20 0.88 0.01 346.2510985780239 9.479549409011865 13.381472370552588 0.998380032399352
20 1.06 0.5095 397.1334697305986 9.761945761084736 13.65497690046199 0.9333713325733485
20 1.06 1.5085 396.81019019619015 10.049265014699623 13.929051418971621 0.870342593148137
20 1.06 2.5075 396.615191096172 10.322907541849167 14.18527629447411 0.8224035519289614
20 1.06 3.5065 396.4680542389166 10.556581868362601 14.381382372352553 0.7775544489110218
20 1.06 4.5055 396.3160418791665 10.807868842623119 14.611747765044699 0.7369952600947981
20 1.06 5.5045 396.12568668627154 11.124014519709602 14.896922061558769 0.6932261354772905
20 1.06 6.5035 395.97750644986905 11.37082258354845 15.132087358252836 0.6424671506569869
20 1.06 7.5025 395.8158612827748 11.640337193256123 15.344993100137998 0.5965380692386152
20 1.06 8.5015 395.6765974680549 11.872337553248874 15.542119157616847 0.5519889602207956
20 1.06 9.5005 395.5379606407877 12.103398932021411 15.75427491450171 0.5132897342053159
20 1.12 1.009 413.45840763185964 10.165200695986048 14.020219595608088 0.8551628967420651
20 1.12 2.008 412.78305513889217 10.688207235855335 14.498110037799243 0.7592248155036899
20 1.12 3.007 412.1543997119935 11.205366892662136 14.971230575388493 0.6653566928661426
20 1.12 4.006 411.5257118857639 11.728685426291447 15.433071338573228 0.5754184916301675
20 1.12 5.005 410.9171812563849 12.235738285234294 15.853842923141537 0.4919301613967721
20 1.12 6.004 410.1755864882749 12.853677926441412 16.362962740745186 0.3987220255594888
20 1.12 8.002 409.1272802543869 13.727266454670929 17.016319673606528 0.2750644987100258
20 1.12 9.001 408.62146517069294 14.148779024419387 17.335183296334073 0.2230455390892182
20 1.24 0.5095 446.96440991181123 10.147219055618876 14.02594948101038 0.8626027479450411
20 1.24 1.5085 444.27762284752674 11.219811603767996 14.975280494390113 0.6715965680686387
20 1.24 2.5075 441.7641891162248 12.26502969940608 15.866292674146518 0.4851502969940601
20 1.24 3.5065 439.31747525048826 13.284385312293727 16.661366772664547 0.32969340613187736
20 1.24 4.5055 437.16702225954634 14.18040739185198 17.359152816943663 0.21518569628607429
20 1.24 5.5045 435.2414855703073 14.982714345712969 17.889332213355733 0.1367372652546949
20 1.24 6.5035 433.6860862782543 15.630797384052201 18.30092398152037 0.08549829003419931
20 1.24 7.5025 432.14224995498785 16.27406251874968 18.60664786704266 0.05228895422091558
20 1.24 8.5015 430.75772484549844 16.85094798104042 18.849913001739964 0.02654946901061979
20 1.24 9.5005 429.7158120837906 17.285078298432957 18.960040799184018 0.013649727005459892
20 1.3 0.01 466.1328253434916 9.517957640847193 13.423291534169316 0.9966700665986681
20 1.42 0.5095 495.3314279714454 10.556323873522519 14.393232135357293 0.7881142377152457
20 1.42 1.5085 487.22572568542313 12.470156596868051 16.044489110217796 0.45857082858342835
20 1.42 2.5075 480.4248299034234 14.089326213475687 17.31052378952421 0.23096538069238615
20 1.42 3.5065 474.77961360771417 15.433425331493387 18.13142737145257 0.10199796004079918
20 1.42 4.5055 470.1002057960137 16.547570048598672 18.74194516109678 0.040979180416391675
20 1.42 5.5045 466.94377992423307 17.29910001799996 18.96490070198596 0.014639707205855883
20 1.42 6.5035 463.97042839144405 18.007040859181743 19.0 0.0033899322013559727
20 1.42 7.5025 463.21919361621093 18.185906281870082 19.0 0.002009959800803984
20 1.42 8.5015 461.2436791265878 18.65626687465407 19.0 1.7999640007199856E-4
20 1.42 9.5005 461.55393532160804 18.582396352064144 19.0 1.7999640007199856E-4
20 1.6 1.009 534.490178196436 12.251940961180875 15.866442671146578 0.48659026819463613
20 1.6 2.008 520.1775964480704 14.637067258654724 17.636677266454672 0.17207655846883063
20 1.6 3.007 509.9629807403845 16.339503209935845 18.644357112857744 0.04880902381952361
20 1.6 4.006 503.3026639467312 17.449556008879604 18.973960520789586 0.011909761804763904
20 1.6 5.005 499.21024779515125 18.131625367490365 19.0 0.00251994960100798
20 1.6 6.004 497.7897882041287 18.368368632629917 19.0 7.49985000299994E-4
20 1.6 8.002 495.59566808685645 18.734055318885165 19.0 5.999880002399952E-5
20 1.6 9.001 494.60872982513706 18.89854502911164 19.0 0.0
20 1.78 0.01 602.9962734745191 9.52551448971023 13.455780884382312 0.9910901781964361
20 1.9 0.5095 617.425196496071 11.620429591408136 15.352042959140817 0.5952180956380873
20 1.9 1.5085 585.7718755624884 15.136458270834586 17.9827503449931 0.12602747945041098
20 1.9 2.5075 567.1231055378796 17.20854382912243 18.936611267774644 0.014879702405951881
20 1.9 3.5065 557.6326873462585 18.26303473930108 19.0 0.0011999760004799903
20 1.9 4.5055 554.0884952302035 18.656833863330927 19.0 4.499910001799964E-4
20 1.9 5.5045 551.9389332214602 18.895674086528643 19.0 0.0
20 1.9 6.5035 551.9098818024726 18.89890202197145 19.0 2.999940001199976E-5
20 1.9 7.5025 551.0 19.0 19.0 0.0
20 1.9 8.5015 551.9000000001087 18.900000000011882 19.0 0.0
20 1.9 9.5005 551.0 19.0 19.0 0.0
20 1.96 0.01 654.1275898482158 9.545068098638108 13.449121017579648 0.9894702105957881
