10 0.1 0.5095 26.288270234595167 3.7150596988060287 5.863172736545269 0.6671866562668747
10 0.1 1.5085 23.17009059818804 2.8704445911082885 5.024269514609708 0.2997240055198896
10 0.1 2.5075 21.79248815023703 2.481880362392612 4.90130197396052 0.13124737505249895
10 0.1 3.5065 20.604796904063342 2.195578088438122 5.366742665146697 0.04655906881862363
10 0.1 4.5055 19.737361252775965 2.0312893742125047 5.977740445191096 0.011759764804703907
10 0.1 5.5045 18.737928241429877 1.924635507290289 7.148017039659207 0.0031799364012719744
10 0.1 6.5035 17.52176756463814 1.8177776444481495 8.511759764804705 2.999940001199976E-4
10 0.1 7.5025 17.099999999989315 1.8000000000010403 9.0 2.999940001199976E-5
10 0.1 8.5015 17.331709365799984 1.807349853004017 8.716235675286494 2.0999580008399833E-4
10 0.1 9.5005 17.099999999989315 1.8000000000010403 9.0 0.0
10 0.16 0.01 33.6287226255483 4.493310133797336 6.628877422451551 0.993070138597228
10 0.16 10.0 21.959999999995976 1.8000000000010403 9.0 2.999940001199976E-5
10 0.28 1.009 39.76557268854571 3.7195656086877933 5.908771824563509 0.5790784184316313
10 0.28 2.008 38.620989980202864 3.3348893022138095 5.768734625307494 0.3152636947261055
10 0.28 3.007 37.29742845143647 2.99809803803905 6.381262374752505 0.1370972580548389
10 0.28 4.006 33.52387952241661 2.2503029939398 8.688036239275215 0.0122997540049199
10 0.28 5.005 32.4009947801218 1.9901241975166382 8.96295074098518 0.0013199736005279894
10 0.28 6.004 31.791151376994936 1.8308753824933894 9.0 8.999820003599928E-5
10 0.28 7.003 31.85687886243753 1.8491330173400313 9.0 1.1999760004799904E-4
10 0.28 8.002 31.694990100219314 1.8041639167226453 9.0 2.999940001199976E-5
10 0.28 9.001 31.68000000002195 1.8000000000010403 9.0 2.999940001199976E-5
10 0.34 0.01 46.21671086578407 4.5104817903642145 6.639617207655847 0.994690106197876
10 0.34 10.0 36.54000000001728 1.8000000000010403 9.0 0.0
10 0.46 1.009 53.447180056400576 4.107229855402906 6.3148137037259255 0.627377452450951
10 0.46 2.008 52.62151076978655 3.8385732285355814 6.173696526069478 0.3525529489410212
10 0.46 3.007 51.70197576048642 3.5780584388315075 6.495290094198116 0.16865662686746266
10 0.46 4.006 49.12698086038233 2.8021839563208077 8.438891222175556 0.034769304613907724
10 0.46 5.005 47.59619667606339 2.293988120237145 8.997930041399172 0.004559908801823964
10 0.46 6.004 46.45382912343275 1.8717885642293897 9.0 5.399892002159956E-4
10 0.46 7.003 46.67014339715053 1.9519049619010957 9.0 6.599868002639947E-4
10 0.46 8.002 46.54879162418425 1.9069598608032556 9.0 1.7999640007199856E-4
10 0.46 9.001 46.41057598848774 1.8557688846235953 9.0 1.1999760004799904E-4
10 0.52 0.01 58.7532789344219 4.5164096718066045 6.648887022259554 0.9961600767984641
10 0.52 10.0 51.20988300237685 1.8374512509756027 9.0 2.3999520009599807E-4
10 0.58 0.5095 62.40999340013901 4.424101517969624 6.5907481850363 0.8004439911201776
10 0.58 1.5085 61.68529129418103 4.197066058678792 6.424761504769904 0.4907301853962921
10 0.58 2.5075 61.08903761925379 4.0005399892003055 6.380992380152397 0.2732045359092818
10 0.58 3.5065 60.413494330118915 3.761840763185118 6.578808423831523 0.13571728565428692
10 0.58 4.5055 58.62491270174607 3.024119517609998 8.174386512269754 0.03428931421371573
10 0.58 5.5045 57.5422517549542 2.5382372352554063 8.825853482930341 0.011429771404571909
10 0.58 6.5035 56.87332213354706 2.2253914921699827 9.0 0.0038099238015239694
10 0.58 7.5025 56.34036539268105 1.971602567949362 9.0 8.999820003599928E-4
10 0.58 8.5015 56.420424191494085 2.0097258054839604 9.0 7.199856002879943E-4
10 0.58 9.5005 55.9900419991456 1.8047819043629785 9.0 5.999880002399952E-5
10 0.64 1.009 66.22941981159933 4.409905801883937 6.590028199436011 0.6358672826543469
10 0.64 2.008 65.67483530328828 4.233971320573489 6.488420231595368 0.38414231715365693
10 0.64 3.007 65.16621707565378 4.036449271014542 6.477470450590988 0.20972580548389033
10 0.64 4.006 64.64819223615284 3.8102777944444024 6.708885822283555 0.10787784244315114
10 0.64 5.005 63.27500929981324 3.122703545929142 8.02654946901062 0.03500929981400372
10 0.64 6.004 62.4494066118682 2.688312233755127 8.583518329633407 0.013619727605447891
10 0.64 7.003 61.63169976602396 2.2398332033365356 9.0 0.004289914201715966
10 0.64 8.002 61.461430371390506 2.1452390952178986 9.0 0.002579948401031979
10 0.64 9.001 61.40954820903048 2.116415671686239 9.0 0.001619967600647987
10 0.76 0.5095 74.74681946359559 4.61422571548568 6.765464690706186 0.7956140877182456
10 0.76 1.5085 74.22464150715237 4.533857322853466 6.720045599088018 0.5383692326153477
10 0.76 2.5075 73.8967972640363 4.403929921401476 6.644987100257995 0.3607727845443091
10 0.76 3.5065 73.62161876760759 4.250878982420194 6.612737745245095 0.22847543049139019
10 0.76 4.5055 73.38825943479554 4.103113937721212 6.550038999220016 0.14390712185756285
10 0.76 5.5045 73.07448611026217 3.869166616667651 6.743745125097498 0.08255834883302333
10 0.76 6.5035 72.840470390585 3.6861042779147253 6.852582948341033 0.054478910421791565
10 0.76 7.5025 72.35604727904452 3.2930581388373414 7.620807583848323 0.030449391012179756
10 0.76 8.5015 71.85281694365256 2.8769484610307865 8.343883122337553 0.015569688606227875
10 0.76 9.5005 71.43452930941994 2.528223435530847 8.835483290334194 0.010109797804043918
10 0.82 1.009 78.47219535609105 4.687448251034996 6.837943241135178 0.6658366832663347
10 0.82 2.008 78.15571848562588 4.602957940841198 6.79297414051719 0.46994060118797626
10 0.82 3.007 77.9524977500406 4.490178196435966 6.729765404691906 0.3415131697366053
10 0.82 4.006 77.77434331312743 4.3513769724604066 6.623417531649367 0.23588528229435413
10 0.82 5.005 77.64969640606633 4.242509149816925 6.589068218635627 0.17222655546889062
10 0.82 6.004 77.50599808003606 4.103671926561281 6.598248035039299 0.11903761924761505
10 0.82 7.003 77.36904481910352 3.9562848743026025 6.709155816883662 0.08588828223435531
10 0.82 8.002 77.17110877782392 3.7405651886964026 6.974980500389992 0.05798884022319554
10 0.82 9.001 76.91494510109796 3.4602027959442374 7.557208855822884 0.04076918461630767
10 0.94 0.5095 86.70589788204913 4.799142017159657 6.925631487370253 0.7978040439191216
10 0.94 1.5085 86.25772484551025 4.877914441711154 7.02459950800984 0.632927341453171
10 0.94 2.5075 86.13512089758888 4.865812683746349 7.0165896682066355 0.5542089158216835
10 0.94 3.5065 86.08134097318741 4.820963580728389 6.96490070198596 0.49493010139797206
10 0.94 4.5055 86.04551928961983 4.771116577668455 6.916001679966401 0.44153116937661246
10 0.94 5.5045 86.02081958361218 4.718863622727627 6.888192236155277 0.4025319493610128
10 0.94 6.5035 85.9995404091932 4.6563928721426295 6.8452630947381055 0.36893262134757304
10 0.94 7.5025 85.97945101097936 4.593940121197575 6.803443931121378 0.32306353872922544
10 0.94 8.5015 85.96579108417842 4.551508969820623 6.799964000719986 0.3039539209215816
10 0.94 9.5005 85.95336113277617 4.510451790964108 6.754484910301794 0.27962440751184975
10 1.0 0.5095 90.62104757904842 4.851976960460846 6.974440511189776 0.8019739605207896
10 1.0 1.5085 90.15707685846283 5.0007439851202875 7.125457490850183 0.6936161276774464
10 1.0 2.5075 90.04904901901962 5.044507109857794 7.169376612467751 0.6579168416631668
10 1.0 3.5065 90.01754964900702 5.054454910901833 7.176576468470631 0.6496670066598668
10 1.0 4.5055 90.00692986140277 5.067678646427054 7.187886242275154 0.6499670006599868
10 1.0 5.5045 90.00311993760124 5.063700725985465 7.1832663346733066 0.6460070798584028
10 1.0 6.5035 90.00086998260035 5.059542809143822 7.18767624647507 0.6466070678586429
10 1.0 7.5025 90.00023999520009 5.056818863622764 7.170546589068219 0.6427671446571068
10 1.0 8.5015 90.0 5.062578748424997 7.178346433071338 0.6438171236575269
10 1.0 9.5005 90.00020999580008 5.071302573948549 7.189146217075659 0.6483170336593268
10 1.06 0.01 96.21241495169407 4.536905261894771 6.675796484070319 0.991780164396712
10 1.06 10.0 93.62030719386266 5.932309353812905 7.878982420351593 0.44114117717645646
10 1.18 1.009 101.67824323513932 5.215251694966114 7.302153956920861 0.6515869682606348
10 1.18 2.008 101.24430611387835 5.535747285054291 7.559998800023999 0.5517189656206876
10 1.18 3.007 100.96040739184917 5.826843463130716 7.796394072118558 0.46769064618707623
10 1.18 4.006 100.6929789404145 6.119895602087958 8.011249775004499 0.3870522589548209
10 1.18 5.005 100.38997840042506 6.4556188876222595 8.260064798704025 0.30455390892182155
10 1.18 6.004 100.14403191935662 6.728853422931485 8.431421371572569 0.23114537709245814
10 1.18 7.003 99.8864192716154 7.015089698206113 8.604817903641926 0.17150656986860263
10 1.18 8.002 99.66634667307201 7.259614807703856 8.731205375892483 0.123597528049439
10 1.18 9.001 99.42484730305998 7.5279474410510305 8.828433431331373 0.08528829423411531
10 1.24 0.01 108.65203815923493 4.543637127257431 6.679486410271794 0.988780224395512
10 1.24 10.0 101.66569628605848 8.278586428272028 8.99340013199736 0.01622967540649187
10 1.36 1.009 112.56256674866455 5.518347633047298 7.544819103617928 0.5684886302273955
10 1.36 2.008 111.3385540289253 6.147945041099209 8.03734925301494 0.3854022919541609
10 1.36 3.007 110.30286434271451 6.7207895842083625 8.428871422571548 0.22913541729165415
10 1.36 4.006 109.29738645227523 7.279252414951811 8.735045299094018 0.12047759044819104
10 1.36 5.005 108.46535189297165 7.7414711705765615 8.9115017699646 0.05753884922301554
10 1.36 6.004 107.84909461810413 8.083836323273363 8.967600647987041 0.02747945041099178
10 1.36 7.003 107.44732105356591 8.307043859122576 8.99460010799784 0.014369712605747886
10 1.36 8.002 107.15121257573739 8.471548569028583 8.99865002699946 0.007049859002819943
10 1.36 9.001 106.85055738884606 8.638579228413903 8.999940001199976 0.003509929801403972
10 1.42 0.01 121.16180056399075 4.539089218215647 6.6700665986680265 0.9865302693946121
10 1.42 10.0 109.18472910537422 8.86441471170379 9.0 5.699886002279955E-4
10 1.48 0.5095 120.86516109680113 5.278004439911182 7.353062938741225 0.6607367852642947
10 1.48 1.5085 118.47998920016853 6.13746325073498 8.033419331613368 0.38819223615527687
10 1.48 2.5075 116.6021911561253 6.915827683446458 8.55189896202076 0.1874362512749745
10 1.48 3.5065 115.04320153594092 7.565332693346187 8.860262794744106 0.07634847303053939
10 1.48 4.5055 113.86164756705126 8.05764684706324 8.96955060898782 0.02963940721185576
10 1.48 5.5045 113.17676846465373 8.343013139737533 8.99610007799844 0.01118977620447591
10 1.48 6.5035 112.37490610192263 8.677122457549798 8.999130017399652 0.00251994960100798
10 1.48 7.5025 111.99615047704401 8.83493730125134 9.0 8.099838003239935E-4
10 1.48 8.5015 111.85899322019445 8.892086158275525 9.0 2.999940001199976E-4
10 1.48 9.5005 111.8649691006746 8.889596208073744 9.0 4.7999040019199615E-4
10 1.54 1.009 122.96581568367274 5.80746385072297 7.776864462710746 0.48104037919241616
10 1.54 2.008 120.41749145017828 6.734553308933814 8.436491270174596 0.23303533929321413
10 1.54 3.007 118.42715905685492 7.471422571548374 8.820903581928361 0.09062818743625127
10 1.54 4.006 116.94372232555226 8.020843583128556 8.970030599388013 0.03113937721245575
10 1.54 5.005 115.86692986135336 8.419655606887307 8.996190076198475 0.010169796604067919
10 1.54 6.004 115.35605687881188 8.608867822642791 8.999970000599989 0.003479930401391972
10 1.54 7.003 114.76444471104912 8.827983440328213 9.0 8.999820003599928E-4
10 1.54 8.002 114.65222955534419 8.869544609106372 9.0 4.499910001799964E-4
10 1.54 9.001 114.54566808658346 8.909011819761318 9.0 1.499970000599988E-4
10 1.66 0.5095 131.68572088558415 5.438225235495295 7.48395032099358 0.6080878382432351
10 1.66 1.5085 127.6693874122354 6.585894282114328 8.352942941141178 0.26474470510589787
10 1.66 2.5075 124.41794864101767 7.570318593628232 8.847873042539149 0.08036839263214736
10 1.66 3.5065 122.31435951281361 8.207769844603247 8.983410331793364 0.020549589008219835
10 1.66 4.5055 121.15877542449564 8.557946841063067 8.996970060598787 0.004619907601847963
10 1.66 5.5045 120.57585528289793 8.734589308211708 9.0 0.0017099658006839863
10 1.66 6.5035 120.01540769189111 8.904421911561494 9.0 4.1999160016799666E-4
10 1.66 7.5025 119.87734505310955 8.946259074815831 9.0 2.0999580008399833E-4
10 1.66 8.5015 119.87568188642369 8.94676306473842 9.0 2.0999580008399833E-4
10 1.66 9.5005 119.72767984647324 8.991612167756614 9.0 5.999880002399952E-5
10 1.72 1.009 132.70300713984986 6.143715125697453 8.039839203215935 0.39152216955660885
10 1.72 2.008 128.6143121137544 7.273816523669485 8.73552528949421 0.12236755264894703
10 1.72 3.007 125.6553572928605 8.095734085318162 8.980080398392031 0.02876942461150777
10 1.72 4.006 124.2083590328194 8.497678046438704 8.99955000899982 0.00623987520249595
10 1.72 5.005 123.22080518389558 8.771998560026407 9.0 0.0010799784004319913
10 1.72 6.004 122.77023819522634 8.897156056877813 9.0 6.29987400251995E-4
10 1.72 7.003 122.53886362268253 8.961426771463266 9.0 1.499970000599988E-4
10 1.72 8.002 122.4754472910085 8.979042419151922 9.0 2.999940001199976E-5
10 1.72 9.001 122.55249295011285 8.957640847180985 9.0 5.999880002399952E-5
10 1.84 0.5095 142.31318893622282 5.586548269034641 7.5977080458390835 0.5569388612227756
10 1.84 1.5085 136.08955060899976 7.026573468530696 8.609587808243836 0.16850662986740264
10 1.84 2.5075 131.7488618227598 8.059794804103976 8.96130077398452 0.030509389812203757
10 1.84 3.5065 129.52236035279216 8.589914201714405 8.999040019199615 0.004319913601727965
10 1.84 4.5055 128.61628727419944 8.805645887080976 9.0 8.69982600347993E-4
10 1.84 5.5045 128.1599748004876 8.914291714163943 9.0 3.899922001559969E-4
10 1.84 6.5035 127.88943301128477 8.978706425870412 9.0 5.999880002399952E-5
10 1.84 7.5025 127.81370852575625 8.996736065278505 9.0 2.999940001199976E-5
10 1.84 8.5015 127.86952540943224 8.983446331072415 9.0 0.0
10 1.84 9.5005 127.79999999992161 9.0 9.0 0.0
10 1.9 0.01 154.17558048839012 4.562608747825057 6.693226135477291 0.9795104097918041
10 1.9 10.0 130.5 9.0 9.0 0.0
12 0.08 1.009 31.81975520489558 3.6597418051638733 6.155966880662387 0.3998320033599328
12 0.08 2.008 28.497670846583322 2.903401931961365 5.4554808903821925 0.17171656566868662
12 0.08 3.007 26.985839083218544 2.5513339733204012 5.448581028379432 0.0752984940301194
12 0.08 4.006 25.413166136676892 2.258614827703783 6.260844783104338 0.023279534409311815
12 0.08 5.005 23.794030119398702 2.0398442031155843 7.553578928421431 0.004829903401931962
12 0.08 6.004 20.834238915230397 1.839738205231618 10.834883302333953 0.0
12 0.08 7.003 20.986841063184187 1.8368232635304436 10.600587988240235 0.0
12 0.08 8.002 20.68000000000764 1.833333333328946 11.0 0.0
12 0.08 9.001 21.619948401031643 1.8648927021427353 9.929291414171717 1.499970000599988E-4
12 0.14 0.01 47.05227515449658 5.486725265494702 8.031769364612709 0.99295014099718
12 0.14 10.0 27.939999999976784 1.833333333328946 11.0 2.999940001199976E-5
12 0.26 1.009 54.91558408832475 4.325068498630018 6.895872082558349 0.5515389692206156
12 0.26 2.008 53.22113217734891 3.84202315953681 6.561948761024779 0.3061138777224455
12 0.26 3.007 50.88290574186784 3.3583228335432174 7.606017879642407 0.11996760064798705
12 0.26 4.006 44.947664846678926 2.3681176376472726 10.850572988540229 0.005789884202315953
12 0.26 5.005 43.309355012875805 2.0246295074082976 11.0 5.399892002159956E-4
12 0.26 6.004 43.17686806261069 1.9947901041961196 11.0 1.1999760004799904E-4
12 0.26 7.003 42.51105897879972 1.8448331033338807 11.0 0.0
12 0.26 8.002 42.459999999979935 1.833333333328946 11.0 0.0
12 0.26 9.001 42.459999999979935 1.833333333328946 11.0 0.0
12 0.32 0.01 65.29266214675766 5.508009839803158 8.043829123417531 0.99430011399772
12 0.32 10.0 49.71999999997665 1.833333333328946 11.0 0.0
12 0.38 0.5095 69.72053278933971 4.988275234495292 7.536359272814543 0.7778844423111537
12 0.38 1.5085 67.93397252054613 4.428871422571592 7.063718725625487 0.44519109617807645
12 0.38 2.5075 66.73719625607366 4.1020029599408465 7.045569088618228 0.22967540649187015
12 0.38 3.5065 62.62442131158028 3.2238805223897797 9.496520069598608 0.045479090418191634
12 0.38 4.5055 59.19162056759096 2.4263564728707103 10.994180116397672 0.004109917801643967
12 0.38 5.5045 58.24944321115067 2.1745815083701974 11.0 9.599808003839923E-4
12 0.38 6.5035 57.95078898423649 2.0942981140377723 11.0 3.899922001559969E-4
12 0.38 7.5025 57.15318113636054 1.879887402248576 11.0 1.1999760004799904E-4
12 0.38 8.5015 56.99160616786332 1.8364532709302848 11.0 0.0
12 0.38 9.5005 56.97999999998458 1.833333333328946 11.0 5.999880002399952E-5
12 0.44 1.009 75.28570348592248 4.788029239415209 7.373462530749385 0.615647687046259
12 0.44 2.008 74.05156176875855 4.432251354972904 7.134217315653687 0.33314333713325733
12 0.44 3.007 72.64943061138311 4.083298334033358 7.5460790784184315 0.14729705405891882
12 0.44 4.006 67.51617447651427 2.7868492630146577 10.69937601247975 0.014009719805603888
12 0.44 5.005 65.53453170936696 2.2186106277867244 11.0 0.001619967600647987
12 0.44 6.004 65.42477950443326 2.1859462810750467 11.0 7.799844003119938E-4
12 0.44 7.003 64.92702225956107 2.037804243914402 11.0 3.899922001559969E-4
12 0.44 8.002 64.36184796304218 1.8695976080443106 11.0 8.999820003599928E-5
12 0.44 9.001 64.71714405714286 1.9753404931897538 11.0 5.999880002399952E-5
12 0.56 0.5095 88.71020699586275 5.2485400291993995 7.8105237895242094 0.8026939461210776
12 0.56 1.5085 87.61323333534617 4.89146217075658 7.4847903041939166 0.4868902621947561
12 0.56 2.5075 86.74305753886024 4.618612627747415 7.319793604127917 0.2632747345053099
12 0.56 3.5065 85.5550380992429 4.25106997860049 7.764054718905622 0.11558768824623508
12 0.56 4.5055 81.9636011279818 3.0277344453108643 10.639917201655967 0.023039539209215816
12 0.56 5.5045 80.87746205075531 2.63428231435386 10.99010019799604 0.008039839203215935
12 0.56 6.5035 80.08752384954273 2.336183276334495 11.0 0.0030599388012239755
12 0.56 7.5025 79.63307013862065 2.1640417191658163 11.0 0.0010499790004199917
12 0.56 8.5015 79.06593028141488 1.9492160156776077 11.0 4.7999040019199615E-4
12 0.56 9.5005 79.10127917444963 1.9626057478836452 11.0 2.999940001199976E-4
12 0.62 1.009 94.4006491870237 5.16714165716685 7.734415311693766 0.6447471050578989
12 0.62 2.008 93.55546409073489 4.888237235255258 7.4832303353932925 0.37790244195116096
12 0.62 3.007 92.88845803085657 4.667111657766878 7.3935621287574245 0.20702585948281035
12 0.62 4.006 91.77474590509573 4.259859802804043 8.114927701445971 0.08930821383572328
12 0.62 5.005 89.29052798944632 3.250219995600224 10.322793544129118 0.025649487010259795
12 0.62 6.004 88.32907601847572 2.842733145336933 10.77092458150837 0.011699766004679906
12 0.62 7.003 87.21808183833791 2.3588078238436347 11.0 0.00254994900101998
12 0.62 8.002 87.17595968078868 2.3403331933361753 11.0 0.0021599568008639825
12 0.62 9.001 86.7934745304958 2.172576548468058 11.0 0.00125997480050399
12 0.74 0.5095 107.03106077878223 5.4889452210956104 8.022859542809144 0.8185036299274014
12 0.74 1.5085 106.37929381412805 5.298364032719321 7.854682906341873 0.5512089758204836
12 0.74 2.5075 105.88415371693594 5.092633147337072 7.691066178676427 0.3521929561408772
12 0.74 3.5065 105.45253134938764 4.880857382852266 7.620627587448251 0.2127557448851023
12 0.74 4.5055 105.09596868064082 4.691966160676731 7.645077098458031 0.12977740445191097
12 0.74 5.5045 104.59778304434838 4.401361972760494 7.98545029099418 0.07079858402831943
12 0.74 6.5035 103.38298314033398 3.648572028559541 9.68542629147417 0.031019379612407753
12 0.74 7.5025 102.48346973060471 3.077923441531061 10.491390172196557 0.015989680206395872
12 0.74 8.5015 101.97093058138991 2.750439991200191 10.993010139797205 0.010529789404211915
12 0.74 9.5005 101.53558768823895 2.47153056938847 11.0 0.00503989920201596
12 0.8 0.01 113.64213115737635 5.518539629207388 8.047219055618887 0.99595008099838
12 0.8 10.0 109.14174716505462 2.951455970880701 10.916931661366773 0.016769664606707865
12 0.92 0.5095 124.81255294894483 5.695571088578231 8.227515449691007 0.8302333953320934
12 0.92 1.5085 124.40262434752022 5.729795404091946 8.260184796304074 0.6699466010679787
12 0.92 2.5075 124.2472466550731 5.665986680266393 8.17744645107098 0.5604487910241795
12 0.92 3.5065 124.14794504110431 5.565423691526199 8.094618107637848 0.4775904481910362
12 0.92 4.5055 124.09313253735341 5.4917101657966905 8.049019019619607 0.41729165416691666
12 0.92 5.5045 124.03530809383781 5.391827163456678 7.970720585588288 0.3526429471410572
12 0.92 6.5035 123.99089938200989 5.307243855122945 7.873312533749325 0.3115737685246295
12 0.92 7.5025 123.94419391611383 5.214655706885899 7.815443691126178 0.26663466730665386
12 0.92 8.5015 123.91406011878766 5.151186976260421 7.727095458090838 0.23177536449271013
12 0.92 9.5005 123.87292374151112 5.068188636227281 7.757454850902982 0.20213595728085437
12 1.04 0.01 137.80543949120516 5.514834703305921 8.048329033419332 0.992920141597168
12 1.04 10.0 135.66538669225707 6.727815443691125 9.129147417051659 0.5724485510289794
12 1.16 1.009 147.29962800744593 6.218650626987437 8.694906101877962 0.7114057718845623
12 1.16 2.008 146.84160676787332 6.564243715125743 8.999460010799783 0.6168176636467271
12 1.16 3.007 146.4959284814373 6.90493190136194 9.263814723705526 0.5283794324113518
12 1.16 4.006 146.14472910541994 7.26670466590672 9.564618707625847 0.45086098278034437
12 1.16 5.005 145.8156500869929 7.608987820243615 9.833713325733486 0.35645287094258116
12 1.16 6.004 145.47217855641975 7.966480670386502 10.076918461630767 0.2749145017099658
12 1.16 7.003 145.17577968439784 8.275229495410118 10.280194396112078 0.21473570528589428
12 1.16 8.002 144.85494450110116 8.609432811343847 10.479390412191757 0.16019679606407872
12 1.16 9.001 144.5744813103676 8.90158196836066 10.641327173456531 0.11609767804643907
12 1.22 0.01 155.8925613487732 5.519674606507866 8.039149217015659 0.9913601727965441
12 1.22 10.0 148.04865482690462 9.84192816143729 10.962560748785025 0.0251994960100798
12 1.28 0.5095 159.04650626987296 6.116107677846427 8.589878202435951 0.7617747645047099
12 1.28 1.5085 157.62937181256183 6.762089758204849 9.158966820663586 0.5707685846283075
12 1.28 2.5075 156.53634367312708 7.396222075558446 9.66487670246595 0.40946181076378474
12 1.28 3.5065 155.5501493970137 7.9821453570928504 10.075928481430372 0.2717045659086818
12 1.28 4.5055 154.58271314574012 8.557908841823194 10.470360592788143 0.16937661246775065
12 1.28 5.5045 153.66724065518525 9.102832943341484 10.719565608687827 0.09152816943661127
12 1.28 6.5035 152.96658546828988 9.519889602208835 10.906401871962562 0.051838963220735584
12 1.28 7.5025 152.37063418732507 9.874622507551447 10.973990520189597 0.025919481610367792
12 1.28 8.5015 152.0428139437211 10.069753604928986 10.990940181196375 0.01490970180596388
12 1.28 9.5005 151.61872322551991 10.322188556230536 10.997540049199015 0.008339833203335933
12 1.34 1.009 163.51264594707658 6.588843223135517 9.012869742605147 0.6168476630467391
12 1.34 2.008 161.84788924221317 7.370632587348237 9.638927221455571 0.41678166436671266
12 1.34 3.007 160.29662986740863 8.129142417151657 10.187106257874843 0.24671506569868604
12 1.34 4.006 159.03913901721904 8.745520089598319 10.559968800623988 0.1386572268554629
12 1.34 5.005 157.83560388791884 9.335488290234682 10.832603347933041 0.06641867162656746
12 1.34 6.004 156.99092818144214 9.749545009100414 10.946631067378652 0.030959380812383752
12 1.34 7.003 156.34290454190423 10.067203655928983 10.98845023099538 0.01502969940601188
12 1.34 8.002 155.9267528649449 10.27119957601074 10.998620027599449 0.007289854202915942
12 1.34 9.001 155.39979060417787 10.529514409710726 11.0 0.003479930401391972
12 1.46 0.5095 175.55388732231344 6.3168686626267485 8.786344273114537 0.7042659146817064
12 1.46 1.5085 172.3782132357419 7.3727675446491805 9.6484970300594 0.4126717465650687
12 1.46 2.5075 169.70171776558712 8.339973200536022 10.320813583728325 0.2022559548809024
12 1.46 3.5065 167.47685486286332 9.14606707865889 10.765554688906223 0.08507829843403132
12 1.46 4.5055 165.70363172740264 9.788539229216381 10.954160916781664 0.02873942521149577
12 1.46 5.5045 164.69634847311042 10.15349693006294 10.992920141597168 0.010919781604367913
12 1.46 6.5035 163.94128277443656 10.427071458571637 10.999880002399951 0.003599928001439971
12 1.46 7.5025 163.50053338936954 10.586763264735788 11.0 0.0017999640007199855
12 1.46 8.5015 162.94183776329547 10.789189216209811 11.0 3.899922001559969E-4
12 1.46 9.5005 162.63965140700094 10.898677026451274 11.0 1.7999640007199856E-4
12 1.52 1.009 178.9011447770946 6.9780754384912065 9.325673486530269 0.5202795944081119
12 1.52 2.008 175.28943781125614 8.125282494350076 10.182966340673186 0.24602507949841004
12 1.52 3.007 172.19858642826912 9.115837683246419 10.756044879102419 0.08918821623567529
12 1.52 4.006 170.14700905982153 9.773394532110585 10.958060838783224 0.029579408411831765
12 1.52 5.005 168.71430251394548 10.232595348095323 10.995890082198356 0.010559788804223915
12 1.52 6.004 167.91271254573374 10.489515209696384 10.998680026399471 0.003539929201415972
12 1.52 7.003 167.12845383091465 10.740880182391619 11.0 8.69982600347993E-4
12 1.52 8.002 166.79288894222208 10.848433031327124 11.0 3.599928001439971E-4
12 1.52 9.001 166.39866922663572 10.974785504286979 11.0 0.0
12 1.64 0.5095 191.5522409551723 6.5385992280154 8.975130497390053 0.6526669466610667
12 1.64 1.5085 185.8295098098132 7.982180356392858 10.087328253434931 0.2739845203095938
12 1.64 2.5075 181.32625187495765 9.154621907561888 10.76537469250615 0.08420831583368332
12 1.64 3.5065 178.46835063300773 9.89886702266131 10.975010499790004 0.022739545209095817
12 1.64 4.5055 175.93279174416554 10.559168816620435 10.999430011399772 0.003479930401391972
12 1.64 5.5045 175.22442191162483 10.743640127198079 11.0 8.099838003239935E-4
12 1.64 6.5035 175.0180452390898 10.797384052320643 11.0 6.599868002639947E-4
12 1.64 7.5025 174.68921341568665 10.883017339648074 11.0 1.7999640007199856E-4
12 1.64 8.5015 174.58182996344766 10.910981780352643 11.0 2.999940001199976E-5
12 1.64 9.5005 174.3960736786428 10.959355812876586 11.0 2.999940001199976E-5
12 1.7 0.01 203.95203995920153 5.543594128117405 8.066058678826424 0.9853302933941321
12 1.7 10.0 178.36381772368904 10.960995780079857 11.0 0.0
12 1.82 0.5095 207.22249835005434 6.735610287794235 9.129657406851862 0.5896382072358552
12 1.82 1.5085 198.13800743982904 8.557348853022983 10.470180596388072 0.16619667606647867
12 1.82 2.5075 192.57449271015517 9.688111237776168 10.937781244375113 0.034019319613607726
12 1.82 3.5065 189.32248695031154 10.349088018239451 10.996820063598728 0.006509869802603948
12 1.82 4.5055 187.8620387592607 10.64592708145919 11.0 0.0013199736005279894
12 1.82 5.5045 186.4294372113658 10.937106257870354 11.0 1.499970000599988E-4
12 1.82 6.5035 186.74576228485745 10.872812543735337 11.0 0.0
12 1.82 7.5025 186.2673264535936 10.970055598884537 11.0 0.0
12 1.82 8.5015 186.12000000009215 11.0 11.0 0.0
12 1.82 9.5005 186.12000000009215 11.0 11.0 0.0
14 0.06 1.009 38.90047699046069 4.091455313750868 6.901121977560448 0.35627287454250917
14 0.06 2.008 33.43996160076775 3.078915564545866 5.856062878742425 0.14072718545629087
14 0.06 3.007 30.958497030059313 2.602902227669778 5.883752324953501 0.052888942221155574
14 0.06 4.006 29.272218755624305 2.3262220469872643 6.534259314813704 0.015569688606227875
14 0.06 5.005 25.847025259504903 1.994312970881982 9.770504589908201 0.001109977800443991
14 0.06 6.004 25.610421791577913 1.9251429257112906 9.835813283734325 2.3999520009599807E-4
14 0.06 7.003 24.35854622907123 1.8839537494935321 11.414141717165657 5.999880002399952E-5
14 0.06 8.002 23.140000000011504 1.8571428571391961 13.0 0.0
14 0.06 9.001 23.140000000011504 1.8571428571391961 13.0 0.0
14 0.12 0.01 61.90612587748224 6.4755633458759325 9.376762464750705 0.9918401631967361
14 0.12 10.0 33.28000000002108 1.8571428571391961 13.0 0.0
14 0.18 0.5095 64.59414351712864 5.397359195673233 8.315413691726166 0.6886362272754545
14 0.18 1.5085 59.35560988780221 4.2572705688743095 7.172946541069178 0.34811303773924523
14 0.18 2.5075 57.083067138657206 3.7254069204332776 6.991390172196556 0.17825643487130258
14 0.18 3.5065 47.27218935621412 2.4387626533184954 12.47915041699166 0.007229855402891942
14 0.18 4.5055 44.85860202796878 2.1046207647285784 12.988840223195536 3.899922001559969E-4
14 0.18 5.5045 44.350005399875535 2.010782641489055 12.97570048599028 1.1999760004799904E-4
14 0.18 6.5035 43.419999999992726 1.8571428571391961 13.0 0.0
14 0.18 7.5025 43.419999999992726 1.8571428571391961 13.0 0.0
14 0.18 8.5015 43.419999999992726 1.8571428571391961 13.0 0.0
14 0.18 9.5005 43.419999999992726 1.8571428571391961 13.0 0.0
14 0.24 1.009 71.37254694905809 4.910738928078571 7.81307373852523 0.5212395752084958
14 0.24 2.008 68.72816583667908 4.264950415277297 7.278754424911502 0.28292434151316975
14 0.24 3.007 64.24988420232664 3.5107397852047613 9.422391552168957 0.0880182396352073
14 0.24 4.006 55.735978880457566 2.264791847019658 12.99610007799844 0.0010199796004079918
14 0.24 5.005 54.67428211437422 2.0665943823972377 13.0 2.699946001079978E-4
14 0.24 6.004 54.104589908239475 1.9595093812402364 13.0 8.999820003599928E-5
14 0.24 7.003 54.1366232675469 1.9655306893854736 13.0 5.999880002399952E-5
14 0.24 8.002 53.56000000003883 1.8571428571391961 13.0 0.0
14 0.24 9.001 53.56000000003883 1.8571428571391961 13.0 0.0
14 0.36 0.5095 92.32961420771392 5.763857579991266 8.677506449871002 0.758504829903402
14 0.36 1.5085 89.39038219235634 4.9853002939941495 7.957760844783104 0.42593148137037257
14 0.36 2.5075 87.81949481010501 4.604577908441931 7.777524449511009 0.2236155276894462
14 0.36 3.5065 79.66916661667098 3.1099863717014995 12.50044999100018 0.01880962380752385
14 0.36 4.5055 75.66332993340374 2.2641361458482843 13.0 0.0012899742005159896
14 0.36 5.5045 75.44489590208558 2.2153785495711267 13.0 6.899862002759944E-4
14 0.36 6.5035 74.0445527089699 1.9028019439583193 13.0 8.999820003599928E-5
14 0.36 7.5025 74.88929741404186 2.0913610299222 13.0 1.7999640007199856E-4
14 0.36 8.5015 74.45505969878546 1.9944329684832172 13.0 0.0
14 0.36 9.5005 73.84000000000913 1.8571428571391961 13.0 0.0
14 0.42 1.009 99.84986380272481 5.474397654904059 8.380872382552349 0.5983380332393352
14 0.42 2.008 97.99518869622756 4.983273191679063 7.953680926381472 0.3247135057298854
14 0.42 3.007 96.59966280674179 4.667478079010064 8.060508789824203 0.15380692386152278
14 0.42 4.006 87.94045419091374 2.830327679161293 12.989620207595848 0.008459830803383932
14 0.42 5.005 86.12685606287904 2.3859251386401885 13.0 0.002219955600887982
14 0.42 6.004 85.0016379672479 2.1087778244447977 13.0 2.699946001079978E-4
14 0.42 7.003 85.12169556609078 2.1383486615978455 13.0 2.0999580008399833E-4
14 0.42 8.002 84.35905141900356 1.9505052756079428 13.0 0.0
14 0.42 9.001 83.97999999998355 1.8571428571391961 13.0 0.0
14 0.54 0.5095 118.7222175556491 6.076657038287831 8.99565008699826 0.8009539809203816
14 0.54 1.5085 116.97447351052121 5.525769484610248 8.463580728385432 0.47888042239155215
14 0.54 2.5075 115.74009539807028 5.1797821186433675 8.159086818263635 0.25517489650207
14 0.54 3.5065 114.56367072657154 4.868379775261712 8.316133677326453 0.11699766004679907
14 0.54 4.5055 108.22719325611372 3.088712511464331 12.997330053398931 0.014129717405651887
14 0.54 5.5045 106.84593028142493 2.6602267954642334 13.0 0.005249895002099958
14 0.54 6.5035 106.32189956203959 2.49748433602684 13.0 0.00254994900101998
14 0.54 7.5025 105.57860502796296 2.2666475241926047 13.0 8.099838003239935E-4
14 0.54 8.5015 104.96740145196384 2.0768327490583225 13.0 2.699946001079978E-4
14 0.54 9.5005 104.9342407152566 2.0665343835984618 13.0 1.499970000599988E-4
14 0.6 0.01 128.22378952420954 6.480830383392331 9.381292374152517 0.9961600767984641
14 0.6 10.0 115.30779384411184 2.181354944329966 13.0 4.7999040019199615E-4
14 0.72 0.5095 144.20086398272161 6.337064687277676 9.24017519649607 0.8346433071338574
14 0.72 1.5085 143.32921341573365 6.024179516409646 8.948851022979541 0.5586188276234475
14 0.72 2.5075 142.57620447591748 5.724648364175538 8.689266214675706 0.34097318053638925
14 0.72 3.5065 141.95829363413793 5.460807926698584 8.433131337373252 0.19274614507709845
14 0.72 4.5055 141.43352492951155 5.238075238495293 8.424881502369953 0.10427791444171117
14 0.72 5.5045 140.52663226735635 4.806011022636711 9.261534769304614 0.05381892362152757
14 0.72 6.5035 139.22587388251003 4.165313836580494 10.555048899022019 0.02726945461090778
14 0.72 7.5025 137.21050938981838 3.1479656121165727 12.993040139197216 0.014699706005879883
14 0.72 8.5015 136.44404871902347 2.757167713788562 13.0 0.006059878802423951
14 0.72 9.5005 136.2431583368406 2.6546726208335896 13.0 0.004259914801703966
14 0.9 1.009 168.74759704805845 6.602756516298264 9.496580068398632 0.7674146517069659
14 0.9 2.008 168.479021419573 6.480316107963514 9.370702585948282 0.6197276054478911
14 0.9 3.007 168.30803383932394 6.339764633278763 9.23657526849463 0.5130797384052319
14 0.9 4.006 168.17426051479006 6.19984314599421 9.122667546649067 0.4154316913661727
14 0.9 5.005 168.05517189656183 6.054941758307657 8.967630647387052 0.34301313973720526
14 0.9 6.004 167.96363172736557 5.935625573202845 8.85942281154377 0.2837643247135057
14 0.9 7.003 167.8761894762134 5.8182293496987345 8.792344153116938 0.23279534409311814
14 0.9 8.002 167.78493130137358 5.691331887647928 8.701115977680447 0.19130617387652246
14 0.9 9.001 167.72966640667332 5.612729173987994 8.583968320633588 0.15761684766304673
14 1.02 0.01 186.12016379672647 6.5080655529746725 9.400071998560028 0.995620087598248
14 1.02 10.0 184.60802543949424 7.371246860777097 10.19607607847843 0.7076858462830743
14 1.08 0.5095 193.12827143457037 6.860717071372847 9.75457490850183 0.8539029219415611
14 1.08 1.5085 192.63355852883302 7.151166976660434 9.9970000599988 0.7633047339053219
14 1.08 2.5075 192.44779624408827 7.3761410486075425 10.204205915881682 0.7105957880842383
14 1.08 3.5065 192.32993460132508 7.5621930418534316 10.366622667546649 0.6654166916661667
14 1.08 4.5055 192.21887082259948 7.75421491570163 10.537739245215096 0.622607547849043
14 1.08 5.5045 192.08845383093154 7.985771713137158 10.716775664486711 0.5766784664306713
14 1.08 6.5035 191.95819523609453 8.21750850697275 10.916031679366412 0.5208195836083278
14 1.08 7.5025 191.8527413451626 8.406050450419652 11.07442851142977 0.4786104277914442
14 1.08 8.5015 191.72143757123257 8.640290051341978 11.26417471650567 0.4332213355732885
14 1.08 9.5005 191.59893922120364 8.859037104972511 11.409191816163677 0.3875322493550129
14 1.14 1.009 200.56700006000443 7.186656266874659 10.03944921101578 0.7650746985060298
14 1.14 2.008 200.0950674986516 7.557770273165964 10.367792644147118 0.6723465530689386
14 1.14 3.007 199.7130095398069 7.929792832714756 10.69637607247855 0.5891282174356512
14 1.14 4.006 199.31343793124114 8.33409903230518 11.020759584808303 0.5007499850003
14 1.14 5.005 198.94765464690693 8.70661443914008 11.321263574728505 0.4218815623687526
14 1.14 6.004 198.57483410331196 9.08690397620711 11.598368032639348 0.33398332033359335
14 1.14 7.003 198.22980680385595 9.438972649120194 11.840643187136257 0.27023459530809385
14 1.14 8.002 197.88563628727323 9.79016705380492 12.086668266634668 0.20975580488390233
14 1.14 9.001 197.53846283075077 10.144425682917817 12.31682366352673 0.1623867522649547
14 1.26 0.5095 216.67178016437836 7.109283528615106 9.957310853782925 0.7987640247195056
14 1.26 1.5085 215.05297474049004 7.851091549597576 10.619877602447952 0.6086878262434752
14 1.26 2.5075 213.719416811684 8.57239283785765 11.205705885882283 0.44621107577848446
14 1.26 3.5065 212.42997480052352 9.280254394913367 11.74197516049679 0.3008639827203456
14 1.26 4.5055 211.2967522649556 9.90288337090664 12.160436791264175 0.19553608927821445
14 1.26 5.5045 210.2671806563688 10.468582056931952 12.503209935801284 0.11543769124617508
14 1.26 6.5035 209.33553608924933 10.980474676221315 12.765014699706006 0.06617867642647147
14 1.26 7.5025 208.58746865060021 11.391500741413537 12.91690166196676 0.036719265614687704
14 1.26 8.5015 208.01779144418109 11.704510195510066 12.974080518389632 0.02111957760844783
14 1.26 9.5005 207.5941117178081 11.937301253974457 12.995530089398212 0.0125697486050279
14 1.32 1.009 223.15429171414985 7.652456950860979 10.448881022379553 0.6604367912641748
14 1.32 2.008 221.06913181737718 8.5595016671097 11.203935921281575 0.44726105477890443
14 1.32 3.007 219.12769904603982 9.425134354457176 11.831043379132417 0.27938441231175376
14 1.32 4.006 217.4256338873058 10.18498487173364 12.334163316733665 0.1497270054598908
14 1.32 5.005 216.07834883300023 10.786451413829875 12.67504649907002 0.08426831463370732
14 1.32 6.004 214.77215095697406 11.369575465633144 12.90310193796124 0.03854922901541969
14 1.32 7.003 213.62832423350574 11.880212395748059 12.980380392392153 0.01640967180656387
14 1.32 8.002 213.33769004621018 12.009959800806614 12.992830143397132 0.010409791804163918
14 1.32 9.001 212.75486650270437 12.270148882742731 12.996610067798644 0.004559908801823964
14 1.44 0.5095 239.57611087776834 7.371452570948598 10.192296154076919 0.741495170096598
14 1.44 1.5085 235.5513961720866 8.61431914218871 11.243235135297294 0.4471710565788684
14 1.44 2.5075 231.90285594288812 9.797774044522152 12.095278094438111 0.2128757424851503
14 1.44 3.5065 229.21111297771955 10.671716565669918 12.606677866442672 0.09341813163736726
14 1.44 4.5055 226.87775604486075 11.42929998543016 12.910061798764024 0.035639287214255716
14 1.44 5.5045 225.20491390171603 11.972430551389824 12.996760064798703 0.011669766604667906
14 1.44 6.5035 224.39612647746702 12.235023870954159 12.999190016199677 0.005069898602027959
14 1.44 7.5025 223.4339053219003 12.547433337043971 13.0 0.0018899622007559848
14 1.44 8.5015 223.23837763246667 12.610916353098073 13.0 6.29987400251995E-4
14 1.44 9.5005 222.8184544309744 12.747255054885212 13.0 3.2999340013199736E-4
14 1.5 0.01 252.19033119337612 6.527406594725245 9.432621347573049 0.989770204595908
14 1.5 10.0 227.50904481910362 12.997415765969622 13.0 2.999940001199976E-5
14 1.62 0.5095 261.98103857924525 7.601076549897645 10.41117177656447 0.6796364072718546
14 1.62 1.5085 254.2807937841133 9.345528803711181 11.786944261114778 0.2874842503149937
14 1.62 2.5075 248.27757964842078 10.728668283777724 12.641357172856543 0.08855822883542329
14 1.62 3.5065 244.20100617986677 11.667970926293586 12.958930821383571 0.023309533809323813
14 1.62 4.5055 241.5816019679097 12.271520283880548 12.99880002399952 0.00500989980200396
14 1.62 5.5045 240.23829963405865 12.581036950682888 13.0 0.0013199736005279894
14 1.62 6.5035 239.9826849463508 12.63993434416773 13.0 4.499910001799964E-4
14 1.62 7.5025 239.1341885162265 12.835440434041537 13.0 5.999880002399952E-5
14 1.62 8.5015 238.71275814482763 12.9325442062391 13.0 2.999940001199976E-5
14 1.62 9.5005 238.53310433787135 12.973939092639133 13.0 0.0
14 1.8 1.009 277.2651046979082 8.988904507624788 11.53854922901542 0.35942281154376915
14 1.8 2.008 266.91469370612975 10.836661838192182 12.702135957280854 0.07922841543169136
14 1.8 3.007 260.6038759224866 11.963593585272312 12.989740205195895 0.012959740805183896
14 1.8 4.006 257.4338513229922 12.5296694066031 13.0 0.0019499610007799844
14 1.8 5.005 256.0426231474878 12.778103009350447 13.0 3.2999340013199736E-4
14 1.8 6.004 254.95921281558657 12.971569140037497 13.0 2.999940001199976E-5
14 1.8 7.003 255.27391852157186 12.915371692554702 13.0 5.999880002399952E-5
14 1.8 8.002 254.81235975266992 12.997792901284189 13.0 0.0
14 1.8 9.001 254.79999999987933 13.0 13.0 0.0
14 1.98 0.01 317.93351232975965 6.556424585793967 9.458330833383332 0.9844303113937721
14 1.98 10.0 271.1799999998742 13.0 13.0 0.0
16 0.04 1.009 44.76407031859403 4.458030839383213 7.570108597828043 0.31637367252654947
16 0.04 2.008 36.11784124317476 3.145482090358193 6.097798044039119 0.10547789044219115
16 0.04 3.007 33.0290514189742 2.6380347393052137 5.907991840163197 0.040409191816163675
16 0.04 4.006 31.07395212095863 2.35752534949301 6.558558828823424 0.012929741405171896
16 0.04 5.005 28.98786944260785 2.090856932861343 7.8219835603287935 0.002369952600947981
16 0.04 6.004 26.66422391553404 1.9237340253194937 10.522859542809144 5.999880002399952E-5
16 0.04 7.003 25.04000000000811 1.875 13.0 0.0
16 0.04 8.002 24.33632927342658 1.875 14.353212935741285 0.0
16 0.04 9.001 24.0 1.875 15.0 0.0
16 0.16 0.5095 80.23616847663207 6.1099290514189715 9.3672526549469 0.6656866862662747
16 0.16 1.5085 72.12915461690734 4.6392384652306955 7.853062938741225 0.3211435771284574
16 0.16 2.5075 69.00399112017863 4.0067498650027 7.570588588228236 0.16130677386452272
16 0.16 3.5065 57.81789284214449 2.7422039059218815 14.287004259914802 0.006029879402411952
16 0.16 4.5055 51.0 1.875 15.0 0.0
16 0.16 5.5045 51.15008819823627 1.8973345533089339 15.0 0.0
16 0.16 6.5035 51.0 1.875 15.0 0.0
16 0.16 7.5025 51.0 1.875 15.0 0.0
16 0.16 8.5015 51.0 1.875 15.0 0.0
16 0.16 9.5005 51.0 1.875 15.0 0.0
16 0.22 1.009 88.68645167096658 5.483781574368512 8.72847543049139 0.49445011099778
16 0.22 2.008 84.84147537049441 4.680963880722386 8.036179276414472 0.2646847063058739
16 0.22 3.007 77.63296334073455 3.6435358792824144 11.190226195476091 0.07394852102957941
16 0.22 4.006 68.218794024126 2.468073138537229 14.991660166796665 0.0014099718005639887
16 0.22 5.005 66.54949481013993 2.2034446811063777 15.0 2.0999580008399833E-4
16 0.22 6.004 65.40516409675007 2.0200583488330235 15.0 5.999880002399952E-5
16 0.22 7.003 65.16487430252974 1.9815503689926202 15.0 2.999940001199976E-5
16 0.22 8.002 64.5 1.875 15.0 2.999940001199976E-5
16 0.22 9.001 64.5 1.875 15.0 0.0
16 0.34 0.5095 116.9820171596545 6.529489410211796 9.811063778724426 0.745245095098098
16 0.34 1.5085 112.50176156476844 5.515790934181316 8.768044639107218 0.40757184856302875
16 0.34 2.5075 110.25425391492902 5.034315563688726 8.492680146397072 0.20933581328373432
16 0.34 3.5065 98.09417651646199 3.107720345593088 14.872742545149096 0.011459770804583908
16 0.34 4.5055 95.22420651587085 2.5803421431571367 15.0 0.002249955000899982
16 0.34 5.5045 93.83952120959619 2.3180911381772367 15.0 4.7999040019199615E-4
16 0.34 6.5035 92.45879582405743 2.056590118197636 15.0 5.999880002399952E-5
16 0.34 7.5025 92.03173816526001 1.9757079858402833 15.0 2.999940001199976E-5
16 0.34 8.5015 91.5 1.875 15.0 0.0
16 0.34 9.5005 91.74240655187043 1.9209103317933642 15.0 0.0
16 0.4 0.01 132.35395092098128 7.486121527569448 10.732345353092938 0.9945101097978041
16 0.4 10.0 105.0 1.875 15.0 0.0
16 0.52 0.5095 152.04151436971844 6.883759824803504 10.145017099658007 0.8023339533209336
16 0.52 1.5085 149.36666946658966 6.134089818203636 9.361942761144777 0.4734505309893802
16 0.52 2.5075 147.63349733003383 5.6910586788264235 8.97180056398872 0.247885042299154
16 0.52 3.5065 145.00547309054068 5.092394402111958 10.156176876462471 0.09476810463790725
16 0.52 4.5055 137.3388996219914 3.2653221935561287 14.999970000599989 0.012239755204895902
16 0.52 5.5045 135.5235231294751 2.7925841483170335 15.0 0.003899922001559969
16 0.52 6.5035 134.76740865176046 2.5956793364132715 15.0 0.0020399592008159837
16 0.52 7.5025 132.66722505550266 2.0487565248695025 15.0 5.999880002399952E-5
16 0.52 8.5015 132.95285774282632 2.123140037199256 15.0 2.0999580008399833E-4
16 0.52 9.5005 132.82112917740184 2.088835723285534 15.0 8.999820003599928E-5
16 0.7 1.009 185.25584388312234 6.9465410691786165 10.21707565848683 0.6943361132777345
16 0.7 2.008 184.05382792344037 6.502111207775845 9.73627527449451 0.43049139017219656
16 0.7 3.007 183.0683476330475 6.14782579348413 9.430251394972101 0.24113517729645406
16 0.7 4.006 182.36346373072286 5.895467090658187 9.221035579288415 0.13199736005279894
16 0.7 5.005 181.64665506690437 5.629004919901602 9.039989200215995 0.06494870102597948
16 0.7 6.004 180.67080158397397 5.2451138477230455 9.855972880542389 0.03251934961300774
16 0.7 7.003 175.7760604787884 3.24002519949601 15.0 0.013199736005279895
16 0.7 8.002 175.31446871062863 3.047695296094078 15.0 0.006809863802723946
16 0.7 9.001 174.63009539809175 2.762539749205016 15.0 0.003869922601547969
16 0.88 0.01 219.31399652006147 7.504503659926802 10.764084718305634 0.9974200515989681
16 0.88 10.0 216.92482510351385 5.9629469910601784 9.20942581148377 0.0881682366352673
16 1.06 0.5095 251.0097834043374 7.777509449811004 11.00719985600288 0.8937421251574968
16 1.06 1.5085 250.60772124557818 8.04917651646967 11.25697486050279 0.8172436551268975
16 1.06 2.5075 250.45970660586502 8.244453860922782 11.438021239575209 0.7753044939101218
16 1.06 3.5065 250.35597408051143 8.435786284274315 11.608537829243415 0.7360652786944261
16 1.06 4.5055 250.26451550967684 8.617845143097139 11.766304673906522 0.7036959260814784
16 1.06 5.5045 250.17081118376424 8.811671266574669 11.930431391372172 0.6621167576648467
16 1.06 6.5035 250.08034079317153 8.999422511549769 12.09182816343673 0.623297534049319
16 1.06 7.5025 249.9730605387771 9.222790544189117 12.298944021119578 0.5809383812323754
16 1.06 8.5015 249.8855012899657 9.405205645887083 12.44915101697966 0.5470690586188276
16 1.06 9.5005 249.7921533569324 9.599680506389872 12.603017939641207 0.5045899082018359
16 1.12 1.009 261.1071518569662 8.129721155576888 11.34640307193856 0.8113037739245215
16 1.12 2.008 260.63592848141695 8.52072583548329 11.691726165476691 0.7271554568908621
16 1.12 3.007 260.2665206695712 8.892470900581989 12.021239575208496 0.6402171956560869
16 1.12 4.006 259.86070198595024 9.312083758324833 12.36347273054539 0.5654586908261835
16 1.12 5.005 259.47056218875633 9.718234385312293 12.704985900281994 0.4823303533929321
16 1.12 6.004 259.1132237355385 10.090391942161157 13.000689986200276 0.40556188876222476
16 1.12 7.003 258.7339029219577 10.485517789644208 13.316313673726526 0.33371332573348533
16 1.12 8.002 258.37745245096477 10.856820363592728 13.559128817423652 0.2754244915101698
16 1.12 9.001 258.04393712126137 11.204232165356693 13.836203275934482 0.21893562128757424
16 1.24 0.5095 282.3049667006693 8.08744825103498 11.301823963520729 0.8319733605327894
16 1.24 1.5085 280.48070678584185 8.924649007019859 12.052018959620808 0.6509269814603708
16 1.24 2.5075 278.93950080998485 9.719494360112797 12.71362572748545 0.4817003659926801
16 1.24 3.5065 277.46558108840287 10.48667651646967 13.308273834523309 0.3347633047339053
16 1.24 4.5055 276.1136569268601 11.19080368392632 13.815263694726106 0.2253554928901422
16 1.24 5.5045 274.89293574124605 11.826595968080639 14.222295554088918 0.13952720945581087
16 1.24 6.5035 273.735162896721 12.429602657946841 14.551778964420711 0.08438831223375533
16 1.24 7.5025 272.8503221935608 12.890457190856182 14.783734325313494 0.0499790004199916
16 1.24 8.5015 272.0056782864462 13.33037589248215 14.913481730365392 0.027179456410871782
16 1.24 9.5005 271.48480470396964 13.601664216715665 14.974080518389632 0.016589668206635867
16 1.3 0.01 295.3207985840258 7.510638537229255 10.763664726705466 0.994480110397792
16 1.3 10.0 277.79128817426226 14.253629927401452 14.997180056398872 0.003119937601247975
16 1.42 0.5095 312.77649607010295 8.386452270954582 11.561738765224696 0.7692146157076859
16 1.42 1.5085 307.8318803623811 9.812979990400192 12.781244375112498 0.46595068098638026
16 1.42 2.5075 303.39618647626014 11.132087358252836 13.780494390112198 0.23474530509389813
16 1.42 3.5065 299.8728685426996 12.180693886122278 14.436371272574549 0.10283794324113518
16 1.42 4.5055 296.9932969340568 13.037709245815083 14.826693466130678 0.040979180416391675
16 1.42 5.5045 294.7015161695756 13.719786854262916 14.976630467390653 0.014249715005699886
16 1.42 6.5035 293.66169676597804 14.029256914861703 14.999730005399892 0.006029879402411952
16 1.42 7.5025 292.74506509869326 14.302063958720826 14.99865002699946 0.0023399532009359815
16 1.42 8.5015 291.4453758926126 14.688876222475551 15.0 2.699946001079978E-4
16 1.42 9.5005 291.1656740865761 14.772120807583848 15.0 2.0999580008399833E-4
16 1.6 1.009 337.561612767744 9.676193976120478 12.666256674866503 0.4849703005939881
16 1.6 2.008 328.7701925961487 11.506209875802483 14.050008999820003 0.18128637427251454
16 1.6 3.007 322.35987280254676 12.841693166136677 14.763514729705406 0.053158936821263575
16 1.6 4.006 318.42446751065336 13.661569268614628 14.972010559788805 0.014699706005879883
16 1.6 5.005 315.0882522349517 14.356614117717646 15.0 0.0027299454010919783
16 1.6 6.004 313.75343493129657 14.63470105597888 15.0 6.29987400251995E-4
16 1.6 7.003 313.40042599154316 14.708244585108298 15.0 1.1999760004799904E-4
16 1.6 8.002 312.1253674926586 14.973881772364553 15.0 0.0
16 1.6 9.001 312.0393112137513 14.991810163796725 15.0 0.0
16 1.78 0.01 381.9000083998331 7.536141777164457 10.768884622307555 0.9885402291954161
16 1.78 10.0 333.5999999997928 15.0 15.0 0.0
16 1.9 0.5095 389.58026039479046 9.229840403191936 12.295764084718305 0.5867582648347033
16 1.9 1.5085 370.46255174896186 11.88020114597708 14.262914741705165 0.1370672586548269
16 1.9 2.5075 358.7401961960777 13.508306083878322 14.954820903581929 0.01991960160796784
16 1.9 3.5065 352.33141537166347 14.398414531709365 15.0 0.0021599568008639825
16 1.9 4.5055 350.63269034610573 14.63434856302874 15.0 3.599928001439971E-4
16 1.9 5.5045 349.7580698386912 14.75582363352733 15.0 8.999820003599928E-5
16 1.9 6.5035 348.90000000021445 14.875 15.0 0.0
16 1.9 7.5025 348.5232765346859 14.92732270354593 15.0 0.0
16 1.9 8.5015 348.0 15.0 15.0 0.0
16 1.9 9.5005 348.0 15.0 15.0 0.0
16 1.96 0.01 414.45767204656727 7.530415641687166 10.793544129117418 0.9863502729945401
16 1.96 10.0 355.19999999987596 15.0 15.0 0.0
18 0.02 1.009 49.31489710205782 4.831340039865864 8.207835843283135 0.2876042479150417
18 0.02 2.008 35.10634787304212 3.0622020892915924 6.1419271614567705 0.07001859962800744
18 0.02 3.007 30.672060958779078 2.460717452316936 5.661576768464631 0.020669586608267836
18 0.02 4.006 29.016827263456666 2.24353512929491 5.927461450770984 0.006419871602567948
18 0.02 5.005 26.437639647205714 1.9620840916519682 7.054058918821624 5.999880002399952E-4
18 0.02 6.004 27.37553368932865 2.036612601080814 6.23402531949361 7.199856002879943E-4
18 0.02 7.003 26.278530029398194 1.9603774591180212 8.347303053938921 2.3999520009599807E-4
18 0.02 8.002 22.780000000017925 1.8888888888904165 17.0 0.0
18 0.02 9.001 23.079999999998766 1.8888888888903272 16.0 2.999940001199976E-5
18 0.14 0.5095 96.37544309113848 6.828690092864835 10.40820183596328 0.6408771824563508
18 0.14 1.5085 84.4783020339598 5.010749785004349 8.445731085378293 0.29378412431751366
18 0.14 2.5075 80.18964180716259 4.249981667032921 7.862662746745065 0.14246715065698687
18 0.14 3.5065 62.702369952609864 2.527282787676829 16.83260334793304 0.0015299694006119878
18 0.14 4.5055 59.90349493009863 2.204585908279295 17.0 1.499970000599988E-4
18 0.14 5.5045 58.97125637485707 2.084141650499099 17.0 0.0
18 0.14 6.5035 57.45999999997545 1.8888888888904165 17.0 0.0
18 0.14 7.5025 58.320000000017856 2.0 17.0 0.0
18 0.14 8.5015 57.45999999997545 1.8888888888904165 17.0 0.0
18 0.14 9.5005 57.45999999997545 1.8888888888904165 17.0 0.0
18 0.2 0.01 122.27613847723025 8.460937447917605 12.044909101817964 0.992440151196976
18 0.2 10.0 74.79999999999805 1.8888888888904165 17.0 0.0
18 0.32 0.5095 143.26209155817122 7.27129457410843 10.82732345353093 0.7263454730905382
18 0.32 1.5085 136.79659206815907 6.026172809877249 9.5794984100318 0.3878922421551569
18 0.32 2.5075 133.70692266154722 5.4394112117755995 9.123507529849403 0.19613607727845442
18 0.32 3.5065 118.20429951401329 3.309430478056565 16.959560808783824 0.009689806203875922
18 0.32 4.5055 115.27774764505972 2.8362332753363706 17.0 0.002879942401151977
18 0.32 5.5045 111.92764504708914 2.288830890046313 17.0 3.599928001439971E-4
18 0.32 6.5035 111.83088978220195 2.273021206238959 17.0 2.0999580008399833E-4
18 0.32 7.5025 109.47999999998305 1.8888888888904165 17.0 0.0
18 0.32 8.5015 109.47999999998305 1.8888888888904165 17.0 0.0
18 0.32 9.5005 109.47999999998305 1.8888888888904165 17.0 2.999940001199976E-5
18 0.5 1.009 186.02567948641027 7.121934227982148 10.686806263874722 0.616157676846463
18 0.5 2.008 183.0117747645047 6.405221895562054 9.910241795164097 0.3419031619367613
18 0.5 3.007 180.9582408351833 5.973377199122655 9.73912521749565 0.15992680146397073
18 0.5 4.006 169.6727515449691 3.703689259548046 16.99295014099718 0.019319613607727847
18 0.5 5.005 166.89531709365812 3.0877549115680716 16.99910001799964 0.005879882402351953
18 0.5 6.004 164.07531349373014 2.4611807763837343 17.0 9.89980200395992E-4
18 0.5 8.002 162.57120357592848 2.126934127982563 17.0 8.999820003599928E-5
18 0.5 9.001 162.15838183236335 2.0351959627469793 17.0 0.0
18 0.68 0.01 233.06044759105546 8.489886868929155 12.088108237835243 0.9965200695986081
18 0.8 0.5095 260.1154256914839 8.248521696232721 11.827053458930822 0.874482510349793
18 0.8 1.5085 259.1669946601067 7.81176043145803 11.374902501949961 0.6437571248575028
18 0.8 2.5075 258.40250794984246 7.444911101777963 10.985210295794085 0.4494210115797684
18 0.8 3.5065 257.7152576948465 7.1035579288413935 10.649937001259975 0.2900941981160377
18 0.8 4.5055 257.1853842923155 6.8356232875342045 10.377662446751065 0.19076618467630646
18 0.8 5.5045 256.765728685429 6.619734271981161 10.12332753344933 0.12302753944921102
18 0.8 6.5035 256.2812803743922 6.363022739545126 10.173006539869203 0.0752984940301194
18 0.8 7.5025 255.9872262554789 6.206539202549142 10.262044759104818 0.0505789884202316
18 0.8 8.5015 255.6793244135126 6.0391225508817366 9.883722325553489 0.031529369412611745
18 0.8 9.5005 251.6918041638923 3.828726758798635 16.942611147777043 0.02276954460910782
18 0.86 0.01 274.5174278514443 8.489590208195617 12.102807943841123 0.998320033599328
18 0.98 1.009 301.60586548270805 8.646380405724956 12.22802543949121 0.8907421851562969
18 0.98 2.008 301.493436731282 8.61531769364602 12.192566148677026 0.8470930581388372
18 0.98 3.007 301.4464636707488 8.577138457230744 12.137637247255055 0.8119937601247975
18 0.98 4.006 301.42514429713844 8.523866189342783 12.07829843403132 0.7861342773144537
18 0.98 5.005 301.4106479870643 8.484816970327211 12.066058678826424 0.7637847243055139
18 0.98 6.004 301.39544789106725 8.410825116830956 11.98335033299334 0.7326453470930582
18 0.98 8.002 301.3742623147791 8.29933401331963 11.865302693946122 0.6898962020759585
18 0.98 9.001 301.36168716628015 8.230452057625504 11.781544369112618 0.6665566688666227
18 1.04 0.5095 315.3845407091968 8.723342199822286 12.272904541909162 0.9238015239695206
18 1.04 1.5085 315.08809623808054 8.934077985106502 12.484070318593629 0.8598128037439251
18 1.04 2.5075 314.99257094857927 9.071941894494461 12.62719745605088 0.8332333353332934
18 1.04 3.5065 314.9214927701339 9.234021986225633 12.75532489350213 0.8060838783224336
18 1.04 4.5055 314.8585732285228 9.396492070156985 12.929741405171896 0.7795344093118137
18 1.04 5.5045 314.80829423409597 9.532862676077539 13.015869682606349 0.7555348893022139
18 1.04 6.5035 314.73928241432986 9.724302180620327 13.213295734085317 0.7290754184916302
18 1.04 7.5025 314.70397912038806 9.822540215859645 13.296604067918642 0.7017459650806984
18 1.04 8.5015 314.64670066597097 9.981387038922891 13.451010979780404 0.6765464690706186
18 1.04 9.5005 314.5921377572304 10.133037339250324 13.558828823423532 0.6405171896562069
18 1.1 0.01 329.7494600107985 8.5085231628699 12.09569808603828 0.997270054598908
18 1.22 0.5095 355.53001979960226 9.073305200561743 12.628037439251216 0.8555228895422091
18 1.22 1.5085 353.6402441951187 9.945037765908204 13.400461990760185 0.6820063598728026
18 1.22 2.5075 351.9467270654528 10.794804103916608 14.12977740445191 0.5232495350092998
18 1.22 3.5065 350.3777968440628 11.587008259835008 14.751964960700786 0.38156236875262495
18 1.22 4.5055 348.7111513769724 12.428711425771493 15.412311753764925 0.253734925301494
18 1.22 5.5045 347.39836503270186 13.091734831969278 15.877812443751125 0.17042659146817063
18 1.22 6.5035 346.19537409251177 13.699306013879783 16.238735225295493 0.1117777644447111
18 1.22 7.5025 345.0000191996155 14.303020606254657 16.557958840823183 0.06725865482690346
18 1.22 8.5015 344.04428571428815 14.785714285715034 16.788354232915342 0.03974920501589968
18 1.22 9.5005 343.5631487370366 15.02871275907797 16.878712425751484 0.028319433611327775
18 1.4 1.009 391.58495830083376 10.230122064222586 13.66052678946421 0.629657406851863
18 1.4 2.008 386.096484070324 11.750988313566918 14.87922241555169 0.3591828163436731
18 1.4 3.007 381.25168296634126 13.096754731572156 15.85552288954221 0.1746265074698506
18 1.4 4.006 377.59199616006845 14.113334399977616 16.44210115797684 0.08081838363232735
18 1.4 5.005 374.2500629987226 15.041649167014745 16.885942281154378 0.02906941861162777
18 1.4 6.004 372.48878622426116 15.530892715476597 16.96733065338693 0.012359752804943901
18 1.4 8.002 369.5796484069616 16.338986553586487 17.0 0.001619967600647987
18 1.4 9.001 369.23302333954797 16.435271294581185 17.0 0.00125997480050399
18 1.58 0.01 440.17659206822003 8.517439651206784 12.101337973240534 0.9918701625967481
18 1.7 0.5095 457.0576318473655 10.02872609214196 13.478580428391432 0.6689266214675706
18 1.7 1.5085 440.46352372952805 12.656583534996368 15.562488750224995 0.2267354652906942
18 1.7 2.5075 428.9434901301859 14.48516029679529 16.6417471650567 0.05678886422271555
18 1.7 3.5065 421.52732045359164 15.662330086734855 16.981010379792405 0.011009779804403912
18 1.7 4.5055 416.0074548508478 16.538499230021785 17.0 7.49985000299994E-4
18 1.7 5.5045 414.5629567409182 16.767784644325 17.0 1.1999760004799904E-4
18 1.7 6.5035 413.09999999976094 17.0 17.0 0.0
18 1.7 7.5025 413.87064258728503 16.877675779818247 17.0 2.999940001199976E-5
18 1.7 8.5015 413.94748005061723 16.865479357081178 17.0 0.0
18 1.7 9.5005 413.09999999976094 17.0 17.0 0.0
18 1.76 0.01 481.38565308692426 8.53860922781533 12.122727545449091 0.989920201595968
18 1.88 1.009 479.87140577190047 12.046582401685335 15.114117717645646 0.30980380392392154
18 1.88 2.008 460.41766604668356 14.50281994360073 16.6462470750585 0.05336893262134757
18 1.88 3.007 449.58464270713813 15.870625920815904 16.994270114597708 0.005639887202255955
18 1.88 4.006 445.1374932500343 16.43213469063832 17.0 0.0010499790004199917
18 1.88 5.005 442.0495470087273 16.822026892800963 17.0 1.499970000599988E-4
18 1.88 6.004 440.64000000017205 17.0 17.0 0.0
18 1.88 8.002 440.64000000017205 17.0 17.0 0.0
18 1.88 9.001 440.64000000017205 17.0 17.0 0.0
18 1.94 0.01 522.4509461810832 8.570515256361235 12.175196496070079 0.9884802303953921
18 2.0 0.01 536.2887442251155 8.560892115490855 12.15494690106198 0.9877302453950921
20 0.0 0.5095 71.21482570348593 7.121482570348594 11.0164996700066 0.5636587268254635
20 0.0 1.5085 36.08540829183416 3.6085408291834775 6.844453110937781 0.09053818923621527
20 0.0 2.5075 22.58066838663227 2.258066838663212 4.796724065518689 0.008729825403491931
20 0.0 3.5065 20.438561228775423 2.0438561228773064 4.27362452750945 0.002249955000899982
20 0.0 4.5055 19.233515329693407 1.9233515329700466 4.4873102537949245 6.29987400251995E-4
20 0.0 5.5045 19.04079918401632 1.9040799184026123 3.8037739245215096 3.2999340013199736E-4
20 0.0 6.5035 19.040589188216234 1.9040589188226487 3.879432411351773 2.0999580008399833E-4
20 0.0 7.5025 19.0 1.9000000000010122 4.314303713925722 1.7999640007199856E-4
20 0.0 8.5015 19.111807763844723 1.911180776385322 4.3621527569448615 1.7999640007199856E-4
20 0.0 9.5005 19.0 1.9000000000010122 4.130047399052019 3.899922001559969E-4
20 0.06 0.01 111.4340841183188 9.4254244915102 13.356182876342473 0.99220015599688
20 0.18 1.009 123.58804463910872 6.507364852702981 10.317303653926922 0.44393112137757246
20 0.18 2.008 116.05511729765466 5.326357472850506 9.122337553248935 0.2250254994900102
20 0.18 3.007 112.57296634067316 4.759197816043674 9.23492530149397 0.11558768824623508
20 0.18 4.006 90.87174056518039 2.735918281634216 18.986140277194455 0.00125997480050399
20 0.18 5.005 83.97999999998355 1.9000000000010122 19.0 0.0
20 0.18 6.004 87.17289314210771 2.2893772124552054 19.0 5.999880002399952E-5
20 0.18 8.002 84.79999999997631 2.0 19.0 0.0
20 0.18 9.001 83.97999999998355 1.9000000000010122 19.0 0.0
20 0.24 0.01 163.15676246475468 9.450146997060024 13.37517249655007 0.9926201475970481
20 0.36 1.009 185.0040547189061 7.317600647987022 11.18002639947201 0.5446991060178796
20 0.36 2.008 179.81534889302105 6.375283494330193 10.151676966460672 0.27824443511129776
20 0.36 3.007 176.0618023639489 5.778346433071357 10.76342473150537 0.11966760664786705
20 0.36 4.006 156.58524269511886 3.091444171117073 19.0 0.00500989980200396
20 0.36 5.005 154.2547741045485 2.7273084538309442 19.0 0.0011999760004799903
20 0.36 6.004 151.4066838662652 2.2822943541140455 19.0 1.7999640007199856E-4
20 0.36 8.002 149.73994600115853 2.0218665626685217 19.0 5.999880002399952E-5
20 0.36 9.001 149.86745065100567 2.0417891642161075 19.0 0.0
20 0.42 0.01 214.76334253314803 9.4720465590688 13.381562368752626 0.9951400971980561
20 0.48 0.5095 227.03017819643074 8.459467810643734 12.378232435351293 0.7803143937121257
20 0.48 1.5085 221.4584976300481 7.2662716745665445 11.108417831643367 0.45434091318173636
20 0.48 2.5075 218.180825583485 6.611240775184515 10.448761024779504 0.22337553248935021
20 0.48 3.5065 207.40592668144865 4.7504799904001755 16.918311633767324 0.04505909881802364
20 0.48 4.5055 200.0250734985339 3.3894372112558893 19.0 0.008519829603407933
20 0.48 5.5045 196.78267834647136 2.7658996820059647 19.0 0.0017999640007199855
20 0.48 6.5035 195.44505189894682 2.5086638267235966 19.0 8.399832003359933E-4
20 0.48 7.5025 194.57825523498798 2.341972160557628 19.0 2.0999580008399833E-4
20 0.48 8.5015 193.43478250441072 2.122073558528502 19.0 5.999880002399952E-5
20 0.48 9.5005 193.99283014335322 2.2293904121911985 19.0 1.1999760004799904E-4
20 0.54 1.009 242.61835783286347 7.949295014099735 11.839293214135717 0.626867462650747
20 0.54 2.008 239.05907241857827 7.131988360232744 10.948431031379373 0.3443631127377452
20 0.54 3.007 236.80228175431313 6.655957880842326 10.492860142797143 0.16802663946721066
20 0.54 4.006 225.38663886719934 4.382240355192828 18.90787184256315 0.03110937781244375
20 0.54 5.005 221.59495530081102 3.564120717585627 19.0 0.01019979600407992
20 0.54 6.004 217.8967948641767 2.7601727965440768 19.0 0.0020999580008399833
20 0.54 8.002 215.905867282763 2.327362452751356 19.0 3.599928001439971E-4
20 0.54 9.001 215.0967342654099 2.1514639707198366 19.0 5.999880002399952E-5
20 0.66 0.5095 281.3898770024528 8.853032939341198 12.747915041699166 0.8367432651346973
20 0.66 1.5085 278.47933701326343 7.9643457130856845 11.827683446331074 0.5349493010139797
20 0.66 2.5075 276.41297654047787 7.378430431391356 11.232315353692925 0.3018839623207536
20 0.66 3.5065 274.9719349612985 6.979996400071954 10.830623387532249 0.15605687886242275
20 0.66 4.5055 273.68389512209797 6.647894042119062 10.724635507289854 0.07280854382912341
20 0.66 5.5045 264.8352954940786 4.127719445610922 18.986440271194574 0.024449511009779806
20 0.66 6.5035 263.1178142436868 3.6228865422691965 19.0 0.010439791204175916
20 0.66 7.5025 262.1009659806419 3.323813523729511 19.0 0.006809863802723946
20 0.66 8.5015 260.7510127797354 2.926768464630753 19.0 0.0026699466010679787
20 0.66 9.5005 259.7143361132892 2.6218635627291142 19.0 0.001139977200455991
20 0.72 1.009 298.10752624947435 8.59220315593692 12.499880002399951 0.7214255714885702
20 0.72 2.008 296.2455462890773 7.937385252294948 11.767804643907121 0.4653506929861403
20 0.72 3.007 294.8271458570886 7.465866682666376 11.301343973120538 0.2727845443091138
20 0.72 4.006 293.6887802243986 7.094399112017825 10.946331073378532 0.1508069838603228
20 0.72 5.005 292.81794564108094 6.809344813103756 10.877212455750884 0.07913841723165536
20 0.72 6.004 291.8892494150183 6.499514009720183 10.586488270234595 0.04013919721605568
20 0.72 8.002 283.4572616547782 3.5204505909882693 19.0 0.01007979840403192
20 0.72 9.001 282.5055522889828 3.1805543889125403 19.0 0.005429891402171956
20 0.84 0.5095 334.35257694845836 9.26340973180541 13.17777644447111 0.8929921401571969
20 0.84 1.5085 333.49181136378326 8.791690166196679 12.65797684046319 0.7002459950800984
20 0.84 2.5075 332.76202795945636 8.388762224755494 12.265314693706125 0.5230095398092038
20 0.84 3.5065 332.1400179996372 8.034718305633907 11.855252894942101 0.38396232075358494
20 0.84 4.5055 331.63781724363446 7.740262194756123 11.587328253434931 0.27395452090958183
20 0.84 5.5045 331.14926381470076 7.449091018179531 11.309743805123897 0.18554628907421852
20 0.84 6.5035 330.77302813944914 7.222196556068701 11.082498350033 0.125847483050339
20 0.84 7.5025 330.4853362933041 7.047366052678994 10.975280494390113 0.08933821323573529
20 0.84 8.5015 330.2050770984719 6.875448491030302 10.921881562368753 0.06305873882522349
20 0.84 9.5005 330.00694426110914 6.751961960760582 10.68197636047279 0.044699106017879645
20 0.9 0.01 351.96739665206655 9.50316793664127 13.411081778364432 0.998710025799484
20 1.08 1.009 402.495896082142 9.974695506089834 13.864222715545688 0.881112377752445
20 1.08 2.008 402.13505249897884 10.347465050699002 14.166586668266635 0.8175436491270175
20 1.08 3.007 401.8543469130342 10.685873282534363 14.50119997600048 0.754454910901782
20 1.08 4.006 401.58043439125504 11.024740505189946 14.808963820723585 0.6976960460790784
20 1.08 5.005 401.2745533088936 11.40709185816291 15.118917621647567 0.6346373072538549
20 1.08 6.004 401.0368320633572 11.703959920801656 15.390802183956321 0.5708885822283555
20 1.08 8.002 400.4622547549617 12.422181556368976 15.98560028799424 0.4628307433851323
20 1.08 9.001 400.20384952304903 12.745188096238278 16.25157496850063 0.4082318353632927
20 1.14 0.01 420.45694966099455 9.504484910301915 13.398992020159596 0.99790004199916
20 1.26 1.009 450.8063748725155 10.775574488510298 14.592188156236876 0.7522649547009059
20 1.26 2.008 447.7837577248417 11.92949841003182 15.5982480350393 0.5442191156176877
20 1.26 3.007 444.862496550079 13.052885942281193 16.49742005159897 0.36836263274734504
20 1.26 4.006 442.25371392573015 14.056263874722676 17.25955480890382 0.2350752984940301
20 1.26 5.005 439.8916091677889 14.964765704685759 17.855762884742305 0.14192716145677087
20 1.26 6.004 438.0280470390669 15.681520369592532 18.278604427911443 0.08564828703425932
20 1.26 8.002 434.8792266154561 16.89260514789722 18.879042419151617 0.0249595008099838
20 1.26 9.001 433.73832003353914 17.33141537169186 18.9557508849823 0.01355972880542389
20 1.32 0.01 471.9174332513386 9.497174056518851 13.4295014099718 0.995560088798224
20 1.38 0.5095 484.7654928901422 10.450113997720102 14.292464150716986 0.8060838783224336
20 1.38 1.5085 478.15893802122497 12.168896622067576 15.754004919901602 0.504139917201656
20 1.38 2.5075 472.41835063300437 13.679381412371685 16.97642047159057 0.2818143637127257
20 1.38 3.5065 467.45895962079555 14.98448431031348 17.89692206155877 0.1364972700545989
20 1.38 4.5055 463.2213223735759 16.09965200695959 18.51544969100618 0.0617987640247195
20 1.38 5.5045 460.2802837943151 16.873609527809457 18.84652306953861 0.0250194996100078
20 1.38 6.5035 457.27485930278664 17.664510709787965 18.99478010439791 0.008249835003299934
20 1.38 7.5025 456.2077836443256 17.945320093596294 18.99805003899922 0.003989920201595968
20 1.38 8.5015 454.36206935867324 18.431034379318085 19.0 8.999820003599928E-4
20 1.38 9.5005 454.02660826788707 18.519313613725604 19.0 4.1999160016799666E-4
20 1.44 1.009 496.20358072838053 11.591234175316472 15.308933821323574 0.6024779504409912
20 1.44 2.008 488.05248455029977 13.442617147657199 16.78022439551209 0.3128037439251215
20 1.44 3.007 481.39482810345106 14.955720885582291 17.873942521149576 0.14336713265734685
20 1.44 4.006 475.7665266694601 16.23488030239428 18.562278754424913 0.054508909821803564
20 1.44 5.005 472.2102273954552 17.043130137397448 18.905861882762345 0.020549589008219835
20 1.44 6.004 469.6220891582469 17.631343373134293 18.990580188396233 0.007439851202975941
20 1.44 8.002 465.1831235375963 18.64019919601457 19.0 4.7999040019199615E-4
20 1.44 9.001 464.70015839687727 18.749964000730802 19.0 1.7999640007199856E-4
20 1.56 0.5095 531.9803479930446 10.867663646727049 14.657706845863082 0.7336353272934542
20 1.56 1.5085 518.3581484370382 13.293196136077343 16.678286434271314 0.3281934361312774
20 1.56 2.5075 507.2174380512436 15.282600347992949 18.08219835603288 0.11462770744585109
20 1.56 3.5065 499.399647207048 16.678634427312105 18.80320393592128 0.03275934481310374
20 1.56 4.5055 493.81456530869343 17.675970480588564 18.993610127797442 0.007289854202915942
20 1.56 5.5045 491.7973960521215 18.03617927641349 19.0 0.002279954400911982
20 1.56 6.5035 488.1193952119658 18.692965140691356 19.0 1.7999640007199856E-4
20 1.56 7.5025 487.9530953379965 18.722661546760968 19.0 1.1999760004799904E-4
20 1.56 8.5015 486.4000000002591 19.0 19.0 0.0
20 1.56 9.5005 486.9600000004143 18.900000000011882 19.0 0.0
20 1.62 1.009 538.9400701986079 12.364606707865876 15.961180776384472 0.46772064558708826
20 1.62 2.008 524.2400965980776 14.735468290634113 17.73810523789524 0.15929681406371873
20 1.62 3.007 513.6825199495829 16.438303233935585 18.667756644867104 0.04244915101697966
20 1.62 4.006 506.35357832844716 17.62039059218995 18.995890082198358 0.008729825403491931
20 1.62 5.005 503.0135687286232 18.15910181796677 19.0 0.0020999580008399833
20 1.62 6.004 499.2884724304169 18.7599238015193 19.0 1.1999760004799904E-4
20 1.62 8.002 498.6644363112492 18.860574788514295 19.0 2.999940001199976E-5
20 1.62 9.001 498.6729363408702 18.859203815931014 19.0 2.999940001199976E-5
20 1.74 0.5095 577.7758738825046 11.27626747465049 15.023609527809445 0.6567168656626867
20 1.74 1.5085 555.2586572268585 14.316397672046541 17.439341213175737 0.20948581028379432
20 1.74 2.5075 539.8580482389883 16.397561048778996 18.679036419271615 0.04367912641747165
20 1.74 3.5065 530.5653806924308 17.653326933463717 18.994930101397973 0.006839863202735945
20 1.74 4.5055 524.086484670368 18.528853422933356 19.0 5.999880002399952E-4
20 1.74 5.5045 522.66287154276 18.72123357531717 19.0 8.999820003599928E-5
20 1.74 6.5035 520.5999999997953 19.0 19.0 0.0
20 1.74 7.5025 521.3399999998735 18.900000000011882 19.0 0.0
20 1.74 8.5015 520.5999999997953 19.0 19.0 0.0
20 1.74 9.5005 521.3399999998735 18.900000000011882 19.0 0.0
20 1.8 0.01 608.738471230574 9.524578508429766 13.436011279774405 0.9901001979960401
20 1.92 0.5095 622.0444039119294 11.691702165956691 15.39290214195716 0.5850782984340314
20 1.92 1.5085 589.8302129957084 15.192368152636838 18.03764924701506 0.12056758864822703
20 1.92 2.5075 571.0380248394101 17.234997300054665 18.948311033779323 0.016709665806683868
20 1.92 3.5065 560.203392332277 18.412674746505758 19.0 9.89980200395992E-4
20 1.92 4.5055 558.249765404979 18.625025499487062 19.0 3.2999340013199736E-4
20 1.92 5.5045 554.8000000003474 19.0 19.0 0.0
20 1.92 6.5035 554.8000000003474 19.0 19.0 0.0
20 1.92 7.5025 554.8000000003474 19.0 19.0 0.0
20 1.92 8.5015 554.8000000003474 19.0 19.0 0.0
20 1.92 9.5005 554.8000000003474 19.0 19.0 0.0
