10 0.0 1.009 13.733005339893202 2.746601067978628 4.719955600887983 0.27974440511189774
10 0.0 2.008 10.3290034199316 2.0658006839864695 3.7886242275154496 0.06305873882522349
10 0.0 3.007 9.44435111297774 1.888870222596173 3.523729525409492 0.020129597408051838
10 0.0 4.006 9.142257154856903 1.8284514309722706 3.497990040199196 0.010589788204235916
10 0.0 5.005 9.064738705225896 1.8129477410461508 3.382822343553129 0.007559848803023939
10 0.0 6.004 9.004439911201777 1.8008879822413901 3.3819823603527928 0.006539869202615948
10 0.0 7.003 9.013139737205256 1.802627947442076 3.4747405051898963 0.006629867402651947
10 0.0 8.002 9.004289914201715 1.8008579828413775 3.3947921041579168 0.006989860202795944
10 0.0 9.001 9.002489950200996 1.8004979900412388 3.3197036059278813 0.006509869802603948
10 0.18 0.01 35.03213295734175 4.49560208795824 6.624647507049859 0.9932201355972881
10 0.18 10.0 23.5799999999896 1.8000000000010403 9.0 0.0
10 0.3 0.5095 42.17075358492809 4.061420771584555 6.232915341693166 0.7679846403071938
10 0.3 1.5085 40.78220135597322 3.5717285654287023 5.8219835603287935 0.44321113577728444
10 0.3 2.5075 39.807586848263014 3.268584628307196 5.900971980560389 0.23363532729345413
10 0.3 3.5065 37.14234115317707 2.698404031919239 7.6060478790424195 0.06140877182456351
10 0.3 4.5055 34.543733125337965 2.1308393832123316 8.88162236755265 0.004799904001919961
10 0.3 5.5045 33.799097018064366 1.942275154497264 8.999460010799783 4.7999040019199615E-4
10 0.3 6.5035 33.69097018061108 1.9117057658856114 9.0 2.999940001199976E-4
10 0.3 7.5025 33.431184376333235 1.8374812503761282 9.0 1.499970000599988E-4
10 0.3 8.5015 33.30000000002069 1.8000000000010403 9.0 1.1999760004799904E-4
10 0.3 9.5005 33.40957580850653 1.8313073738537358 9.0 5.999880002399952E-5
10 0.36 0.01 47.600257994843034 4.504037919241601 6.637937241255175 0.995230095398092
10 0.36 10.0 38.159999999994064 1.8000000000010403 9.0 0.0
10 0.48 1.009 54.896301673973106 4.133395332093343 6.334313313733725 0.6347873042539149
10 0.48 2.008 54.11706005881147 3.8871542569150246 6.230845383092338 0.3655126897462051
10 0.48 3.007 53.30085918282977 3.646265074698735 6.420951580968381 0.17900641987160257
10 0.48 4.006 50.6560712785678 2.8098938021237716 8.311183776324473 0.03635927281454371
10 0.48 5.005 49.39851082976295 2.378958420831092 8.915281694366113 0.007589848203035939
10 0.48 6.004 48.48445671084238 2.0324833503329653 9.0 0.0012899742005159896
10 0.48 7.003 48.09409011816733 1.8823423531534627 9.0 3.2999340013199736E-4
10 0.48 8.002 48.30206515866817 1.9623327533456343 9.0 4.499910001799964E-4
10 0.48 9.001 47.948591828129835 1.8263814723717424 9.0 1.1999760004799904E-4
10 0.54 0.01 60.14999160016657 4.532195356092899 6.671896562068759 0.995170096598068
10 0.54 10.0 52.810557988830105 1.830677386453038 9.0 2.0999580008399833E-4
10 0.66 1.009 67.60013979720351 4.435015299693951 6.618977620447591 0.6350272994540109
10 0.66 2.008 67.09487850242887 4.280872382552258 6.508969820603588 0.39089218215635685
10 0.66 3.007 66.6391228175457 4.098746025079475 6.47960040799184 0.21998560028799424
10 0.66 4.006 66.13514249715399 3.868452630947471 6.632147357052859 0.1111777764444711
10 0.66 5.005 65.36580788384758 3.4623387532251235 7.255684886302274 0.0491990160196796
10 0.66 6.004 64.20480770384238 2.8158636827264494 8.532009359812804 0.01853962920741585
10 0.66 7.003 63.64132957339919 2.493898122037509 8.873612527749446 0.00881982360352793
10 0.66 8.002 63.23573348532483 2.2562788744221733 8.995770084598307 0.0036899262014759705
10 0.66 9.001 62.921102177951205 2.071236575268632 9.0 0.0017099658006839863
10 0.72 0.01 72.6607151857003 4.526471470570576 6.654406911861763 0.995170096598068
10 0.72 10.0 68.11209935798826 2.3654766904656235 8.82912341753165 0.004769904601907962
10 0.78 0.5095 76.08438471229846 4.624863502729969 6.772544549109018 0.7960040799184016
10 0.78 1.5085 75.58413091737613 4.5744525109498 6.76132477350453 0.5448791024179517
10 0.78 2.5075 75.28846463070307 4.450422991540084 6.6787964240715185 0.36794264114717706
10 0.78 3.5065 75.04031559368605 4.304433911321638 6.633917321653567 0.24362512749745005
10 0.78 4.5055 74.83903701925661 4.164678706425794 6.597768044639107 0.1603767924641507
10 0.78 5.5045 74.61381892361744 3.9831643367132883 6.668806623867523 0.10451790964180717
10 0.78 6.5035 74.42676726464781 3.829603407932005 6.817093658126837 0.06977860442791144
10 0.78 7.5025 74.07419811602963 3.5171056578870434 7.3120837583248335 0.042329153416931664
10 0.78 8.5015 73.59564768705188 3.085846283074478 8.147117057658846 0.023069538609227815
10 0.78 9.5005 73.11216955662735 2.6471290574186437 8.820063598728025 0.014129717405651887
10 0.84 1.009 79.80922061558363 4.718161636767253 6.863022739545209 0.6671866562668747
10 0.84 2.008 79.51654766904426 4.650146997060081 6.822613547729046 0.49196016079678406
10 0.84 3.007 79.33298494029799 4.537619247615031 6.783284334313314 0.36029279414411713
10 0.84 4.006 79.18619667606374 4.421479570408544 6.674416511669767 0.2657046859062819
10 0.84 5.005 79.08069958600629 4.317831643366998 6.651496970060599 0.20204595908081838
10 0.84 6.004 78.97084298313568 4.199694006119827 6.639107217855643 0.1492470150596988
10 0.84 7.003 78.87684526308846 4.0897882042358145 6.602687946241075 0.1127977440451191
10 0.84 8.002 78.80352912940933 4.000347993040176 6.579798404031919 0.08330833383332334
10 0.84 9.001 78.56804943900511 3.709557808843992 7.107907841843163 0.05534889302213956
10 0.96 0.5095 88.02716505669186 4.813955720885574 6.9378112437751245 0.7946541069178616
10 0.96 1.5085 87.56643667125206 4.929897402051976 7.073198536029279 0.6589968200635987
10 0.96 2.5075 87.45148497028332 4.913559728805458 7.053338933221336 0.5829183416331674
10 0.96 3.5065 87.40171356571132 4.88559428811431 7.027779444411112 0.5364492710145797
10 0.96 4.5055 87.38100077996587 4.853740925181513 7.01409971800564 0.507169856602868
10 0.96 5.5045 87.36767504648171 4.813607727845483 6.962710745785084 0.4712305753884922
10 0.96 6.5035 87.35842923139789 4.777746445071121 6.951460970780585 0.44381112377752446
10 0.96 7.5025 87.34848023037804 4.739233215335704 6.915911681766365 0.4159416811663767
10 0.96 8.5015 87.340365992665 4.699958000839965 6.893532129357413 0.3918221635567289
10 0.96 9.5005 87.33272694544604 4.663058738825272 6.868602627947441 0.36869262614747705
10 1.08 0.01 97.64081478370454 4.530023399532016 6.659476810463791 0.991570168596628
10 1.08 10.0 94.68878382432266 6.278040439191214 8.12959740805184 0.3448731025379492
10 1.2 0.5095 103.49502609947862 5.015479690406186 7.111117777644447 0.7370552588948222
10 1.2 1.5085 102.61319373612528 5.444189116217662 7.489140217195656 0.5876282474350513
10 1.2 2.5075 102.23360532789233 5.77600647987048 7.74887502249955 0.49118017639647205
10 1.2 3.5065 101.89839203215952 6.1028679426411525 7.998890022199556 0.39290214195716083
10 1.2 4.5055 101.55404691906203 6.446025079498394 8.236935261294773 0.3029039419211616
10 1.2 5.5045 101.22900941981364 6.770990580188265 8.465440691186176 0.22202555948881023
10 1.2 6.5035 100.92873342533053 7.071266574668545 8.634877302453951 0.15776684466310673
10 1.2 7.5025 100.64541309173826 7.35458690826184 8.774164516709666 0.11099778004439911
10 1.2 8.5015 100.4078898422048 7.592110157796774 8.866472670546589 0.0757184856302874
10 1.2 9.5005 100.16391672166897 7.836083278334232 8.936611267774644 0.04673906521869563
10 1.26 0.01 110.05494750105281 4.541789164216733 6.676126477470451 0.9886602267954641
10 1.26 10.0 102.54068278635778 8.35332093358147 8.993310133797324 0.01127977440451191
10 1.38 1.009 113.75063358732872 5.544639107217857 7.569088618227635 0.5611687766244675
10 1.38 2.008 112.44321413571012 6.190244195116116 8.06989860202796 0.36791264174716504
10 1.38 3.007 111.19815443689399 6.843229135417294 8.50059998800024 0.20939581208375832
10 1.38 4.006 110.15196976058373 7.3937001259974915 8.784184316313674 0.10283794324113518
10 1.38 5.005 109.33742185155278 7.822409551808973 8.930641387172257 0.049169016619667605
10 1.38 6.004 108.61734385315275 8.20139797204079 8.983680326393472 0.01979960400791984
10 1.38 7.003 108.29758024841925 8.369694606107528 8.994660106797864 0.010529789404211915
10 1.38 8.002 107.86284994302504 8.598500029998654 8.999760004799905 0.003899922001559969
10 1.38 9.001 107.60439431213968 8.734529309413418 8.999610007799845 0.002249955000899982
10 1.44 0.01 122.41975400492711 4.558072838543196 6.689956200875982 0.9853002939941201
10 1.44 10.0 110.05666886665473 8.883332333350921 9.0 4.7999040019199615E-4
10 1.56 1.009 124.02068278635078 5.864564708705857 7.82012359752805 0.4743805123897522
10 1.56 2.008 121.3412911741842 6.806965860682809 8.483110337793244 0.2145557088858223
10 1.56 3.007 119.27072658549426 7.546169076618479 8.848383032339353 0.07862842743145138
10 1.56 4.006 117.72969340611266 8.096538069238816 8.981880362392753 0.023519529609407813
10 1.56 5.005 116.69908441825689 8.464612707745305 8.999190016199677 0.007889842203155938
10 1.56 6.004 116.04377992439062 8.698650026999111 9.0 0.002579948401031979
10 1.56 7.003 115.9154472909654 8.744483110334642 9.0 0.0010199796004079918
10 1.56 8.002 115.44371272579863 8.912959740804785 9.0 2.0999580008399833E-4
10 1.56 9.001 115.23410331799997 8.987820243595174 9.0 5.999880002399952E-5
10 1.62 0.01 134.95200395991006 4.54877902441952 6.6830563388732225 0.9831403371932561
10 1.62 10.0 117.8999999999361 9.0 9.0 0.0
10 1.68 0.5095 132.90008759824866 5.450854982900348 7.485240295194096 0.6015779684406312
10 1.68 1.5085 128.65520009599257 6.6315053698926185 8.377302453950922 0.2585948281034379
10 1.68 2.5075 125.41718005640811 7.583182336353044 8.866862662746746 0.0744585108297834
10 1.68 3.5065 123.24113517728463 8.223195536089769 8.988660226795464 0.017609647807043858
10 1.68 4.5055 122.11377212452783 8.554772904540863 9.0 0.004289914201715966
10 1.68 5.5045 121.57153056935454 8.714255714883432 9.0 0.0012299754004919902
10 1.68 6.5035 120.82563988723615 8.9336353272929 9.0 3.899922001559969E-4
10 1.68 7.5025 120.91339893201834 8.907823843521033 9.0 2.699946001079978E-4
10 1.68 8.5015 120.69526609472543 8.971980560387475 9.0 5.999880002399952E-5
10 1.68 9.5005 120.60000000006455 9.0 9.0 0.0
10 1.74 1.009 133.8774506509917 6.14613907721842 8.033989320213596 0.37934241315173695
10 1.74 2.008 129.36038999222106 7.362056758865001 8.779744405111897 0.10997780044399112
10 1.74 3.007 126.5025745484998 8.1344393112134 8.978010439791204 0.02369952600947981
10 1.74 4.006 124.81660706781712 8.590106197875425 8.999760004799905 0.004229915401691966
10 1.74 5.005 123.96199076015816 8.82108357832629 9.0 5.399892002159956E-4
10 1.74 6.004 123.673618527593 8.899022019557496 9.0 4.7999040019199615E-4
10 1.74 7.003 123.49910781780626 8.946187076256663 9.0 1.1999760004799904E-4
10 1.74 8.002 123.34577548442772 8.987628247434454 9.0 0.0
10 1.74 9.001 123.34106917855438 8.988900221994914 9.0 2.999940001199976E-5
10 1.86 0.5095 143.35049379012398 5.630449391012211 7.6423171536569265 0.5459290814183716
10 1.86 1.5085 136.7311465770729 7.13236935261297 8.667216655666886 0.1512569748605028
10 1.86 2.5075 132.5268374632374 8.110037799243994 8.980860382792343 0.026129477410451792
10 1.86 3.5065 130.40356572866492 8.603821923561565 9.0 0.005159896802063958
10 1.86 4.5055 129.63463790725746 8.78264234714988 9.0 0.0011699766004679907
10 1.86 5.5045 129.25123177541087 8.871806563866208 9.0 1.1999760004799904E-4
10 1.86 6.5035 128.81811003787715 8.972532549348692 9.0 2.999940001199976E-5
10 1.86 7.5025 129.04612587754664 8.919505609884743 9.0 2.999940001199976E-5
10 1.86 8.5015 128.70000000007914 9.0 9.0 0.0
10 1.86 9.5005 128.71424131525455 8.996688066238724 9.0 2.999940001199976E-5
10 1.92 1.009 142.97186056278733 6.48563028739426 8.266364672706546 0.29504409911801766
10 1.92 2.008 137.22232435349474 7.7342773144537516 8.915011699766005 0.05822883542329153
10 1.92 3.007 134.06660346796087 8.420303593928317 8.99910001799964 0.008159836803263935
10 1.92 4.006 133.06314273716566 8.638447231053938 9.0 0.00254994900101998
10 1.92 5.005 131.98891702164235 8.87197456050666 9.0 4.499910001799964E-4
10 1.92 6.004 131.6045395091582 8.955534889301674 9.0 2.0999580008399833E-4
10 1.92 7.003 131.53333293328382 8.971014579707314 9.0 2.999940001199976E-5
10 1.92 8.002 131.39999999995285 9.0 9.0 0.0
10 1.92 9.001 131.39999999995285 9.0 9.0 0.0
12 0.1 0.5095 37.858732825343594 4.4522159556809155 6.993370132597348 0.6480770384592308
12 0.1 1.5085 32.73796424071516 3.3049489010219792 5.811363772724546 0.2845143097138057
12 0.1 2.5075 30.652966940661045 2.8026689466211603 5.605867882642348 0.125607487850243
12 0.1 3.5065 28.76776864462668 2.433221335573254 6.546979060418791 0.03944921101577968
12 0.1 4.5055 25.093352132954553 2.0250244995083992 9.512779744405112 0.004799904001919961
12 0.1 5.5045 25.397225055506997 1.9911951760955875 9.162746745065098 0.001139977200455991
12 0.1 6.5035 23.929990400196193 1.886192276151551 10.394942101157977 2.0999580008399833E-4
12 0.1 7.5025 23.291264174701652 1.8541529169376405 10.91240175196496 2.999940001199976E-5
12 0.1 8.5015 23.1554568908478 1.8436031279332306 11.0 2.999940001199976E-5
12 0.1 9.5005 23.099999999986043 1.833333333328946 11.0 0.0
12 0.16 0.01 49.07597528049476 5.48717025659483 8.020879582408352 0.9936101277974441
12 0.16 10.0 30.35999999998791 1.833333333328946 11.0 0.0
12 0.28 1.009 57.27814843703351 4.383247335053253 6.96040079198416 0.5532789344213116
12 0.28 2.008 55.610858582826594 3.907021859562769 6.632327353452931 0.3036539269214616
12 0.28 3.007 53.361378772419954 3.443031139377224 7.7011159776804465 0.11996760064798705
12 0.28 4.006 47.258165236712024 2.3741825163495096 10.955960880782385 0.003209935801283974
12 0.28 5.005 45.923064738714935 2.074783504330489 11.0 4.7999040019199615E-4
12 0.28 6.004 44.87999999996958 1.833333333328946 11.0 0.0
12 0.28 7.003 45.2268026639025 1.9136117277631908 11.0 2.999940001199976E-5
12 0.28 8.002 45.077506449832406 1.8790524189485638 11.0 2.999940001199976E-5
12 0.28 9.001 44.87999999996958 1.833333333328946 11.0 0.0
12 0.34 0.01 67.20344033119355 5.476580468390667 8.003629927401452 0.994990100197996
12 0.34 10.0 52.27030119393958 1.8662376752426981 11.0 2.999940001199976E-5
12 0.46 1.009 77.48239875201904 4.850742985140321 7.4087118257634845 0.6151676966460671
12 0.46 2.008 76.2623417531621 4.483075338493235 7.1883062338753225 0.33662326753464933
12 0.46 3.007 74.3306743865143 3.9841953160936874 8.104217915641687 0.1368572628547429
12 0.46 4.006 70.57752504950376 3.0039899202015716 10.414591708165837 0.02387952240955181
12 0.46 5.005 68.38523309532572 2.3658126837472535 11.0 0.0033299334013319735
12 0.46 6.004 67.8408915821751 2.197806043879599 11.0 0.0015599688006239876
12 0.46 7.003 67.27301193972646 2.0225345493077285 11.0 4.1999160016799666E-4
12 0.46 8.002 66.76628607425997 1.8661376772430225 11.0 8.999820003599928E-5
12 0.46 9.001 67.25179036417849 2.0159846803065644 11.0 2.0999580008399833E-4
12 0.52 0.01 85.42311633767012 5.497245055098862 8.025829483410332 0.995740085198296
12 0.52 10.0 74.0321017579327 1.872257554845191 11.0 5.999880002399952E-5
12 0.58 0.5095 90.78403671926519 5.282974340513189 7.840253194936102 0.8059338813223735
12 0.58 1.5085 89.73597828043684 4.936711265774654 7.505519889602208 0.49094018119637606
12 0.58 2.5075 88.87354232915415 4.662961740765318 7.456530869382612 0.2662746745065099
12 0.58 3.5065 87.99625187496119 4.387032259354762 7.470180596388072 0.12785744285114298
12 0.58 4.5055 85.41722685546667 3.4748155036899124 9.801643967120658 0.03497930041399172
12 0.58 5.5045 83.25766724664749 2.657486850262576 10.99895002099958 0.00881982360352793
12 0.58 6.5035 82.64004619907475 2.4127167456652896 11.0 0.003239935201295974
12 0.58 7.5025 82.10661066780632 2.201035979281209 11.0 0.0013499730005399892
12 0.58 8.5015 81.74774464514029 2.0586288274232976 11.0 5.099898002039959E-4
12 0.58 9.5005 81.99661486772216 2.1573868522622597 11.0 7.799844003119938E-4
12 0.64 1.009 96.46459470810487 5.2107857842843455 7.772214555708886 0.6458270834583308
12 0.64 2.008 95.69645527089166 4.95338593228133 7.5538489230215395 0.3902921941561169
12 0.64 3.007 94.93077218455466 4.673621527569405 7.516559668806624 0.20333593328133437
12 0.64 4.006 94.17823003540343 4.391452170956515 7.7709545809083815 0.09770804583908321
12 0.64 5.005 91.44010919781635 3.2115707685844317 10.602777944441112 0.02594948101037979
12 0.64 6.004 90.76615227695831 2.906406871862645 10.726015479690407 0.01382972340553189
12 0.64 7.003 89.93226015478662 2.5241945161103585 11.0 0.005939881202375952
12 0.64 8.002 89.30431751363078 2.233480330392335 11.0 0.0018299634007319853
12 0.64 9.001 89.3398488030448 2.2499300014002994 11.0 0.001139977200455991
12 0.76 0.5095 109.02669946601287 5.507584848303022 8.037769244615108 0.8213535729285414
12 0.76 1.5085 108.41934121317395 5.3458180836383615 7.915731685366293 0.5632687346253075
12 0.76 2.5075 107.99475730484582 5.167546649067009 7.75652486950261 0.37802243955120896
12 0.76 3.5065 107.60651226974 4.960820783584397 7.615647687046259 0.2372052558948821
12 0.76 4.5055 107.28068998618532 4.777589448211021 7.578928421431572 0.14423711525769484
12 0.76 5.5045 107.02545509088417 4.620957580848371 7.442611147777044 0.09140817183656327
12 0.76 6.5035 106.3445347093037 4.170721585568263 8.557058858822824 0.04895902081958361
12 0.76 7.5025 105.6429975400452 3.69092118157624 9.34760304793904 0.02753944921101578
12 0.76 8.5015 104.40938141236293 2.8396582068359817 10.959530809383812 0.012989740205195896
12 0.76 9.5005 104.19193136136954 2.688841223175769 10.995380092398152 0.010649787004259914
12 0.82 1.009 114.69664066718883 5.547834043319145 8.089668206635867 0.6965860682786345
12 0.82 2.008 114.30952660946836 5.407396852062961 7.972490550188996 0.495590088198236
12 0.82 3.007 114.02580068398248 5.243860122797548 7.830833383332333 0.3464330713385732
12 0.82 4.006 113.79570168595876 5.085653286934251 7.699616007679847 0.24311513769724605
12 0.82 5.005 113.59747285053318 4.928051438971279 7.656506869862603 0.17090658186836263
12 0.82 6.004 113.3952024959394 4.755204895902051 7.5650986980260395 0.10901781964360713
12 0.82 7.003 113.28933521328801 4.66761164776714 7.471020579588409 0.08012839743205136
12 0.82 8.002 113.08595008099023 4.480385392292152 7.856602867942641 0.06125877482450351
12 0.82 9.001 112.62034379313442 4.054438911221957 8.451160976780464 0.035069298614027716
12 0.94 0.5095 126.76209755805708 5.726815463690724 8.244255114897703 0.8346733065338693
12 0.94 1.5085 126.34774884503652 5.787874242515153 8.307073858522829 0.6888462230755384
12 0.94 2.5075 126.22320753586538 5.736610267794643 8.252264954700905 0.5943481130377393
12 0.94 3.5065 126.15227275455979 5.6631767364652585 8.200995980080398 0.5314093718125638
12 0.94 4.5055 126.10541249176406 5.592463150736978 8.148857022859543 0.4739305213895722
12 0.94 5.5045 126.07230995381016 5.513984720305594 8.080518389632207 0.42467150656986863
12 0.94 6.5035 126.0471608567902 5.457520849583035 8.020939581208376 0.39104217915641687
12 0.94 7.5025 126.019101217976 5.383572328553461 7.992170156596868 0.3505429891402172
12 0.94 8.5015 125.98999280013717 5.303968920621533 7.887622247555049 0.3105837883242335
12 0.94 9.5005 125.97001019978252 5.249715005699928 7.847573048539029 0.2796544069118618
12 1.0 0.5095 132.57226855462892 5.7975990480191015 8.321293574128518 0.8450830983380332
12 1.0 1.5085 132.13670726585468 5.9473010539789 8.45710085798284 0.759794804103918
12 1.0 2.5075 132.04766904661906 5.979190416191683 8.48560028799424 0.7308753824923502
12 1.0 3.5065 132.0147297054059 5.984915301693971 8.472880542389152 0.7206155876882462
12 1.0 4.5055 132.00638987220256 6.009549809003769 8.502969940601188 0.7256254874902502
12 1.0 5.5045 132.00152996940062 5.992135157296846 8.489140217195656 0.7177356452870942
12 1.0 6.5035 132.00080998380034 5.991545169096624 8.502369952600947 0.7114357712845744
12 1.0 7.5025 132.00008999820002 5.994595108097831 8.493130137397252 0.7094558108837823
12 1.0 8.5015 132.00005999880003 5.99263514729706 8.492710145797083 0.7147357052858943
12 1.0 9.5005 132.0 5.989225215495708 8.4932501349973 0.7108057838843224
12 1.06 0.01 139.76621467570533 5.527004459910802 8.054088918221636 0.993970120597588
12 1.06 10.0 137.3407469850581 7.164591708165824 9.482630347393052 0.4617507649847003
12 1.18 1.009 149.14112617747065 6.260219795604078 8.73252534949301 0.7046859062818743
12 1.18 2.008 148.60061558768433 6.647382052359016 9.052858942821144 0.5949781004379913
12 1.18 3.007 148.15366592667792 7.045229095418132 9.379522409551809 0.499880002399952
12 1.18 4.006 147.7405471890587 7.425976480470357 9.696316073678526 0.40571188576228473
12 1.18 5.005 147.30077218455722 7.832618347633087 9.979390412191757 0.3035939281214376
12 1.18 6.004 146.87056278874732 8.2309603807924 10.254784904301914 0.23159536809263814
12 1.18 7.003 146.53933881323053 8.537649247015073 10.441561168776625 0.16970660586788264
12 1.18 8.002 146.12171656567557 8.92433651326993 10.660976780464392 0.11555768884622307
12 1.18 9.001 145.78602687947333 9.235160296794557 10.799604007919841 0.07778844423111538
12 1.24 0.01 157.8459206815822 5.530114397712049 8.054778904421912 0.9908201835963281
12 1.24 10.0 149.20620867579922 10.051243975122908 10.989530209395813 0.015179696406071879
12 1.36 1.009 165.26239275214957 6.632892342153181 9.037769244615108 0.6098878022439551
12 1.36 2.008 163.44667666646507 7.442581148377076 9.698956020879582 0.4002219955600888
12 1.36 3.007 161.77667606647165 8.214520709585894 10.22382552348953 0.22628547429051418
12 1.36 4.006 160.25438411232082 8.919266614667885 10.647567048659027 0.11546769064618707
12 1.36 5.005 159.0982780344365 9.454500909982752 10.878112437751245 0.053458930821383574
12 1.36 6.004 158.20997420049716 9.86575268494773 10.971620567588648 0.024059518809623807
12 1.36 7.003 157.4096886062302 10.236255274895312 10.998890022199555 0.010319793604127917
12 1.36 8.002 156.69077938439017 10.569083618327193 11.0 0.003539929201415972
12 1.36 9.001 156.9152636947386 10.465155696887166 11.0 0.0031799364012719744
12 1.42 0.01 175.91870702586667 5.531504369912559 8.060838783224336 0.9886602267954641
12 1.42 10.0 160.23136077275015 10.797079058411889 11.0 4.1999160016799666E-4
12 1.48 0.5095 177.39256134877976 6.327723445531063 8.79072418551629 0.6986560268794624
12 1.48 1.5085 173.9057610847782 7.451330973380534 9.702225955480891 0.3982720345593088
12 1.48 2.5075 170.97761804762996 8.466135677286486 10.391312173756525 0.18110637787244255
12 1.48 3.5065 168.59800563988304 9.292359152817273 10.822103557928841 0.07001859962800744
12 1.48 4.5055 167.0589356212819 9.826758464831249 10.964240715185696 0.026609467810643786
12 1.48 5.5045 165.8628091438158 10.242080158398704 10.996790064198716 0.009629807403851923
12 1.48 6.5035 164.80830383393942 10.60822783544311 11.0 0.00248995020099598
12 1.48 7.5025 164.76935261296623 10.621752564955427 11.0 0.001499970000599988
12 1.48 8.5015 164.22750584987563 10.809893802117594 11.0 3.599928001439971E-4
12 1.48 9.5005 164.01472130564665 10.88377732443822 11.0 2.999940001199976E-5
12 1.54 1.009 180.52631007376476 7.031584368312675 9.39782204355913 0.503569928601428
12 1.54 2.008 176.55595188102333 8.248220035599354 10.258564828703426 0.22079558408831823
12 1.54 3.007 173.47755324897096 9.198286034279619 10.777764444711107 0.07937841243175137
12 1.54 4.006 171.4509413811292 9.823783524331375 10.96460070798584 0.026849463010739785
12 1.54 5.005 169.41587328244964 10.451890962183048 10.998020039599208 0.005429891402171956
12 1.54 6.004 169.25677626439554 10.500994980101828 11.0 0.0027599448011039777
12 1.54 7.003 168.44337433249137 10.752044959092148 11.0 4.499910001799964E-4
12 1.54 8.002 168.25301193971526 10.810798784025103 11.0 3.899922001559969E-4
12 1.54 9.001 167.8006845862619 10.950405991876078 11.0 5.999880002399952E-5
12 1.66 0.5095 193.41898182036064 6.5368992620148205 8.973030539389212 0.6432771344573108
12 1.66 1.5085 187.213084538308 8.05762884742308 10.134037319253615 0.26606467870642586
12 1.66 2.5075 182.56806983859857 9.230285394292633 10.792014159716805 0.07706845863082738
12 1.66 3.5065 179.6014555708688 9.979430411393695 10.981880362392753 0.01880962380752385
12 1.66 4.5055 178.03223795525616 10.375697486050337 10.9992500149997 0.005129897402051959
12 1.66 5.5045 176.72017759639934 10.707025859479286 11.0 0.0010499790004199917
12 1.66 6.5035 176.77472550541614 10.693251134978032 11.0 5.399892002159956E-4
12 1.66 7.5025 176.12983260331634 10.856102877923629 11.0 2.999940001199976E-5
12 1.66 8.5015 176.11393352132606 10.860117797627058 11.0 2.999940001199976E-5
12 1.66 9.5005 175.58866982651932 10.992760144795628 11.0 0.0
12 1.72 1.009 194.8718605627877 7.449016019679644 9.694966100677986 0.4024419511609768
12 1.72 2.008 188.49462050759234 8.922541549169074 10.669436611267775 0.1130077398452031
12 1.72 3.007 184.17267654645573 9.9229915401705 10.970060598788024 0.02249955000899982
12 1.72 4.006 182.258652426962 10.366052678948245 10.999190016199677 0.005399892002159957
12 1.72 5.005 180.83491690169868 10.695621087574283 11.0 0.001139977200455991
12 1.72 6.004 180.66345953078903 10.735310293798156 11.0 5.999880002399952E-4
12 1.72 7.003 180.11878322428677 10.861392772141873 11.0 2.999940001199976E-4
12 1.72 8.002 179.7621311574319 10.943951120971056 11.0 5.999880002399952E-5
12 1.72 9.001 179.5199999998783 11.0 11.0 0.0
12 1.84 0.5095 208.95037139257306 6.7547949041018684 9.142527149457012 0.5872982540349193
12 1.84 1.5085 199.63589008219512 8.580213395732 10.469340613187736 0.1645767084658307
12 1.84 2.5075 193.15464090719854 9.86614267714753 10.97090058198836 0.026729465410691787
12 1.84 3.5065 189.81202855941606 10.529359412808375 11.0 0.004079918401631967
12 1.84 4.5055 188.17393532137396 10.85437791243885 11.0 7.49985000299994E-4
12 1.84 5.5045 187.9695926082131 10.894922101550828 11.0 8.999820003599928E-5
12 1.84 6.5035 187.57887442260596 10.972445551087867 11.0 8.999820003599928E-5
12 1.84 7.5025 187.44000000010206 11.0 11.0 0.0
12 1.84 8.5015 187.44000000010206 11.0 11.0 0.0
12 1.84 9.5005 187.44000000010206 11.0 11.0 0.0
12 1.9 0.01 224.01341573168585 5.546754064918713 8.073678526429472 0.9823303533929322
12 1.9 10.0 191.40000000008442 11.0 11.0 0.0
14 0.08 1.009 42.884055918881884 4.206010165510987 7.025559488810224 0.3848323033539329
14 0.08 2.008 37.87630167396719 3.2281325802053713 6.101817963640727 0.1611267774644507
14 0.08 3.007 35.51711045779131 2.7578962706464534 6.25457490850183 0.0631487370252595
14 0.08 4.006 32.63140817184251 2.352407237569317 8.10082798344033 0.013259734805303893
14 0.08 5.005 29.51715965680136 2.032292211297989 10.606827863442732 0.0010499790004199917
14 0.08 6.004 26.520000000011745 1.8571428571391961 13.0 0.0
14 0.08 7.003 26.520000000011745 1.8571428571391961 13.0 0.0
14 0.08 8.002 26.520000000011745 1.8571428571391961 13.0 0.0
14 0.08 9.001 26.520000000011745 1.8571428571391961 13.0 0.0
14 0.14 0.01 64.68306053879019 6.477521878133887 9.396172076558468 0.9925001499970001
14 0.14 10.0 36.65999999999725 1.8571428571391961 13.0 0.0
14 0.26 1.009 74.66011219775771 4.979930401391962 7.868332633347333 0.5357292854142918
14 0.26 2.008 72.15622067559192 4.366086963974924 7.413241735165297 0.2863142737145257
14 0.26 3.007 69.0022715545758 3.79601693680396 8.798104037919241 0.11867762644747105
14 0.26 4.006 59.96704745902299 2.4398254892046882 12.994660106797864 0.002129957400851983
14 0.26 5.005 58.38046259072166 2.135224438368031 13.0 6.29987400251995E-4
14 0.26 6.004 58.41695866080291 2.1422700117436446 13.0 1.499970000599988E-4
14 0.26 7.003 57.67999999998268 2.0 13.0 0.0
14 0.26 8.002 57.01807583844261 1.8722154128312063 13.0 2.999940001199976E-5
14 0.26 9.001 57.588870822585726 1.982407494706916 13.0 0.0
14 0.32 0.01 89.52372112557724 6.472194841817428 9.368842623147538 0.9943901121977561
14 0.32 10.0 67.08000000003099 1.8571428571391961 13.0 0.0
14 0.38 0.5095 95.31240295194708 5.802771087435443 8.707835843283135 0.7686746265074699
14 0.38 1.5085 92.55138417231727 5.049589008219916 7.985270294594108 0.4329213415731685
14 0.38 2.5075 90.8597006059788 4.648797024059643 7.940511189776204 0.21467570648587028
14 0.38 3.5065 82.29518749624944 3.0104183630617047 12.850092998140036 0.012989740205195896
14 0.38 4.5055 79.89575568488543 2.473124823217934 12.998740025199496 0.002639947201055979
14 0.38 5.5045 78.82312053760245 2.226525469490015 13.0 8.999820003599928E-4
14 0.38 6.5035 77.23290814185532 1.8601170833690128 13.0 2.999940001199976E-5
14 0.38 7.5025 77.45710805786184 1.9117760501904997 13.0 0.0
14 0.38 8.5015 77.22000000001815 1.8571428571391961 13.0 0.0
14 0.38 9.5005 77.92769724601213 2.0202067387228833 13.0 5.999880002399952E-5
14 0.44 1.009 102.86151676967135 5.517678217864304 8.474560508789825 0.6018179636407271
14 0.44 2.008 101.08265674686953 5.042192013302645 8.113337733245334 0.32702345953080936
14 0.44 3.007 99.65346373071884 4.70642587148273 7.995140097198056 0.15329693406131878
14 0.44 4.006 91.66817663647244 2.9544266257533582 12.99385012299754 0.01118977620447591
14 0.44 5.005 89.8983284334622 2.5046756207735825 13.0 0.002969940601187976
14 0.44 6.004 88.89271734564649 2.248142180013288 13.0 0.0011699766004679907
14 0.44 7.003 88.24018479630011 2.081679794975119 13.0 1.1999760004799904E-4
14 0.44 8.002 87.35999999999602 1.8571428571391961 13.0 0.0
14 0.44 9.001 87.63064258714323 1.926184333453615 13.0 2.999940001199976E-5
14 0.56 0.5095 121.5558432831307 6.0914467424937735 9.009719805603888 0.8079738405231895
14 0.56 1.5085 119.95397972039731 5.577295596945167 8.526729465410693 0.4878802423951521
14 0.56 2.5075 118.77758204834578 5.242223726953936 8.271914561708765 0.25754484910301795
14 0.56 3.5065 117.06260394791246 4.763274734505463 8.992110157796844 0.1126477470450591
14 0.56 4.5055 113.06947501051708 3.5908981820359913 11.883812323753524 0.024449511009779806
14 0.56 5.5045 110.71119577609885 2.8542843428848523 13.0 0.007649847003059939
14 0.56 6.5035 109.14872982540328 2.3469902030520147 13.0 0.0017099658006839863
14 0.56 7.5025 108.72633827325413 2.2098500887107706 13.0 7.799844003119938E-4
14 0.56 8.5015 108.30856662870082 2.074209944372705 13.0 2.699946001079978E-4
14 0.56 9.5005 107.6630599388261 1.8646298502567489 13.0 2.999940001199976E-5
14 0.62 1.009 129.41957700845117 5.943888265091867 8.862572748545029 0.6528169436611267
14 0.62 2.008 128.2749277014321 5.571857134285883 8.520549589008219 0.37994240115197697
14 0.62 3.007 127.29121377570382 5.25748913593151 8.26462470750585 0.19430611387772245
14 0.62 4.006 126.12220555587166 4.881258089123982 8.641327173456531 0.08597828043439132
14 0.62 5.005 122.33586248275745 3.5570631444515226 12.395992080158397 0.024269514609707808
14 0.62 6.004 120.83105777885278 3.00415705971596 13.0 0.010859782804343913
14 0.62 7.003 119.91000179996317 2.657895413520216 13.0 0.003959920801583968
14 0.62 8.002 119.26435291293274 2.4151702680229783 13.0 0.001739965200695986
14 0.62 9.001 119.17289254214127 2.380786669980983 13.0 0.001109977800443991
14 0.74 0.5095 146.98568848622907 6.376278188721941 9.287484250314995 0.8381232375352493
14 0.74 1.5085 146.19090358192264 6.086136848691605 8.99580008399832 0.5721785564288714
14 0.74 2.5075 145.53149457009766 5.799119731891132 8.742695146097079 0.3605327893442131
14 0.74 3.5065 144.97762464749115 5.561443056853127 8.49805003899922 0.21770564588708227
14 0.74 4.5055 144.49657166854377 5.3323547814757335 8.404931901361973 0.12290754184916301
14 0.74 5.5045 143.9579666406357 5.060178796423982 8.804103917921642 0.06920861582768345
14 0.74 6.5035 143.39954280913412 4.771173147965482 9.061708765824683 0.039059218815623686
14 0.74 7.5025 140.5934751305025 3.249162159613789 13.0 0.01865962680746385
14 0.74 8.5015 140.1447219055557 3.0025456633728065 12.987460250794983 0.009479810403791923
14 0.74 9.5005 139.67897462050556 2.746689351927532 13.0 0.005909881802363953
14 0.8 0.01 155.82788744225132 6.499764290428433 9.40322193556129 0.99670006599868
14 0.8 10.0 150.08121437571205 3.2008331261946306 12.978610427791445 0.015809683806323874
14 0.92 0.5095 171.70993340133404 6.618339061790207 9.498080038399232 0.8585828283434331
14 0.92 1.5085 171.33774284514772 6.6124034662164455 9.49520009599808 0.7122157556848863
14 0.92 2.5075 171.16109197816272 6.494488681654887 9.403941921161577 0.5987880242395152
14 0.92 3.5065 171.0615755684866 6.392383580899841 9.27617447651047 0.5122097558048839
14 0.92 4.5055 170.9774044519022 6.284561451628112 9.205945881082378 0.4471110577788444
14 0.92 5.5045 170.8972784544189 6.157595419520156 9.05189896202076 0.3825523489530209
14 0.92 6.5035 170.8234559308596 6.035330721956932 8.974560508789825 0.3237235255294894
14 0.92 7.5025 170.76595668084994 5.936251274974598 8.85690286194276 0.2765044699106018
14 0.92 8.5015 170.7220267594439 5.859332813343657 8.784394312113758 0.24626507469850603
14 0.92 9.5005 170.67099538007852 5.769043190564734 8.744495110097798 0.20654586908261835
14 1.04 0.01 188.88762464751304 6.514361141348517 9.415491690166197 0.99520009599808
14 1.04 10.0 187.0727749445282 7.882946626781795 10.643217135657286 0.5991780164396712
14 1.16 1.009 203.15026939461586 7.2238640941466175 10.06917861642767 0.756854862902742
14 1.16 2.008 202.53321533569638 7.68215207124432 10.464720705585888 0.6555768884622307
14 1.16 3.007 202.06267954640998 8.089813918007488 10.814393712125758 0.5549889002219955
14 1.16 4.006 201.55609527809258 8.53932492778731 11.183926321473571 0.44891102177956443
14 1.16 5.005 201.02791504169755 9.01082121214784 11.537829243415132 0.35393292134157317
14 1.16 6.004 200.58508429830945 9.406174733649902 11.81847363052739 0.2795944081118378
14 1.16 7.003 200.13631727365666 9.80685957709716 12.105957880842384 0.20771584568308635
14 1.16 8.002 199.75691366172634 10.145612802032964 12.309083818323634 0.1514369712605748
14 1.16 9.001 199.37727485449747 10.484576022767625 12.528079438411233 0.11468770624587508
14 1.22 0.01 213.6296106077881 6.527162313896599 9.425031499370013 0.993460130797384
14 1.22 10.0 204.02916481669965 11.695347521621198 12.962140757184857 0.02150956980860383
14 1.28 0.5095 219.25537289253668 7.133587328253382 9.972490550188997 0.7934241315173697
14 1.28 1.5085 217.43016859662802 7.932728488287508 10.682276354472911 0.5905981880362393
14 1.28 2.5075 215.86501349973503 8.722578405575012 11.329063418731625 0.4117117657646847
14 1.28 3.5065 214.44556908862586 9.44613822009476 11.877482450350993 0.27137457250854985
14 1.28 4.5055 213.11580848382619 10.124587508252834 12.306413871722565 0.15917681646367074
14 1.28 5.5045 211.89840403191283 10.745712228613993 12.650746985060298 0.09131817363652726
14 1.28 6.5035 210.96027719445522 11.224348370176095 12.86335273294534 0.049619007619847603
14 1.28 7.5025 210.2973036539283 11.56260017656635 12.943391132177357 0.02600947981040379
14 1.28 8.5015 209.7533557328905 11.840124626078588 12.988540229195417 0.015179696406071879
14 1.28 9.5005 208.9588912221594 12.245463662155808 12.99790004199916 0.005759884802303954
14 1.34 1.009 225.5318653626882 7.731325373492459 10.513709725805484 0.6453170936581268
14 1.34 2.008 223.25640427191777 8.666119534752367 11.280344393112138 0.4318413631727365
14 1.34 3.007 221.18186296274658 9.537049259017174 11.928631427371453 0.24653506929861402
14 1.34 4.006 219.2546631067375 10.346780207255513 12.43487130257395 0.13124737505249895
14 1.34 5.005 217.63762824742574 11.026206618725752 12.780944381112377 0.06563868722625547
14 1.34 6.004 216.58942581148295 11.466627810301393 12.926711465770685 0.031979360412791744
14 1.34 7.003 215.68387772247172 11.847110200652695 12.981040379192416 0.01646967060658787
14 1.34 8.002 214.95995740085897 12.151278403005136 12.9955000899982 0.006869862602747945
14 1.34 9.001 214.49468350636178 12.346771635997635 12.998470030599387 0.003839923201535969
14 1.46 0.5095 242.10493430124095 7.394183544900513 10.210235795284094 0.7339953200935981
14 1.46 1.5085 237.69269574615353 8.705328750568045 11.30857382852343 0.42014159716805666
14 1.46 2.5075 233.92144777104494 9.875326779181936 12.153146937061258 0.19754604907901843
14 1.46 3.5065 230.73164156707756 10.865949823861282 12.685066298674027 0.07583848323033539
14 1.46 4.5055 228.4155372892338 11.58523686669033 12.954970900581989 0.025889482210355794
14 1.46 5.5045 226.95206275880363 12.039732062502374 12.997510049799004 0.010829783404331913
14 1.46 6.5035 226.04168116647375 12.322459265106836 12.997570048599028 0.003539929201415972
14 1.46 7.5025 224.86192896151925 12.688841937426245 13.0 7.49985000299994E-4
14 1.46 8.5015 224.81593448140612 12.703125937472663 13.0 6.899862002759944E-4
14 1.46 9.5005 224.17595848094226 12.90187624818373 13.0 1.499970000599988E-4
14 1.52 1.009 246.765572688551 8.212258611970652 10.922721545569088 0.5246595068098638
14 1.52 2.008 241.75974920502327 9.582524063806945 11.953560928781425 0.24668506629867404
14 1.52 3.007 237.34624227513663 10.794988385947304 12.67687646247075 0.08381832363352733
14 1.52 4.006 234.66977260453407 11.53028225149738 12.931541369172617 0.02891942161156777
14 1.52 5.005 232.85947561051347 12.027616590525968 12.994390112197756 0.010469790604187916
14 1.52 6.004 231.28958540829976 12.458905107613587 13.0 0.0023099538009239817
14 1.52 7.003 230.94269514611722 12.554204630189023 13.0 0.001109977800443991
14 1.52 8.002 230.18370792584665 12.762717602775371 13.0 1.1999760004799904E-4
14 1.52 9.001 229.48062998740207 12.955870882574544 13.0 8.999820003599928E-5
14 1.64 0.5095 264.3318593628111 7.649577008459887 10.431481370372593 0.6699166016679666
14 1.64 1.5085 256.408308633818 9.391046464786877 11.818533629327414 0.27893442131157375
14 1.64 2.5075 250.1427203456015 10.789571351431244 12.66442671146577 0.08126837463250736
14 1.64 3.5065 245.698623627533 11.781557226000283 12.977620447591049 0.018389632207355854
14 1.64 4.5055 242.73737085264162 12.442551148972182 12.998230035399292 0.0034199316013679725
14 1.64 5.5045 242.24737745237977 12.551924675790637 13.0 0.0011999760004799903
14 1.64 6.5035 241.89341333166362 12.630934524169577 13.0 3.599928001439971E-4
14 1.64 7.5025 241.25798284023585 12.772771687403983 13.0 1.1999760004799904E-4
14 1.64 8.5015 240.60521509568144 12.918478773259956 13.0 8.999820003599928E-5
14 1.64 9.5005 240.5438147237091 12.932184213442794 13.0 2.999940001199976E-5
14 1.7 0.01 279.5974770504571 6.5385363721296885 9.440481190376193 0.9876102477950441
14 1.7 10.0 245.70000000013013 13.0 13.0 0.0
14 1.82 0.5095 286.077273654519 7.882938055524564 10.648317033659326 0.6057178856422871
14 1.82 1.5085 273.3613919721528 10.08338118952204 12.265644687106258 0.16871662566748666
14 1.82 2.5075 265.3209689806123 11.484151745536222 12.93880122397552 0.03290934181316374
14 1.82 3.5065 260.8838081238329 12.257176285048711 12.998560028799425 0.004649907001859963
14 1.82 4.5055 258.2756206876545 12.711564340127927 13.0 4.7999040019199615E-4
14 1.82 5.5045 257.5207355853351 12.843077424147078 13.0 2.699946001079978E-4
14 1.82 6.5035 256.8024299515044 12.968217778500211 13.0 5.999880002399952E-5
14 1.82 7.5025 256.6200000000795 13.0 13.0 0.0
14 1.82 8.5015 256.85310493799767 12.959389383629079 13.0 0.0
14 1.82 9.5005 256.6200000000795 13.0 13.0 0.0
16 0.06 1.009 50.3038153236942 4.61495020099598 7.776864462710746 0.3477230455390892
16 0.06 2.008 42.789969400612144 3.403555678886422 6.4646007079858405 0.13349733005339892
16 0.06 3.007 39.52546529069696 2.847509299814004 6.454910901781965 0.049289014219715606
16 0.06 4.006 37.08200815983716 2.48984895302094 7.278334433311334 0.015389692206155877
16 0.06 5.005 34.02262854742702 2.134427311453771 9.212785744285114 0.0019499610007799844
16 0.06 6.004 29.304719505617083 1.8943121137577248 14.154496910061798 2.999940001199976E-5
16 0.06 7.003 28.5 1.875 15.0 2.999940001199976E-5
16 0.06 8.002 28.5 1.875 15.0 0.0
16 0.06 9.001 29.280000000020145 1.875 14.0 0.0
16 0.12 0.01 81.5067690646233 7.46794939101218 10.720015599688006 0.9927701445971081
16 0.12 10.0 42.0 1.875 15.0 0.0
16 0.18 0.5095 84.4799460010806 6.167644147117057 9.415161696766065 0.6720165596688066
16 0.18 1.5085 76.86674866502686 4.752092458150837 7.934181316373673 0.33128337433251337
16 0.18 2.5075 73.97178256434894 4.1432508849823 7.673456530869383 0.1724965500689986
16 0.18 3.5065 60.395590088205886 2.583120837583248 14.858672826543469 0.0026699466010679787
16 0.18 4.5055 55.57089578209 1.885807283854323 15.0 2.999940001199976E-5
16 0.18 5.5045 55.79160256793641 1.9194516109677806 15.0 0.0
16 0.18 6.5035 56.369568008645864 2.0075560988780223 15.0 0.0
16 0.18 7.5025 55.5 1.875 15.0 0.0
16 0.18 8.5015 55.5 1.875 15.0 0.0
16 0.18 9.5005 55.5 1.875 15.0 0.0
16 0.24 1.009 93.04502909941876 5.558855072898542 8.781454370912583 0.5081598368032639
16 0.24 2.008 89.31808123837517 4.76232600347993 8.0442491150177 0.2708345833083338
16 0.24 3.007 82.97879282415448 3.8498267534649306 11.005129897402051 0.08174836503269935
16 0.24 4.006 72.06568308634222 2.3785136797264053 14.998560028799425 0.001109977800443991
16 0.24 5.005 70.44150116999054 2.1120890082198356 15.0 0.0
16 0.24 6.004 70.38963220734533 2.1035579288414232 15.0 5.999880002399952E-5
16 0.24 7.003 69.8279426411323 2.01117477650447 15.0 2.999940001199976E-5
16 0.24 8.002 69.55906761865383 1.9669519109617808 15.0 2.999940001199976E-5
16 0.24 9.001 69.0 1.875 15.0 0.0
16 0.36 0.5095 120.99243175136537 6.580578388432231 9.836353272934542 0.752564948701026
16 0.36 1.5085 116.73153056938762 5.597186806263875 8.814903701925962 0.4152816943661127
16 0.36 2.5075 114.58852822943481 5.136156026879463 8.518779624407513 0.20792584148317034
16 0.36 3.5065 103.03103977919892 3.2385364792704148 14.940211195776085 0.011549769004619908
16 0.36 4.5055 99.72722145558976 2.602972940541189 15.0 0.0020699586008279835
16 0.36 5.5045 98.31518569629058 2.3271847063058737 15.0 5.999880002399952E-4
16 0.36 6.5035 97.83024179514372 2.2324691006179878 15.0 8.999820003599928E-5
16 0.36 7.5025 96.83552888941365 2.038189236215276 15.0 5.999880002399952E-5
16 0.36 8.5015 96.0148029039419 1.8778911921761565 15.0 0.0
16 0.36 9.5005 96.26124917501198 1.92602522949541 15.0 2.999940001199976E-5
16 0.42 1.009 130.59844003120205 6.1593755624887505 9.401481970360592 0.5866682666346673
16 0.42 2.008 128.08107037859563 5.559398812023759 8.840193196136077 0.30923381532369354
16 0.42 3.007 125.83708045838773 5.1076190976180476 9.202705945881082 0.13889722205555888
16 0.42 4.006 114.81575028499563 3.0206358372832542 15.0 0.008039839203215935
16 0.42 5.005 112.95541429171635 2.6197013559728806 15.0 0.002999940001199976
16 0.42 6.004 110.42205975884431 2.073719775604488 15.0 4.1999160016799666E-4
16 0.42 7.003 110.63685846286985 2.120012599748005 15.0 2.0999580008399833E-4
16 0.42 8.002 109.76861582769143 1.9328913421731566 15.0 5.999880002399952E-5
16 0.42 9.001 109.5 1.875 15.0 0.0
16 0.54 0.5095 155.8328343433229 6.911385522289554 10.177056458870823 0.8037439251214976
16 0.54 1.5085 153.35074038516422 6.194163616727665 9.40595188096238 0.4778904421911562
16 0.54 2.5075 151.65023879518805 5.752654946901062 9.094918101637967 0.24917501649967
16 0.54 3.5065 149.14339473207662 5.162368002639947 10.265104697906041 0.09803803923921521
16 0.54 4.5055 142.07147777047314 3.3883722325553487 14.99280014399712 0.01628967420651587
16 0.54 5.5045 140.5091510169806 2.9644432111357775 15.0 0.006029879402411952
16 0.54 6.5035 138.9748563028304 2.5475152996940063 15.0 0.002009959800803984
16 0.54 7.5025 137.95596748058745 2.2706433371332575 15.0 7.799844003119938E-4
16 0.54 8.5015 137.1320135597011 2.046742815143697 15.0 1.1999760004799904E-4
16 0.54 9.5005 137.22956380870914 2.0732510349793003 15.0 2.0999580008399833E-4
16 0.6 0.01 168.62402351953028 7.498912521749565 10.762794744105118 0.996760064798704
16 0.6 10.0 151.4961780764997 2.3425556488870223 15.0 6.29987400251995E-4
16 0.72 0.5095 189.6077674446534 7.221631817363653 10.489920201595968 0.8408231835363292
16 0.72 1.5085 188.40818503630157 6.757488600227996 9.994480110397792 0.5604487910241795
16 0.72 2.5075 187.48256074878088 6.404211915761684 9.62452750944981 0.3465530689386212
16 0.72 3.5065 186.71058738824578 6.10452540949181 9.344093118137637 0.19781604367912642
16 0.72 4.5055 186.08363832723134 5.8618677626447475 9.251514969700606 0.1123777524449511
16 0.72 5.5045 184.54495110097434 5.211229525409492 10.88717225655487 0.05366892662146757
16 0.72 6.5035 182.01520729585147 4.10732660346793 13.742215155696886 0.027899442011159778
16 0.72 7.5025 180.3681478370377 3.378637427251455 14.99745005099898 0.014699706005879883
16 0.72 8.5015 179.3622343553161 2.9295689086218277 15.0 0.006749865002699946
16 0.72 9.5005 179.00294834102175 2.7691733665326694 15.0 0.003539929201415972
16 0.9 1.009 222.2655816883665 7.463333233335334 10.708315833683326 0.7966340673186536
16 0.9 2.008 221.9879342413144 7.31040004199916 10.564018719625608 0.6508969820603588
16 0.9 3.007 221.77161756765122 7.124782504349913 10.359212815743685 0.5424491510169797
16 0.9 4.006 221.5934211315788 6.9485435291294175 10.193946121077579 0.44051118977620446
16 0.9 5.005 221.46301973960428 6.807883842323154 10.037619247615048 0.36725265494690107
16 0.9 6.004 221.3214465710701 6.641447171056579 9.896742065158698 0.2986740265194696
16 0.9 7.003 221.203854922902 6.498642527149457 9.749655006899863 0.24251514969700605
16 0.9 8.002 221.09326513469665 6.364455210895782 9.66019679606408 0.19664606707865842
16 0.9 9.001 220.99178316433816 6.238480230395392 9.470810583788325 0.15611687766244675
16 1.02 0.01 244.63592608146783 7.525154496910062 10.776894462110757 0.99745005099898
16 1.02 10.0 243.4556794864187 8.4020032099358 11.595518089638206 0.7411351772964541
16 1.08 0.5095 254.52961540770463 7.8277621947561045 11.064738705225896 0.8872622547549049
16 1.08 1.5085 254.0452666946715 8.148380782384352 11.349943001139977 0.8014939701205976
16 1.08 2.5075 253.8411363772645 8.394030869382613 11.571218575628487 0.748965020699586
16 1.08 3.5065 253.66224995498473 8.658606827863442 11.794534109317814 0.6941261174776504
16 1.08 4.5055 253.48684466309456 8.927918941621167 12.052468950620987 0.6447471050578989
16 1.08 5.5045 253.32167396651312 9.185036299274014 12.270234595308095 0.5883182336353273
16 1.08 6.5035 253.15348893021934 9.44777479450411 12.476420471590568 0.5391492170156597
16 1.08 7.5025 252.98140397191753 9.716606917861643 12.709545809083819 0.4885102297954041
16 1.08 8.5015 252.8394912101788 9.938294984100319 12.888282234355312 0.4365512689746205
16 1.08 9.5005 252.62838663227134 10.268145887082259 13.147717045659087 0.372712545749085
16 1.14 1.009 264.5461324773493 8.176392722145557 11.37502249955001 0.7990340193196136
16 1.14 2.008 263.9128073438524 8.66262299754005 11.81442371152577 0.7059758804823903
16 1.14 3.007 263.39559548808757 9.112632747345053 12.213535729285415 0.6017579648407032
16 1.14 4.006 262.87076678466525 9.579794654106918 12.583158336833263 0.5107097858042839
16 1.14 5.005 262.3739311213822 10.02327578448431 12.943751124977501 0.42197156056878865
16 1.14 6.004 261.8610679786427 10.4812503749925 13.301673966520669 0.3361132777344453
16 1.14 7.003 261.3593574128514 10.929145167096658 13.63772724545509 0.26828463430731386
16 1.14 8.002 260.93661906761764 11.306590118197636 13.875082498350032 0.2108357832843343
16 1.14 9.001 260.54034439310897 11.660406791864162 14.090028199436011 0.16007679846403072
16 1.26 0.5095 285.7027743445111 8.13202360952781 11.32342353152937 0.8266334673306533
16 1.26 1.5085 283.6950914981936 8.998432531349373 12.109167816643668 0.6289374212515749
16 1.26 2.5075 281.88749865001915 9.862070258594828 12.830203395932081 0.4481010379792404
16 1.26 3.5065 280.17901661964424 10.683165086698265 13.441381172376552 0.30575388492230154
16 1.26 4.5055 278.59229435412715 11.446012329753405 13.963430731385372 0.1884262314753705
16 1.26 5.5045 277.14791144179605 12.14042719145617 14.394402111957762 0.1123777524449511
16 1.26 6.5035 275.9774044519142 12.703170936581268 14.683506329873403 0.06476870462590748
16 1.26 7.5025 275.1343427131303 13.108489080218396 14.869652606947861 0.037889242215155695
16 1.26 8.5015 274.3154760904525 13.50217495650087 14.953230935381292 0.02120957580848383
16 1.26 9.5005 273.5479090417712 13.871197576048479 14.992980140397192 0.009179816403671926
16 1.32 1.009 294.40521389572996 8.762580998380033 11.896862062758744 0.6810163796724066
16 1.32 2.008 291.6349409011806 9.83062713745725 12.81067378652427 0.46115077698446033
16 1.32 3.007 289.04209875801797 10.842945641087178 13.563478730425391 0.2753044939101218
16 1.32 4.006 286.6750728985472 11.76754964900702 14.178166436671267 0.1481670366592668
16 1.32 5.005 284.9535873282615 12.440004949901002 14.571818563628728 0.08156836863262734
16 1.32 6.004 283.3407907841856 13.070003599928002 14.83965320693586 0.038339233215335694
16 1.32 7.003 282.1848299033862 13.52155081898362 14.952900941981161 0.018389632207355854
16 1.32 8.002 281.5522985540379 13.768633377332453 14.985030299394012 0.011099778004439911
16 1.32 9.001 280.3603671926751 14.234231565368693 14.999460010799783 0.004049919001619968
16 1.44 0.5095 316.0916229675388 8.423389032219356 11.619787604247914 0.7639047219055619
16 1.44 1.5085 310.737462050756 9.90457190856183 12.864282714345713 0.44450110997780046
16 1.44 2.5075 305.92093358132774 11.272462050758985 13.860112797744046 0.21701565968680625
16 1.44 3.5065 302.1126249474979 12.354367912641747 14.543889122217555 0.08921821563568728
16 1.44 4.5055 299.0469202615982 13.225306743865122 14.880152396952061 0.032069358612827746
16 1.44 5.5045 297.11158816822905 13.775116997660048 14.987760244795105 0.013289734205315894
16 1.44 6.5035 295.82693706126287 14.14007469850603 15.0 0.004799904001919961
16 1.44 7.5025 294.5793376131514 14.494506359872803 15.0 0.0011699766004679907
16 1.44 8.5015 294.2473642526231 14.588816973660526 15.0 5.099898002039959E-4
16 1.44 9.5005 293.9482846342023 14.673782774344513 15.0 2.0999580008399833E-4
16 1.5 0.01 331.32243355132897 7.537990490190197 10.773144537109259 0.992560148797024
16 1.5 10.0 300.81239875202493 14.79690031199376 15.0 8.999820003599928E-5
16 1.62 0.5095 345.50568128635734 8.746085078298433 11.887802243955122 0.6920261594768105
16 1.62 1.5085 335.3707355853023 10.772068308633827 13.509569808603828 0.2874842503149937
16 1.62 2.5075 327.3951322973363 12.380013649727005 14.529369412611748 0.0868482630347393
16 1.62 3.5065 321.6203197936541 13.544290364192715 14.963130737385253 0.019229615407691848
16 1.62 4.5055 318.9966004680198 14.073266034679307 14.99955000899982 0.005459890802183957
16 1.62 5.5045 316.26576588464104 14.623837523249534 15.0 0.0010199796004079918
16 1.62 6.5035 315.825363892586 14.71262824743505 15.0 8.999820003599928E-5
16 1.62 7.5025 315.73031979347786 14.731790364192715 15.0 1.1999760004799904E-4
16 1.62 8.5015 314.62427431474003 14.954783404331913 15.0 2.999940001199976E-5
16 1.62 9.5005 314.4000000001971 15.0 15.0 0.0
16 1.8 1.009 365.61242575148435 10.373286284274315 13.23027539449211 0.35606287874242515
16 1.8 2.008 352.11838963220805 12.4815016199676 14.601067978640428 0.07853842923141537
16 1.8 3.007 344.2564348713195 13.709932051358972 14.988240235195295 0.013139737205255894
16 1.8 4.006 339.7724605508062 14.410553038939222 15.0 0.001499970000599988
16 1.8 5.005 338.5295734084227 14.604754154916902 15.0 4.1999160016799666E-4
16 1.8 6.004 337.20926381457684 14.811052528949421 15.0 8.999820003599928E-5
16 1.8 7.003 336.0 15.0 15.0 0.0
16 1.8 8.002 336.0 15.0 15.0 0.0
16 1.8 9.001 336.4212395751311 14.934181316373673 15.0 2.999940001199976E-5
16 1.98 0.01 417.86130437394144 7.550916481670367 10.80722385552289 0.9862602747945041
16 1.98 10.0 357.5999999997817 15.0 15.0 0.0
18 0.04 1.009 56.647615047698736 5.025132830676702 8.441861162776744 0.3148737025259495
18 0.04 2.008 44.788223435530405 3.442901141976921 6.711165776684466 0.10241795164096718
18 0.04 3.007 40.56238075238301 2.82089691539629 6.499730005399892 0.03917921641567169
18 0.04 4.006 37.110889782200665 2.3706792530800977 7.3846523069538605 0.008729825403491931
18 0.04 5.005 33.00984940301177 2.085708285833057 12.21077578448431 7.49985000299994E-4
18 0.04 6.004 28.560000000023923 1.8888888888904165 17.0 0.0
18 0.04 7.003 28.560000000023923 1.8888888888904165 17.0 0.0
18 0.04 8.002 28.560000000023923 1.8888888888904165 17.0 0.0
18 0.04 9.001 28.560000000023923 1.8888888888904165 17.0 0.0
18 0.16 0.5095 101.68552948941256 6.877715779017765 10.473360532789345 0.6559368812623747
18 0.16 1.5085 90.67703845923057 5.139050552322275 8.608267834643307 0.3118737625247495
18 0.16 2.5075 86.5901901961959 4.397068725291992 8.111117777644447 0.15770684586308273
18 0.16 3.5065 70.13638687227218 2.7381519036284523 16.681796364072717 0.0037799244015119695
18 0.16 4.5055 66.61717645648619 2.3269801270604797 16.96865062698746 3.599928001439971E-4
18 0.16 5.5045 65.24827383451849 2.154533575992978 17.0 2.999940001199976E-5
18 0.16 6.5035 63.23999999999261 1.8888888888904165 17.0 0.0
18 0.16 7.5025 63.23999999999261 1.8888888888904165 17.0 0.0
18 0.16 8.5015 63.23999999999261 1.8888888888904165 17.0 0.0
18 0.16 9.5005 63.23999999999261 1.8888888888904165 17.0 0.0
18 0.22 1.009 111.8180212395729 6.086088278234421 9.642437151256974 0.4784004319913602
18 0.22 2.008 106.72649907002005 5.158353499596597 8.674806503869922 0.2570048599028019
18 0.22 3.007 95.86529129416749 3.8178136437269967 13.817393652126958 0.0503989920201596
18 0.22 4.006 84.93406791863012 2.5091264841363783 17.0 0.001499970000599988
18 0.22 5.005 82.93642647141984 2.2245621754205294 17.0 2.3999520009599807E-4
18 0.22 6.004 81.18829423412328 1.975540489190483 17.0 0.0
18 0.22 7.003 81.56093178133385 2.0286227608776994 17.0 5.999880002399952E-5
18 0.22 8.002 80.58000000003828 1.8888888888904165 17.0 0.0
18 0.22 9.001 80.58000000003828 1.8888888888904165 17.0 0.0
18 0.34 0.5095 148.44061558768485 7.335773284534357 10.915011699766005 0.7372652546949061
18 0.34 1.5085 142.23011759765163 6.109391145510435 9.607157856842862 0.4025619487610248
18 0.34 2.5075 139.3545227095477 5.55864216049004 9.277764444711107 0.20450590988180237
18 0.34 3.5065 123.51769364613348 3.276174476510091 16.98980020399592 0.00881982360352793
18 0.34 4.5055 119.37770384593037 2.582105024566235 17.0 0.0015899682006359872
18 0.34 5.5045 118.45830923385869 2.4273247868363734 17.0 8.69982600347993E-4
18 0.34 6.5035 115.91999999995068 2.0 17.0 0.0
18 0.34 7.5025 115.91999999995068 2.0 17.0 0.0
18 0.34 8.5015 115.25999999990317 1.8888888888904165 17.0 0.0
18 0.34 9.5005 115.25999999990317 1.8888888888904165 17.0 0.0
18 0.4 0.01 168.437433251335 8.467213989053384 12.064858702825944 0.99430011399772
18 0.52 0.5095 193.1298254034919 7.70821250241664 11.30407391852163 0.7971140577188456
18 0.52 1.5085 189.43278934421247 6.77432118024299 10.33845323093538 0.4663706725865483
18 0.52 2.5075 187.14984340312736 6.2452584281647745 9.83137337253255 0.24077518449631008
18 0.52 3.5065 185.5154304913861 5.893188802890795 9.666766664666707 0.11282774344513109
18 0.52 4.5055 173.6169412611852 3.3556795530751025 16.99970000599988 0.009869802603947922
18 0.52 5.5045 171.3889002220115 2.8400231995363656 17.0 0.003269934601307974
18 0.52 6.5035 170.1326261474861 2.5492190156193693 17.0 0.00125997480050399
18 0.52 7.5025 169.23373852528218 2.3411431771351454 17.0 3.599928001439971E-4
18 0.52 8.5015 169.42152516953476 2.3846123077530845 17.0 3.599928001439971E-4
18 0.52 9.5005 167.97383572322164 2.049499010019093 17.0 2.999940001199976E-5
18 0.7 1.009 235.5212575748478 7.691899495343427 11.272154556908863 0.6980860382792344
18 0.7 2.008 234.00243595127967 7.163470063932051 10.715035699286014 0.43103137937241254
18 0.7 3.007 232.8382282354357 6.772647880375814 10.346553068938622 0.249265014699706
18 0.7 4.006 231.87420051598744 6.453617594314535 10.122847543049138 0.13283734325313493
18 0.7 5.005 231.01451370973354 6.166170009933186 9.677206455870882 0.06704865902681946
18 0.7 6.004 225.62838243234836 4.23003539929183 16.716295674086517 0.03089938201235975
18 0.7 8.002 222.65804883900225 3.132610681119798 17.0 0.006689866202675946
18 0.7 9.001 222.06474470510787 2.9128684092987607 17.0 0.003119937601247975
18 0.88 0.01 279.1171104577813 8.500929981400196 12.092818143637126 0.997510049799004
18 1.06 0.5095 319.89335933281336 8.770217928974308 12.356152876942462 0.9152216955660887
18 1.06 1.5085 319.5452528949419 9.022019559607918 12.565218695626088 0.8447831043379133
18 1.06 2.5075 319.36189776204577 9.281007713177646 12.805363892722145 0.8037139257214856
18 1.06 3.5065 319.22397372052427 9.516283007670873 13.02159956800864 0.7663946721065579
18 1.06 4.5055 319.1088414231708 9.725368825954082 13.226585468290635 0.7236755264894702
18 1.06 5.5045 318.98983020339654 9.945171096575201 13.406041879162418 0.6872862542749145
18 1.06 6.5035 318.8617027659459 10.1821496903365 13.604217915641687 0.634037319253615
18 1.06 7.5025 318.754569508611 10.380485723616522 13.78592428151437 0.6004079918401632
18 1.06 8.5015 318.62809563809094 10.61463770724453 13.974860502789944 0.5494390112197756
18 1.06 9.5005 318.4840229195434 10.881439037884643 14.233785324293514 0.50464990700186
18 1.12 1.009 332.93088378232045 9.13872389218762 12.681076378472431 0.8371332573348533
18 1.12 2.008 332.37322973538915 9.59440477856881 13.105147897042059 0.7447051058978821
18 1.12 3.007 331.8711321773464 10.046865729349031 13.500569988600228 0.6609767804643907
18 1.12 4.006 331.3302033959366 10.546512403082795 13.951820963580728 0.5733485330293394
18 1.12 5.005 330.892756944879 10.951150976979935 14.23642527149457 0.4916601667966641
18 1.12 6.004 330.3244075118552 11.47740045199036 14.679816403671927 0.40442191156176877
18 1.12 8.002 329.46542869141115 12.272751211642467 15.28757424851503 0.2769544609107818
18 1.12 9.001 329.03435891280316 12.67188989553568 15.562728745425092 0.22196556068878623
18 1.24 0.5095 359.9496778064391 9.101691299506363 12.640157196856062 0.8538729225415491
18 1.24 1.5085 357.74156116876 10.049775671150407 13.485480290394191 0.6576768464630708
18 1.24 2.5075 355.6969808604033 10.99229348746252 14.30452390952181 0.4838303233935321
18 1.24 3.5065 353.74416271673726 11.896255408225082 15.003959920801584 0.3328733425331493
18 1.24 4.5055 352.122565548671 12.646960394125363 15.580398392032158 0.22625547489050218
18 1.24 5.5045 350.472466550685 13.410895115431739 16.06407871842563 0.14009719805603887
18 1.24 6.5035 349.10549469012454 14.043752458283093 16.441111177776445 0.08828823423531529
18 1.24 7.5025 347.9015851682929 14.60111797764098 16.715305693886123 0.04745905081898362
18 1.24 8.5015 346.7465338692746 15.135863949385328 16.912791744165116 0.02615947681046379
18 1.24 9.5005 346.0103269934343 15.476700465989728 16.96697066058679 0.016049679006419872
18 1.3 0.01 375.70737085258276 8.525966147343562 12.104937901241975 0.995080098398032
18 1.42 0.5095 398.8245107098519 9.469757271519146 12.984880302393952 0.7775844483110338
18 1.42 1.5085 392.4910559788001 11.119117617646877 14.420711585768284 0.4670606587868243
18 1.42 2.5075 386.87570348600843 12.604311247108928 15.526159476810463 0.23306533869322613
18 1.42 3.5065 382.3175430490177 13.81017379652455 16.31502369952601 0.10316793664126718
18 1.42 4.5055 378.6679630407833 14.775671153241895 16.76957460850783 0.04031919361612768
18 1.42 5.5045 375.86567828653324 15.517016326341919 16.97765044699106 0.014519709605807883
18 1.42 6.5035 373.21178076439463 16.219105617897842 16.994360112797743 0.004199916001679967
18 1.42 7.5025 372.6951658965747 16.355776217807193 17.0 0.001499970000599988
18 1.42 8.5015 371.2404871900442 16.74061185445436 17.0 1.499970000599988E-4
18 1.42 9.5005 371.03875262473434 16.79398078705962 17.0 5.999880002399952E-5
18 1.6 1.009 430.1972580548399 11.000916648332955 14.304763904721906 0.48362032759344814
18 1.6 2.008 418.9142617147643 13.089951534302847 15.871512569748605 0.17123657526849462
18 1.6 3.007 410.5022559548742 14.647730378726852 16.722055558888822 0.04751904961900762
18 1.6 4.006 404.6217735645213 15.736708599162528 16.987790244195118 0.009209815803683926
18 1.6 5.005 401.72100557990603 16.273887855575378 17.0 0.0024599508009839803
18 1.6 6.004 400.36336473249327 16.525302827280836 17.0 4.7999040019199615E-4
18 1.6 8.002 398.44107517873437 16.881282374353162 17.0 5.999880002399952E-5
18 1.6 9.001 397.80000000019055 17.0 17.0 0.0
18 1.78 0.01 485.96123957521144 8.540849183016116 12.125067498650028 0.99040019199616
18 1.9 0.5095 497.13671926561346 10.405491890159789 13.817663646727066 0.5911381772364552
18 1.9 1.5085 472.2482300353972 13.475527156122666 16.108447831043378 0.13247735045299094
18 1.9 2.5075 457.1933581328379 15.334153316933303 16.965230695386094 0.01853962920741585
18 1.9 3.5065 449.1225175496439 16.3305533889179 17.0 0.0015899682006359872
18 1.9 4.5055 444.6749235013125 16.87963907388889 17.0 0.0
18 1.9 5.5045 444.5999999997515 16.88888888888882 17.0 0.0
18 1.9 6.5035 443.6999999997521 17.0 17.0 0.0
18 1.9 7.5025 443.6999999997521 17.0 17.0 0.0
18 1.9 8.5015 443.6999999997521 17.0 17.0 0.0
18 1.9 9.5005 443.6999999997521 17.0 17.0 0.0
18 1.96 0.01 527.2187244255292 8.550055665553135 12.127407451850964 0.9878202435951281
20 0.08 0.01 117.42343433131376 9.454235915281629 13.352582948341032 0.9917201655966881
20 0.2 0.5095 138.80874182516249 7.760397792044183 11.667066658666826 0.6756764864702706
20 0.2 1.5085 126.13446331073457 5.899991000180003 9.685936281274374 0.31478370432591346
20 0.2 2.5075 121.88345833083339 5.188525229495441 9.16307673846523 0.1757364852702946
20 0.2 3.5065 97.42039959200123 2.672181556368915 18.98440031199376 0.0018899622007559848
20 0.2 4.5055 93.6402471950814 2.2050308993816468 19.0 2.0999580008399833E-4
20 0.2 5.5045 93.90419391610769 2.2380242395148526 19.0 2.0999580008399833E-4
20 0.2 6.5035 93.40214795703704 2.175268494630129 19.0 2.999940001199976E-5
20 0.2 7.5025 91.2000000000351 1.9000000000010122 19.0 0.0
20 0.2 8.5015 92.0 2.0 19.0 0.0
20 0.2 9.5005 91.2000000000351 1.9000000000010122 19.0 0.0
20 0.26 0.01 168.93430971380218 9.457310853782879 13.388012239755206 0.994180116397672
20 0.38 1.009 191.38465110697499 7.356638867222681 11.213595728085439 0.5536089278214436
20 0.38 2.008 186.59130317394076 6.473201535969296 10.317513649727005 0.2866442671146577
20 0.38 3.007 183.78687526249436 5.994357112857771 9.930551388972221 0.13007739845203095
20 0.38 4.006 164.7683968320925 3.285225295494016 19.0 0.005969880602387952
20 0.38 5.005 160.2248425031632 2.5523939521210846 19.0 8.999820003599928E-4
20 0.38 6.004 157.79729345405244 2.160853782924225 19.0 1.1999760004799904E-4
20 0.38 8.002 156.4085150297181 1.9368572628556617 19.0 2.999940001199976E-5
20 0.38 9.001 156.18000000000103 1.9000000000010122 19.0 0.0
20 0.44 0.01 220.61959080818056 9.497129057418872 13.400341993160136 0.994990100197996
20 0.56 1.009 248.89655846883232 8.020906581868392 11.894522109557808 0.6344873102537949
20 0.56 2.008 245.59557808844917 7.239482210355702 11.049739005219896 0.3506629867402652
20 0.56 3.007 243.24785384291624 6.719508609827831 10.539209215815683 0.17039659206815863
20 0.56 4.006 239.2430335393253 5.889842203155744 12.723795524089518 0.06152876942461151
20 0.56 5.005 228.41073378531917 3.547894042119322 19.0 0.011609767804643907
20 0.56 6.004 226.1231007379776 3.0279774404508837 19.0 0.0037799244015119695
20 0.56 8.002 223.82233395336152 2.5050758984823864 19.0 5.699886002279955E-4
20 0.56 9.001 222.85190256201795 2.284523309533947 19.0 1.7999640007199856E-4
20 0.62 0.01 271.98630707386303 9.48752924941506 13.390502189956202 0.9965200695986081
20 0.68 0.5095 287.39039539208886 8.915872682546347 12.840313193736126 0.8448131037379253
20 0.68 1.5085 284.69615887682744 8.04808003839927 11.908981820363593 0.5498590028199436
20 0.68 2.5075 282.85169136619015 7.489068218635623 11.341903161936761 0.3214435711285774
20 0.68 3.5065 281.43149097019193 7.082000359992702 10.923411531769364 0.16733665326693467
20 0.68 4.5055 280.2492962140757 6.741927161456674 10.540829183416331 0.08396832063358733
20 0.68 5.5045 272.6960484790293 4.466061678766463 18.91069178616428 0.030839383212335755
20 0.68 6.5035 270.8050446990737 3.876576468470753 19.0 0.015989680206395872
20 0.68 7.5025 268.87590568187613 3.273720525589272 19.0 0.007169856602867943
20 0.68 8.5015 267.8946709065702 2.967084658306806 19.0 0.0035699286014279717
20 0.68 9.5005 265.99644327111025 2.3738885222302657 19.0 5.999880002399952E-4
20 0.74 1.009 304.1175832483193 8.653533929321469 12.53704925901482 0.7327953440931181
20 0.74 2.008 302.4987982240367 8.053251934961407 11.898332033359333 0.4921101577968441
20 0.74 3.007 301.20207835846145 7.588009239815152 11.446181076378473 0.2999040019199616
20 0.74 4.006 300.1140799184205 7.200140997180047 11.06794864102718 0.1725265494690106
20 0.74 5.005 299.2751760964799 6.903629927401533 10.803683926321474 0.09470810583788324
20 0.74 6.004 298.4609839802996 6.6090328193438035 10.668986620267594 0.04868902621947561
20 0.74 8.002 291.175087298236 3.836512269754599 18.972610547789046 0.015809683806323874
20 0.74 9.001 289.5803161936212 3.2231985360293547 19.0 0.006689866202675946
20 0.86 0.5095 340.15365872682764 9.311402771944591 13.208405831883363 0.9024719505609888
20 0.86 1.5085 339.42947741043974 8.88721125577491 12.747165056698867 0.7204055918881622
20 0.86 2.5075 338.88086698264755 8.544642107157888 12.43622127557449 0.5654586908261835
20 0.86 3.5065 338.3358792824066 8.188075238495234 12.066508669826604 0.42272154556908864
20 0.86 4.5055 337.91894642107695 7.911384772304585 11.721935561288774 0.31694366112677747
20 0.86 5.5045 337.5525487490426 7.66364072718539 11.541189176216475 0.24245515089698205
20 0.86 6.5035 337.23079318415915 7.441297174056441 11.24347513049739 0.1746265074698506
20 0.86 7.5025 336.9656554869199 7.256464870702592 11.05279894402112 0.13259734805303894
20 0.86 8.5015 336.673622127576 7.050854982900339 10.904481910361794 0.09014819703605928
20 0.86 9.5005 336.47242335155437 6.907970840583314 10.799454010919781 0.06848863022739546
20 0.92 1.009 357.24773144536937 9.33193436131278 13.201595968080639 0.8632327353452931
20 0.92 2.008 356.9688762225069 9.09176216475665 13.000209995800084 0.747795044099118
20 0.92 3.007 356.75037259260813 8.880593388132288 12.739215215695687 0.6497570048599028
20 0.92 4.006 356.54882582356777 8.655741885162305 12.500779984400312 0.5710985780284394
20 0.92 5.005 356.3667138657956 8.444006119877557 12.308063838723225 0.48179036419271615
20 0.92 6.004 356.20381592372706 8.247732045359117 12.133227335453292 0.41312173756524867
20 0.92 8.002 355.91396532066386 7.890766184676341 11.737835243295134 0.29774404511909763
20 0.92 9.001 355.80042239147605 7.750182996340111 11.576918461630767 0.25499490010199793
20 1.1 0.5095 408.3482690346241 9.824812503749879 13.72397552048959 0.9200815983680326
20 1.1 1.5085 407.73358432831475 10.29357412851749 14.14987700245995 0.8276834463310734
20 1.1 2.5075 407.2495230095379 10.75542689146217 14.567048659026819 0.747465050698986
20 1.1 3.5065 406.82332153356833 11.177602447951033 14.924131517369652 0.6730365392692146
20 1.1 4.5055 406.36886362273015 11.631334373312535 15.343313133737325 0.5945581088378232
20 1.1 5.5045 405.92046559068615 12.07956740865189 15.683956320873582 0.5176096478070439
20 1.1 6.5035 405.5360982780314 12.463901721965705 16.050338993220137 0.45281094378112435
20 1.1 7.5025 405.0876012479749 12.912398752024991 16.381892362152758 0.39164216715665684
20 1.1 8.5015 404.70569388612535 13.294306113877647 16.71992560148797 0.33197336053278936
20 1.1 9.5005 404.29759704806145 13.702402951940888 16.975490490190197 0.27869442611147777
20 1.16 0.01 426.18319553609325 9.51042179156422 13.439311213775724 0.9969100617987641
20 1.28 1.009 455.9935009299708 10.865854682906402 14.668416631667366 0.7324653506929861
20 1.28 2.008 452.4814315713731 12.11395272094549 15.763214735705287 0.512239755204896
20 1.28 3.007 449.1664930701366 13.297681046379031 16.688816223675527 0.3347633047339053
20 1.28 4.006 446.2985636287296 14.321941561168918 17.452570948581027 0.20348593028139436
20 1.28 5.005 443.5202519949718 15.314195716085871 18.09257814843703 0.11378772424551509
20 1.28 6.004 441.81171776563815 15.924386512270122 18.461120777584448 0.06599868002639947
20 1.28 8.002 438.0393112137965 17.271674566508256 18.956290874182518 0.014369712605747886
20 1.28 9.001 436.809685006328 17.710826783464764 18.992050158996822 0.007229855402891942
20 1.34 0.01 477.51704565907954 9.517324653506913 13.415671686566268 0.9953800923981521
20 1.46 1.009 501.2105903881949 11.651118977620452 15.350692986140277 0.5901181976360472
20 1.46 2.008 492.19822823542563 13.609080818383628 16.912461750764983 0.2882342353152937
20 1.46 3.007 484.9081652367189 15.193877122457721 17.999730005399893 0.11855762884742305
20 1.46 4.006 479.02761984756347 16.47225655486887 18.709305813883724 0.04256914861702766
20 1.46 5.005 474.86671326575816 17.376801463971006 18.96742065158697 0.014189716205675886
20 1.46 6.004 472.76431151373765 17.833845323095026 19.0 0.005129897402051959
20 1.46 8.002 469.40969520609303 18.563109737806784 19.0 4.7999040019199615E-4
20 1.46 9.001 468.5520561589879 18.74955300893806 19.0 1.499970000599988E-4
20 1.52 0.01 528.8129261414629 9.528511429771418 13.429381412371752 0.993310133797324
20 1.58 0.5095 536.94093418127 10.947045059098736 14.749265014699706 0.7265254694906101
20 1.58 1.5085 522.4903263934077 13.432702345953215 16.790214195716086 0.31586368272634546
20 1.58 2.5075 510.9130851382918 15.428778424431432 18.146997060058798 0.10223795524089518
20 1.58 3.5065 502.6586902262495 16.85194996100041 18.84835303293934 0.02996940061198776
20 1.58 4.5055 497.8330707387261 17.683953320934716 18.996310073798526 0.00629987400251995
20 1.58 5.5045 493.903776924291 18.361417771641676 19.0 0.001139977200455991
20 1.58 6.5035 491.6759428809309 18.74552708946512 19.0 1.7999640007199856E-4
20 1.58 7.5025 491.6470072596551 18.750515989679396 19.0 1.1999760004799904E-4
20 1.58 8.5015 491.04943361107934 18.853545929086756 19.0 2.999940001199976E-5
20 1.58 9.5005 490.1999999997049 19.0 19.0 0.0
20 1.64 1.009 543.5405039898991 12.44697306053883 16.009479810403793 0.45596088078238434
20 1.64 2.008 527.7305813883522 14.917096658066804 17.857262854742906 0.14195716085678287
20 1.64 3.007 517.1529369412671 16.569853602928045 18.75742485150297 0.0370492590148197
20 1.64 4.006 510.67320093592417 17.582312353752936 18.995680086398274 0.008219835603287933
20 1.64 5.005 506.1550512990162 18.28827323453791 19.0 0.0016499670006599868
20 1.64 6.004 504.7174224515353 18.512902741946213 19.0 2.999940001199976E-4
20 1.64 8.002 502.52490310229535 18.855483890319356 19.0 2.999940001199976E-5
20 1.64 9.001 502.2400000001944 18.900000000011882 19.0 0.0
20 1.76 0.5095 582.4984952301097 11.357739845203138 15.098698026039479 0.6439071218575628
20 1.76 1.5085 559.279700006004 14.410565788684318 17.481730365392693 0.1988360232795344
20 1.76 2.5075 543.7828271434709 16.44962800743981 18.683386332273354 0.04136917261654767
20 1.76 3.5065 534.546914261622 17.664879702406356 18.99820003599928 0.006539869202615948
20 1.76 4.5055 529.5413199736254 18.323510529789125 19.0 0.0011999760004799903
20 1.76 5.5045 528.096626867278 18.513601727956356 19.0 2.999940001199976E-4
20 1.76 6.5035 524.4000000001924 19.0 19.0 0.0
20 1.76 7.5025 524.4000000001924 19.0 19.0 0.0
20 1.76 8.5015 524.4000000001924 19.0 19.0 0.0
20 1.76 9.5005 525.1600000001267 18.900000000011882 19.0 0.0
20 1.82 1.009 583.1683914321529 13.22339353212941 16.631487370252596 0.34046319073618525
20 1.82 2.008 561.0030569388578 15.926456470870628 18.413901721965562 0.06758864822703546
20 1.82 3.007 548.6944717106162 17.42750344993032 18.9707505849883 0.010949781004379912
20 1.82 4.006 542.8744987097833 18.137256254876114 19.0 0.001769964600707986
20 1.82 5.005 539.5325571490229 18.54481010379706 19.0 2.699946001079978E-4
20 1.82 6.004 535.8000000003334 19.0 19.0 0.0
20 1.82 8.002 535.8000000003334 19.0 19.0 0.0
20 1.82 9.001 535.8000000003334 19.0 19.0 0.0
20 1.94 0.5095 626.7378976420547 11.75224095518087 15.44030119397612 0.5704985900281995
20 1.94 1.5085 593.6116583668335 15.275355492890201 18.06002879942401 0.11354772904541909
20 1.94 2.5075 574.2224875502702 17.33803323933479 18.967780644387112 0.013139737205255894
20 1.94 3.5065 564.3003467930498 18.393580128393992 19.0 7.799844003119938E-4
20 1.94 4.5055 559.9052672945825 18.861141777172705 19.0 8.999820003599928E-5
20 1.94 5.5045 559.5399999995235 18.900000000011882 19.0 0.0
20 1.94 6.5035 558.5999999999106 19.0 19.0 0.0
20 1.94 7.5025 558.5999999999106 19.0 19.0 0.0
20 1.94 8.5015 558.5999999999106 19.0 19.0 0.0
20 1.94 9.5005 558.5999999999106 19.0 19.0 0.0
20 2.0 0.5095 641.2498050039 11.875613487730243 15.565638687226256 0.5583488330233395
20 2.0 1.5085 604.5461390772184 15.545386092278063 18.224455510889783 0.09371812563748726
20 2.0 2.5075 583.7173756524869 17.62826243475058 18.98803023939521 0.008729825403491931
20 2.0 3.5065 576.0966580668387 18.39033419331581 19.0 6.29987400251995E-4
20 2.0 4.5055 573.2966340673187 18.67033659327456 19.0 1.7999640007199856E-4
20 2.0 5.5045 570.0 19.0 19.0 0.0
20 2.0 6.5035 570.0 19.0 19.0 0.0
20 2.0 7.5025 570.0 19.0 19.0 0.0
20 2.0 8.5015 570.0 19.0 19.0 0.0
20 2.0 9.5005 570.0 19.0 19.0 0.0
