10 0.1 1.009 24.32875742485155 3.19734805303897 5.351832963340733 0.4378412431751365
10 0.1 2.008 22.331583368332865 2.627695446091097 4.906671866562669 0.2003059938801224
10 0.1 3.007 21.227128457430236 2.3375532489348814 5.042839143217136 0.08240835183296334
10 0.1 4.006 19.917948641025237 2.06979060418795 5.835543289134217 0.022979540409191816
10 0.1 5.005 18.651769964593804 1.9126777464460996 7.154556908861823 0.003959920801583968
10 0.1 6.004 18.441183176340004 1.8658726825473904 7.26732465350693 0.0017999640007199855
10 0.1 7.003 17.39973600528018 1.81250374992586 8.652186956260875 5.999880002399952E-5
10 0.1 8.002 17.364306713852468 1.813361732766449 8.708315833683326 2.699946001079978E-4
10 0.1 9.001 17.541909161804654 1.8037319253625226 8.392692146157076 1.1999760004799904E-4
10 0.28 0.01 42.031140577185205 4.504097918041606 6.635087298254035 0.994480110397792
10 0.28 10.0 31.68000000002195 1.8000000000010403 9.0 2.999940001199976E-5
10 0.4 0.5095 49.576072478550344 4.195260094798096 6.358312833743325 0.7857742845143098
10 0.4 1.5085 48.520285594287955 3.818191636167346 6.094648107037859 0.4628607427851443
10 0.4 2.5075 47.6307493850118 3.558390832183431 6.20432591348173 0.24260514789704207
10 0.4 3.5065 45.480668386634854 2.9934421311573893 7.5437391252174955 0.07121857562848743
10 0.4 4.5055 42.96382072358582 2.313601727965147 8.969730605387893 0.00626987460250795
10 0.4 5.5045 42.405585888273194 2.1351952960940292 9.0 0.0017999640007199855
10 0.4 6.5035 42.03954520908567 2.013181736365618 9.0 7.799844003119938E-4
10 0.4 7.5025 41.59697006058555 1.8656566868672457 9.0 2.3999520009599807E-4
10 0.4 8.5015 41.50504589906902 1.8350152996947033 9.0 8.999820003599928E-5
10 0.4 9.5005 41.39999999999012 1.8000000000010403 9.0 2.999940001199976E-5
10 0.46 0.01 54.573631727365374 4.510235795284136 6.640187196256075 0.9952900941981161
10 0.46 10.0 46.34384952302364 1.8310553788930106 9.0 5.999880002399952E-5
10 0.58 1.009 62.0460190796251 4.313145737085218 6.499160016799664 0.6349073018539629
10 0.58 2.008 61.3969544609171 4.1096418071638325 6.373612527749445 0.375892482150357
10 0.58 3.007 60.79315113698408 3.8989980200397945 6.452120957580848 0.1985060298794024
10 0.58 4.006 59.7607541849207 3.499292014159896 7.102657946841063 0.08255834883302333
10 0.58 5.005 58.36730125396947 2.910685786284284 8.249085018299635 0.025499490010199796
10 0.58 6.004 57.1787022259513 2.3708105837881845 9.0 0.005489890202195956
10 0.58 7.003 56.81144477109649 2.195926081477995 9.0 0.002849943001139977
10 0.58 8.002 56.291276774453976 1.9482270354602558 9.0 8.099838003239935E-4
10 0.58 9.001 56.343288534212235 1.9729945401097095 9.0 6.29987400251995E-4
10 0.64 0.01 67.09862842742896 4.521329573408509 6.661756764864703 0.9962500749985
10 0.64 10.0 61.12699346012873 1.9594408111838895 9.0 6.599868002639947E-4
10 0.76 1.009 74.46025559487168 4.605735885282243 6.774884502309954 0.6565668686626267
10 0.76 2.008 74.04570348591184 4.4759404811903325 6.689206215875682 0.4379312413751725
10 0.76 3.007 73.75230575386736 4.328283434331229 6.603767924641507 0.29042419151616966
10 0.76 4.006 73.47217015657985 4.155198896021966 6.597348053038939 0.17717645647087057
10 0.76 5.005 73.20065038697908 3.96265674686494 6.739665206695866 0.11105777884442311
10 0.76 6.004 72.89946601066585 3.729453410931896 7.006809863802724 0.06734865302693946
10 0.76 7.003 72.62522709545598 3.511807763845121 7.190346193076138 0.040709185816283674
10 0.76 8.002 71.87835123297423 2.8970300593991163 8.53629927401452 0.020789584208315833
10 0.76 9.001 71.414428511433 2.511795764084795 8.933821323573529 0.01121977560448791
10 0.82 0.01 79.60652786944189 4.525091498170086 6.659476810463791 0.994420111597768
10 0.82 10.0 76.72470990580241 3.248803023939864 7.754364912701746 0.02963940721185576
10 0.88 0.5095 82.75736245275749 4.736341273174531 6.875382492350153 0.7922541549169017
10 0.88 1.5085 82.30005159897395 4.764468710625777 6.924761504769904 0.5926081478370433
10 0.88 2.5075 82.12609947801676 4.693004139917259 6.890412191756165 0.4659206815863683
10 0.88 3.5065 82.01612647747727 4.608273834523283 6.812953740925182 0.37001259974800504
10 0.88 4.5055 81.936203275942 4.518671626567473 6.7410751784964305 0.2992140157196856
10 0.88 5.5045 81.86430911382713 4.417987640247056 6.672106557868843 0.24128517429651408
10 0.88 6.5035 81.81002579949605 4.3396592068157345 6.690946181076378 0.2011159776804464
10 0.88 7.5025 81.75353332934463 4.252060958780699 6.647717045659086 0.1597468050638987
10 0.88 8.5015 81.69443331134791 4.154880902381835 6.614057718845623 0.13139737205255894
10 0.88 9.5005 81.64433311335259 4.072964540709161 6.600707985840283 0.10187796244075119
10 0.94 1.009 86.39636227276189 4.862998740025246 6.991990160196796 0.6983860322793544
10 0.94 2.008 86.18799604008731 4.879540409191786 7.011909761804764 0.5863982720345593
10 0.94 3.007 86.10421851563669 4.8487190256195065 6.994060118797624 0.5220495590088198
10 0.94 4.006 86.05944621108213 4.795638087238227 6.9779804403911925 0.4667906641867163
10 0.94 5.005 86.03048299034457 4.739701205975879 6.90985180296394 0.41897162056758863
10 0.94 6.004 86.0084904301944 4.680962380752421 6.879762404751905 0.3814123717525649
10 0.94 7.003 85.99072058559052 4.628685426291392 6.838543229135417 0.3460130797384052
10 0.94 8.002 85.97045479090566 4.566772664546675 6.815563688726225 0.3114537709245815
10 0.94 9.001 85.95729885401963 4.522919541609118 6.754034919301614 0.28298434031319375
10 1.0 1.009 90.29144417111658 4.952930941381181 7.0720885582288355 0.7251754964900702
10 1.0 2.008 90.08606827863443 5.028685426291465 7.144417111657767 0.6722265554688907
10 1.0 3.007 90.03089938201236 5.043493130137463 7.155336893262135 0.6527569448611028
10 1.0 4.006 90.01109977800444 5.059326813463672 7.177386452270954 0.6472670546589068
10 1.0 5.005 90.00302993940122 5.062404751904975 7.1787964240715185 0.6532369352612948
10 1.0 6.004 90.00179996400072 5.069832603347985 7.183686326273475 0.6469370612587748
10 1.0 7.003 90.00038999220016 5.0622667546649 7.181976360472791 0.6464270714585708
10 1.0 8.002 90.00017999640008 5.062008759824786 7.183896322073559 0.6453170936581268
10 1.0 9.001 90.00005999880003 5.063724725505489 7.185426291474171 0.6488870222595549
10 1.18 0.01 104.48526729465748 4.546439071218577 6.680386392272155 0.9907001859962801
10 1.18 10.0 99.23850782984891 7.734991300173914 8.907721845563088 0.056998860022799545
10 1.3 0.5095 109.72261354773013 5.128433431331397 7.213985720285594 0.7120657586848264
10 1.3 1.5085 108.52532249355008 5.671182576348484 7.674866502669946 0.5203695926081479
10 1.3 2.5075 107.75611387772189 6.164072718545585 8.043709125817484 0.373012539749205
10 1.3 3.5065 106.95893382132425 6.694252114957741 8.40187196256075 0.24080518389632208
10 1.3 4.5055 106.27338453230826 7.151076978460332 8.680836383272334 0.14447711045779085
10 1.3 5.5045 105.65811183776484 7.5612587748246085 8.840433191336173 0.07952840943181136
10 1.3 6.5035 105.17058258834804 7.886278274434468 8.945881082378353 0.04286914261714766
10 1.3 7.5025 104.80175196495898 8.1321653566928 8.98110037799244 0.023909521809563808
10 1.3 8.5015 104.47862242756312 8.347585048299436 8.993280134397311 0.012119757604847903
10 1.3 9.5005 104.23846223075749 8.507691846162494 8.999730005399892 0.00623987520249595
10 1.36 0.01 116.9531145377046 4.547381052378969 6.67912641747165 0.9869502609947801
10 1.36 10.0 106.83967120657984 8.644627107456197 9.0 0.00251994960100798
10 1.48 1.009 119.55665206694248 5.708777824443545 7.708255834883302 0.5106197876042479
10 1.48 2.008 117.4984904301386 6.542869142617058 8.311213775724486 0.2758144837103258
10 1.48 3.007 115.71425811479794 7.285744285114217 8.74662506749865 0.11966760664786705
10 1.48 4.006 114.37220375591494 7.844915101697737 8.936671266574669 0.04733905321893562
10 1.48 5.005 113.55579768406203 8.185084298314294 8.98680026399472 0.019109617807643847
10 1.48 6.004 112.80184316317457 8.499232015359125 8.998290034199316 0.006629867402651947
10 1.48 7.003 112.37577008464345 8.676762464749011 9.0 0.002249955000899982
10 1.48 8.002 112.04508069843739 8.814549709002558 9.0 9.599808003839923E-4
10 1.48 9.001 111.69224455516756 8.961564768703584 9.0 1.1999760004799904E-4
10 1.54 0.01 129.39515089698045 4.552852942941178 6.681136377272455 0.9853602927941442
10 1.54 10.0 114.41892182150609 8.955954880900439 9.0 1.1999760004799904E-4
10 1.66 1.009 129.5882486350139 6.01250974980506 7.9385912281754365 0.42140157196856065
10 1.66 2.008 126.00370972579152 7.0898302033958975 8.655366892662146 0.15863682726345474
10 1.66 3.007 123.3996946061061 7.878880422391742 8.946361072778544 0.04346913061738765
10 1.66 4.006 121.66427911442686 8.404763904722163 8.994570108597829 0.009329813403731926
10 1.66 5.005 120.60866322673695 8.724647507047482 9.0 0.0026699466010679787
10 1.66 6.004 120.06971800570739 8.887964240714663 9.0 5.099898002039959E-4
10 1.66 7.003 119.77757484855229 8.976492470149802 9.0 8.999820003599928E-5
10 1.66 8.002 119.71645347099377 8.995014099717716 9.0 2.999940001199976E-5
10 1.66 9.001 119.78014879707425 8.975712485749417 9.0 5.999880002399952E-5
10 1.72 0.01 141.8434559308843 4.552330953380923 6.685486290274195 0.9817303653926921
10 1.72 10.0 122.39999999993503 9.0 9.0 0.0
10 1.78 0.5095 138.765968680626 5.546073078538462 7.567138657226855 0.5728985420291595
10 1.78 1.5085 133.37999640008363 6.877170456590896 8.510679786404271 0.19574608507829844
10 1.78 2.5075 129.61058738824383 7.843439131217057 8.939161216775664 0.04463910721785564
10 1.78 3.5065 127.07967060658801 8.492392152155874 8.998530029399411 0.007169856602867943
10 1.78 4.5055 125.85676426472283 8.805957880840273 9.0 0.0010499790004199917
10 1.78 5.5045 125.5200917981638 8.892284154316396 9.0 2.3999520009599807E-4
10 1.78 6.5035 125.14972400557241 8.98725025499416 9.0 5.999880002399952E-5
10 1.78 7.5025 125.2398356033454 8.96414471710611 9.0 8.999820003599928E-5
10 1.78 8.5015 125.10000000006558 9.0 9.0 0.0
10 1.78 9.5005 125.18023699532681 8.979426411471849 9.0 5.999880002399952E-5
10 1.84 1.009 139.03768404633192 6.327449451011004 8.163826723465531 0.32993340133197335
10 1.84 2.008 133.77226495470634 7.578058438831253 8.852882942341154 0.07724845503089939
10 1.84 3.007 130.43916841664074 8.371626567469344 8.9962500749985 0.0124797504049919
10 1.84 4.006 128.9364216715601 8.729423411530124 9.0 0.0018299634007319853
10 1.84 5.005 128.26619067616537 8.889002219953644 9.0 3.899922001559969E-4
10 1.84 6.004 128.0739185215674 8.934781304373258 9.0 1.7999640007199856E-4
10 1.84 7.003 127.98934901298445 8.954916901659661 9.0 0.0
10 1.84 8.002 127.79999999992161 9.0 9.0 0.0
10 1.84 9.001 127.818798823945 8.995524089517948 9.0 0.0
10 1.96 0.5095 149.12505549888292 5.7109077818443446 7.702675946481071 0.5204595908081838
10 1.96 1.5085 141.35721125572687 7.300629987400234 8.749265014699706 0.12134757304853903
10 1.96 2.5075 136.63101937964274 8.285204295914568 8.990610187796245 0.01505969880602388
10 1.96 3.5065 134.29688366239034 8.771482570347812 9.0 0.001619967600647987
10 1.96 4.5055 133.4149301014776 8.955222895541551 9.0 2.0999580008399833E-4
10 1.96 5.5045 133.200633587411 8.999868002639946 9.0 0.0
10 1.96 6.5035 133.30995620095447 8.977092458149633 9.0 5.999880002399952E-5
10 1.96 7.5025 133.20000000008275 9.0 9.0 0.0
10 1.96 8.5015 133.20000000008275 9.0 9.0 0.0
10 1.96 9.5005 133.20000000008275 9.0 9.0 0.0
12 0.08 0.01 40.94190916181702 5.476230475390542 8.00884982300354 0.99190016199676
12 0.08 10.0 20.68000000000764 1.833333333328946 11.0 0.0
12 0.2 0.5095 49.7106737865243 4.669121617567679 7.231355372892542 0.7144657106857862
12 0.2 1.5085 46.439419211615785 3.795749085018291 6.397852042959141 0.376672466550669
12 0.2 2.5075 44.76736065278708 3.361382772344599 6.455690886182277 0.1878562428751425
12 0.2 3.5065 40.651142977140886 2.6920711585767134 9.044879102417951 0.039389212215755684
12 0.2 4.5055 36.73010139798053 2.1359072818552525 10.951550968980621 5.999880002399952E-4
12 0.2 5.5045 35.38062038758067 1.8709625807450927 11.0 8.999820003599928E-5
12 0.2 6.5035 35.19999999997791 1.833333333328946 11.0 0.0
12 0.2 7.5025 35.21070378590282 1.835563288729903 11.0 2.999940001199976E-5
12 0.2 8.5015 35.19999999997791 1.833333333328946 11.0 0.0
12 0.2 9.5005 35.19999999997791 1.833333333328946 11.0 2.999940001199976E-5
12 0.26 0.01 59.163971920560265 5.486725265494686 8.00929981400372 0.9941201175976481
12 0.26 10.0 42.459999999979935 1.833333333328946 11.0 0.0
12 0.38 1.009 68.73466730664859 4.673711525769432 7.251634967300654 0.5983980320393593
12 0.38 2.008 67.27479150416701 4.242540149196984 6.972130557388852 0.3201235975280494
12 0.38 3.007 65.95208855822878 3.926656466870616 7.30437391252175 0.14747705045899082
12 0.38 4.006 60.17372592548188 2.6787214255713683 10.935261294774104 0.009359812803743926
12 0.38 5.005 58.743430731385146 2.307373852523839 11.0 0.0018599628007439852
12 0.38 6.004 57.49085738286012 1.970660586786745 11.0 3.2999340013199736E-4
12 0.38 7.003 57.211900161988595 1.8956720865554177 11.0 1.1999760004799904E-4
12 0.38 8.002 57.420048599028874 1.9516259674792424 11.0 0.0
12 0.38 9.001 57.10606827863761 1.867222655543488 11.0 5.999880002399952E-5
12 0.44 0.01 77.35055498890213 5.493175136497315 8.01364972700546 0.9960100797984041
12 0.44 10.0 64.2399999999962 1.833333333328946 11.0 0.0
12 0.56 1.009 88.12147117058558 5.051458970820509 7.613787724245515 0.6349673006539869
12 0.56 2.008 87.17976480471698 4.753849923001479 7.4380212395752086 0.37070258594828104
12 0.56 3.007 86.18923741525717 4.44779604407911 7.4411111777764445 0.17699646007079858
12 0.56 4.006 84.53610967780551 3.9228165436690516 8.606857862842743 0.06335873282534349
12 0.56 5.005 81.19277974438634 2.753949921001884 10.925661486770265 0.009239815203695927
12 0.56 6.004 80.43162776744289 2.466525669486287 11.0 0.003599928001439971
12 0.56 7.003 79.4187856243114 2.0828733425325874 11.0 8.399832003359933E-4
12 0.56 8.002 79.51427251456174 2.1190426191473573 11.0 6.29987400251995E-4
12 0.56 9.001 78.85821923561741 1.870537589244766 11.0 5.999880002399952E-5
12 0.62 0.01 95.49783464330535 5.4918001639967535 8.027539449211016 0.995680086398272
12 0.62 10.0 86.72846163071614 2.144062118759346 11.0 7.799844003119938E-4
12 0.68 0.5095 101.0014027719445 5.41759164816702 7.95560088798224 0.8158336833263334
12 0.68 1.5085 100.21458810824012 5.167716645667069 7.7354652906941865 0.5190496190076198
12 0.68 2.5075 99.58796904062707 4.934096318073683 7.573678526429472 0.30557388852222955
12 0.68 3.5065 98.92536749265452 4.662971740565141 7.692656146877063 0.15794684106317874
12 0.68 4.5055 98.30363952720778 4.383407331853318 7.921761564768705 0.07793844123117538
12 0.68 5.5045 96.92452030958768 3.7105157896842536 9.177206455870882 0.03212935741285174
12 0.68 6.5035 95.64499910002206 3.060343793124072 10.503089938201237 0.01481970360592788
12 0.68 7.5025 94.85447411052681 2.653371932561194 11.0 0.008519829603407933
12 0.68 8.5015 94.31873762526254 2.374342513150447 11.0 0.0030299394012119757
12 0.68 9.5005 94.02458030842465 2.2211355772887056 11.0 0.0013499730005399892
12 0.74 1.009 106.66716565668683 5.397742045159071 7.942821143577128 0.6752864942701146
12 0.74 2.008 106.12196496070766 5.195241095178091 7.7901541969160615 0.44177116457670845
12 0.74 3.007 105.66495110099079 4.986855262894745 7.621767564648707 0.27389452210955784
12 0.74 4.006 105.30752864944088 4.808028839423152 7.50479990400192 0.16760664786704266
12 0.74 5.005 104.91209275815586 4.590533189336143 7.709245815083698 0.09503809923801523
12 0.74 6.004 104.06751304974307 4.074238515229594 8.866592668146637 0.05291894162116758
12 0.74 7.003 103.297507049844 3.595288094237983 9.507079858402832 0.027029459410811783
12 0.74 8.002 102.18042419152832 2.884887302253943 10.999370012599748 0.014159716805663887
12 0.74 9.001 102.02057118858369 2.7808093838123833 10.626387472250554 0.009059818803623927
12 0.86 0.5095 118.93365812683705 5.638382232355353 8.17084658306834 0.8277134457310854
12 0.86 1.5085 118.47419691606001 5.578308433831366 8.115137697246055 0.6106677866442671
12 0.86 2.5075 118.23603167936542 5.456915861682761 8.021239575208496 0.46658066838663226
12 0.86 3.5065 118.06319553609227 5.325393492130207 7.909551808963821 0.35633287334253316
12 0.86 4.5055 117.91325793484556 5.183046339073231 7.78712425751485 0.2684946301073978
12 0.86 5.5045 117.78747165057297 5.059683806323828 7.71887562248755 0.20690586188276233
12 0.86 6.5035 117.67395332094068 4.936736265274702 7.637187256254875 0.15482690346193076
12 0.86 7.5025 117.58221935561814 4.829863402731875 7.630197396052079 0.12161756764864702
12 0.86 8.5015 117.43681586368368 4.660111797763966 7.692086158276834 0.08876822463550729
12 0.86 9.5005 117.39169676606502 4.608087838243351 7.617477650446991 0.06920861582768345
12 0.92 1.009 124.53105417892169 5.743615127697483 8.247195056098878 0.7393952120957581
12 0.92 2.008 124.30966700666575 5.696441071178568 8.244315113697725 0.6100377992440151
12 0.92 3.007 124.18922061559408 5.607427851442938 8.145497090058198 0.5126897462050759
12 0.92 4.006 124.12482390352659 5.535309293814119 8.08189836203276 0.44171116577668446
12 0.92 5.005 124.06277434451354 5.438526229475481 8.001379972400551 0.3862422751544969
12 0.92 6.004 124.01605447890827 5.356717865642659 7.947441051178976 0.3381532369352613
12 0.92 7.003 123.9668326633401 5.259519809603792 7.829813403731926 0.28967420651586967
12 0.92 8.002 123.93462650745721 5.196161076778456 7.789044219115618 0.250644987100258
12 0.92 9.001 123.89031979359106 5.103567928641411 7.745065098698026 0.21422571548569028
12 1.1 0.5095 142.13184736305388 5.910576788464289 8.413301733965321 0.8135837283254335
12 1.1 1.5085 141.56422871542495 6.205695886082258 8.678466430671387 0.6960760784784304
12 1.1 2.5075 141.36436371272757 6.423526529469391 8.876192476150477 0.6453170936581268
12 1.1 3.5065 141.2238705225915 6.633702325953456 9.045389092218155 0.5946481070378592
12 1.1 4.5055 141.08781424371418 6.85534789304213 9.243145137097258 0.5441891162176756
12 1.1 5.5045 140.9599358012852 7.066938661226804 9.406521869562608 0.4909101817963641
12 1.1 6.5035 140.83217135657236 7.279769404611907 9.565308693826124 0.4372412551748965
12 1.1 7.5025 140.6996610067784 7.5005649887002575 9.741615167696645 0.3855522889542209
12 1.1 8.5015 140.56004679906513 7.733255334893365 9.90760184796304 0.3335033299334013
12 1.1 9.5005 140.4285084298307 7.952485950280974 10.061258774824504 0.28277434451310973
12 1.16 0.01 149.7788900222015 5.53587428251435 8.069238615227695 0.9927401451970961
12 1.16 10.0 144.36379912401654 9.121042579148563 10.754844903101938 0.08576828463430732
12 1.28 1.009 158.19237655246715 6.465115697686047 8.905411891762165 0.6465470690586188
12 1.28 2.008 157.0303569928582 7.105297894042073 9.444471110577789 0.4870102597948041
12 1.28 3.007 156.01110697786126 7.708085838283236 9.899082018359632 0.33380332393352136
12 1.28 4.006 155.0413031739398 8.284984300313933 10.286404271914561 0.2112857742845143
12 1.28 5.005 154.18032759345138 8.797424051518886 10.57244855102898 0.12986740265194696
12 1.28 6.004 153.40647627047423 9.25804983900357 10.803143937121257 0.07367852642947141
12 1.28 7.003 152.72650986980753 9.662791744166658 10.940871182576348 0.03884922301553969
12 1.28 8.002 152.29176816464093 9.921566568669586 10.970240595188097 0.020609587808243835
12 1.28 9.001 151.90380512389228 10.152496950062977 10.99265014699706 0.012989740205195896
12 1.34 0.01 167.86273774524741 5.533409331813347 8.061708765824683 0.9907301853962921
12 1.34 10.0 155.13612587746732 10.65876182476623 11.0 0.0015299694006119878
12 1.46 1.009 173.81473450535188 6.865047699046012 9.239965200695986 0.5506389872202556
12 1.46 2.008 170.94265374689047 7.89078718425636 10.031259374812503 0.29597408051838964
12 1.46 3.007 168.41153776918347 8.807413851722867 10.617057658846823 0.12881742365152696
12 1.46 4.006 166.51488990220798 9.494605107898437 10.887832243355133 0.0501589968200636
12 1.46 5.005 165.24509449816856 9.954675906481949 10.98530029399412 0.01913961720765585
12 1.46 6.004 164.14464930710014 10.35338793224521 10.999730005399892 0.006029879402411952
12 1.46 7.003 163.4622115558369 10.600647987036027 11.0 0.00248995020099598
12 1.46 8.002 163.32553908926505 10.650166996656152 11.0 0.0012899742005159896
12 1.46 9.001 163.0699130017534 10.742785144290023 11.0 4.7999040019199615E-4
12 1.52 0.01 186.01032459350847 5.525069498610034 8.049469010619788 0.9866802663946721
12 1.52 10.0 166.63885762280609 10.897802043952733 11.0 8.999820003599928E-5
12 1.58 0.5095 186.29621227574629 6.456820863582764 8.895782084358313 0.6706065878682427
12 1.58 1.5085 181.50607247853753 7.774784504310017 9.943091138177236 0.3202435951280974
12 1.58 2.5075 177.58540049202125 8.900746985060547 10.656956860862783 0.11405771884562309
12 1.58 3.5065 174.6916295673763 9.732290354194385 10.933791324173516 0.03386932261354773
12 1.58 4.5055 173.14841963155274 10.17574148517254 10.997960040799184 0.010709785804283915
12 1.58 5.5045 171.44629867398274 10.66485670286816 11.0 0.0017099658006839863
12 1.58 6.5035 171.1478250435478 10.750624987494525 11.0 7.199856002879943E-4
12 1.58 7.5025 170.40198896022218 10.964945701081026 11.0 1.499970000599988E-4
12 1.58 8.5015 170.77049619012072 10.859052818932248 11.0 1.1999760004799904E-4
12 1.58 9.5005 170.33903701925846 10.983035339289774 11.0 2.999940001199976E-5
12 1.64 1.009 188.61218935620835 7.2618547629047 9.56509869802604 0.44153116937661246
12 1.64 2.008 183.41516169676967 8.610647787044234 10.481820363592728 0.15704685906281873
12 1.64 3.007 179.83912641746753 9.541894162117607 10.904481910361794 0.04523909521809564
12 1.64 4.006 177.0215443691145 10.275639487211 10.996940061198776 0.009179816403671926
12 1.64 5.005 175.820013199719 10.588538229236644 11.0 0.00248995020099598
12 1.64 6.004 175.2864174716582 10.727495450087421 11.0 0.0010799784004319913
12 1.64 7.003 175.14514669697985 10.764284714297833 11.0 3.599928001439971E-4
12 1.64 8.002 174.5211015780316 10.926796464063289 11.0 8.999820003599928E-5
12 1.64 9.001 174.50748905022547 10.930341393166353 11.0 2.999940001199976E-5
12 1.76 0.5095 202.01572688548174 6.676496470070557 9.083458330833384 0.6022679546409072
12 1.76 1.5085 194.0760580788148 8.386887262254822 10.343133137337253 0.2023159536809264
12 1.76 2.5075 188.95303293934697 9.510299794004998 10.890592188156237 0.045599088018239635
12 1.76 3.5065 185.79730245398545 10.202345953084233 10.995140097198057 0.010289794204115918
12 1.76 4.5055 183.6447747045398 10.674391512168748 11.0 0.001739965200695986
12 1.76 5.5045 183.0733953320866 10.799694006109961 11.0 4.499910001799964E-4
12 1.76 6.5035 182.16000000008492 11.0 11.0 0.0
12 1.76 7.5025 182.53174656514548 10.918476630466627 11.0 1.1999760004799904E-4
12 1.76 8.5015 182.16000000008492 11.0 11.0 0.0
12 1.76 9.5005 182.16000000008492 11.0 11.0 0.0
12 1.82 1.009 202.47033659325933 7.677626447470981 9.87787244255115 0.34319313613727725
12 1.82 2.008 194.67263394730517 9.26165976680504 10.809623807523849 0.07184856302873943
12 1.82 3.007 190.30324473513477 10.149747005059782 10.99190016199676 0.012659746805063899
12 1.82 4.006 188.68280134400396 10.479105417891589 10.999940001199976 0.003509929801403972
12 1.82 5.005 186.4393508130525 10.93509129816658 11.0 1.1999760004799904E-4
12 1.82 6.004 186.48016139684293 10.926796464061242 11.0 1.7999640007199856E-4
12 1.82 7.003 186.12000000009215 11.0 11.0 0.0
12 1.82 8.002 186.12000000009215 11.0 11.0 0.0
12 1.82 9.001 186.12000000009215 11.0 11.0 0.0
12 1.94 0.5095 217.45359812805165 6.865472690546187 9.250434991300175 0.5529489410211795
12 1.94 1.5085 206.43122697544362 8.802973940521312 10.592578148437031 0.12545749085018298
12 1.94 2.5075 199.2240433191501 10.08084338313315 10.99070018599628 0.014429711405771884
12 1.94 3.5065 195.70407691851668 10.704950900975799 11.0 0.0011699766004679907
12 1.94 4.5055 195.30302453954408 10.77605947880856 11.0 5.399892002159956E-4
12 1.94 5.5045 194.44519769613035 10.92815643686762 11.0 1.1999760004799904E-4
12 1.94 6.5035 194.04000000003347 11.0 11.0 0.0
12 1.94 7.5025 194.04000000003347 11.0 11.0 0.0
12 1.94 8.5015 194.04000000003347 11.0 11.0 0.0
12 1.94 9.5005 194.04000000003347 11.0 11.0 0.0
12 2.0 0.5095 222.41063178736425 6.9448811023779236 9.310013799724006 0.5338393232135358
12 2.0 1.5085 210.0998080038399 8.983365332693326 10.683566328673427 0.10187796244075119
12 2.0 2.5075 202.74284514309713 10.20952580948718 10.998530029399411 0.010919781604367913
12 2.0 3.5065 199.0512989740205 10.824783504328725 11.0 6.599868002639947E-4
12 2.0 4.5055 198.40745185096299 10.93209135816493 11.0 0.0
12 2.0 5.5045 198.35108297834043 10.941486170270965 11.0 5.999880002399952E-5
12 2.0 6.5035 198.13562728745424 10.977395452088327 11.0 0.0
12 2.0 7.5025 198.0712785744285 10.988120237593865 11.0 5.999880002399952E-5
12 2.0 8.5015 198.0 11.0 11.0 0.0
12 2.0 9.5005 198.0 11.0 11.0 0.0
14 0.0 0.5095 34.23657526849463 4.89093932407062 7.78202435951281 0.5567888642227156
14 0.0 1.5085 19.203035939281214 2.7432908484688294 5.1628667426651464 0.1009179816403672
14 0.0 2.5075 14.792374152516949 2.113196307502037 4.185426291474171 0.01751964960700786
14 0.0 3.5065 13.61264774704506 1.9446639638618468 3.8881922361552768 0.00500989980200396
14 0.0 4.5055 13.109107817843643 1.8727296882601934 3.5801883962320753 0.0019499610007799844
14 0.0 5.5045 13.049919001619967 1.8642741430849927 3.633377332453351 0.0011999760004799903
14 0.0 6.5035 13.00089998200036 1.857271425996395 3.7387952240955182 0.001619967600647987
14 0.0 7.5025 13.003239935201297 1.8576057050250996 3.582768344633107 0.0012899742005159896
14 0.0 8.5015 13.0 1.8571428571391961 3.613307733845323 0.0010499790004199917
14 0.0 9.5005 13.005069898602027 1.8578671283680834 3.6580668386632267 0.001109977800443991
14 0.06 0.01 53.655945881083376 6.481426085764013 9.390952180956381 0.9912701745965081
14 0.06 10.0 23.140000000011504 1.8571428571391961 13.0 0.0
14 0.18 1.009 61.33858342833204 4.70910010371222 7.605687886242275 0.4835303293934121
14 0.18 2.008 57.97151436971193 3.932304211058803 6.960340793184137 0.24722505549889
14 0.18 3.007 55.55127077458701 3.453393789267124 7.650296994060119 0.10250794984100318
14 0.18 4.006 46.32429831402494 2.325219209901322 12.869022619547609 0.0017099658006839863
14 0.18 5.005 44.88239155216306 2.1119149045591348 13.0 2.999940001199976E-4
14 0.18 6.004 44.648597828057916 2.07118429060167 13.0 2.999940001199976E-5
14 0.18 7.003 44.07333833321181 1.9709648664159205 13.0 2.999940001199976E-5
14 0.18 8.002 43.419999999992726 1.8571428571391961 13.0 0.0
14 0.18 9.001 43.419999999992726 1.8571428571391961 13.0 0.0
14 0.24 0.01 78.38234355312835 6.454088061095884 9.35162296754065 0.993190136197276
14 0.24 10.0 53.56000000003883 1.8571428571391961 13.0 0.0
14 0.36 1.009 90.5980092398147 5.297731188233377 8.207085858282834 0.5759584808303834
14 0.36 2.008 88.56959140817287 4.777725874054098 7.77122457550849 0.3094438111237775
14 0.36 3.007 86.72403911921819 4.388487944526719 8.15407691846163 0.1386872262554749
14 0.36 4.006 77.73232615347624 2.724215515689789 12.99310013799724 0.006419871602567948
14 0.36 5.005 75.8825127497201 2.313060881638711 13.0 0.001109977800443991
14 0.36 6.004 75.14140757184548 2.1476356187164436 13.0 1.7999640007199856E-4
14 0.36 7.003 74.67610487792271 2.043773410247214 13.0 1.1999760004799904E-4
14 0.36 8.002 73.9385132297342 1.8791324173482358 13.0 2.999940001199976E-5
14 0.36 9.001 73.88033839324139 1.86614696277154 13.0 0.0
14 0.42 0.01 103.35329453410988 6.477693303276801 9.379852402951942 0.995320093598128
14 0.42 10.0 83.97999999998355 1.8571428571391961 13.0 0.0
14 0.48 0.5095 110.06721785566519 5.982857485707424 8.889542209155817 0.7949541009179817
14 0.48 1.5085 107.9701961961028 5.360717071372824 8.289704205915882 0.46646067078658426
14 0.48 2.5075 106.43966280675151 4.963790724185518 8.153086938261234 0.23612527749445011
14 0.48 3.5065 104.61452330952208 4.541039179216506 8.881532369352612 0.09848803023939522
14 0.48 4.5055 98.49106377872651 3.0316022250984913 12.364972700545989 0.013619727605447891
14 0.48 5.5045 96.32863502734703 2.4639107217852585 13.0 0.0024299514009719805
14 0.48 6.5035 95.85671326577233 2.3342618861896116 13.0 0.001499970000599988
14 0.48 7.5025 94.36627227461956 1.9248000754258632 13.0 2.999940001199976E-5
14 0.48 8.5015 94.76871302574901 2.035360721356594 13.0 5.999880002399952E-5
14 0.48 9.5005 94.60710025800796 1.9909616093392686 13.0 5.999880002399952E-5
14 0.54 1.009 117.75240235195318 5.760107654989764 8.679696406071878 0.6296874062518749
14 0.54 2.008 116.2922667546491 5.328549143302879 8.331793364132718 0.3456230875382492
14 0.54 3.007 115.23414531706953 5.049117589076736 8.146007079858403 0.18140637187256256
14 0.54 4.006 111.72955240893245 4.090508189836374 10.563658726825464 0.052408951820963584
14 0.54 5.005 107.68905201894817 2.9220658443972027 13.0 0.009329813403731926
14 0.54 6.004 106.36172556552754 2.509852660088902 13.0 0.002849943001139977
14 0.54 7.003 105.4280500390347 2.2198913164589396 13.0 6.29987400251995E-4
14 0.54 8.002 105.22738825229429 2.157573991376722 13.0 4.7999040019199615E-4
14 0.54 9.001 104.38839263214324 1.8970163453851507 13.0 0.0
14 0.66 0.5095 135.77735525289702 6.249556437442679 9.152996940061199 0.8221635567288654
14 0.66 1.5085 134.6232813343841 5.843175993623054 8.742695146097079 0.5129597408051839
14 0.66 2.5075 133.74305453892126 5.53987777387303 8.497720045599088 0.30071398572028557
14 0.66 3.5065 132.94121857564068 5.258136265846109 8.361642767144657 0.1482270354592908
14 0.66 4.5055 132.2540037199369 5.007808415260209 8.612437751244975 0.07673846523069539
14 0.66 5.5045 130.73180536389245 4.428460002228608 9.658006839863203 0.026849463010739785
14 0.66 6.5035 127.34836083276689 3.0371264003293783 13.0 0.011429771404571909
14 0.66 7.5025 126.26333713325211 2.5812340896041213 13.0 0.004139917201655967
14 0.66 8.5015 125.7737775244645 2.375536774978253 13.0 0.002009959800803984
14 0.66 9.5005 125.42059938802429 2.227142600005251 13.0 8.399832003359933E-4
14 0.72 1.009 143.72771824563748 6.173576528469435 9.0779984400312 0.6815863682726345
14 0.72 2.008 142.90240475190984 5.854721476999008 8.778184436311275 0.4314513709725806
14 0.72 3.007 142.28124437512096 5.596220932724208 8.563478730425391 0.2602447951040979
14 0.72 4.006 141.6926753465005 5.350800126854519 8.421041579168417 0.14591708165836684
14 0.72 5.005 141.0482966340723 5.060341650309957 8.60034799304014 0.07610847783044339
14 0.72 6.004 140.21503209935287 4.656828292005592 9.57259854802904 0.04112917741645167
14 0.72 7.003 138.78632147356723 3.943939692634708 10.799454010919781 0.019169616607667847
14 0.72 8.002 136.6577404451895 2.8661941046893697 13.0 0.008189836203275935
14 0.72 9.001 136.38689626206448 2.728008296977063 13.0 0.006389872202555949
14 0.84 0.5095 160.7918521629557 6.518719625607518 9.411231775364493 0.8491030179396412
14 0.84 1.5085 160.28159596807924 6.350632987340183 9.247705045899082 0.626957460850783
14 0.84 2.5075 159.93909761804204 6.167970926295776 9.098818023639527 0.4702105957880842
14 0.84 3.5065 159.65012659746318 5.968774910216091 8.883392332153356 0.3391132177356453
14 0.84 4.5055 159.39799244014262 5.778754424911557 8.736035279294414 0.2367852642947141
14 0.84 5.5045 159.2080590388125 5.626563183021969 8.60637787244255 0.1736065278694426
14 0.84 6.5035 159.04480470390124 5.4903401931961024 8.401001979960402 0.12785744285114298
14 0.84 7.5025 158.84408351832317 5.319472181984861 8.343463130737385 0.08489830203395932
14 0.84 8.5015 158.63226495469345 5.1332059073103276 8.659656806863863 0.0622787544249115
14 0.84 9.5005 158.23915401691215 4.7835414720275375 9.770954580908382 0.04802903941921161
14 0.9 0.01 169.58636527269397 6.5131611653480705 9.412491750164996 0.995980080398392
14 0.9 10.0 167.6469040619154 5.494998671455137 8.575868482630348 0.124437511249775
14 1.08 1.009 192.79892962140676 7.022949541009168 9.884892302153958 0.7965440691186176
14 1.08 2.008 192.53583248335804 7.255209181530663 10.092458150836983 0.7326153476930461
14 1.08 3.007 192.38985660288222 7.462247897899175 10.279174416511669 0.6925361492770145
14 1.08 4.006 192.2589320213766 7.683313476587627 10.48035039299214 0.6463070738585228
14 1.08 5.005 192.14376792465305 7.886417985925997 10.653416931661367 0.5968080638387232
14 1.08 6.004 192.02273594528265 8.102315096555197 10.825703485930282 0.5482990340193196
14 1.08 7.003 191.9040571188488 8.31418371632577 11.003539929201416 0.5047099058018839
14 1.08 8.002 191.78466190674484 8.527389452211027 11.17927641447171 0.45737085258294835
14 1.08 9.001 191.63087538247666 8.802008245549713 11.389932201355974 0.39728205435891284
14 1.14 0.01 202.67940661186879 6.502442808286688 9.403281934361313 0.994810103797924
14 1.14 10.0 197.23320453591538 10.455913738870011 12.495590088198236 0.12014759704805904
14 1.26 1.009 215.77917021657186 7.483963177879317 10.31715365692686 0.7000059998800024
14 1.26 2.008 214.42083758325086 8.189759061961613 10.901271974560508 0.5298494030119397
14 1.26 3.007 213.09815743687363 8.913370304022893 11.463490730185397 0.375352492950141
14 1.26 4.006 211.82750044999918 9.611263489018267 11.970120597588048 0.24089518209635807
14 1.26 5.005 210.67613427730225 10.243882265214507 12.362242755144898 0.14450710985780285
14 1.26 6.004 209.76604847900555 10.743929407127672 12.656116877662447 0.0874782504349913
14 1.26 7.003 209.0185348292693 11.15465119269028 12.817753644927102 0.05231895362092758
14 1.26 8.002 208.29361732762922 11.55295751227775 12.941741165176696 0.028019439611207776
14 1.26 9.001 207.78222055560454 11.833944749675577 12.977710445791084 0.01652966940661187
14 1.32 0.01 227.31547009059392 6.534975014785437 9.425841483170336 0.99190016199676
14 1.32 10.0 212.11352252952494 12.556463156448473 13.0 0.002009959800803984
14 1.38 0.5095 232.0948737025097 7.257360567074389 10.096268074638507 0.7629447411051778
14 1.38 1.5085 228.9800827983536 8.34113174879369 11.015539689206216 0.4934301313973721
14 1.38 2.5075 226.20592188157795 9.38123237535408 11.803803923921521 0.28298434031319375
14 1.38 3.5065 223.72188876221634 10.31507941269993 12.409311813763725 0.1354172916541669
14 1.38 4.5055 221.88532849341303 11.005515603974162 12.772994540109197 0.06458870822583548
14 1.38 5.5045 220.3913199735868 11.567172942254308 12.940181196376072 0.028259434811303774
14 1.38 6.5035 219.39960820788352 11.939996914348894 12.9947501049979 0.011849763004739906
14 1.38 7.5025 218.90819823609124 12.124737505254561 12.9940001199976 0.005999880002399952
14 1.38 8.5015 218.18132597352576 12.397997754332293 13.0 0.002579948401031979
14 1.38 9.5005 217.4742437150623 12.663818152199779 13.0 6.899862002759944E-4
14 1.44 1.009 237.44947981040025 8.006445585374028 10.77407451850963 0.5770684586308273
14 1.44 2.008 233.70300233996844 9.213437159829398 11.689866202675946 0.3160136797264055
14 1.44 3.007 230.41012419750112 10.282427208601195 12.410271794564109 0.1391372172556549
14 1.44 4.006 227.86112317752446 11.110024942358889 12.814093718125637 0.056578868422631545
14 1.44 5.005 225.79799124018106 11.779872973968608 12.978070438591228 0.01859962800743985
14 1.44 6.004 224.56315593690456 12.180793526988165 12.99835003299934 0.007079858402831944
14 1.44 7.003 223.88005639890034 12.402579091273482 13.0 0.0033299334013319735
14 1.44 8.002 223.02986140276937 12.678616427668066 13.0 7.799844003119938E-4
14 1.44 9.001 223.42727905439196 12.549584722600207 13.0 0.001109977800443991
14 1.56 0.5095 254.5766976660582 7.525208067267237 10.342833143337133 0.6998560028799424
14 1.56 1.5085 248.3252510949619 9.080484104604352 11.591288174236515 0.34091318173636526
14 1.56 2.5075 243.09149097019673 10.415435976996596 12.47705045899082 0.12068758624827504
14 1.56 3.5065 239.46652666946548 11.340171767993143 12.894882102357952 0.04007919841603168
14 1.56 4.5055 236.36801343970578 12.130608816397901 12.995410091798163 0.008909821803563929
14 1.56 5.5045 234.94770264596497 12.49293299848052 13.0 0.00248995020099598
14 1.56 6.5035 233.96262074751934 12.744229401117742 13.0 5.699886002279955E-4
14 1.56 7.5025 233.7983872321551 12.786125706034817 13.0 2.0999580008399833E-4
14 1.56 8.5015 233.29511969752423 12.91451028120604 13.0 2.999940001199976E-5
14 1.56 9.5005 232.9599999999659 13.0 13.0 0.0
14 1.62 1.009 257.97779924400004 8.496035793569973 11.153146937061258 0.4640007199856003
14 1.62 2.008 251.0100065998711 10.099088018242607 12.282594348113038 0.16850662986740264
14 1.62 3.007 245.85365752687366 11.287175685058441 12.875982480350393 0.04490910181796364
14 1.62 4.006 242.97670426585756 11.950068141497411 12.990160196796063 0.01133977320453591
14 1.62 5.005 240.42881562372204 12.53713925721421 13.0 0.0015299694006119878
14 1.62 6.004 240.29703725932376 12.56750293565045 13.0 0.0011999760004799903
14 1.62 7.003 238.53688006235757 12.973069110038532 13.0 0.0
14 1.62 8.002 239.2689986200971 12.804378198130696 13.0 5.999880002399952E-5
14 1.62 9.001 238.41999999993777 13.0 13.0 0.0
14 1.74 0.5095 276.53388912223664 7.77004602765089 10.541459170816584 0.6365872682546349
14 1.74 1.5085 266.12390892181213 9.75989337356382 12.064738705225896 0.21881562368752625
14 1.74 2.5075 258.5479984400652 11.222394123545978 12.842623147537049 0.04754904901901962
14 1.74 3.5065 254.00310553785675 12.09978657570173 12.997780044399112 0.008399832003359933
14 1.74 4.5055 252.02505849874183 12.481648938449512 13.0 0.0020999580008399833
14 1.74 5.5045 249.9151682965611 12.888963649286321 13.0 1.1999760004799904E-4
14 1.74 6.5035 249.33999999989783 13.0 13.0 0.0
14 1.74 7.5025 249.97148857029705 12.878091009581563 13.0 0.0
14 1.74 8.5015 249.33999999989783 13.0 13.0 0.0
14 1.74 9.5005 249.59056638864573 12.95162811028086 13.0 0.0
14 1.8 0.01 293.30686386272373 6.543259134817229 9.447081058378833 0.9863202735945281
14 1.8 10.0 254.79999999987933 13.0 13.0 0.0
14 1.92 0.5095 297.7803191936043 8.030946523926687 10.771404571908562 0.5764084718305634
14 1.92 1.5085 282.8749061018574 10.33619470467954 12.455510889782204 0.12947741045179095
14 1.92 2.5075 273.1518137637756 11.845991651595057 12.986620267594649 0.01502969940601188
14 1.92 3.5065 269.10046319079225 12.475083355477677 13.0 0.0020699586008279835
14 1.92 4.5055 268.09446331082427 12.631294516961049 13.0 5.999880002399952E-4
14 1.92 5.5045 266.2961108777195 12.910541789150011 13.0 0.0
14 1.92 6.5035 265.8624959500247 12.977873299670424 13.0 2.999940001199976E-5
14 1.92 7.5025 266.5575880481316 12.869939744024409 13.0 2.999940001199976E-5
14 1.92 8.5015 265.7199999999548 13.0 13.0 0.0
14 1.92 9.5005 265.7199999999548 13.0 13.0 0.0
16 0.04 0.01 66.87426531469546 7.451663466730666 10.70657586848263 0.9912101757964841
16 0.04 10.0 24.0 1.875 15.0 0.0
16 0.16 1.009 75.12256194876059 5.212631997360053 8.404871902561949 0.4543109137817244
16 0.16 2.008 70.36041159176835 4.278758174836503 7.530419391612168 0.2271254574908502
16 0.16 3.007 66.81933521329712 3.668870372592548 8.660856782864343 0.09242815143697126
16 0.16 4.006 53.955803683946414 2.300882732345353 14.945431091378172 5.999880002399952E-4
16 0.16 5.005 52.613095338078594 2.115043949121018 15.0 8.999820003599928E-5
16 0.16 6.004 51.840000000026485 2.0 15.0 0.0
16 0.16 7.003 51.419974800501 1.9374962500749986 15.0 0.0
16 0.16 8.002 51.840000000026485 2.0 15.0 0.0
16 0.16 9.001 51.0 1.875 15.0 0.0
16 0.22 0.01 99.65627347452616 7.4698843523129534 10.729165416691666 0.9933701325973481
16 0.22 10.0 64.5 1.875 15.0 0.0
16 0.28 0.5095 105.10714825703249 6.426842713145737 9.688216235675286 0.7214855702885943
16 0.28 1.5085 99.62807463850868 5.2669984100318 8.504439911201777 0.3926321473570529
16 0.28 2.5075 97.00931541369295 4.733909071818563 8.437871242575149 0.19160616787664247
16 0.28 3.5065 84.05238375230248 2.9173816523669527 14.959470810583788 0.006419871602567948
16 0.28 4.5055 80.27802003958404 2.2704895902081956 15.0 4.499910001799964E-4
16 0.28 5.5045 79.47736725261653 2.131487370252595 15.0 1.7999640007199856E-4
16 0.28 6.5035 78.45663646725765 1.954277164456711 15.0 2.999940001199976E-5
16 0.28 7.5025 78.29574128520832 1.9263439731205376 15.0 0.0
16 0.28 8.5015 78.3519217615725 1.936097528049439 15.0 2.999940001199976E-5
16 0.28 9.5005 78.0 1.875 15.0 0.0
16 0.34 1.009 114.24157856842332 5.908884322313554 9.138807223855522 0.5625787484250315
16 0.34 2.008 111.3504619907632 5.254406161876762 8.490340193196136 0.2994840103197936
16 0.34 3.007 106.30940061199861 4.403908171836563 10.549289014219715 0.10445791084178316
16 0.34 4.006 95.99825223494938 2.7269417111657765 15.0 0.0037799244015119695
16 0.34 5.005 94.69375532489973 2.479877902441951 15.0 0.0014699706005879883
16 0.34 6.004 92.97287274257826 2.1539531709365813 15.0 3.899922001559969E-4
16 0.34 7.003 92.18164096720407 2.0040986680266393 15.0 5.999880002399952E-5
16 0.34 8.002 92.99130617382889 2.1574443511129777 15.0 8.999820003599928E-5
16 0.34 9.001 91.5 1.875 15.0 0.0
16 0.46 0.5095 140.5163280734371 6.774678256434871 10.023429531409372 0.7844843103137937
16 0.46 1.5085 137.31655486891887 5.940781184376313 9.16472670546589 0.4404811903761925
16 0.46 2.5075 135.27103917922722 5.471035579288414 8.92155156896862 0.22313553728925423
16 0.46 3.5065 126.52727425451732 3.702777194456111 14.440571188576229 0.028409431811363774
16 0.46 4.5055 122.91147957037533 2.8961758264834705 15.0 0.006329873402531949
16 0.46 5.5045 121.45635987285681 2.559342563148737 15.0 0.0019499610007799844
16 0.46 6.5035 120.31922361560969 2.2961165776684465 15.0 5.099898002039959E-4
16 0.46 7.5025 118.8844507110123 1.9639932201355972 15.0 5.999880002399952E-5
16 0.46 8.5015 119.61325793486597 2.1326985960280793 15.0 2.0999580008399833E-4
16 0.46 9.5005 119.09762224758578 2.0133384832303354 15.0 5.999880002399952E-5
16 0.52 1.009 150.5134373312426 6.4466573168536625 9.688336233275335 0.624857502849943
16 0.52 2.008 148.45374572506265 5.895557088858223 9.147447051058979 0.3496130077398452
16 0.52 3.007 146.79649247014 5.497731295374092 9.04604907901842 0.17003659926801465
16 0.52 4.006 138.16812983739834 3.4797766544669106 14.9932501349973 0.019109617807643847
16 0.52 5.005 135.8161252774588 2.868782624347513 15.0 0.00629987400251995
16 0.52 6.004 134.49885402287717 2.5257432351352973 15.0 0.0018599628007439852
16 0.52 7.003 133.21334853299828 2.1909761804763903 15.0 3.899922001559969E-4
16 0.52 8.002 133.15563448730845 2.175946481070379 15.0 2.699946001079978E-4
16 0.52 9.001 132.92855102894478 2.1168101637967243 15.0 2.0999580008399833E-4
16 0.64 0.5095 174.72252114957968 7.086387022259554 10.347093058138837 0.8248335033299334
16 0.64 1.5085 173.01846163076576 6.515445941081178 9.781034379312414 0.5134997300054
16 0.64 2.5075 171.6990736185225 6.102564198716026 9.375142497150057 0.27962440751184975
16 0.64 3.5065 170.71517609647458 5.802138957220856 9.109227815443692 0.14570708585828285
16 0.64 4.5055 168.0478454430904 4.9504409911801766 11.139497210055799 0.05378892422151557
16 0.64 5.5045 163.30947261055147 3.3710513289734205 14.96565068698626 0.01646967060658787
16 0.64 6.5035 162.2441255174706 3.001432471350573 15.0 0.007109857802843943
16 0.64 7.5025 161.60001559968615 2.7777831943361133 15.0 0.003839923201535969
16 0.64 8.5015 160.47784244314116 2.3881397372052557 15.0 0.0012899742005159896
16 0.64 9.5005 159.64085918281538 2.0975205495890084 15.0 2.699946001079978E-4
16 0.7 0.01 186.72766244675128 7.487280254394912 10.757844843103138 0.996880062398752
16 0.7 10.0 173.83362932740656 2.4306788864222715 15.0 0.0011699766004679907
16 0.82 0.5095 207.96939881201052 7.375063748725026 10.62614747705046 0.8639827203455931
16 0.82 1.5085 207.31472250553477 7.09639932201356 10.336353272934542 0.6394672106557869
16 0.82 2.5075 206.81830143395896 6.83319958600828 10.08507829843403 0.46121077578448433
16 0.82 3.5065 206.3589818203659 6.562470000599988 9.790244195116097 0.31535369292614146
16 0.82 4.5055 205.9833131337518 6.334080818383632 9.570678586428272 0.21782564348713027
16 0.82 5.5045 205.66745365094758 6.134618557628848 9.427071458570829 0.14468710625787484
16 0.82 6.5035 205.3674632507541 5.936712515749685 9.310013799724006 0.09542809143817124
16 0.82 7.5025 205.00084178318872 5.6884862302753945 9.680926381472371 0.06494870102597948
16 0.82 8.5015 204.58481370375043 5.403660676786465 9.896712065758685 0.04286914261714766
16 0.82 9.5005 202.59164276712815 4.021547069058619 14.26627467450651 0.030959380812383752
16 1.06 1.009 250.74630047399572 7.9409311813763725 11.152306953860922 0.8442431151376972
16 1.06 2.008 250.51769364612832 8.15769934601308 11.362332753344933 0.7951940961180777
16 1.06 3.007 250.3985426291431 8.35432291354173 11.553038939221215 0.755144897102058
16 1.06 4.006 250.31127977439525 8.524262014759705 11.70597588048239 0.7199256014879702
16 1.06 5.005 250.209713805713 8.731021629567408 11.870162596748065 0.6836863262734745
16 1.06 6.004 250.12361072777227 8.909409311813764 12.03554928901422 0.6439971200575988
16 1.06 7.003 250.0230575388365 9.118696376072478 12.209455810883782 0.6037379252414952
16 1.06 8.002 249.93331553368034 9.305592638147237 12.356962860742785 0.5605087898242035
16 1.06 9.001 249.8400389992154 9.499985000299993 12.550188996220076 0.5242395152096958
16 1.12 0.01 262.7096190076326 7.521978310433791 10.779294414111718 0.995620087598248
16 1.12 10.0 257.7516841663059 11.508662326753464 14.030329393412131 0.17849643007139857
16 1.18 0.5095 271.9750956980911 7.97912416751665 11.202405951880962 0.8509329813403732
16 1.18 1.5085 270.8425679486287 8.601412971740565 11.77077458450831 0.7115857682846343
16 1.18 2.5075 269.94938201235294 9.203932171356573 12.272844543109137 0.5866682666346673
16 1.18 3.5065 269.05737325253796 9.821563568728626 12.816253674926502 0.46178076438471233
16 1.18 4.5055 268.26776504471735 10.369607607847843 13.211165776684465 0.35735285294294117
16 1.18 5.5045 267.41810823784857 10.95964705705886 13.658456830863383 0.2582648347033059
16 1.18 6.5035 266.69521389570986 11.461657016859663 13.987460250794983 0.1889362212755745
16 1.18 7.5025 266.01484910300184 11.934132567348653 14.294684106317874 0.12995740085198296
16 1.18 8.5015 265.5064330713142 12.28719925601488 14.499340013199737 0.09656806863862723
16 1.18 9.5005 264.8353560928752 12.75322493550129 14.722295554088918 0.05990880182396352
16 1.24 1.009 281.35130017398006 8.494367612647746 11.667996640067198 0.7358252834943301
16 1.24 2.008 279.73059458809195 9.309132567348653 12.385012299754004 0.5629387412251755
16 1.24 3.007 278.19785204297574 10.10532414351713 13.02384952300954 0.40565188696226073
16 1.24 4.006 276.79290574190406 10.837028259434812 13.576378472430552 0.2761444771104578
16 1.24 5.005 275.5078754424797 11.506314873702525 14.027629447411051 0.18122637547249054
16 1.24 6.004 274.3912425751206 12.087894492110157 14.380482390352192 0.11651766964660706
16 1.24 7.003 273.3588552228951 12.62559623807524 14.685066298674027 0.06821863562728746
16 1.24 8.002 272.5135417291765 13.065863682726345 14.843883122337553 0.039509209815803685
16 1.24 9.001 271.8393688126346 13.416995410091799 14.929441411171776 0.022649547009059818
16 1.36 0.5095 302.75838603227777 8.272330803383932 11.470720585588289 0.7939641207175856
16 1.36 1.5085 298.9603599928027 9.52945191096178 12.542419151616969 0.5237295254094918
16 1.36 2.5075 295.5852066958704 10.69962350752985 13.454580908381832 0.30398392032159355
16 1.36 3.5065 292.75327293453387 11.682891342173157 14.148227035459291 0.15965680686386272
16 1.36 4.5055 290.3260862782704 12.525664486710266 14.632417351652967 0.0737985240295194
16 1.36 5.5045 288.57410211796196 13.133992320153597 14.877782444351112 0.03557928841423171
16 1.36 6.5035 287.1085822283598 13.64285339293214 14.975910481790365 0.015899682006359873
16 1.36 7.5025 285.8400287994327 14.083323333533329 15.0 0.00500989980200396
16 1.36 8.5015 284.69911801751357 14.479472910541789 14.999760004799905 0.0017099658006839863
16 1.36 9.5005 284.39581688361903 14.584785804283914 15.0 0.0010499790004199917
16 1.42 1.009 310.31050998985114 9.081035879282414 12.175736485270294 0.6119577608447831
16 1.42 2.008 305.4617627646764 10.517395902081958 13.338243235135296 0.3332633347333053
16 1.42 3.007 301.46295674092477 11.707453350932981 14.161786764264715 0.15536689266214676
16 1.42 4.006 298.4096346073424 12.616180176396472 14.653476930461391 0.06686866262674747
16 1.42 5.005 295.9338723225235 13.353014189716205 14.939491210175797 0.0249895002099958
16 1.42 6.004 294.0287022258875 13.920029099418011 14.9910001799964 0.009719805603887922
16 1.42 7.003 292.9385468290108 14.244480110397792 15.0 0.003119937601247975
16 1.42 8.002 291.6396892063673 14.631044879102419 15.0 8.999820003599928E-4
16 1.42 9.001 291.54955060910646 14.657871842563148 15.0 5.099898002039959E-4
16 1.54 0.5095 332.5850134997206 8.592784394312114 11.746985060298794 0.7228355432891342
16 1.54 1.5085 324.6518527629682 10.404770654586908 13.228565428691427 0.3513229735405292
16 1.54 2.5075 318.03602627944434 11.936105027899442 14.271914561708765 0.13142737145257094
16 1.54 3.5065 313.61879582409546 12.958612077758445 14.820093598128038 0.044699106017879645
16 1.54 4.5055 309.6749523010055 13.871538819223616 14.989110217795645 0.009839803203935921
16 1.54 5.5045 308.1224563509352 14.230912881742364 14.996070078598429 0.0030899382012359753
16 1.54 6.5035 306.4766178676401 14.611894012119757 15.0 6.29987400251995E-4
16 1.54 7.5025 305.70078298435516 14.791485420291593 15.0 2.699946001079978E-4
16 1.54 8.5015 306.14972460554844 14.687563748725026 15.0 2.3999520009599807E-4
16 1.54 9.5005 304.8139155217119 14.996778814423712 15.0 2.999940001199976E-5
16 1.6 0.01 349.42126357473086 7.534356812863742 10.780464390712186 0.9907301853962921
16 1.6 10.0 312.0 15.0 15.0 0.0
16 1.72 0.5095 361.48985660287286 8.919226615467691 12.041039179216416 0.6521269574608508
16 1.72 1.5085 347.99218095638355 11.251357472850543 13.86977260454791 0.21518569628607429
16 1.72 2.5075 338.7577608447902 12.854555408891823 14.779594408111837 0.05114897702045959
16 1.72 3.5065 332.4146805064055 13.955784634307314 14.992980140397192 0.007349853002939942
16 1.72 4.5055 329.0065062697617 14.547481550368992 15.0 8.69982600347993E-4
16 1.72 5.5045 329.37639887197895 14.483264084718305 15.0 0.001139977200455991
16 1.72 6.5035 326.62848023043824 14.960333293334134 15.0 5.999880002399952E-5
16 1.72 7.5025 326.40000000020353 15.0 15.0 0.0
16 1.72 8.5015 326.40000000020353 15.0 15.0 0.0
16 1.72 9.5005 326.40000000020353 15.0 15.0 0.0
16 1.9 1.009 378.88482330353526 10.710528289434212 13.474320513589728 0.3017939641207176
16 1.9 2.008 363.19413511730176 12.889703455930881 14.784634307313853 0.051688966220675585
16 1.9 3.007 355.21028679423864 13.99857127857443 14.993880122397552 0.006869862602747945
16 1.9 4.006 350.11589368218614 14.70612587748245 15.0 2.999940001199976E-4
16 1.9 5.005 348.95434991313783 14.86745140097198 15.0 1.1999760004799904E-4
16 1.9 6.004 349.31916661674836 14.816782414351714 15.0 0.0
16 1.9 7.003 348.63086938272903 14.912379252414953 15.0 5.999880002399952E-5
16 1.9 8.002 348.0 15.0 15.0 0.0
16 1.9 9.001 348.0 15.0 15.0 0.0
18 0.02 0.01 80.89368092639039 8.475963814056895 12.06782864342713 0.9909401811963761
18 0.02 10.0 23.079999999990278 1.8888888888904165 16.0 0.0
18 0.08 0.5095 79.87971800564033 6.631490703519291 10.203215935681285 0.6088978220435591
18 0.08 1.5085 64.13417891642182 4.465930681386297 7.82747345053099 0.23048539029219417
18 0.08 2.5075 58.92081118377651 3.633727325453702 7.154676906461871 0.10241795164096718
18 0.08 3.5065 54.019923201535406 2.9733172003231676 9.305453890922182 0.02873942521149577
18 0.08 4.5055 43.21090898182522 2.092334819969027 15.781784364312713 2.0999580008399833E-4
18 0.08 5.5045 40.12000000002077 1.8888888888904165 17.0 0.0
18 0.08 6.5035 40.12000000002077 1.8888888888904165 17.0 0.0
18 0.08 7.5025 40.12000000002077 1.8888888888904165 17.0 0.0
18 0.08 8.5015 40.12000000002077 1.8888888888904165 17.0 0.0
18 0.08 9.5005 40.12000000002077 1.8888888888904165 17.0 0.0
18 0.14 1.009 88.71284034319274 5.700109331146687 9.188666226675467 0.41933161336773267
18 0.14 2.008 81.77917681646359 4.5402025292828005 8.075088498230036 0.20609587808243834
18 0.14 3.007 77.61765104697963 3.8837023259536227 9.022889542209155 0.08705825883482331
18 0.14 4.006 58.84262014759105 2.0675219828926927 17.0 5.999880002399952E-5
18 0.14 5.005 59.24694966098828 2.119760938112828 17.0 1.7999640007199856E-4
18 0.14 6.004 57.45999999997545 1.8888888888904165 17.0 0.0
18 0.14 7.003 57.45999999997545 1.8888888888904165 17.0 0.0
18 0.14 8.002 58.320000000017856 2.0 17.0 0.0
18 0.14 9.001 57.45999999997545 1.8888888888904165 17.0 0.0
18 0.26 0.5095 127.97383032339768 7.146380405725199 10.726705465890682 0.6987460250794985
18 0.26 1.5085 120.18044159116623 5.747161723432235 9.254154916901662 0.36560268794624107
18 0.26 2.5075 117.01124677506355 5.148873689192762 8.828463430731386 0.19457610847783044
18 0.26 3.5065 98.9909947800993 2.9117684312987855 16.969910601787966 0.005129897402051959
18 0.26 4.5055 95.6497054058938 2.415871682563977 17.0 4.1999160016799666E-4
18 0.26 5.5045 93.37365152691522 2.07412185089554 17.0 5.999880002399952E-5
18 0.26 6.5035 94.07220495593882 2.179009753135832 17.0 2.999940001199976E-5
18 0.26 7.5025 92.14000000001053 1.8888888888904165 17.0 0.0
18 0.26 8.5015 92.14000000001053 1.8888888888904165 17.0 0.0
18 0.26 9.5005 92.14000000001053 1.8888888888904165 17.0 0.0
18 0.32 1.009 139.21720765584675 6.503136603934581 10.081808363832723 0.5367492650146997
18 0.32 2.008 134.95150536989152 5.66390338859898 9.327113457730846 0.28109437811243776
18 0.32 3.007 129.74175916481684 4.883045672419491 11.292254154916902 0.09881802363952721
18 0.32 4.006 115.64261234776279 2.894992100157958 16.99817003659927 0.0035699286014279717
18 0.32 5.005 112.6870402591976 2.4129150750303134 17.0 7.49985000299994E-4
18 0.32 6.004 111.25817123655676 2.179439744536217 17.0 2.999940001199976E-5
18 0.32 8.002 110.16000000004301 2.0 17.0 2.999940001199976E-5
18 0.32 9.001 109.47999999998305 1.8888888888904165 17.0 0.0
18 0.44 0.5095 173.5203791924166 7.5611287774244875 11.166766664666707 0.7733545329093419
18 0.44 1.5085 168.72563268734507 6.482910341793115 10.028739425211496 0.43151136977260457
18 0.44 2.5075 166.20594228114325 5.965780684386334 9.552228955420892 0.21359572808543828
18 0.44 3.5065 155.23217855643406 4.049382345686359 16.216265674686507 0.02978940421191576
18 0.44 4.5055 149.0590172196396 2.860916115010756 17.0 0.003869922601547969
18 0.44 5.5045 148.07561528768096 2.6657966840672187 17.0 0.001769964600707986
18 0.44 6.5035 146.59954640902077 2.3729258748141278 17.0 5.699886002279955E-4
18 0.44 7.5025 146.02024359513007 2.2579848402999647 17.0 1.1999760004799904E-4
18 0.44 8.5015 144.84131037390026 2.0240695186093847 17.0 8.999820003599928E-5
18 0.44 9.5005 144.27062578754675 1.9108384498989661 17.0 2.999940001199976E-5
18 0.5 0.01 191.5472640547189 8.47728378765742 12.074848503029939 0.99505009899802
18 0.62 0.5095 217.38935621287953 7.908341833163334 11.506869862602748 0.8250734985300294
18 0.62 1.5085 214.76308753823295 7.1102977940440875 10.662266754664907 0.5077398452030959
18 0.62 2.5075 213.03866562667363 6.630347393052183 10.23387532249355 0.28082438351232974
18 0.62 3.5065 211.57065458691773 6.243448464363937 9.965590688186236 0.13340733185336293
18 0.62 4.5055 206.97288594227766 4.9897802043960775 13.72712545749085 0.04619907601847963
18 0.62 5.5045 201.4279306414046 3.423371532568567 17.0 0.012929741405171896
18 0.62 6.5035 200.55975820488135 3.1695199429341456 17.0 0.006899862002759945
18 0.62 7.5025 198.81059998802058 2.6580701719299795 17.0 0.001979960400791984
18 0.62 8.5015 198.0050920982218 2.4225415491678497 17.0 6.599868002639947E-4
18 0.62 9.5005 197.88015059709505 2.3860089464863026 17.0 5.399892002159956E-4
18 0.8 1.009 259.6280794384089 8.030426058145418 11.6177476450471 0.7574248515029699
18 0.8 2.008 258.767762644747 7.618390965514002 11.202135957280854 0.5366292674146517
18 0.8 3.007 258.0506509869784 7.271301240641878 10.810193796124077 0.3642227155456891
18 0.8 4.006 257.4526849462985 6.970390592188256 10.558948821023579 0.24173516529669406
18 0.8 5.005 256.94408111838106 6.708325833483394 10.279054418911622 0.1513469730605388
18 0.8 6.004 256.5223435531302 6.493320133597379 10.046889062218755 0.09662806743865122
18 0.8 8.002 255.8753044939103 6.1464804037251275 9.552858942821144 0.036989260214795705
18 0.8 9.001 252.19392812143585 4.107391185509868 16.92155156896862 0.02885942281154377
18 0.98 0.01 302.1280830383519 8.510793117470815 12.096658066838664 0.9980500389992201
18 1.04 1.009 315.17301133978265 8.855759551475183 12.394012119757605 0.8834523309533809
18 1.04 2.008 315.0250506989855 9.019766271340465 12.56917861642767 0.8444531109377812
18 1.04 3.007 314.9524809503764 9.157736845262079 12.684556308873823 0.8164036719265615
18 1.04 4.006 314.89087298252764 9.31171043245649 12.839593208135838 0.7938441231175376
18 1.04 5.005 314.83680806382034 9.455217562313504 12.970570588588227 0.7662746745065099
18 1.04 6.004 314.7845251094758 9.59906135210387 13.089188216235675 0.741465170696586
18 1.04 8.002 314.67771644565136 9.895492090155203 13.370042599148016 0.6838063238735226
18 1.04 9.001 314.6181616367571 10.060662120087903 13.497330053398931 0.6587268254634907
18 1.16 0.5095 342.25280854383067 8.962620747584515 12.513229735405291 0.880422391552169
18 1.16 1.5085 341.15398572027425 9.602347953038564 13.115917681646367 0.75232495350093
18 1.16 2.5075 340.2338093238137 10.228092104821677 13.664816703665927 0.628637427251455
18 1.16 3.5065 339.37928481430936 10.820110264460103 14.156596868062639 0.5136797264054719
18 1.16 4.5055 338.5151112977801 11.42006159876718 14.63967720645587 0.4091918161636767
18 1.16 5.5045 337.65792524148577 12.015329693406276 15.09944801103978 0.3172136557268855
18 1.16 6.5035 336.8063406731693 12.606707865842308 15.545689086218276 0.2344753104937901
18 1.16 7.5025 336.2555996880046 12.98916688332842 15.775784484310314 0.18065638687226254
18 1.16 8.5015 335.4414399712155 13.554555575555298 16.15119697606048 0.127617447651047
18 1.16 9.5005 334.89175976483403 13.936277941107653 16.367462650746987 0.09380812383752325
18 1.22 1.009 354.53794564109074 9.50958314166838 13.014579708405831 0.7660346793064139
18 1.22 2.008 352.83409371812814 10.348136370603463 13.741045179096417 0.6050278994420112
18 1.22 3.007 351.1556482870348 11.19420944914415 14.46535069298614 0.4483710325793484
18 1.22 4.006 349.53278214435136 12.013746391739236 15.070708585828283 0.31358372832543346
18 1.22 5.005 348.08822283554866 12.743321800230369 15.646697066058678 0.21533569328613428
18 1.22 6.004 346.71926501470347 13.434714639041381 16.076738465230694 0.13931721365572688
18 1.22 8.002 344.5832243355151 14.513523062872181 16.691486170276594 0.053278934421311576
18 1.22 9.001 343.7985858282611 14.909805137231254 16.835483290334192 0.035819283614327714
18 1.34 0.5095 381.5699712005879 9.343933121335903 12.869892602147956 0.8136737265254695
18 1.34 1.5085 377.39360652787025 10.669609941132958 14.032759344813103 0.5494390112197756
18 1.34 2.5075 373.5335627287513 11.930221395572199 15.025229495410091 0.3242335153296934
18 1.34 3.5065 369.9714273714493 13.094304780570976 15.85147297054059 0.17639647207055859
18 1.34 4.5055 367.4132777344253 13.930301393971959 16.372412551748965 0.09215815683686326
18 1.34 5.5045 365.12768704629013 14.677226455469915 16.75235495290094 0.04565908681826363
18 1.34 6.5035 362.8759290813762 15.413095071433132 16.960760784784306 0.01640967180656387
18 1.34 7.5025 361.644497509981 15.815523689524456 16.992500149997 0.008369832603347933
18 1.34 8.5015 360.590287394292 16.16003679925813 16.99877002459951 0.003479930401391972
18 1.34 9.5005 359.7058528830304 16.449067685321964 17.0 0.0010799784004319913
18 1.4 0.01 398.690940181196 8.530189396211856 12.129867402651946 0.9941501169976601
18 1.52 0.5095 419.91054658909445 9.675699819334362 13.154136917261654 0.7432951340973181
18 1.52 1.5085 410.4605903881888 11.679409745138718 14.824323513529729 0.37154256914861705
18 1.52 2.5075 402.38941141175144 13.403971920561778 16.053758924821505 0.1390472190556189
18 1.52 3.5065 396.8239419211752 14.593174803171456 16.7165056698866 0.04844903101937961
18 1.52 4.5055 392.8854262915025 15.434737971908648 16.97342053158937 0.01613967720645587
18 1.52 5.5045 390.11801043977056 16.026066145342405 17.0 0.004049919001619968
18 1.52 6.5035 388.3119877602159 16.411968427287775 17.0 0.001139977200455991
18 1.52 7.5025 387.57744525119205 16.56892195491679 17.0 4.7999040019199615E-4
18 1.52 8.5015 386.9176564468204 16.709902468640994 17.0 2.3999520009599807E-4
18 1.52 9.5005 387.01727605436395 16.68861622770063 17.0 1.1999760004799904E-4
18 1.7 1.009 448.539770204597 11.374769171282864 14.615887682246354 0.41489170216595667
18 1.7 2.008 433.8434481310332 13.707389185549994 16.209155816883662 0.11741765164696706
18 1.7 3.007 425.0029609407715 15.11064112050979 16.897342053158937 0.024509509809803803
18 1.7 4.006 419.46163376735774 15.990216862322459 17.0 0.00509989800203996
18 1.7 5.005 417.0640067198177 16.3707925841513 17.0 0.001739965200695986
18 1.7 6.004 414.6032969338993 16.761381439051554 17.0 1.7999640007199856E-4
18 1.7 8.002 413.4469760606962 16.944924434838224 17.0 0.0
18 1.7 9.001 413.09999999976094 17.0 17.0 0.0
18 1.88 0.01 509.0645755084754 8.52836276607781 12.127137457250855 0.9891102177956441
20 0.0 1.009 50.83623327533449 5.0836233275334095 8.707685846283074 0.248365032699346
20 0.0 2.008 27.083818323633526 2.708381832363198 5.48815023699526 0.029579408411831765
20 0.0 3.007 21.13727725445491 2.113727725445164 4.486170276594468 0.004559908801823964
20 0.0 4.006 19.699856002879944 1.969985600288157 4.193016139677207 0.001139977200455991
20 0.0 5.005 19.052738945221094 1.9052738945231087 3.9334313313733724 1.499970000599988E-4
20 0.0 6.004 19.03359932801344 1.9033599328023074 4.411711765764685 4.7999040019199615E-4
20 0.0 8.002 19.0 1.9000000000010122 3.9521809563808725 2.3999520009599807E-4
20 0.0 9.001 19.0 1.9000000000010122 3.47345053098938 1.499970000599988E-4
20 0.18 0.01 146.01441771164542 9.452660946781043 13.362902741945161 0.993310133797324
20 0.3 0.5095 170.95651886962247 8.03143637127259 11.928811423771524 0.7159656806863862
20 0.3 1.5085 161.5253884922313 6.466310673786547 10.267354652906942 0.36836263274734504
20 0.3 2.5075 157.79104817903675 5.826981460370721 9.748305033899323 0.1863862722745545
20 0.3 3.5065 137.1674116517621 3.309452810943903 18.998890022199557 0.007049859002819943
20 0.3 4.5055 131.73683326332718 2.5338333233330554 19.0 8.099838003239935E-4
20 0.3 5.5045 130.18374632505902 2.311963760725537 19.0 2.3999520009599807E-4
20 0.3 6.5035 128.0 2.0 19.0 0.0
20 0.3 7.5025 127.29999999992205 1.9000000000010122 19.0 0.0
20 0.3 8.5015 127.51455270885995 1.9306503869932694 19.0 0.0
20 0.3 9.5005 127.29999999992205 1.9000000000010122 19.0 0.0
20 0.36 0.01 197.56141477170308 9.462170756584912 13.382762344753106 0.9943901121977561
20 0.48 1.009 223.627423051544 7.731736365272725 11.636287274254515 0.6009479810403792
20 0.48 2.008 219.6845419091601 6.905456890862252 10.76177476450471 0.3239935201295974
20 0.48 3.007 217.14734025318842 6.426843463130834 10.284754304913902 0.15221695566088678
20 0.48 4.006 202.15373372530195 3.798086038279259 18.992590148197035 0.015689686206275876
20 0.48 5.005 199.05598968019822 3.2030749385013504 19.0 0.005159896802063958
20 0.48 6.004 196.04526549473763 2.624089518209524 19.0 9.89980200395992E-4
20 0.48 8.002 193.35130857382975 2.1060208795815343 19.0 2.999940001199976E-5
20 0.48 9.001 192.9081370372452 2.0207955840882055 19.0 0.0
20 0.54 0.01 249.04842743146813 9.468848623027569 13.355342893142137 0.996190076198476
20 0.66 1.009 279.8218953620863 8.369412611747759 12.278784424311514 0.6791564168716626
20 0.66 2.008 277.35479210416906 7.64035819283615 11.441081178376432 0.4014519709605808
20 0.66 3.007 275.71042119157505 7.181364372712505 10.978190436191277 0.22328553428931422
20 0.66 4.006 274.2869700606018 6.799547009060046 10.74977500449991 0.10655786884262315
20 0.66 5.005 273.01357592849035 6.460850782984143 11.229465410691786 0.0504289914201716
20 0.66 6.004 263.8601553969072 3.8412221755565574 19.0 0.015869682606347874
20 0.66 8.002 260.3880020400201 2.820000599987806 19.0 0.0024599508009839803
20 0.66 9.001 260.13321113583305 2.745062098758071 19.0 0.0016499670006599868
20 0.72 0.01 300.5589140217188 9.490193196136081 13.411831763364733 0.9971500569988601
20 0.78 0.5095 316.87123717525697 9.133323333533315 13.064198716025679 0.879462410751785
20 0.78 1.5085 315.4376876462501 8.509161816763637 12.427971440571188 0.6378172436551269
20 0.78 2.5075 314.28407211855387 8.019007619847535 11.84997300053999 0.4375112497750045
20 0.78 3.5065 313.3458120837559 7.627146457070852 11.482870342593149 0.2811843763124737
20 0.78 4.5055 312.54573588529234 7.288768224635473 11.07019859602808 0.16730665386692267
20 0.78 5.5045 311.87160616787986 7.005840883182309 10.853422931541369 0.09818803623927522
20 0.78 6.5035 311.37106497869684 6.787937241254983 10.70447591048179 0.06080878382432351
20 0.78 7.5025 310.72283734326106 6.502009959800942 10.67894642107158 0.03263934721305574
20 0.78 8.5015 305.54345053100553 4.156113877722389 19.0 0.024299514009719806
20 0.78 9.5005 304.8943079138476 3.861027779444299 18.964510709785806 0.016109677806443873
20 0.84 1.009 333.89827923442294 9.019493610127835 12.90952180956381 0.7971740565188696
20 0.84 2.008 333.0949061018945 8.571233575328433 12.449691006179876 0.6043079138417232
20 0.84 3.007 332.4449751005022 8.208369832603376 12.112197756044878 0.4522109557808844
20 0.84 4.006 331.892083758308 7.88706725865489 11.738555228895422 0.3241135177296454
20 0.84 5.005 331.40847303051527 7.607127857442827 11.392812143757125 0.22739545209095818
20 0.84 6.004 330.983272334533 7.350464990700121 11.277854442911142 0.15377692446151078
20 0.84 8.002 330.32736665268646 6.9503359932801265 10.790394192116157 0.07289854202915942
20 0.84 9.001 330.02902501949575 6.765620687586179 10.70804583908322 0.05099898002039959
20 0.96 0.5095 368.8577968440588 9.537544249115006 13.43685126297474 0.9414411711765764
20 0.96 1.5085 368.6652042959096 9.423327533449381 13.294414111717765 0.8609827803443931
20 0.96 2.5075 368.5647351052984 9.318383632327347 13.204505909881803 0.8040139197216055
20 0.96 3.5065 368.5034559308829 9.213208735825315 13.105297894042119 0.750614987700246
20 0.96 4.5055 368.44301673966874 9.084646307073825 13.008579828403432 0.7048059038819223
20 0.96 5.5045 368.38261714766475 8.947399052019016 12.830293394132118 0.6595368092638147
20 0.96 6.5035 368.3285558288858 8.817573648527073 12.692296154076919 0.6103077938441231
20 0.96 7.5025 368.2907553849007 8.725088498230088 12.602777944441112 0.5815683686326274
20 0.96 8.5015 368.24639347213804 8.61475970480586 12.492860142797143 0.5364192716145677
20 0.96 9.5005 368.1922421551572 8.48038939221215 12.349943001139977 0.49409011819763604
20 1.08 0.01 403.3503761925064 9.520441591168241 13.423291534169316 0.997780044399112
20 1.2 0.5095 436.0219775604464 10.055987880242423 13.959290814183717 0.877542449151017
20 1.2 1.5085 434.0766664666702 10.967084658306915 14.757214855702886 0.7093958120837583
20 1.2 2.5075 432.2663586728295 11.867072658546746 15.525169496610069 0.5593088138237235
20 1.2 3.5065 430.5684706305894 12.715800683986254 16.23585528289434 0.41960160796784063
20 1.2 4.5055 429.07944441111516 13.460277794444007 16.78187436251275 0.30596388072238556
20 1.2 5.5045 427.5284514309767 14.23577428451414 17.36722265554689 0.2120657586848263
20 1.2 6.5035 426.1550908981741 14.922454550909185 17.847033059338813 0.14381712365752686
20 1.2 7.5025 424.9964720705522 15.501763964720864 18.175286494270114 0.09431811363772724
20 1.2 8.5015 423.7051118977562 16.14744405111903 18.574188516229675 0.05891882162356753
20 1.2 9.5005 422.9720825583526 16.513958720825663 18.75112497750045 0.03836923261534769
20 1.26 0.01 454.65599868002175 9.52709545809082 13.440721185576288 0.995740085198296
20 1.38 1.009 481.4617363652824 11.301721965560704 15.037499250015 0.6470270594588108
20 1.38 2.008 475.2259008819837 12.940574188516278 16.413541729165416 0.3821623567528649
20 1.38 3.007 469.90976240474964 14.339536209275861 17.479780404391914 0.20360592788144238
20 1.38 4.006 465.1635927281383 15.588528229435324 18.223735525289495 0.09134817303653926
20 1.38 5.005 461.1784490310122 16.63725025499487 18.781334373312532 0.03335933281334373
20 1.38 6.004 458.7341897162125 17.28047639047296 18.96130077398452 0.01385972280554389
20 1.38 8.002 455.31475970485576 18.180326393474925 19.0 0.002129957400851983
20 1.38 9.001 455.021546169094 18.25748785023758 19.0 0.0013799724005519889
20 1.44 0.01 505.9289518209712 9.53720525589486 13.44147117057659 0.9949001019979601
20 1.56 1.009 524.715683686324 12.158222835543326 15.798584028319434 0.5086098278034439
20 1.56 2.008 512.43595128097 14.350722985540214 17.466010679786404 0.20435591288174237
20 1.56 3.007 502.5344477110516 16.118848623027095 18.532309353812924 0.06008879822403552
20 1.56 4.006 496.6800167996176 17.164282714345372 18.94807103857923 0.017609647807043858
20 1.56 5.005 493.10274674509054 17.803080938381797 18.99988000239995 0.005699886002279954
20 1.56 6.004 489.3899034018035 18.46608867822552 19.0 5.699886002279955E-4
20 1.56 8.002 487.14289794201744 18.867339653217133 19.0 0.0
20 1.56 9.001 486.9600000004143 18.900000000011882 19.0 0.0
20 1.62 0.01 557.5148821023614 9.50497390052188 13.395872082558348 0.99220015599688
20 1.68 0.5095 562.6219811603858 11.147747045059006 14.905291894162117 0.6817963640727186
20 1.68 1.5085 543.464970300603 13.961033779324248 17.21242575148497 0.24242515149697005
20 1.68 2.5075 529.2526765464784 16.0510769784604 18.506389872202558 0.06182876342473151
20 1.68 3.5065 519.5964276714025 17.471113577727962 18.986890262194756 0.011129777404451912
20 1.68 4.5055 514.6509953801396 18.198383032342527 18.99982000359993 0.0021599568008639825
20 1.68 5.5045 512.5383728324247 18.50906281874121 19.0 3.899922001559969E-4
20 1.68 6.5035 511.9357484849641 18.597684046316484 19.0 2.0999580008399833E-4
20 1.68 7.5025 509.1999999996882 19.0 19.0 0.0
20 1.68 8.5015 509.9659638809124 18.887358252844567 19.0 5.999880002399952E-5
20 1.68 9.5005 509.1999999996882 19.0 19.0 0.0
20 1.74 1.009 565.7924797504091 12.892908141837191 16.376702465950682 0.3925121497570049
20 1.74 2.008 546.7178886422176 15.47055558888831 18.189206215875682 0.09842803143937122
20 1.74 3.007 534.1486332273613 17.169103617927547 18.916991660166797 0.01772964540709186
20 1.74 4.006 528.5489728205447 17.92581448371055 18.99880002399952 0.004259914801703966
20 1.74 5.005 524.6857838843483 18.447867042655822 19.0 5.399892002159956E-4
20 1.74 6.004 521.3399999998735 18.900000000011882 19.0 0.0
20 1.74 8.002 520.7005417889063 18.986413271735554 19.0 5.999880002399952E-5
20 1.74 9.001 521.3399999998735 18.900000000011882 19.0 0.0
20 1.86 0.5095 607.5921209575766 11.53725325493496 15.24887502249955 0.6150776984460311
20 1.86 1.5085 578.1344903102249 14.961105777884335 17.878982420351594 0.1397972040559189
20 1.86 2.5075 560.0996964061269 17.05817483650315 18.88840223195536 0.02114957700845983
20 1.86 3.5065 550.8590436190303 18.132669346613135 18.999760004799903 0.00248995020099598
20 1.86 4.5055 546.4205777885145 18.648770024602754 19.0 1.1999760004799904E-4
20 1.86 5.5045 546.2120405591979 18.673018539634715 19.0 0.0
20 1.86 6.5035 545.5693238136856 18.747753044946048 19.0 2.999940001199976E-5
20 1.86 7.5025 543.4000000001336 19.0 19.0 0.0
20 1.86 8.5015 543.4000000001336 19.0 19.0 0.0
20 1.86 9.5005 543.4000000001336 19.0 19.0 0.0
20 1.92 1.009 603.9956572869122 13.652645947081094 16.96022079558409 0.28562428751424973
20 1.92 2.008 579.4591132178411 16.319661606767713 18.623987520249596 0.04697906041879162
20 1.92 3.007 565.847424251278 17.799193016143374 18.9985000299994 0.005189896202075959
20 1.92 4.006 558.9959992801419 18.54391312173853 19.0 4.1999160016799666E-4
20 1.92 5.005 557.3046775064762 18.72775244494149 19.0 1.499970000599988E-4
20 1.92 6.004 556.6955024902061 18.793967120659705 19.0 2.999940001199976E-5
20 1.92 7.003 555.7200000001527 18.900000000011882 19.0 0.0
20 1.92 8.002 554.8000000003474 19.0 19.0 0.0
20 1.92 9.001 554.8000000003474 19.0 19.0 0.0
