10 0.02 0.5095 19.316094678106342 3.544117117657671 5.670546589068219 0.5911981760364793
10 0.02 1.5085 14.199155216895575 2.4320933581326973 4.396742065158697 0.16562668746625067
10 0.02 2.5075 12.613212935741487 2.068386632267427 3.994540109197816 0.054478910421791565
10 0.02 3.5065 11.903246535070064 1.9041519169622851 3.9109617807643846 0.020819583608327835
10 0.02 4.5055 11.621793964120448 1.848767024660301 3.9643007139857205 0.009389812203755924
10 0.02 5.5045 11.487088258234916 1.819163616728631 3.9554508909821804 0.004469910601787965
10 0.02 6.5035 11.455624887502832 1.813535729286403 4.074368512629747 0.004469910601787965
10 0.02 7.5025 11.354178316433641 1.8025199496020348 4.140697186056279 0.002219955600887982
10 0.02 8.5015 11.32711225775834 1.802687946242098 4.26282474350513 0.0023099538009239817
10 0.02 9.5005 11.08984280314426 1.8001559968811038 5.6949061018779625 0.0010199796004079918
10 0.2 1.009 33.212233755324846 3.5068938621227463 5.693796124077519 0.5339293214135717
10 0.2 2.008 31.823879522409698 3.0539089218215687 5.412851742965141 0.2842143157136857
10 0.2 3.007 30.611195776084813 2.749625007500026 5.921191576168477 0.12947741045179095
10 0.2 4.006 28.454712905743776 2.332411351772757 7.512269754604908 0.02885942281154377
10 0.2 5.005 26.00098998019295 1.9486650266999042 8.817813643727126 0.0012899742005159896
10 0.2 6.004 25.30048599027367 1.8251214975707235 9.0 0.0
10 0.2 7.003 25.19999999998763 1.8000000000010403 9.0 2.999940001199976E-5
10 0.2 8.002 25.378700425976053 1.8437091258185427 8.997240055198896 1.7999640007199856E-4
10 0.2 9.001 25.244543109125043 1.8111357772855534 9.0 2.999940001199976E-5
10 0.38 0.01 48.996459470810244 4.501085978280429 6.619967600647987 0.9955300893982121
10 0.38 10.0 39.83135357294909 1.8165656686874256 9.0 5.999880002399952E-5
10 0.5 0.5095 56.793394132117356 4.336221275574513 6.49265014699706 0.8061138777224456
10 0.5 1.5085 55.956185876282476 4.04597708045841 6.287784244315113 0.49538009239815206
10 0.5 2.5075 55.215215695686084 3.8239515209698065 6.295944081118377 0.26951460970780583
10 0.5 3.5065 53.95812083758325 3.42951340973206 6.990070198596028 0.1124977500449991
10 0.5 4.5055 51.64408711825764 2.63550728985414 8.708255834883301 0.018329633407331854
10 0.5 5.5045 50.508759824803505 2.2035039299212746 9.0 0.0033599328013439733
10 0.5 6.5035 50.23971020579589 2.0958840823181224 9.0 0.0020699586008279835
10 0.5 7.5025 49.84539809203816 1.9381592368160638 9.0 5.399892002159956E-4
10 0.5 8.5015 49.63709725805484 1.854838903222358 9.0 1.7999640007199856E-4
10 0.5 9.5005 49.510409791804165 1.8041639167226453 9.0 8.999820003599928E-5
10 0.56 0.01 61.54137277254027 4.510451790964158 6.643307133857323 0.9950200995980081
10 0.56 10.0 54.45227935444391 1.8419451610974462 9.0 2.0999580008399833E-4
10 0.68 1.009 68.99803083938272 4.472190556188875 6.639227215455691 0.6402771944561109
10 0.68 2.008 68.47488090238264 4.304733905321787 6.545779084418312 0.3995620087598248
10 0.68 3.007 68.05917921641675 4.137955240895123 6.5293994120117596 0.22883542329153417
10 0.68 4.006 67.66212755744803 3.9452210955781513 6.556038879222416 0.12275754484910302
10 0.68 5.005 67.03143217135703 3.600785984280607 7.118767624647507 0.059368812623747526
10 0.68 6.004 66.07602447950653 3.0381952360954876 8.292614147717046 0.024779504409911803
10 0.68 7.003 65.1243283134381 2.4526669466610427 8.984610307793844 0.009569808603827924
10 0.68 8.002 64.95254574908347 2.3453410931777636 9.0 0.005819883602327954
10 0.68 9.001 64.71610247795387 2.1975640487190984 9.0 0.003239935201295974
10 0.74 0.01 74.04973600529064 4.516301673966513 6.644207115857683 0.99445011099778
10 0.74 10.0 69.49170636585956 2.224389512209523 9.0 0.004559908801823964
10 0.86 1.009 81.13982060358681 4.74191516169676 6.8867822643547125 0.6745965080698386
10 0.86 2.008 80.86668386632249 4.685528289434192 6.847393052138957 0.5058498830023399
10 0.86 3.007 80.70447591048296 4.599496010079817 6.791354172916542 0.38357232855342893
10 0.86 4.006 80.59616547669276 4.503257934841183 6.712575748485031 0.30242395152096957
10 0.86 5.005 80.48768824623797 4.380134397311922 6.715785684286314 0.23150536989260215
10 0.86 6.004 80.40725325494054 4.281370372592336 6.659086818263635 0.1748065038699226
10 0.86 7.003 80.32496370073297 4.170816583668121 6.646337073258535 0.13370732585348294
10 0.86 8.002 80.2621317573709 4.085516289674097 6.670816583668326 0.10829783404331914
10 0.86 9.001 80.19707985840971 3.994096118077692 6.67252654946901 0.08894822103557928
10 0.92 0.01 86.54113037739174 4.5301673966520655 6.663586728265435 0.994330113397732
10 0.92 10.0 84.52533269334373 4.312641747164932 6.664966700665986 0.18419631607367853
10 0.98 0.5095 89.34648767027377 4.815611687766216 6.9426711465770685 0.7973840523189536
10 0.98 1.5085 88.86269394614523 4.958522829543446 7.082858342833143 0.6725565488690226
10 0.98 2.5075 88.75824203518326 4.98384832303347 7.110727785444291 0.625397492050159
10 0.98 3.5065 88.7198674026753 4.9787664246715355 7.105807883842323 0.5912581748365032
10 0.98 4.5055 88.70309053821246 4.952114957700889 7.085108297834044 0.5688486230275395
10 0.98 5.5045 88.69629987402725 4.931835363292752 7.073978520429591 0.5520789584208315
10 0.98 6.5035 88.69168776627033 4.907469850602975 7.0592788144237115 0.5372892542149157
10 0.98 7.5025 88.68855462893394 4.881136377272483 7.040079198416032 0.5188696226075479
10 0.98 8.5015 88.68738405234404 4.8720765584688595 7.021989560208795 0.506329873402532
10 0.98 9.5005 88.68494750107759 4.847417051658959 7.011879762404752 0.49226015479690405
10 1.1 1.009 96.66388372232551 5.105249895002165 7.2057658846823065 0.6896862062758745
10 1.1 2.008 96.39596808063766 5.300263994720129 7.367612647747045 0.614237715245695
10 1.1 3.007 96.2814153716917 5.457892842143108 7.504829903401932 0.5713985720285595
10 1.1 4.006 96.1996250075001 5.605171896562089 7.630437391252175 0.5316793664126718
10 1.1 5.005 96.11724065518669 5.766640667186648 7.755894882102358 0.4861102777944441
10 1.1 6.004 96.03580428391366 5.92891942161157 7.877602447951041 0.44612107757844843
10 1.1 7.003 95.94681706365945 6.106431871362531 7.99970000599988 0.39095218095638085
10 1.1 8.002 95.87392452150844 6.252150956980829 8.125067498650028 0.35606287874242515
10 1.1 9.001 95.77252954941073 6.454940901181993 8.247435051298973 0.30191396172076557
10 1.28 0.01 111.46186836262554 4.544717105657881 6.674356512869743 0.9887202255954881
10 1.28 10.0 103.25492650146138 8.532195356091973 8.99955000899982 0.005609887802243955
10 1.4 0.5095 115.96865662686793 5.199334013319707 7.2775544489110215 0.6823963520729586
10 1.4 1.5085 114.21184976300502 5.90358792824141 7.844603107937841 0.44504109917801643
10 1.4 2.5075 112.80845383092438 6.59608807823847 8.341843163136737 0.2658246835063299
10 1.4 3.5065 111.52942941141009 7.235285294294126 8.716235675286494 0.13010739785204295
10 1.4 4.5055 110.52216355672955 7.738939221215675 8.918521629567408 0.05861882762344753
10 1.4 5.5045 109.82920741586409 8.085396292074318 8.97990040199196 0.025769484610307793
10 1.4 6.5035 109.35996880062514 8.320015599687903 8.995740085198296 0.013589728205435891
10 1.4 7.5025 108.87330653385456 8.563346733064416 9.0 0.004829903401931962
10 1.4 8.5015 108.65423891519688 8.672880542387986 9.0 0.0029399412011759767
10 1.4 9.5005 108.27713445727493 8.861432771341425 9.0 5.699886002279955E-4
10 1.46 0.01 123.89385492289843 4.545275094498085 6.678106437871243 0.9861702765944681
10 1.46 10.0 111.06929441417446 8.839437211253626 9.0 3.599928001439971E-4
10 1.58 1.009 125.21176696466053 5.871920561588721 7.81832363352733 0.4657106857862843
10 1.58 2.008 122.23795764085241 6.883626327473402 8.53089938201236 0.2001259974800504
10 1.58 3.007 119.91716565669874 7.6837523249535495 8.886452270954582 0.06491870162596748
10 1.58 4.006 118.50148257033564 8.171902561948855 8.98755024899502 0.019979600407991842
10 1.58 5.005 117.42889842199837 8.541759164816087 8.99820003599928 0.005699886002279954
10 1.58 6.004 117.13731505367218 8.642305153895776 9.0 0.002579948401031979
10 1.58 7.003 116.56495350092365 8.83967120657545 9.0 6.899862002759944E-4
10 1.58 8.002 116.44031979364942 8.882648347031983 9.0 3.2999340013199736E-4
10 1.58 9.001 116.18174356518594 8.97181256374824 9.0 2.999940001199976E-5
10 1.64 0.01 136.28641987160452 4.55225295494094 6.683236335273294 0.9842803143937121
10 1.64 10.0 118.94674266510637 8.954142917140867 9.0 1.7999640007199856E-4
10 1.76 1.009 134.85194936100766 6.200995980080382 8.073498530029399 0.36875262494750105
10 1.76 2.008 130.35613487727994 7.37997840043207 8.784034319313614 0.10577788444231115
10 1.76 3.007 127.2427587448329 8.199274014519238 8.9880002399952 0.02129957400851983
10 1.76 4.006 125.77458210840074 8.585636287272564 9.0 0.004259914801703966
10 1.76 5.005 124.82372712548879 8.835861282772422 9.0 7.799844003119938E-4
10 1.76 6.004 124.52591948165247 8.914231715363698 9.0 2.3999520009599807E-4
10 1.76 7.003 124.37256974867059 8.95458690826174 9.0 8.999820003599928E-5
10 1.76 8.002 124.21912881749739 8.994966100677948 9.0 2.999940001199976E-5
10 1.76 9.001 124.3405363893135 8.963016739663514 9.0 5.999880002399952E-5
10 1.82 0.01 148.7796292074188 4.551016979660377 6.686656266874662 0.9816403671926561
10 1.82 10.0 126.89999999993796 9.0 9.0 0.0
10 1.88 0.5095 144.53225655486466 5.642221155576891 7.641417171656567 0.5423891522169556
10 1.88 1.5085 137.9937601247689 7.092404151916966 8.642647147057058 0.15527689446211076
10 1.88 2.5075 133.57111417773123 8.097474050518978 8.980380392392153 0.025739485210295794
10 1.88 3.5065 131.29841003184046 8.613997720044752 8.999820003599927 0.0035699286014279717
10 1.88 4.5055 130.62620027600687 8.76677266454477 9.0 0.0011699766004679907
10 1.88 5.5045 129.86494510115742 8.939785204295172 9.0 2.0999580008399833E-4
10 1.88 6.5035 129.90068998623477 8.93166136677274 9.0 2.3999520009599807E-4
10 1.88 7.5025 129.60000000005297 9.0 9.0 0.0
10 1.88 8.5015 129.6041975161021 8.999046019079632 9.0 5.999880002399952E-5
10 1.88 9.5005 129.60000000005297 9.0 9.0 0.0
10 1.94 1.009 143.97057658845677 6.518161636767228 8.297954040919182 0.2869142617147657
10 1.94 2.008 137.9580758384705 7.796154076918402 8.923141537169256 0.05189896202075958
10 1.94 3.007 135.0051154977389 8.42444351112913 8.997780044399112 0.008549829003419931
10 1.94 4.006 133.61101997966404 8.721059578805512 9.0 0.0016799664006719867
10 1.94 5.005 132.699388612245 8.915023699523102 9.0 1.499970000599988E-4
10 1.94 6.004 132.4016589667829 8.97837043259009 9.0 2.999940001199976E-5
10 1.94 7.003 132.29999999991796 9.0 9.0 0.0
10 1.94 8.002 132.29999999991796 9.0 9.0 0.0
10 1.94 9.001 132.29999999991796 9.0 9.0 0.0
10 2.0 1.009 146.98722025559488 6.603515929681459 8.347003059938801 0.2639947201055979
10 2.0 2.008 140.37817243655127 7.924365512689566 8.9535009299814 0.039089218215635685
10 2.0 3.007 136.9842203155937 8.603155936880325 8.999910001799964 0.0036599268014639707
10 2.0 4.006 135.8665026699466 8.826699466009348 9.0 7.799844003119938E-4
10 2.0 5.005 135.23987520249594 8.952024959500246 9.0 8.999820003599928E-5
10 2.0 6.004 135.0505189896202 8.989896202076016 9.0 5.999880002399952E-5
10 2.0 7.003 135.0 9.0 9.0 0.0
10 2.0 8.002 135.2565548689026 8.948689026218158 9.0 0.0
10 2.0 9.001 135.0 9.0 9.0 0.0
12 0.0 1.009 18.953230935381292 3.158871822563571 5.50944981100378 0.2590148197036059
12 0.0 2.008 13.266634667306654 2.2111057778843715 4.165476690466191 0.04625907481850363
12 0.0 3.007 11.66292674146517 1.9438211235756124 3.74347513049739 0.0125097498050039
12 0.0 4.006 11.19739605207896 1.8662326753429896 3.514279714405712 0.004529909401811963
12 0.0 5.005 11.043559128817424 1.8405931881320468 3.4649607007859844 0.0030299394012119757
12 0.0 6.004 11.038909221815564 1.8398182036317219 3.4737805243895123 0.0027599448011039777
12 0.0 7.003 11.00704985900282 1.8345083098294503 3.5312893742125158 0.0030899382012359753
12 0.0 8.002 11.000239995200095 1.8333733325289632 3.5587388252234957 0.002279954400911982
12 0.0 9.001 11.0 1.833333333328946 3.5663286734265314 0.00254994900101998
12 0.18 0.01 51.11222895542115 5.491545169096611 8.024629507409852 0.9942401151976961
12 0.18 10.0 32.780000000020976 1.833333333328946 11.0 0.0
12 0.3 0.5095 61.02887142257147 4.869477610447796 7.425511489770205 0.754244915101698
12 0.3 1.5085 58.706143877122805 4.175951480970346 6.808303833923322 0.4253914921701566
12 0.3 2.5075 57.312011759763756 3.8071588568228587 6.845443091138177 0.21869562608747825
12 0.3 3.5065 50.647519049619916 2.5802133957323354 10.661036779264414 0.012329753404931901
12 0.3 4.5055 48.8592068158515 2.203265934682081 10.99715005699886 0.0014099718005639887
12 0.3 5.5045 48.642356152865545 2.1529419411626334 11.0 5.999880002399952E-4
12 0.3 6.5035 47.96541369172397 1.991765164696331 11.0 1.1999760004799904E-4
12 0.3 7.5025 47.30000000001746 1.8333333333292978 11.0 2.999940001199976E-5
12 0.3 8.5015 47.3304283914585 1.840578188432055 11.0 5.999880002399952E-5
12 0.3 9.5005 47.40865182698817 1.8592028159400469 11.0 2.999940001199976E-5
12 0.36 0.01 69.2510589788206 5.482975340493193 8.025829483410332 0.9947501049979001
12 0.36 10.0 54.58267474654059 1.83923821523148 11.0 2.999940001199976E-5
12 0.48 1.009 79.6251502969751 4.884737305253914 7.443361132777344 0.626177476450471
12 0.48 2.008 78.45472010557489 4.53251434971303 7.212035759284814 0.34223315533689325
12 0.48 3.007 77.14835183294645 4.190591188176101 7.5701385972280555 0.15326693466130678
12 0.48 4.006 72.15963400733284 2.807878842423213 10.785384292314154 0.014489710205795885
12 0.48 5.005 71.20676786465413 2.5149897002062063 11.0 0.005789884202315953
12 0.48 6.004 70.62700545989541 2.329168416631025 11.0 0.0019199616007679846
12 0.48 7.003 70.14748665028957 2.1754764904707535 11.0 8.999820003599928E-4
12 0.48 8.002 69.2612371752885 1.891422171552616 11.0 5.999880002399952E-5
12 0.48 9.001 69.67955840888212 2.02549949001111 11.0 2.3999520009599807E-4
12 0.54 0.01 87.4258642827112 5.4970150596988345 8.02744945101098 0.996340073198536
12 0.54 10.0 76.52032099358935 1.898667026656585 11.0 0.0
12 0.66 1.009 98.51270594587828 5.244320113597709 7.803653926921462 0.6484070318593628
12 0.66 2.008 97.7842011159708 4.990915181696313 7.564438711225775 0.3903221935561289
12 0.66 3.007 97.14783824322537 4.754414911701737 7.479870402591948 0.2150356992860143
12 0.66 4.006 96.56433131336233 4.527334453310983 7.621587568248635 0.1111777764444711
12 0.66 5.005 95.4839401211901 4.050393992120105 8.409341813163737 0.04712905741885162
12 0.66 6.004 93.0437973240675 2.903171936561441 10.868332633347332 0.01490970180596388
12 0.66 7.003 92.37553668926608 2.5762434751302123 11.0 0.007109857802843943
12 0.66 8.002 92.12321413573085 2.4525559488811566 11.0 0.004049919001619968
12 0.66 9.001 91.69466970660088 2.2424851502972176 11.0 0.0017099658006839863
12 0.72 0.01 105.6019199616018 5.499270014599675 8.026189476210476 0.995830083398332
12 0.72 10.0 99.0640823183673 2.3952870942575806 11.0 0.003239935201295974
12 0.78 0.5095 111.02137037259197 5.539199216015676 8.074728505429892 0.8215335693286134
12 0.78 1.5085 110.43803263934724 5.393972120557637 7.95035099298014 0.5653686926261475
12 0.78 2.5075 110.04651226975552 5.209665806683867 7.802363952720945 0.379252414951701
12 0.78 3.5065 109.69830803384237 5.01383972320554 7.681586368272635 0.24440511189776204
12 0.78 4.5055 109.44102537949601 4.855002899941974 7.593988120237595 0.1634067318653627
12 0.78 5.5045 109.16518749625351 4.670586588268319 7.589488210235795 0.10265794684106318
12 0.78 6.5035 108.87367072659235 4.464790704186072 7.865992680146397 0.06704865902681946
12 0.78 7.5025 108.04570948581663 3.846783064338787 9.30785384292314 0.03632927341453171
12 0.78 8.5015 107.17372532548853 3.191826163476617 10.571818563628728 0.023249535009299813
12 0.78 9.5005 106.81786584268059 2.922501549968758 10.601967960640787 0.013199736005279895
12 0.84 1.009 116.6825403491904 5.581718365632722 8.117207655846883 0.6996760064798704
12 0.84 2.008 116.33146697065867 5.468720625587481 8.039209215815683 0.5190496190076198
12 0.84 3.007 116.09234655307121 5.314738705225881 7.884682306353873 0.38363232735345293
12 0.84 4.006 115.89130737385611 5.1620217595648334 7.7606647867042655 0.27257454850902985
12 0.84 5.005 115.74126357473676 5.03478430431389 7.690886182276355 0.2022559548809024
12 0.84 6.004 115.59123177537677 4.892702145957156 7.6219475610487795 0.14483710325793483
12 0.84 7.003 115.44479990401318 4.74870002599965 7.592278154436912 0.10445791084178316
12 0.84 8.002 115.31096538070705 4.610312793744094 7.497360052798944 0.07136857262854743
12 0.84 9.001 115.10166556670491 4.394917101657902 7.907811843763125 0.052078958420831586
12 0.96 0.5095 128.6886746265234 5.755219895602145 8.27077458450831 0.8360532789344213
12 0.96 1.5085 128.30059398814623 5.834143317133659 8.344753104937901 0.7093658126837463
12 0.96 2.5075 128.17835963283565 5.8201835963280875 8.338693226135478 0.6392872142557149
12 0.96 3.5065 128.1347405052181 5.779674406511857 8.311843763124738 0.5936881262374752
12 0.96 4.5055 128.10126597470725 5.715555688886229 8.239395212095758 0.5487190256194876
12 0.96 5.5045 128.08498710028303 5.669926601467934 8.208645827083458 0.5154796904061919
12 0.96 6.5035 128.0712761744989 5.6223975520489455 8.160316793664126 0.4805603887922242
12 0.96 7.5025 128.0560580788585 5.564268714625698 8.092188156236876 0.44720105597888044
12 0.96 8.5015 128.04254874904012 5.509779804403892 8.066868662626748 0.41867162656746865
12 0.96 9.5005 128.03527209457022 5.479940401191983 8.03494930101398 0.3930821383572329
12 1.08 0.01 141.81245575088096 5.518339633207346 8.04739905201896 0.993190136197276
12 1.08 10.0 138.90136677266128 7.622152556948789 9.821263574728505 0.35645287094258116
12 1.2 0.5095 151.57381052378992 6.034384312313758 8.53719925601488 0.7831643367132657
12 1.2 1.5085 150.6247855042871 6.517684646307059 8.954040919181617 0.6309773804523909
12 1.2 2.5075 150.0592068158645 6.955460890782191 9.308513829723406 0.5189296214075718
12 1.2 3.5065 149.53683926321537 7.386387272254511 9.658066838663228 0.40820183596328075
12 1.2 4.5055 148.97091258174893 7.8575728485430005 10.004769904601908 0.3023039539209216
12 1.2 5.5045 148.46437271254598 8.279689406211862 10.279594408111837 0.21626567468650626
12 1.2 6.5035 148.02135357292968 8.648872022559518 10.503959920801584 0.15104697906041878
12 1.2 7.5025 147.57580848383495 9.020159596807984 10.697696046079079 0.09977800443991121
12 1.2 8.5015 147.23602327953378 9.303313933722066 10.826063478730426 0.06962860742785144
12 1.2 9.5005 146.8976900462009 9.5852582948349 10.920531589368213 0.044579108417831644
12 1.26 0.01 159.88627107458382 5.528039439211293 8.054388912221755 0.9917501649967001
12 1.26 10.0 150.3278706425968 10.2513649727028 10.997810043799124 0.009149817003659928
12 1.38 1.009 167.0318509629944 6.662316753664933 9.069688606227876 0.5971080578388432
12 1.38 2.008 164.93514069718682 7.555688886222285 9.776474470510589 0.371182576348473
12 1.38 3.007 163.123896922048 8.34916801663969 10.331433371332574 0.20141597168056638
12 1.38 4.006 161.52561468767786 9.05016899662016 10.727545449091018 0.09764804703905922
12 1.38 5.005 160.27023759526048 9.600772984540438 10.915731685366293 0.04343913121737565
12 1.38 6.004 159.4045161097291 9.98047539049415 10.980890382192356 0.018719625607487852
12 1.38 7.003 158.75338393236072 10.266059678805279 10.998410031799365 0.007829843403131937
12 1.38 8.002 158.3357532849206 10.449231015379215 11.0 0.00374992500149997
12 1.38 9.001 157.8403533928962 10.666511669767957 11.0 0.0015899682006359872
12 1.44 0.01 177.92905981880702 5.536499270014567 8.074458510829784 0.9898602027959441
12 1.44 10.0 161.31609887806297 10.895417091656672 11.0 1.7999640007199856E-4
12 1.56 1.009 182.16167636646546 7.07854842903142 9.417591648167036 0.49253014939701206
12 1.56 2.008 177.94182876344294 8.326878462430814 10.315023699526009 0.20969580608387833
12 1.56 3.007 174.70689626208392 9.289614207715863 10.826693466130678 0.06995860082798344
12 1.56 4.006 172.3895002099822 9.979315413693316 10.987010259794804 0.01970960580788384
12 1.56 5.005 170.95454010918147 10.40638687226212 10.997990040199197 0.005999880002399952
12 1.56 6.004 170.2067870642601 10.628932421356444 11.0 0.0015599688006239876
12 1.56 7.003 170.04403191934924 10.677371452569774 11.0 0.001499970000599988
12 1.56 8.002 169.42709785795392 10.860982780332316 11.0 3.2999340013199736E-4
12 1.56 9.001 169.37454850902674 10.876622467543449 11.0 2.699946001079978E-4
12 1.62 0.01 196.0149373012489 5.53294934101309 8.071968560628788 0.9857802843943121
12 1.62 10.0 173.25503509928095 10.909936801249176 11.0 5.999880002399952E-5
12 1.68 0.5095 195.01443331131486 6.595358092838134 9.024989500209996 0.6313673726525469
12 1.68 1.5085 188.56956260876268 8.135022299554116 10.17927641447171 0.24773504529909401
12 1.68 2.5075 183.9037427251546 9.278494430111769 10.809053818923621 0.06767864642707146
12 1.68 3.5065 180.61153416929804 10.085408291834657 10.990190196196076 0.014849703005939881
12 1.68 4.5055 178.95041579168176 10.492545149092933 11.0 0.0033599328013439733
12 1.68 5.5045 177.93651526966173 10.7410501789843 11.0 7.799844003119938E-4
12 1.68 6.5035 177.25737205244525 10.907506849856418 11.0 1.1999760004799904E-4
12 1.68 7.5025 177.05817003643006 10.956330873377448 11.0 2.999940001199976E-5
12 1.68 8.5015 176.95976240462585 10.980450390989905 11.0 0.0
12 1.68 9.5005 176.87999999990888 11.0 11.0 0.0
12 1.74 1.009 196.48701385972421 7.477990440191168 9.70582588348233 0.39083218335633285
12 1.74 2.008 189.70381652370244 9.003644927101499 10.696646067078659 0.10067798644027119
12 1.74 3.007 185.6866070678347 9.90842183156449 10.970210595788084 0.021989560208795823
12 1.74 4.006 183.42893442128093 10.416906661868213 10.999970000599989 0.004349913001739965
12 1.74 5.005 181.9884496309884 10.741340173193064 11.0 7.199856002879943E-4
12 1.74 6.004 180.92620087589762 10.980585388288326 11.0 5.999880002399952E-5
12 1.74 7.003 180.9753950920408 10.969505609884203 11.0 5.999880002399952E-5
12 1.74 8.002 181.30992020160141 10.89416211674781 11.0 8.999820003599928E-5
12 1.74 9.001 180.83999999991556 11.0 11.0 0.0
12 1.86 0.5095 210.6482816343777 6.780469390612186 9.162416751664967 0.5788984220315594
12 1.86 1.5085 200.80361552769227 8.666041679166456 10.525979480410392 0.15353692926141477
12 1.86 2.5075 194.43173276531664 9.900826983460561 10.973690526189475 0.024119517609647808
12 1.86 3.5065 191.26605867886389 10.514329713406692 10.997240055198896 0.0030299394012119757
12 1.86 4.5055 189.7323051538562 10.811568768619038 11.0 4.1999160016799666E-4
12 1.86 5.5045 189.53215275698017 10.850357992824993 11.0 2.999940001199976E-5
12 1.86 6.5035 189.0463742724429 10.944501109969519 11.0 5.999880002399952E-5
12 1.86 7.5025 188.75999999985385 11.0 11.0 0.0
12 1.86 8.5015 188.75999999985385 11.0 11.0 0.0
12 1.86 9.5005 188.75999999985385 11.0 11.0 0.0
12 1.92 1.009 209.88479150418223 7.890937181256293 10.01379972400552 0.2997540049199016
12 1.92 2.008 201.23683086338403 9.457095858083449 10.874752504949901 0.05306893862122757
12 1.92 3.007 196.37557448856896 10.337758244834761 10.997960040799184 0.005789884202315953
12 1.92 4.006 193.77129057413177 10.809548809020468 11.0 5.099898002039959E-4
12 1.92 5.005 193.21386452263908 10.9105317893594 11.0 2.3999520009599807E-4
12 1.92 6.004 193.02359392806457 10.945001099970879 11.0 0.0
12 1.92 7.003 192.7455294893766 10.995375092497612 11.0 0.0
12 1.92 8.002 192.7704241914804 10.990865182695282 11.0 0.0
12 1.92 9.001 192.71999999996845 11.0 11.0 0.0
14 0.1 0.5095 51.64947501049959 5.2132828771996165 8.110517789644208 0.6371272574548509
14 0.1 1.5085 44.037874242515095 3.773290248480791 6.611207775844483 0.2740445191096178
14 0.1 2.5075 41.00414891702261 3.1400714842844546 6.317063658726825 0.12029759404811904
14 0.1 3.5065 38.33436131277433 2.6809820946440963 7.48305033899322 0.03887922241555169
14 0.1 4.5055 32.492206155879614 2.0646744207965635 11.768554628907422 0.0011699766004679907
14 0.1 5.5045 30.655621887576434 1.9397140628593517 12.779234415311693 8.999820003599928E-5
14 0.1 6.5035 29.900000000016078 1.8571428571391961 13.0 0.0
14 0.1 7.5025 30.561117777657845 1.917501649964641 12.74467510649787 5.999880002399952E-5
14 0.1 8.5015 29.900000000016078 1.8571428571391961 13.0 0.0
14 0.1 9.5005 29.90000000001103 1.8571428571396316 13.0 0.0
14 0.16 0.01 67.4759488810225 6.482707488707388 9.391732165356693 0.992530149397012
14 0.16 10.0 40.04000000001902 1.8571428571391961 13.0 0.0
14 0.28 1.009 77.9423255534901 5.054080346964517 7.95215095698086 0.5421791564168716
14 0.28 2.008 75.51076978460797 4.451079549837437 7.444921101577968 0.29144417111657767
14 0.28 3.007 70.86682066358809 3.6537769244612672 9.652036959260816 0.09185816283674327
14 0.28 4.006 63.57785324292429 2.5020956723731325 12.995590088198236 0.0023099538009239817
14 0.28 5.005 61.56556068878933 2.1042779144398 13.0 5.699886002279955E-4
14 0.28 6.004 61.2585444291319 2.043361989904063 13.0 8.999820003599928E-5
14 0.28 7.003 60.786032279389566 1.9496095792351535 13.0 0.0
14 0.28 8.002 60.32000000001942 1.8571428571391961 13.0 0.0
14 0.28 9.001 60.414217315669454 1.875836768975925 13.0 2.999940001199976E-5
14 0.34 0.01 92.37569988600306 6.493897264911797 9.4062518749625 0.995110097798044
14 0.34 10.0 70.4599999999731 1.8571428571391961 13.0 0.0
14 0.46 1.009 105.87353452931285 5.5689943343990835 8.47660046799064 0.6087778244435111
14 0.46 2.008 104.14646007080806 5.098230892524951 8.1072478550429 0.3266334673306534
14 0.46 3.007 102.63191576167968 4.739270928867138 8.182786344273115 0.1505369892602148
14 0.46 4.006 94.43641387173236 2.835011871191168 12.999970000599989 0.009269814603707925
14 0.46 5.005 93.88092278153992 2.688074809932268 13.0 0.004679906401871963
14 0.46 6.004 92.183860922748 2.2391166462383336 13.0 8.099838003239935E-4
14 0.46 7.003 91.1946277075065 1.9774147374172026 13.0 5.999880002399952E-5
14 0.46 8.002 90.91421131584423 1.9032305068156425 13.0 8.999820003599928E-5
14 0.46 9.001 90.78923081540722 1.870166882373451 13.0 0.0
14 0.52 0.01 117.20904181916845 6.497805758170587 9.398062038759225 0.995620087598248
14 0.52 10.0 100.99033059331008 1.8899793432672494 13.0 0.0
14 0.58 0.5095 124.4310565788677 6.12667889499353 9.044189116217675 0.8103137937241255
14 0.58 1.5085 122.95846883061897 5.6444471110578025 8.577398452030959 0.49619007619847605
14 0.58 2.5075 121.81059158816387 5.304536766407416 8.276744465110697 0.2626147477050459
14 0.58 3.5065 120.65302753944124 4.972824829217658 8.405351892962141 0.12263754724905501
14 0.58 4.5055 117.5642305153876 4.024770933152923 10.913151736965261 0.038189236215275695
14 0.58 5.5045 113.8599052018857 2.822913541729449 12.999070018599628 0.006659866802663947
14 0.58 6.5035 113.12239395215082 2.572242840857314 13.0 0.0033899322013559727
14 0.58 7.5025 112.10808903817973 2.2272411694624275 13.0 0.0011699766004679907
14 0.58 8.5015 111.98866862660692 2.186621981845993 13.0 5.999880002399952E-4
14 0.58 9.5005 111.64272994536422 2.06895576374234 13.0 1.499970000599988E-4
14 0.64 1.009 132.31002699946316 5.996215789969952 8.901361972760546 0.6576168476630467
14 0.64 2.008 131.24317153657213 5.632623061824522 8.545989080218396 0.39098218035639287
14 0.64 3.007 130.38831703366426 5.353812923741494 8.453050938981221 0.2108057838843223
14 0.64 4.006 129.52226435472272 5.064425854339936 8.33035339293214 0.09857802843943121
14 0.64 5.005 126.17902561949117 3.8224506938434217 11.635117297654046 0.03143937121257575
14 0.64 6.004 124.10186116275892 3.0245480804666376 13.0 0.012119757604847903
14 0.64 7.003 123.35651406973125 2.7287754244914715 13.0 0.005429891402171956
14 0.64 8.002 122.70383992322449 2.469777747301671 13.0 0.002369952600947981
14 0.64 9.001 122.0588876222455 2.213844294542082 13.0 7.49985000299994E-4
14 0.76 0.5095 149.75672046559117 6.393013568300072 9.298194036119277 0.8358432831343373
14 0.76 1.5085 148.99597768045143 6.115896253503484 9.042659146817064 0.5758684826303474
14 0.76 2.5075 148.41643367133622 5.859589951058091 8.787394252114957 0.38081238375232496
14 0.76 3.5065 147.9171680566536 5.6202890227910265 8.561618767624648 0.22979540409191815
14 0.76 4.5055 147.52501469972532 5.422434408454635 8.440691186176277 0.14393712125757485
14 0.76 5.5045 147.15322613551055 5.223958377975228 8.371362572748545 0.08399832003359933
14 0.76 6.5035 146.6230419391854 4.923775810197954 8.9857502849943 0.0498590028199436
14 0.76 7.5025 145.86606827867968 4.483727468307599 9.654886902261955 0.02711945761084778
14 0.76 8.5015 143.56692386151423 3.123168965192146 12.993430131397371 0.014489710205795885
14 0.76 9.5005 143.1326573468467 2.864676992174714 13.0 0.009029819403611928
14 0.82 1.009 157.73651586968273 6.3954178059295685 9.293064138717225 0.7227755444891102
14 0.82 2.008 157.28009539809506 6.20045599088018 9.103707925841483 0.5197096058078838
14 0.82 3.007 156.90637307254218 5.977376166762383 8.901331973360533 0.36920261594768106
14 0.82 4.006 156.59014999700426 5.7715631401657745 8.682246355072898 0.25508489830203396
14 0.82 5.005 156.32791864163326 5.592025302350951 8.52339953200936 0.17273654526909463
14 0.82 6.004 156.04953920922372 5.389636492984591 8.612557748845022 0.11138777224455511
14 0.82 7.003 155.86596748066646 5.250250709271455 8.480440391192175 0.07787844243115137
14 0.82 8.002 155.651394972117 5.083801181119268 8.57172856542869 0.05507889842203156
14 0.82 9.001 154.94321653567349 4.525366635524344 10.099958000839983 0.03353932921341573
14 0.94 0.5095 174.40419211615418 6.661949618150494 9.553728925421492 0.868452630947381
14 0.94 1.5085 174.06017279654097 6.674202230241065 9.568068638627228 0.7291054178916422
14 0.94 2.5075 173.92787904241317 6.6049550437562585 9.496730065398692 0.6462770744585108
14 0.94 3.5065 173.83935921281125 6.493562985883111 9.388882222355553 0.5704385912281754
14 0.94 4.5055 173.78587208255692 6.406564725848279 9.306143877122457 0.5116997660046799
14 0.94 5.5045 173.7362752745002 6.312983740325191 9.211495770084598 0.46058078838423233
14 0.94 6.5035 173.69533689326656 6.221151291259813 9.115587688246235 0.4097918041639167
14 0.94 7.5025 173.65135597289125 6.119590465333606 9.045239095218095 0.3611327773444531
14 0.94 8.5015 173.62714405712958 6.063688726225494 8.961360772784545 0.3341933161336773
14 0.94 9.5005 173.59421011581338 5.985878853851511 8.902021959560809 0.2959440811183776
14 1.0 0.5095 182.48020039599209 6.739039504924228 9.624107517849643 0.8860922781544369
14 1.0 1.5085 182.12863742725145 6.865881253803504 9.736995260094798 0.8089938201235976
14 1.0 2.5075 182.04061918761624 6.903496215789973 9.770354592908141 0.7885342293154137
14 1.0 3.5065 182.01469970600587 6.90181196376073 9.776594468110638 0.7758144837103258
14 1.0 4.5055 182.00584988300233 6.926797178342196 9.78907421851563 0.7820843583128337
14 1.0 5.5045 182.00194996100078 6.918320205024426 9.781754364912702 0.7786344273114538
14 1.0 6.5035 182.00044999100018 6.9187101972246285 9.792494150116998 0.7792644147117057
14 1.0 7.5025 182.0002399952001 6.928455716599932 9.796964060718786 0.7811243775124498
14 1.0 8.5015 182.00017999640008 6.920604445053982 9.802543949121018 0.7776444471110577
14 1.0 9.5005 182.0 6.911004637050078 9.771944561108779 0.7769244615107698
14 1.06 0.01 191.64439011220077 6.5138211521484 9.416001679966401 0.9946301073978521
14 1.06 10.0 189.38087838242583 8.426480041827835 11.104187916241676 0.48053038939221215
14 1.18 1.009 205.69734985301915 7.279504409911838 10.118167636647268 0.7437151256974861
14 1.18 2.008 204.96617567649744 7.783018625341802 10.55654886902262 0.627587448251035
14 1.18 3.007 204.33627167456416 8.273980234681032 10.966430671386572 0.5137097258054839
14 1.18 4.006 203.72904181914527 8.754784904302282 11.334913301733966 0.40460190796184076
14 1.18 5.005 203.105332093339 9.249736433843816 11.725445491090179 0.3120237595248095
14 1.18 6.004 202.4907109857733 9.737530963669384 12.06194876102478 0.22250554988900223
14 1.18 7.003 201.98168476631167 10.141520026745761 12.310463790724185 0.15785684286314275
14 1.18 8.002 201.5257718845828 10.50335564717446 12.522139557208856 0.1125877482450351
14 1.18 9.001 201.06415671688632 10.869716891377054 12.719355612887743 0.07805843883122338
14 1.24 0.01 216.43393652127156 6.515273980234659 9.409071818563628 0.9925001499970001
14 1.24 10.0 205.61724125514766 11.942118300493862 12.988660226795464 0.012869742605147897
14 1.36 1.009 228.01931481370264 7.757536277845871 10.532009359812804 0.6344873102537949
14 1.36 2.008 225.43946241075452 8.76263617584829 11.357982840343194 0.40751184976300475
14 1.36 3.007 223.027612647753 9.719201330261898 12.055168896622067 0.2247555048899022
14 1.36 4.006 221.10439791203146 10.482381780937992 12.511669766604667 0.11396772064558709
14 1.36 5.005 219.35359092818356 11.177146457070858 12.81562368752625 0.05120897582048359
14 1.36 6.004 218.00943901121917 11.710540074911293 12.959380812383753 0.021839563208735827
14 1.36 7.003 217.00339593206542 12.109763519016965 12.997690046199075 0.008039839203215935
14 1.36 8.002 216.6100029999433 12.265871825425648 12.999040019199615 0.005249895002099958
14 1.36 9.001 215.84797024064503 12.56826577753853 13.0 0.0016499670006599868
14 1.42 0.01 241.13538129237722 6.530620816155061 9.429531409371812 0.9902501949961001
14 1.42 10.0 220.9397732044455 12.755179182106648 13.0 2.999940001199976E-4
14 1.48 0.5095 244.6144717105875 7.418204493053004 10.24002519949601 0.7267654646907061
14 1.48 1.5085 239.86255954878987 8.77974011948366 11.373282534349313 0.3995920081598368
14 1.48 2.5075 235.81097498049388 9.98482887485455 12.216385672286554 0.17987640247195055
14 1.48 3.5065 232.64370072601244 10.92747002202827 12.74122517549649 0.06878862422751544
14 1.48 4.5055 230.2097894042065 11.65184839160271 12.965260694786105 0.022259554808903823
14 1.48 5.5045 228.99828403429834 12.012415465975554 12.996910061798763 0.01004979900401992
14 1.48 6.5035 227.50828823422728 12.455866596953278 13.0 0.0021599568008639825
14 1.48 7.5025 226.2399616007734 12.83334476165346 13.0 3.2999340013199736E-4
14 1.48 8.5015 226.14005639883035 12.863078452714415 13.0 1.1999760004799904E-4
14 1.48 9.5005 225.68908621818466 12.997295768369538 13.0 0.0
14 1.54 1.009 249.00518269632508 8.277794444111063 10.975550488990221 0.5140097198056038
14 1.54 2.008 243.61869142614393 9.698758881968207 12.024689506209876 0.22835543289134216
14 1.54 3.007 239.035462890835 10.911253203508116 12.738045239095218 0.0744285114297714
14 1.54 4.006 236.11817663646792 11.683022053845114 12.956710865782684 0.023309533809323813
14 1.54 5.005 234.16339413202158 12.200160282514227 12.998530029399411 0.006449871002579949
14 1.54 6.004 233.06450530976204 12.490871611136914 13.0 0.002009959800803984
14 1.54 7.003 232.31567528635838 12.688974791928668 13.0 3.2999340013199736E-4
14 1.54 8.002 232.25863622717262 12.70406449013465 13.0 2.3999520009599807E-4
14 1.54 9.001 231.3669412610515 12.93996262930868 13.0 2.999940001199976E-5
14 1.66 0.5095 266.77246895063297 7.676559325956308 10.45845083098338 0.6625067498650027
14 1.66 1.5085 258.15548629026813 9.516203961637082 11.91420171596568 0.2592848143037139
14 1.66 2.5075 251.97772064559385 10.853307219570766 12.699526009479811 0.0757184856302874
14 1.66 3.5065 247.21856902861975 11.883426617179865 12.983170336593268 0.014789704205915882
14 1.66 4.5055 244.7481724364862 12.418144494250019 13.0 0.002849943001139977
14 1.66 5.5045 244.1991096178052 12.536989260215776 13.0 0.0013199736005279894
14 1.66 6.5035 243.0761750764412 12.780048684725346 13.0 3.2999340013199736E-4
14 1.66 7.5025 243.02905201882422 12.790248480728675 13.0 8.999820003599928E-5
14 1.66 8.5015 242.0599999998285 13.0 13.0 0.0
14 1.66 9.5005 242.0599999998285 13.0 13.0 0.0
14 1.72 1.009 268.9498710025749 8.749055018899789 11.356122877542449 0.40586188276234475
14 1.72 2.008 260.15624407511916 10.49280871525571 12.528409431811363 0.11849763004739905
14 1.72 3.007 254.39157856841652 11.63659155388225 12.96145077098458 0.024449511009779806
14 1.72 4.006 250.3785732285655 12.432822772119557 13.0 0.003149937001259975
14 1.72 5.005 249.32345593091057 12.64217144227974 13.0 6.599868002639947E-4
14 1.72 6.004 248.94300113994933 12.717658503968531 13.0 3.2999340013199736E-4
14 1.72 7.003 247.51999999978895 13.0 13.0 0.0
14 1.72 8.002 247.51999999978895 13.0 13.0 0.0
14 1.72 9.001 247.51999999978895 13.0 13.0 0.0
14 1.84 0.5095 288.29588768223897 7.935338436088398 10.676696466070679 0.6019679606407872
14 1.84 1.5085 275.2913109737889 10.134140174341917 12.317483650326993 0.15719685606287875
14 1.84 2.5075 266.8557496849946 11.56875005357079 12.947651046979061 0.028049439011219774
14 1.84 3.5065 262.4945989080493 12.310442362584304 12.996940061198776 0.004229915401691966
14 1.84 4.5055 259.8305333894382 12.763514729694299 13.0 4.1999160016799666E-4
14 1.84 5.5045 258.6497858044083 12.964322142124884 13.0 2.999940001199976E-5
14 1.84 6.5035 259.80067198664426 12.76859319955587 13.0 1.7999640007199856E-4
14 1.84 7.5025 258.4400000001621 13.0 13.0 0.0
14 1.84 8.5015 258.4400000001621 13.0 13.0 0.0
14 1.84 9.5005 258.4400000001621 13.0 13.0 0.0
14 1.9 0.01 306.98993220135503 6.549576151334132 9.447261054778904 0.9856002879942402
14 1.9 10.0 263.9000000001636 13.0 13.0 0.0
16 0.08 1.009 55.63068698625966 4.763045989080219 7.929591408171836 0.375952480950381
16 0.08 2.008 48.715666886662106 3.5901594468110636 6.739365212695746 0.15758684826303473
16 0.08 3.007 45.10038159236946 2.967911891762165 7.145917081658367 0.055258894822103555
16 0.08 4.006 41.585795884084014 2.5139009719805605 9.369712605747885 0.011549769004619908
16 0.08 5.005 35.40674746505375 2.0491127677446452 13.759644807103857 5.099898002039959E-4
16 0.08 6.004 35.05157856840872 1.9046056578868422 13.236845263094738 0.0
16 0.08 7.003 33.0 1.875 15.0 0.0
16 0.08 8.002 33.0 1.875 15.0 0.0
16 0.08 9.001 33.0 1.875 15.0 0.0
16 0.14 0.01 85.23376732465373 7.483016589668207 10.750344993100137 0.992410151796964
16 0.14 10.0 46.5 1.875 15.0 0.0
16 0.26 1.009 97.31001379972358 5.625483740325193 8.848083038339233 0.5190196196076079
16 0.26 2.008 93.88987100258011 4.884806053878923 8.16607667846643 0.2735945281094378
16 0.26 3.007 87.03300113996771 3.8764437211255776 11.47990040199196 0.07217855642887143
16 0.26 4.006 77.28406971859543 2.5142009659806805 15.0 0.001739965200695986
16 0.26 5.005 75.27645287093537 2.175076498470031 15.0 5.699886002279955E-4
16 0.26 6.004 75.37401991961796 2.191557418851623 15.0 1.7999640007199856E-4
16 0.26 7.003 73.5 1.875 15.0 0.0
16 0.26 8.002 74.24000000002682 2.0 15.0 0.0
16 0.26 9.001 74.42818563631232 2.0317881142377154 15.0 0.0
16 0.32 0.01 117.85105177896585 7.4828928421431575 10.747615047699046 0.994060118797624
16 0.32 10.0 87.0 1.875 15.0 0.0
16 0.38 0.5095 124.93065998680208 6.619847603047939 9.893442131157377 0.7584748305033899
16 0.38 1.5085 120.92678826423862 5.675038999220016 8.925301493970121 0.4151016979660407
16 0.38 2.5075 118.70793724124908 5.192003659926802 8.556428871422572 0.20930581388372232
16 0.38 3.5065 107.77620267594767 3.318372382552349 14.697966040679187 0.01748965020699586
16 0.38 4.5055 103.98274314515598 2.5771659566808665 15.0 0.002579948401031979
16 0.38 5.5045 101.47015659688861 2.0705960880782386 15.0 2.3999520009599807E-4
16 0.38 6.5035 100.5 1.875 15.0 0.0
16 0.38 7.5025 102.07027359457388 2.191587418251635 15.0 1.7999640007199856E-4
16 0.38 8.5015 101.58482330360681 2.093714375712486 15.0 1.1999760004799904E-4
16 0.38 9.5005 100.5 1.875 15.0 0.0
16 0.44 1.009 134.5876318473699 6.203733425331493 9.422661546769065 0.5874482510349793
16 0.44 2.008 132.16956380872975 5.618220135597288 8.903491930161398 0.31535369292614146
16 0.44 3.007 129.62575148496666 5.094576858462831 9.355132897342052 0.13154736905261893
16 0.44 4.006 119.43898962021906 3.088123237535249 14.995620087598247 0.010559788804223915
16 0.44 5.005 116.8560940781471 2.5125209995800084 15.0 0.0018299634007319853
16 0.44 6.004 116.40747585047262 2.4123830023399533 15.0 0.0010199796004079918
16 0.44 7.003 114.95689206224534 2.0885919781604367 15.0 2.999940001199976E-5
16 0.44 8.002 114.5068458631308 1.988135237295254 15.0 0.0
16 0.44 9.001 114.0 1.875 15.0 0.0
16 0.56 0.5095 159.64614507710309 6.950759734805304 10.219145617087658 0.8059638807223856
16 0.56 1.5085 157.27634847302306 6.243951370972581 9.49670006599868 0.48032039359212814
16 0.56 2.5075 155.70102597946703 5.827443451130978 9.113877722445551 0.25442491150177
16 0.56 3.5065 154.43316133676265 5.510571038579228 9.00509989800204 0.12053758924821503
16 0.56 4.5055 146.54880542389103 3.449747255054899 14.989560208795824 0.018209635807283853
16 0.56 5.5045 144.73541969160158 2.9361987760244794 15.0 0.007079858402831944
16 0.56 6.5035 143.7727893442205 2.66272424551509 15.0 0.00248995020099598
16 0.56 7.5025 142.2036839263218 2.216955660886782 15.0 5.399892002159956E-4
16 0.56 8.5015 142.43873162531563 2.2837305753884922 15.0 5.099898002039959E-4
16 0.56 9.5005 141.73395812077464 2.083510829783404 15.0 1.1999760004799904E-4
16 0.62 1.009 169.93414111717715 6.708732075358493 9.95872082558349 0.6597168056638867
16 0.62 2.008 168.38494930100097 6.225272994540109 9.466580668386632 0.38081238375232496
16 0.62 3.007 167.10272274552946 5.854532909341813 9.225085498290035 0.19238615227695446
16 0.62 4.006 166.0916709665583 5.5635912281754365 9.111537769244615 0.08942821143577129
16 0.62 5.005 159.56348953020955 3.5399179516409673 14.980800383992321 0.021719565608687826
16 0.62 6.004 158.1042545149082 3.0606100377992442 15.0 0.009389812203755924
16 0.62 7.003 157.53293214134862 2.87267504649907 15.0 0.00494990100197996
16 0.62 8.002 156.67245455093706 2.5896232075358494 15.0 0.002609947801043979
16 0.62 9.001 155.24684466301807 2.120672586548269 15.0 2.699946001079978E-4
16 0.74 0.5095 193.30424911503144 7.25372367552649 10.511009779804404 0.8499130017399652
16 0.74 1.5085 192.2545365092762 6.833743325133497 10.09542809143817 0.5780284394312114
16 0.74 2.5075 191.3842149156985 6.485322793544129 9.709365812683746 0.3681526369472611
16 0.74 3.5065 190.61600287992718 6.16332423351533 9.46415071698566 0.21527569448611028
16 0.74 4.5055 190.07784484307643 5.934841303173936 9.303743925121498 0.127557448851023
16 0.74 5.5045 189.3448845022887 5.612692746145077 9.440091198176036 0.06683866322673547
16 0.74 6.5035 187.30955420892096 4.659143067138658 11.986440271194576 0.03143937121257575
16 0.74 7.5025 186.80016139675686 4.417359152816943 12.210415791684166 0.02018959620807584
16 0.74 8.5015 184.07840223193963 3.1146164576708464 15.0 0.010109797804043918
16 0.74 9.5005 183.74772004558616 2.955634637307254 15.0 0.006179876402471951
16 0.8 0.01 204.85964480710308 7.512813493730126 10.763004739905202 0.9971500569988601
16 0.8 10.0 197.39757004858532 3.3732562848743024 14.970060598788024 0.014279714405711887
16 0.92 0.5095 226.09286254273883 7.551520219595608 10.79807403851923 0.8848023039539209
16 0.92 1.5085 225.76024239514012 7.4754192416151675 10.715755684886302 0.74467510649787
16 0.92 2.5075 225.56858342832595 7.3264122217555645 10.548179036419272 0.6350872982540349
16 0.92 3.5065 225.43577248455313 7.1803038939221215 10.426861462770745 0.5456590868182636
16 0.92 4.5055 225.3242623147658 7.0399217015659685 10.25982480350393 0.4738705225895482
16 0.92 5.5045 225.2297294054242 6.906660616787664 10.156146877062458 0.40676186476270476
16 0.92 6.5035 225.129755804896 6.759464810703786 10.026459470810584 0.34298314033719324
16 0.92 7.5025 225.04980380392848 6.6372135057298856 9.87787244255115 0.29198416031679364
16 0.92 8.5015 224.96844303113116 6.511812263754725 9.745605087898243 0.252444951100978
16 0.92 9.5005 224.91020339590952 6.42167531649367 9.759644807103857 0.21104577908441832
16 1.04 0.01 248.26566148681596 7.514380962380752 10.774554508909821 0.997090058198836
16 1.04 10.0 246.70942581141603 9.033044339113218 12.128247435051298 0.6170876582468351
16 1.16 1.009 267.9273966520637 8.253603677926442 11.442401151976961 0.7860442791144178
16 1.16 2.008 267.15319973599975 8.793930371392571 11.931691366172677 0.6778364432711346
16 1.16 3.007 266.4764924701452 9.316137427251455 12.39635207295854 0.5643487130257395
16 1.16 4.006 265.78312593748495 9.856932861342774 12.818293634127317 0.45617087658246835
16 1.16 5.005 265.1662518749679 10.338865722685547 13.197516049679006 0.3628427431451371
16 1.16 6.004 264.5634703305984 10.809788804223915 13.527629447411051 0.28106437871242573
16 1.16 7.003 263.87371932560876 11.348656776864463 13.91747165056699 0.20777584448311034
16 1.16 8.002 263.3592128157285 11.750614987700246 14.177116457670847 0.14864702705945881
16 1.16 9.001 262.82590028198183 12.167265404691905 14.426471470570588 0.10430791384172317
16 1.22 0.01 280.7804709905836 7.523894522109558 10.77452450950981 0.9952900941981161
16 1.22 10.0 268.8828439431326 13.589293214135717 14.97465050698986 0.019289614207715845
16 1.28 0.5095 289.11231895362164 8.168472880542389 11.363082738345232 0.8185636287274255
16 1.28 1.5085 286.81221815564004 9.105665386692266 12.199436011279774 0.6102177956440871
16 1.28 2.5075 284.7584916301651 10.018633377332453 12.946181076378473 0.41810163796724065
16 1.28 3.5065 282.8466274674493 10.872041309173817 13.593688126237476 0.2707745845083098
16 1.28 4.5055 280.9086434271382 11.737212755744885 14.175586488270234 0.15470690586188277
16 1.28 5.5045 279.4758000840071 12.37687496250075 14.543829123417531 0.08831823363532729
16 1.28 6.5035 278.28694666107333 12.907613097738045 14.770264594708106 0.049139017219655606
16 1.28 7.5025 277.2126081478335 13.387228505429892 14.925421491570168 0.024149517009659806
16 1.28 8.5015 276.1708861822489 13.852282954340913 14.983890322193556 0.010739785204295913
16 1.28 9.5005 275.74851742961664 14.040840433191336 14.995710085798285 0.006659866802663947
16 1.34 1.009 297.6300575988604 8.824627257454852 11.959710805783883 0.6634367312653747
16 1.34 2.008 294.4259050818949 9.990786434271314 12.9235015299694 0.42758144837103257
16 1.34 3.007 291.55714345712624 11.045167846643068 13.722565548689026 0.24680506389872203
16 1.34 4.006 289.155560688801 11.928102687946241 14.287214255714886 0.13043739125217496
16 1.34 5.005 286.9740487190338 12.73012914741705 14.713835723285534 0.061648767024659504
16 1.34 6.004 285.5184766305004 13.265265944681106 14.913631727365452 0.029099418011639767
16 1.34 7.003 284.31703245933215 13.706973360532789 14.978640427191456 0.01481970360592788
16 1.34 8.002 283.2454418911055 14.100940481190376 14.999430011399772 0.005369892602147957
16 1.34 9.001 282.6985288294218 14.302011459770805 15.0 0.0023099538009239817
16 1.46 0.5095 319.4127707445968 8.45635087298254 11.622457550848983 0.7532849343013139
16 1.46 1.5085 313.59748725023616 10.001087478250435 12.930401391972161 0.4246415071698566
16 1.46 2.5075 308.55046019081976 11.372157556848864 13.948581028379433 0.1997960040799184
16 1.46 3.5065 304.1894162116896 12.55722385552289 14.623507529849403 0.07673846523069539
16 1.46 4.5055 301.34992980132677 13.32882342353153 14.915971680566388 0.025919481610367792
16 1.46 5.5045 299.17610067794675 13.919537859242816 14.998140037199256 0.008489830203395932
16 1.46 6.5035 297.4641897160972 14.384731055378893 14.999880002399951 0.002879942401151977
16 1.46 7.5025 296.9577398452378 14.522353302933942 15.0 5.999880002399952E-4
16 1.46 8.5015 296.54431391374277 14.634697306053878 15.0 4.7999040019199615E-4
16 1.46 9.5005 295.2233905321901 14.993643877122457 15.0 0.0
16 1.52 1.009 325.58255474891814 9.429561408771825 12.464930701385972 0.5391492170156597
16 1.52 2.008 318.4622031559218 11.138893472130558 13.778994420111598 0.23177536449271013
16 1.52 3.007 313.2183992320288 12.39942326153477 14.546739065218695 0.08636827263454731
16 1.52 4.006 309.49556488867404 13.294335363292735 14.904961900761984 0.02765944681106378
16 1.52 5.005 307.03828643418467 13.885027299454011 14.9955000899982 0.008549829003419931
16 1.52 6.004 305.50800383990816 14.252883692326153 15.0 0.0030599388012239755
16 1.52 7.003 304.3655138897456 14.527520699586008 15.0 0.0012299754004919902
16 1.52 8.002 303.41750524995535 14.755407391852163 15.0 1.7999640007199856E-4
16 1.52 9.001 303.41981400370486 14.754852402951942 15.0 1.1999760004799904E-4
16 1.64 0.5095 348.7584352313101 8.774280764384713 11.901391972160557 0.6820963580728385
16 1.64 1.5085 337.9887178256305 10.86159776804464 13.5914981700366 0.26951460970780583
16 1.64 2.5075 329.7324965500759 12.474121767564649 14.580008399832003 0.07667846643067139
16 1.64 3.5065 323.67472970535465 13.657279354412912 14.969880602387953 0.01652966940661187
16 1.64 4.5055 320.77378292435276 14.223870522589548 15.0 0.003119937601247975
16 1.64 5.5045 319.3120009600351 14.50937481250375 15.0 7.799844003119938E-4
16 1.64 6.5035 317.7859002821657 14.807441351172976 15.0 5.999880002399952E-5
16 1.64 7.5025 317.955260094768 14.774363262734745 15.0 1.499970000599988E-4
16 1.64 8.5015 316.8579060419404 14.988690226195477 15.0 2.999940001199976E-5
16 1.64 9.5005 317.44000000003507 14.875 15.0 0.0
16 1.7 0.01 367.4840463190765 7.530621887562249 10.794054118917622 0.9892902141957161
16 1.7 10.0 324.0 15.0 15.0 0.0
16 1.82 0.5095 377.2294372112556 9.087437001259975 12.17117657646847 0.619427611447771
16 1.82 1.5085 360.38787664246973 11.648189536209276 14.11654766904662 0.1646967060658787
16 1.82 2.5075 349.3073972520643 13.337287004259915 14.910601787964241 0.026939461210775784
16 1.82 3.5065 343.01021839565175 14.297222805543889 15.0 0.003119937601247975
16 1.82 4.5055 340.1235891280732 14.737257754844903 15.0 1.7999640007199856E-4
16 1.82 5.5045 339.50353392941787 14.831778364432711 15.0 8.999820003599928E-5
16 1.82 6.5035 338.84033119347424 14.93287634247315 15.0 8.999820003599928E-5
16 1.82 7.5025 338.5408567831251 14.97852792944141 15.0 2.999940001199976E-5
16 1.82 8.5015 338.40000000020956 15.0 15.0 0.0
16 1.82 9.5005 338.40000000020956 15.0 15.0 0.0
18 0.06 1.009 63.23175916481659 5.149850336326589 8.586188276234475 0.33650326993460133
18 0.06 2.008 52.88150356992777 3.673929854736388 7.041369172616547 0.125277494450111
18 0.06 3.007 49.23457010859851 3.1121477570443705 6.97855042899142 0.051658966820663586
18 0.06 4.006 40.72894702105441 2.237511916426645 12.291054178916422 0.00251994960100798
18 0.06 5.005 37.7141489170338 2.016379672406224 14.320153596928062 0.0
18 0.06 6.004 35.24750704985124 1.9097418051652102 16.18767624647507 0.0
18 0.06 7.003 35.27052618948886 1.9736838596565232 16.76315473690526 5.999880002399952E-5
18 0.06 8.002 36.140000000003724 1.8888888888903874 15.0 0.0
18 0.06 9.001 34.339999999997275 1.8888888888904165 17.0 0.0
18 0.12 0.01 103.80824383512886 8.458450830983171 12.036869262614747 0.992170156596868
18 0.12 10.0 51.679999999988226 1.8888888888904165 17.0 0.0
18 0.18 0.5095 107.26085918281815 6.970770584588298 10.564528709425812 0.6659266814663707
18 0.18 1.5085 96.88610787784282 5.2923241535168914 8.781484370312594 0.3262434751304974
18 0.18 2.5075 92.85374632507494 4.5600054665573735 8.406011879762405 0.1624467510649787
18 0.18 3.5065 75.57727485450512 2.7580881715710355 16.92947141057179 0.002279954400911982
18 0.18 4.5055 72.11392932141558 2.308120504253556 17.0 2.999940001199976E-4
18 0.18 5.5045 69.02000000001597 1.8888888888904165 17.0 0.0
18 0.18 6.5035 69.88617327656414 2.0062565415357905 17.0 2.999940001199976E-5
18 0.18 7.5025 69.02000000001597 1.8888888888904165 17.0 0.0
18 0.18 8.5015 69.02000000001597 1.8888888888904165 17.0 0.0
18 0.18 9.5005 69.02000000001597 1.8888888888904165 17.0 0.0
18 0.24 1.009 117.45292854143077 6.1842363152737025 9.71917561648767 0.499670006599868
18 0.24 2.008 112.5317621647553 5.2734545309093335 8.878112437751245 0.25841483170336593
18 0.24 3.007 99.71191576168665 3.664570041932597 14.547729045419091 0.046049079018419634
18 0.24 4.006 88.4689122217529 2.1972093891453497 17.0 4.7999040019199615E-4
18 0.24 5.005 88.20785744282028 2.159043485794988 17.0 5.999880002399952E-5
18 0.24 6.004 87.86953500928132 2.1095811417089845 17.0 2.999940001199976E-5
18 0.24 8.002 86.3599999999975 1.8888888888904165 17.0 0.0
18 0.24 9.001 86.3599999999975 1.8888888888904165 17.0 0.0
18 0.36 0.5095 153.4957412851739 7.384488976887147 10.995830083398332 0.7419151616967661
18 0.36 1.5085 147.54912941741247 6.179296414071668 9.69517609647807 0.40316193676126477
18 0.36 2.5075 144.60617987640404 5.605134563975514 9.204865902681947 0.19562608747825044
18 0.36 3.5065 131.97946481070818 3.7288320900248877 15.74002519949601 0.024539509209815805
18 0.36 4.5055 124.55808003838253 2.4996666733323254 17.0 0.001619967600647987
18 0.36 5.5045 123.50561468770655 2.3169469943904715 17.0 4.1999160016799666E-4
18 0.36 6.5035 121.68000000006995 2.0 17.0 0.0
18 0.36 7.5025 122.63205135893654 2.165286694263862 17.0 5.999880002399952E-5
18 0.36 8.5015 121.04000000003121 1.8888888888904165 17.0 0.0
18 0.36 9.5005 121.04000000003121 1.8888888888904165 17.0 0.0
18 0.42 1.009 165.4669916601681 6.841353172936529 10.41795164096718 0.5788984220315594
18 0.42 2.008 161.98049679005766 6.0956014213049015 9.637667246655067 0.3025739485210296
18 0.42 3.007 159.01978760424674 5.561165443358265 10.102477950440992 0.127617447651047
18 0.42 4.006 145.55157976836915 3.262754744904052 17.0 0.007949841003179936
18 0.42 5.005 142.1220561588626 2.60575788484286 17.0 0.001739965200695986
18 0.42 6.004 141.1351826963526 2.416701665965779 17.0 6.599868002639947E-4
18 0.42 8.002 138.39465050690637 1.8916954994248316 17.0 0.0
18 0.42 9.001 138.37999999991465 1.8888888888904165 17.0 0.0
18 0.54 0.5095 197.98528469430855 7.738308567161952 11.320153596928062 0.8005039899202016
18 0.54 1.5085 194.5777500449745 6.849123017539712 10.374032519349614 0.4753104937901242
18 0.54 2.5075 192.45094318114542 6.345223095538069 9.900191996160077 0.24590508189836202
18 0.54 3.5065 190.66762464756823 5.947984373645884 9.867192656146877 0.10901781964360713
18 0.54 4.5055 182.95536869264515 4.231352039625965 14.59404811903762 0.02402951940961181
18 0.54 5.5045 177.52353452938445 2.9670373259204696 17.0 0.004559908801823964
18 0.54 6.5035 176.37915101704456 2.690616187676525 17.0 0.0020999580008399833
18 0.54 7.5025 175.38762704752529 2.4511176443109646 17.0 7.199856002879943E-4
18 0.54 8.5015 174.08197996032948 2.1357439517860013 17.0 2.3999520009599807E-4
18 0.54 9.5005 174.48302753949838 2.2326153476900967 17.0 1.7999640007199856E-4
18 0.6 0.01 214.61677566448535 8.491823496863251 12.088858222835544 0.996760064798704
18 0.72 0.5095 241.290078598432 8.116641000513297 11.698596028079438 0.8493130137397252
18 0.72 1.5085 239.62971380572057 7.473597194722763 11.00479990400192 0.5750584988300234
18 0.72 2.5075 238.4829663406639 7.063092071491925 10.581088378232435 0.3608927821443571
18 0.72 3.5065 237.44406311873007 6.696179409745326 10.201415971680566 0.20783584328313434
18 0.72 4.5055 236.62666466670044 6.40334859969461 10.132657346853064 0.1117177656446871
18 0.72 5.5045 235.85294894102472 6.123840856516339 10.072328553428932 0.055648887022259556
18 0.72 6.5035 230.4627011459656 4.0242728478763015 16.948611027779446 0.026579468410631787
18 0.72 7.5025 229.28543469131736 3.557712179089902 17.0 0.014669706605867883
18 0.72 8.5015 227.897933641332 3.0071165243368108 17.0 0.005969880602387952
18 0.72 9.5005 227.60600587988074 2.8912721745568914 17.0 0.003929921401571969
18 0.9 1.009 283.1850992980142 8.386865596021346 11.971290574188517 0.8268734625307493
18 0.9 2.008 282.84464810703616 8.132274021186168 11.709605807883843 0.6812863742725146
18 0.9 3.007 282.59358012839743 7.9259381479036985 11.47615047699046 0.5667486650266995
18 0.9 4.006 282.367228655429 7.7038059238815935 11.280014399712005 0.4695806083878322
18 0.9 5.005 282.1721665566697 7.506629867402676 11.006929861402773 0.3855522889542209
18 0.9 6.004 281.997588048236 7.3213235735283915 10.903671926561469 0.3117237655246895
18 0.9 8.002 281.7081208375836 7.006713199069374 10.503119937601248 0.20921581568368633
18 0.9 9.001 281.5744075118517 6.859522809543776 10.442611147777045 0.16955660886782264
18 1.02 0.01 311.34053098936886 8.514849703005819 12.100107997840043 0.998260034799304
18 1.08 0.5095 324.39170216598353 8.799807337186033 12.358582828343433 0.9124917501649967
18 1.08 1.5085 323.9370828583274 9.149303680591862 12.687106257874843 0.8279834403311934
18 1.08 2.5075 323.68124197511725 9.455094231446681 12.986770264594709 0.7711045779084418
18 1.08 3.5065 323.45518689621326 9.759024819500823 13.252354952900943 0.7160256794864103
18 1.08 4.5055 323.244919901567 10.04944234448338 13.49280014399712 0.6613667726645467
18 1.08 5.5045 323.0156752865076 10.367162656744714 13.771944561108779 0.5991180176396472
18 1.08 6.5035 322.78041279176745 10.693916121675821 14.060448791024179 0.5437991240175196
18 1.08 7.5025 322.55304253919786 11.009663140069348 14.305963880722386 0.4836503269934601
18 1.08 8.5015 322.3329021419977 11.315413691726375 14.545569088618228 0.42932141357172854
18 1.08 9.5005 322.1400827983773 11.58321833563318 14.773684526309474 0.3845023099538009
18 1.14 1.009 337.2966256674898 9.22003559928674 12.742905141897163 0.8232135357292855
18 1.14 2.008 336.5747147057153 9.742061825427207 13.240655186896262 0.7230455390892182
18 1.14 3.007 335.84168656627116 10.317180323057324 13.717615647687046 0.6121977560448791
18 1.14 4.006 335.2152672946443 10.813307067190747 14.14882702345953 0.5143697126057479
18 1.14 5.005 334.53028979419497 11.356912861742302 14.585288294234115 0.4224515509689806
18 1.14 6.004 333.8434439311206 11.902028626094003 14.986020279594408 0.3385432291354173
18 1.14 8.002 332.71280554390455 12.799360679453322 15.634727305453891 0.20876582468350632
18 1.14 9.001 332.16944561107397 13.230598721358751 15.946931061378772 0.15785684286314275
18 1.26 0.5095 364.30412491750957 9.153813590393742 12.694966100677986 0.8455630887382253
18 1.26 1.5085 361.7598392032222 10.174336513266939 13.627887442251154 0.6329573408531829
18 1.26 2.5075 359.3821587568057 11.187176256474398 14.438231235375293 0.4529909401811964
18 1.26 3.5065 357.2848167036844 12.083411665099822 15.153416931661367 0.30449391012179755
18 1.26 4.5055 355.2336371272671 12.959984133650748 15.784844303113937 0.1872262554748905
18 1.26 5.5045 353.3962824743361 13.745178429764259 16.258864822703547 0.10946781064378712
18 1.26 6.5035 352.1737271254364 14.267637980573173 16.56707865842683 0.06803863922721545
18 1.26 7.5025 350.58108477831684 14.948254368244948 16.84064318713626 0.03203935921281574
18 1.26 8.5015 349.47783584332916 15.419728272102052 16.961240775184496 0.017609647807043858
18 1.26 9.5005 348.795154496912 15.71147243721782 16.990010199796004 0.009989800203995921
18 1.32 1.009 375.42491150176943 9.902515283024847 13.370432591348173 0.6931961360772785
18 1.32 2.008 371.77354652907235 11.16208675826389 14.433101337973241 0.45719085618287636
18 1.32 3.007 368.5566496670011 12.2789410878448 15.303593928121437 0.2716445671086578
18 1.32 4.006 365.72787424252033 13.261154776904489 15.97045059098818 0.15302693946121076
18 1.32 5.005 363.2393064138846 14.1252408285171 16.485480290394193 0.07697846043079139
18 1.32 6.004 361.2218971620597 14.825730152064441 16.781964360712784 0.0367492650146997
18 1.32 8.002 358.05926921460116 15.92386485603576 16.991960160796783 0.007049859002819943
18 1.32 9.001 357.1987712246113 16.222648880357223 17.0 0.00254994900101998
18 1.44 0.5095 403.0344753104885 9.518249635005011 13.024869502609947 0.7704445911081779
18 1.44 1.5085 395.9869094618166 11.276251141643318 14.532669346613067 0.4385912281754365
18 1.44 2.5075 390.06936941260363 12.77036125944115 15.630857382852342 0.2134157316853663
18 1.44 3.5065 384.889344213119 14.078448431031566 16.433191336173277 0.08342833143337133
18 1.44 4.5055 381.5860310793532 14.91261841429993 16.8177536449271 0.03362932741345173
18 1.44 5.5045 379.05632807341374 15.551432304689019 16.976240475190497 0.0125997480050399
18 1.44 6.5035 376.15647807049675 16.28371765897395 17.0 0.002129957400851983
18 1.44 7.5025 375.7518665626211 16.385892282145285 17.0 0.0013499730005399892
18 1.44 8.5015 374.9616511669918 16.58544162452831 17.0 2.3999520009599807E-4
18 1.44 9.5005 374.5380056399003 16.692422818233783 17.0 1.499970000599988E-4
18 1.5 0.01 421.6980710385792 8.527642780477446 12.099358012839744 0.9918701625967481
18 1.62 0.5095 440.75820483588745 9.859556142207596 13.344303113937722 0.7035459290814183
18 1.62 1.5085 427.26495890080605 12.267954640907497 15.291804163916721 0.2828943421131577
18 1.62 2.5075 417.0310745785304 14.101957960839888 16.458030839383213 0.08162836743265135
18 1.62 3.5065 410.9095650086635 15.199002686612005 16.92137157256855 0.022289554208915822
18 1.62 4.5055 406.18431091377005 16.04582241688415 17.0 0.004259914801703966
18 1.62 5.5045 405.12563868723 16.235548622348713 16.99940001199976 0.001769964600707986
18 1.62 6.5035 402.48523549542574 16.708739158567486 17.0 2.0999580008399833E-4
18 1.62 7.5025 401.48872322560874 16.88732558682572 17.0 5.999880002399952E-5
18 1.62 8.5015 400.85999999986996 17.0 17.0 0.0
18 1.62 9.5005 400.85999999986996 17.0 17.0 0.0
18 1.8 1.009 466.3174296514099 11.733765324693987 14.869382612347753 0.35396292074158514
18 1.8 2.008 448.9616607667688 14.144213782391608 16.468440631187377 0.07682846343073138
18 1.8 3.007 438.6565068698656 15.575485156965799 16.973330533389333 0.01133977320453591
18 1.8 4.006 432.4066958660584 16.44351446304339 17.0 8.69982600347993E-4
18 1.8 5.005 429.1215935682665 16.899778671103398 17.0 2.999940001199976E-5
18 1.8 6.004 429.62049558977054 16.83048672360164 17.0 5.999880002399952E-5
18 1.8 8.002 428.4000000002438 17.0 17.0 0.0
18 1.8 9.001 428.4000000002438 17.0 17.0 0.0
18 1.98 0.01 531.7337325253723 8.55961547435702 12.153716925661486 0.9868302633947321
20 0.1 1.009 93.83893922121531 6.014012719745617 9.803383932321353 0.37802243955120896
20 0.1 2.008 83.3492380152406 4.554457910841804 8.200245995080099 0.16427671446571068
20 0.1 3.007 78.479195416093 3.824659506809822 8.483470330593388 0.07694846103077939
20 0.1 4.006 61.41069778605937 2.5102597948039014 18.44168116637667 0.0011699766004679907
20 0.1 5.005 57.63125637487751 2.1738615227688918 18.96088078238435 1.1999760004799904E-4
20 0.1 6.004 56.12176756463611 2.0135297294053798 19.0 2.999940001199976E-5
20 0.1 8.002 56.0 2.0 19.0 0.0
20 0.1 9.001 55.10000000003058 1.9000000000010122 19.0 0.0
20 0.28 0.01 174.62753104938022 9.4545599088018 13.361582768344633 0.9938801223975521
20 0.4 0.5095 202.33524329513605 8.2735435291294 12.2159956800864 0.749685006299874
20 0.4 1.5085 195.17057058858882 6.918662626747551 10.748095038099239 0.40265194696106077
20 0.4 2.5075 191.78941021179907 6.302342953140977 10.09944801103978 0.19550608987820245
20 0.4 3.5065 174.71160976780902 3.782804343913041 18.98257034859303 0.014789704205915882
20 0.4 4.5055 169.50517189655127 2.9175286494270996 19.0 0.002909941801163977
20 0.4 5.5045 167.3992500150284 2.5665416691661886 19.0 7.49985000299994E-4
20 0.4 6.5035 166.53956920858414 2.423261534770036 19.0 4.499910001799964E-4
20 0.4 7.5025 165.64559908802644 2.2742665146700607 19.0 1.499970000599988E-4
20 0.4 8.5015 164.0 2.0 19.0 0.0
20 0.4 9.5005 163.40000000003505 1.9000000000010122 19.0 0.0
20 0.46 0.01 226.16132417350127 9.462893742125093 13.384112317753646 0.9948701025979481
20 0.58 1.009 255.09457910841903 8.083593328133412 11.957760844783104 0.6388972220555589
20 0.58 2.008 251.9760124797533 7.309401811963751 11.138207235855283 0.3619427611447771
20 0.58 3.007 249.83109077818887 6.821611567768606 10.584868302633947 0.18455630887382252
20 0.58 4.006 248.10842863144632 6.4483950320994845 10.395722085558289 0.07739845203095938
20 0.58 5.005 236.42511669765287 3.8150896982059326 18.997510049799004 0.016739665206695866
20 0.58 6.004 234.01924401510738 3.2426771464571336 19.0 0.005819883602327954
20 0.58 8.002 231.36048299049042 2.6096388072242664 19.0 0.0010499790004199917
20 0.58 9.001 229.8058756823633 2.239494210115662 19.0 2.0999580008399833E-4
20 0.64 0.01 277.75304853902867 9.506758864822663 13.423141537169256 0.996610067798644
20 0.76 1.009 310.1408351833118 8.731781364372686 12.637967240655186 0.7436851262974741
20 0.76 2.008 308.66633227336126 8.145458090838153 11.99685006299874 0.5125097498050039
20 0.76 3.007 307.5188408231605 7.698971020579662 11.53044939101218 0.32936341273174535
20 0.76 4.006 306.58050518986954 7.342767144657091 11.171866562668747 0.19787604247915042
20 0.76 5.005 305.7830827383318 7.030761384772248 10.847963040739184 0.11522769544609107
20 0.76 6.004 305.10207955840275 6.766256674866521 10.95890082198356 0.06743865122697545
20 0.76 8.002 298.5668926621516 4.069538609227841 19.0 0.020789584208315833
20 0.76 9.001 297.2704001920171 3.529333413331713 19.0 0.010889782204355913
20 0.82 0.01 329.13182396352136 9.495137097258084 13.412881742365153 0.997780044399112
20 0.88 0.5095 345.9237103257921 9.341099178016403 13.22997540049199 0.9098518029639407
20 0.88 1.5085 345.39606407872435 9.018233635327357 12.924581508369833 0.748845023099538
20 0.88 2.5075 344.90212155758445 8.664099718005742 12.543619127617447 0.6029579408411831
20 0.88 3.5065 344.5003803924064 8.369178616427673 12.240295194096118 0.47705045899082016
20 0.88 4.5055 344.16580068399185 8.111261774764484 11.96145077098458 0.38012239755204896
20 0.88 5.5045 343.8555228895305 7.866292674146495 11.687616247675047 0.29612407751844966
20 0.88 6.5035 343.5512149756787 7.618422631547537 11.418431631367373 0.21962560748785023
20 0.88 7.5025 343.3900161996541 7.487082258354876 11.356782864342714 0.17759644807103858
20 0.88 8.5015 343.1270174596189 7.270600587988151 11.018659626807464 0.13403731925361492
20 0.88 9.5005 342.9633743324856 7.135771284574149 10.995020099598008 0.10037799244015119
20 0.94 1.009 363.0206305873876 9.419103617927579 13.313193736125278 0.8798824023519529
20 0.94 2.008 362.8151160976756 9.232240355192925 13.112467750644987 0.7843043139137217
20 0.94 3.007 362.66805603887843 9.056134877302446 12.93757124857503 0.7141357172856543
20 0.94 4.006 362.54784304313824 8.885624287514219 12.77407451850963 0.6475670486590268
20 0.94 5.005 362.43912401751743 8.717726645467142 12.564018719625608 0.5815383692326154
20 0.94 6.004 362.32719265614065 8.539164216715664 12.422511549769004 0.5154496910061799
20 0.94 8.002 362.1528259434762 8.253581928361466 12.100887982240355 0.4124617507649847
20 0.94 9.001 362.07661246775064 8.126606467870662 11.957730845383093 0.373762524749505
20 1.0 1.009 380.1227875442491 9.651283974320494 13.556518869622607 0.9367012659746805
20 1.0 2.008 380.03791924161516 9.685621287574277 13.556368872622548 0.9198716025679486
20 1.0 3.007 380.0144597108058 9.711006779864334 13.593658126837463 0.9150716985660287
20 1.0 4.006 380.0045899082018 9.718020639587207 13.604997900042 0.9113217735645287
20 1.0 5.005 380.002429951401 9.695302093958103 13.580578388432231 0.9119217615647687
20 1.0 6.004 380.00095998080036 9.714204715905714 13.607967840643187 0.9106017879642407
20 1.0 8.002 380.0 9.705189896202016 13.579708405831884 0.9118617627647447
20 1.0 9.001 380.0000599988 9.709374812503665 13.60757784844303 0.9094318113637727
20 1.18 0.01 431.96386152276864 9.490235195296037 13.397762044759105 0.9975400491990161
20 1.3 0.5095 463.2848863022767 10.270987580248457 14.109167816643668 0.8366532669346614
20 1.3 1.5085 459.1093508129852 11.630866382672371 15.311693766124678 0.5950080998380033
20 1.3 2.5075 455.24634607308116 12.917897642047196 16.394762104757906 0.3870222595548089
20 1.3 3.5065 451.8249085018275 14.058363832723275 17.23204535909282 0.23198536029279415
20 1.3 4.5055 448.7083518329627 15.097216055678878 17.956710865782686 0.127647447051059
20 1.3 5.5045 446.0593448131036 15.980218395631985 18.461600767984642 0.06797864042719146
20 1.3 6.5035 443.9688036239344 16.677065458691075 18.78955420891582 0.03230935381292374
20 1.3 7.5025 442.27894342112086 17.240352192955864 18.94603107937841 0.015569688606227875
20 1.3 8.5015 440.75136797266174 17.74954400912125 18.995260094798105 0.006659866802663947
20 1.3 9.5005 440.2594558108743 17.913514729707533 18.997240055198898 0.004109917801643967
20 1.36 0.01 483.1857922841661 9.526633467330601 13.433251334973301 0.9951400971980561
20 1.48 1.009 505.8979060418844 11.77215755684878 15.452480950380993 0.5719385612287754
20 1.48 2.008 496.37402291951184 13.755411891762199 16.999310013799725 0.27977440451190977
20 1.48 3.007 488.68306473872383 15.3576948461033 18.090628187436252 0.10640787184256315
20 1.48 4.006 482.42362512748053 16.66174476510505 18.78754424911502 0.03236935261294774
20 1.48 5.005 478.8715329694133 17.40176396472025 18.984370312593747 0.011609767804643907
20 1.48 6.004 475.71121377568494 18.060163796723273 18.999760004799903 0.0027299454010919783
20 1.48 8.002 473.3958984820064 18.542521149569225 19.0 4.1999160016799666E-4
20 1.48 9.001 473.3854154916841 18.54470510589004 19.0 2.3999520009599807E-4
20 1.54 0.01 534.633268134626 9.508906821863578 13.422721545569088 0.993820123597528
20 1.66 1.009 547.8999118017895 12.56067978640435 16.117957640847184 0.43943121137577246
20 1.66 2.008 532.0738087238836 14.958513829723334 17.857802843943123 0.1396472070558589
20 1.66 3.007 520.8731925361 16.655576888462164 18.802483950320994 0.03410931781364373
20 1.66 4.006 514.2626393473455 17.657175856483242 18.989890202195955 0.006899862002759945
20 1.66 5.005 509.3307361851457 18.404433911318897 19.0 9.599808003839923E-4
20 1.66 6.004 508.20603947895455 18.57484250315425 19.0 2.3999520009599807E-4
20 1.66 8.002 505.40000000025566 19.0 19.0 0.0
20 1.66 9.001 506.06000000016223 18.900000000011882 19.0 0.0
20 1.72 0.01 585.7319505609876 9.545677086458294 13.450170996580068 0.991930161396772
20 1.78 0.5095 587.6077524449628 11.385942281154318 15.118257634847303 0.6387172256554869
20 1.78 1.5085 562.8008177836524 14.563997720045624 17.58972820543589 0.18200635987280253
20 1.78 2.5075 547.3642401151965 16.543046139077017 18.728835423291535 0.03677926441471171
20 1.78 3.5065 537.1764816703414 17.84916901661976 18.99505009899802 0.004619907601847963
20 1.78 4.5055 532.2866814664121 18.47606647866915 19.0 7.199856002879943E-4
20 1.78 5.5045 529.8957874839643 18.782591348160892 19.0 2.999940001199976E-5
20 1.78 6.5035 528.2519703603448 18.993337133258887 19.0 2.999940001199976E-5
20 1.78 7.5025 528.1999999996726 19.0 19.0 0.0
20 1.78 8.5015 528.1999999996726 19.0 19.0 0.0
20 1.78 9.5005 528.9800000003366 18.900000000011882 19.0 0.0
20 1.84 1.009 587.2248047039561 13.330380392392168 16.715635687286255 0.33101337973240536
20 1.84 2.008 564.1863166737098 16.07305753884953 18.5022499550009 0.06422871542569149
20 1.84 3.007 551.8481898360548 17.541882162356544 18.98620027599448 0.010439791204175916
20 1.84 4.006 543.867711045975 18.49193916121817 19.0 4.7999040019199615E-4
20 1.84 5.005 543.5208147839722 18.53323633527683 19.0 4.1999160016799666E-4
20 1.84 6.004 540.5014363711952 18.892686146288526 19.0 0.0
20 1.84 8.002 540.4399999999334 18.900000000011882 19.0 0.0
20 1.84 9.001 539.599999999855 19.0 19.0 0.0
20 1.96 0.5095 631.9865362692668 11.752210955780797 15.464810703785924 0.5752384952300954
20 1.96 1.5085 596.3385948281033 15.46472970540584 18.17942641147177 0.10103797924041519
20 1.96 2.5075 578.3401067979529 17.339572208557072 18.975460490790184 0.012059758804823904
20 1.96 3.5065 568.0151676965713 18.41508669826525 19.0 8.099838003239935E-4
20 1.96 4.5055 564.1508609827421 18.817618647622762 19.0 0.0
20 1.96 5.5045 564.3337373254549 18.798569028620488 19.0 2.999940001199976E-5
20 1.96 6.5035 562.4000000000788 19.0 19.0 0.0
20 1.96 7.5025 562.4000000000788 19.0 19.0 0.0
20 1.96 8.5015 562.4000000000788 19.0 19.0 0.0
20 1.96 9.5005 562.4000000000788 19.0 19.0 0.0
