10 0.04 1.009 18.308983020339532 2.951610967780667 5.019709605807884 0.3506029879402412
10 0.04 2.008 15.730408591828065 2.3250674986497537 4.392122157556849 0.12158756824863502
10 0.04 3.007 14.770755384892295 2.087784244315107 4.270084598308034 0.05054898902021959
10 0.04 4.006 14.204058318833331 1.953344933101704 4.312533749325014 0.02096958060838783
10 0.04 5.005 13.813833323333755 1.8753524929510348 4.4892302153956924 0.00869982600347993
10 0.04 6.004 13.482980740385633 1.8341573168544933 5.129477410451791 0.003269934601307974
10 0.04 7.003 13.28093718125758 1.8121737565259606 5.318623627527449 0.0012299754004919902
10 0.04 8.002 13.033850122996236 1.8064258714835295 6.139257214855703 7.199856002879943E-4
10 0.04 9.001 13.305551088978703 1.8078538429241837 5.161156776864463 5.999880002399952E-4
10 0.16 0.5095 31.2611579768406 3.83703125937483 5.996160076798464 0.7055558888822223
10 0.16 1.5085 28.852244555108275 3.1019979600407903 5.344903101937962 0.3631427371452571
10 0.16 2.5075 27.704355912881752 2.749463010739957 5.251214975700486 0.17855642887142256
10 0.16 3.5065 26.50993700126164 2.4757424851502154 5.862722745545089 0.0737685246295074
10 0.16 4.5055 24.129158216832167 2.086722265554899 7.739005219895602 0.008519829603407933
10 0.16 5.5045 22.685708285827314 1.8919241615173672 8.687916241675167 4.1999160016799666E-4
10 0.16 6.5035 22.11860562788225 1.8205555888893792 8.935471290574188 1.7999640007199856E-4
10 0.16 7.5025 22.117236455266124 1.822925541490279 8.945581088378232 1.1999760004799904E-4
10 0.16 8.5015 22.036245275088184 1.812161756765974 8.977530449391011 2.999940001199976E-5
10 0.16 9.5005 21.959999999995976 1.8000000000010403 9.0 2.999940001199976E-5
10 0.22 1.009 34.8770636587262 3.5600047999039743 5.770414591708166 0.5434091318173636
10 0.22 2.008 33.63031259374514 3.15009299813993 5.517339653206935 0.29744405111897765
10 0.22 3.007 32.400626387469046 2.8191336173278096 6.021029579408411 0.13364732705345894
10 0.22 4.006 28.840591588161764 2.2106257874840876 8.477320453590929 0.012029759404811904
10 0.22 5.005 27.2383104337763 1.8761144777114724 8.905381892362152 0.0011699766004679907
10 0.22 6.004 26.86324233513552 1.8110877782455204 9.0 8.999820003599928E-5
10 0.22 7.003 27.259045419076056 1.9125757484857437 9.0 5.999880002399952E-5
10 0.22 8.002 26.943806923847795 1.8317453650933377 9.0 5.999880002399952E-5
10 0.22 9.001 26.819999999982382 1.8000000000010403 9.0 2.999940001199976E-5
10 0.34 0.5095 45.16858882822433 4.118209635807303 6.270804583908322 0.7779444411111778
10 0.34 1.5085 43.92881922361522 3.6724245515089984 5.928901421971561 0.4596808063838723
10 0.34 2.5075 43.019245215095026 3.4000599987998825 6.011279774404512 0.2387952240955181
10 0.34 3.5065 39.24116337673658 2.524365512689722 8.351262974740505 0.035549289014219713
10 0.34 4.5055 37.798689026218995 2.168788624227756 8.937631247375052 0.004289914201715966
10 0.34 5.5045 37.09644807103983 1.968620627587563 9.0 7.199856002879943E-4
10 0.34 6.5035 36.597775244507694 1.8175076498479819 9.0 1.1999760004799904E-4
10 0.34 7.5025 36.560017399668666 1.8060658786833785 9.0 1.499970000599988E-4
10 0.34 8.5015 36.58179696407269 1.8126657466859224 9.0 5.999880002399952E-5
10 0.34 9.5005 36.68659626808151 1.8444231115384633 9.0 5.999880002399952E-5
10 0.4 0.01 50.396778064439204 4.506083878322429 6.639077218455631 0.99535009299814
10 0.4 10.0 41.587178256417204 1.8623927521459525 9.0 5.999880002399952E-5
10 0.52 0.5095 58.19573528529232 4.346661066778664 6.507229855402892 0.8043139137217256
10 0.52 1.5085 57.40543469129575 4.089134217315618 6.331643367132657 0.4917201655966881
10 0.52 2.5075 56.741677566431214 3.8797384052320845 6.291834163316734 0.2730845383092338
10 0.52 3.5065 55.659098818009106 3.5332273354534918 6.823603527929442 0.1122877542449151
10 0.52 4.5055 53.634410511800006 2.8067738645226226 8.327383452330954 0.02711945761084778
10 0.52 5.5045 52.28919301615667 2.28696226075466 8.999220015599688 0.004049919001619968
10 0.52 6.5035 51.80796064081042 2.086650266993868 9.0 0.0015599688006239876
10 0.52 7.5025 51.52232795347128 1.9676366472674605 9.0 4.499910001799964E-4
10 0.52 8.5015 51.47126657470416 1.9463610727789873 9.0 6.29987400251995E-4
10 0.52 9.5005 51.27498410035241 1.864576708466056 9.0 2.999940001199976E-4
10 0.7 1.009 70.3685306293878 4.504331913361694 6.674686506269874 0.6438471230575389
10 0.7 2.008 69.8744945101103 4.345659086818185 6.596898062038759 0.4028619427611448
10 0.7 3.007 69.5033089338227 4.186008279834278 6.524209515809684 0.24329513409731807
10 0.7 4.006 69.08737925241584 3.9724905501890153 6.588528229435411 0.13517729645407092
10 0.7 5.005 68.63642827143198 3.7140517189659388 6.861702765944681 0.06914861702765945
10 0.7 6.004 67.75263094737521 3.1539869202620063 8.071038579228416 0.03203935921281574
10 0.7 7.003 67.25579288414481 2.834325313493593 8.318833623327533 0.01481970360592788
10 0.7 8.002 66.6144447111054 2.408033839323385 8.747435051298973 0.006989860202795944
10 0.7 9.001 66.42524149517948 2.2834943301131703 9.0 0.004829903401931962
10 0.88 0.01 83.76158756825428 4.530143397132032 6.658936821263575 0.993340133197336
10 0.88 10.0 81.60143757126593 4.001295974080519 6.653146937061258 0.08855822883542329
10 1.06 0.5095 94.53277974439672 4.89812203755924 7.028469430611388 0.7821743565128697
10 1.06 1.5085 93.98022619546717 5.128163436731281 7.229405411891762 0.6597168056638867
10 1.06 2.5075 93.85922301553164 5.23969520609586 7.3340133197336055 0.6131877362452751
10 1.06 3.5065 93.80918281633677 5.3322973540528835 7.409311813763725 0.5957880842383152
10 1.06 4.5055 93.77924701505644 5.4124737505250256 7.48035039299214 0.5791684166316674
10 1.06 5.5045 93.74601967960588 5.516553668926626 7.540559188816224 0.5575688486230276
10 1.06 6.5035 93.72191876162583 5.594558108837801 7.622697546049079 0.5318893622127557
10 1.06 7.5025 93.69683026339811 5.677656446871113 7.683926321473571 0.5071098578028439
10 1.06 8.5015 93.66047999040492 5.798824023519534 7.766154676906462 0.48146037079258414
10 1.06 9.5005 93.63692266155255 5.876924461510753 7.8330533389332215 0.45737085258294835
10 1.12 1.009 97.91669166616406 5.141675166496674 7.23537529249415 0.6813463730725385
10 1.12 2.008 97.61698206035742 5.367804643907063 7.434151316973661 0.5984880302393952
10 1.12 3.007 97.48308873822441 5.5416811663766845 7.559878802423952 0.5444291114177716
10 1.12 4.006 97.36002519949827 5.738387232255364 7.726195476090478 0.49289014219715604
10 1.12 5.005 97.2391324173556 5.935339293214105 7.892362152756945 0.4373312533749325
10 1.12 6.004 97.12362872743101 6.127341453170958 8.003809923801525 0.3860022799544009
10 1.12 7.003 97.00857622848561 6.319151616967634 8.158006839863203 0.33014339713205737
10 1.12 8.002 96.87960280795502 6.533995320093569 8.290244195116097 0.2823843523129537
10 1.12 9.001 96.74671146578558 6.755480890382227 8.441531169376612 0.22988540229195417
10 1.24 0.5095 105.98279114417964 5.068158636827267 7.173516529669406 0.7308453830923382
10 1.24 1.5085 104.99544969100536 5.541363172736538 7.570288594228115 0.5597888042239155
10 1.24 2.5075 104.49666646666792 5.9243115137697036 7.870162596748065 0.4380212395752085
10 1.24 3.5065 104.00468470630386 6.329801403971898 8.15764684706306 0.33044339113217736
10 1.24 4.5055 103.5186008279868 6.734499310013769 8.43145137097258 0.22922541549169018
10 1.24 5.5045 103.11700006001007 7.0691666166676725 8.633137337253254 0.15647687046259076
10 1.24 6.5035 102.66980260395981 7.4418311633768 8.813913721725566 0.0995380092398152
10 1.24 7.5025 102.31754244915561 7.735381292374387 8.917561648767025 0.060418791624167516
10 1.24 8.5015 102.08585108297989 7.92845743085146 8.951580968380632 0.03638927221455571
10 1.24 9.5005 101.83733365331216 8.135555288894476 8.980710385792284 0.021959560808783824
10 1.3 0.01 112.79958600828074 4.550404991900182 6.677086458270835 0.9874002519949601
10 1.3 10.0 104.09066718665116 8.60622187556167 8.998860022799544 0.004529909401811963
10 1.42 0.5095 117.1703497930041 5.23032939341215 7.308963820723585 0.6730665386692266
10 1.42 1.5085 115.23605207895733 5.989506209875787 7.917531649367013 0.4300713985720286
10 1.42 2.5075 113.72990820183274 6.700347993040129 8.417741645167096 0.2388252234955301
10 1.42 3.5065 112.40698866021914 7.330005399892015 8.75652486950261 0.11375772484550309
10 1.42 4.5055 111.36618647627263 7.8256254874903455 8.93670126597468 0.0504289914201716
10 1.42 5.5045 110.60412851743443 8.188510229795037 8.987910241795165 0.021959560808783824
10 1.42 6.5035 110.07821503571915 8.43894522109499 8.995860082798345 0.008399832003359933
10 1.42 7.5025 109.34862662745907 8.786368272633057 9.0 0.0019499610007799844
10 1.42 8.5015 109.41283494329298 8.755792884140247 9.0 0.001109977800443991
10 1.42 9.5005 109.37071398569978 8.775850482988226 9.0 0.0012899742005159896
10 1.6 1.009 126.21045779084335 5.94072718545637 7.881862362752745 0.4492110157796844
10 1.6 2.008 123.25415491690227 6.915377692446206 8.542809143817124 0.19043619127617448
10 1.6 3.007 120.99800803983536 7.667330653386837 8.890532189356213 0.06629867402651947
10 1.6 4.006 119.27974440510135 8.240085198296347 8.990580188396232 0.017699646007079857
10 1.6 5.005 118.24026519472612 8.586578268432426 8.998740025199496 0.004709905801883962
10 1.6 6.004 117.57831043381576 8.807229855401085 8.999730005399892 8.999820003599928E-4
10 1.6 7.003 117.344027119477 8.885324293513838 9.0 4.499910001799964E-4
10 1.6 8.002 117.17151856963888 8.942827143455828 9.0 2.0999580008399833E-4
10 1.6 9.001 117.06047879043139 8.979840403192085 9.0 5.999880002399952E-5
10 1.78 0.01 146.03550728985172 4.546193076138452 6.676966460670786 0.9811003779924401
10 1.78 10.0 125.10000000006558 9.0 9.0 0.0
10 1.9 0.5095 145.75761684766326 5.643985120297629 7.656266874662506 0.5369592608147837
10 1.9 1.5085 138.73257934841243 7.170588588228247 8.671746565068698 0.14111717765644688
10 1.9 2.5075 134.44049019021156 8.124335513289939 8.979960400791985 0.02267954640907182
10 1.9 3.5065 132.0778484430122 8.649367012659082 8.99895002099958 0.003599928001439971
10 1.9 4.5055 131.01641867159827 8.88524029519153 9.0 3.899922001559969E-4
10 1.9 5.5045 130.50350992980103 8.999220015599699 9.0 0.0
10 1.9 6.5035 130.5858042839104 8.98093238135265 9.0 0.0
10 1.9 7.5025 130.6649667006669 8.963340733183392 9.0 5.999880002399952E-5
10 1.9 8.5015 130.5 9.0 9.0 0.0
10 1.9 9.5005 130.5 9.0 9.0 0.0
10 1.96 0.01 158.2042683146632 4.574014519709581 6.704955900881982 0.9796304073918521
10 1.96 10.0 133.20000000008275 9.0 9.0 0.0
12 0.02 1.009 22.509539209216364 3.308743825123506 5.715365692686146 0.3003539929201416
12 0.02 2.008 17.753573528529575 2.41528669426605 4.669706605867883 0.08012839743205136
12 0.02 3.007 16.06874602507915 2.0823733525324677 4.370972580548389 0.023999520009599807
12 0.02 4.006 15.476137277253999 1.9696906061865385 4.388222235555289 0.01019979600407992
12 0.02 5.005 14.985487490253377 1.8896772064528573 4.717105657886842 0.0036599268014639707
12 0.02 6.004 14.832189356214325 1.8630527389416187 4.828553428931421 0.0017099658006839863
12 0.02 7.003 14.563590928182757 1.8461580768343806 5.236455270894582 8.999820003599928E-4
12 0.02 8.002 14.280374392518432 1.841438171232404 6.615107697846043 3.2999340013199736E-4
12 0.02 9.001 14.31361552768339 1.833333333328946 5.74632507349853 1.499970000599988E-4
12 0.14 0.5095 42.72926381472514 4.554868902621943 7.088318233635327 0.6782564348713026
12 0.14 1.5085 38.44998980020314 3.51506969860605 6.076288474230515 0.32204355912881744
12 0.14 2.5075 36.75000000000043 3.082423351532997 5.9838003239935205 0.1641867162656747
12 0.14 3.5065 34.3560124797508 2.613802723945545 7.315233695326094 0.04382912341753165
12 0.14 4.5055 29.91903581927771 2.052373952520632 10.269604607907842 0.0014399712005759885
12 0.14 5.5045 27.96634127315084 1.8384382312310756 11.0 2.999940001199976E-5
12 0.14 6.5035 27.939999999976784 1.833333333328946 11.0 0.0
12 0.14 7.5025 27.939999999976784 1.833333333328946 11.0 0.0
12 0.14 8.5015 27.939999999976784 1.833333333328946 11.0 0.0
12 0.14 9.5005 27.939999999976784 1.833333333328946 11.0 0.0
12 0.2 0.01 53.1293694126114 5.491120177596486 8.024449511009779 0.9937301253974921
12 0.2 10.0 35.19999999997791 1.833333333328946 11.0 0.0
12 0.32 0.5095 63.15362452750873 4.877147457050851 7.432711345773084 0.7575748485030299
12 0.32 1.5085 61.05242935141142 4.243245135097296 6.856242875142497 0.4260214795704086
12 0.32 2.5075 59.80466310673778 3.910961780764354 6.832753344933101 0.23054538909221817
12 0.32 3.5065 54.551604967909476 2.8922821543568475 9.874062518749625 0.0370492590148197
12 0.32 4.5055 51.68125037498502 2.311163776725233 10.992680146397072 0.0024299514009719805
12 0.32 5.5045 50.54465350692649 2.0354542909123605 11.0 5.399892002159956E-4
12 0.32 6.5035 50.52074518507401 2.0295944081118886 11.0 1.7999640007199856E-4
12 0.32 7.5025 50.515359692791705 2.028274434511832 11.0 1.7999640007199856E-4
12 0.32 8.5015 49.725956680843034 1.8347933041295579 11.0 0.0
12 0.32 9.5005 49.71999999997665 1.833333333328946 11.0 0.0
12 0.5 1.009 81.74416511669767 4.919416611667771 7.488330233395332 0.631907361852763
12 0.5 2.008 80.67117657646847 4.596263074738491 7.2523249535009295 0.3659926801463971
12 0.5 3.007 79.57009359812804 4.292509149816863 7.494480110397792 0.1735765284694306
12 0.5 4.006 75.24788504229916 3.051528969420725 10.49280014399712 0.025799484010319795
12 0.5 5.005 73.66493670126597 2.554773904521761 10.999520009599808 0.006389872202555949
12 0.5 6.004 72.83510829783404 2.2783694326113855 11.0 0.0020699586008279835
12 0.5 7.003 72.49928001439972 2.1664266714680442 11.0 7.799844003119938E-4
12 0.5 8.002 72.18713625727486 2.06237875242477 11.0 3.2999340013199736E-4
12 0.5 9.001 71.60535789284215 1.8684526309440133 11.0 5.999880002399952E-5
12 0.68 0.01 101.53724965500648 5.495615087698245 8.026639467210655 0.9962500749985
12 0.68 10.0 93.89594288115924 2.1541369172621723 11.0 8.399832003359933E-4
12 0.8 0.5095 113.00784184316271 5.564933701325967 8.101307973840523 0.8213235735285295
12 0.8 1.5085 112.47077458450863 5.444691106177896 7.984670306593868 0.5801883962320754
12 0.8 2.5075 112.12294354112798 5.279589408211895 7.857982840343193 0.40736185276294473
12 0.8 3.5065 111.82598548029144 5.097863042739222 7.754034919301614 0.2680446391072179
12 0.8 4.5055 111.55057298854047 4.9093318133637975 7.655456890862183 0.17729645407091857
12 0.8 5.5045 111.37440451191101 4.782684346313045 7.456980860382792 0.11942761144777105
12 0.8 6.5035 111.1080038399253 4.57576348473034 7.656536869262615 0.07817843643127137
12 0.8 7.5025 110.79217615648145 4.3199536009277555 8.161306773864522 0.05228895422091558
12 0.8 8.5015 109.94715905682317 3.6209725805484743 9.817483650326993 0.030449391012179756
12 0.8 9.5005 109.86338273234179 3.5519589608206994 9.445611087778245 0.02255954880902382
12 0.86 0.01 119.68197396052045 5.518754624907497 8.047969040619188 0.995230095398092
12 0.86 10.0 117.31800683985844 4.5209145817082605 7.690256194876103 0.06038879222415552
12 0.98 1.009 130.3550854983162 5.845613087738311 8.351532969340614 0.7680446391072179
12 0.98 2.008 130.15730965383898 5.898482030359435 8.400461990760185 0.7050158996820064
12 0.98 3.007 130.1007949841329 5.886402271954548 8.413631727365452 0.6621767564648707
12 0.98 4.006 130.07868002643121 5.868707625847468 8.384052318953621 0.6403071938561229
12 0.98 5.005 130.066052678977 5.847758044839088 8.368482630347392 0.625607487850243
12 0.98 6.004 130.05943841126037 5.808563828723414 8.341573168536629 0.5985480290394192
12 0.98 7.003 130.0552960941068 5.787764244715097 8.307463850722986 0.5843883122337553
12 0.98 8.002 130.05070498592528 5.753179936401261 8.275814483710326 0.5613187736245275
12 0.98 9.001 130.04652966942996 5.720345593088166 8.267594648107037 0.5454190916181676
12 1.04 0.5095 136.40974500507753 5.842128157436838 8.352462950740986 0.8314033719325613
12 1.04 1.5085 135.95112857739684 6.044734105317903 8.553938921221576 0.7336353272934542
12 1.04 2.5075 135.83947201052595 6.132717345653066 8.604157916841663 0.6949961000779984
12 1.04 3.5065 135.7974836502959 6.21836063278733 8.702315953680927 0.6809563808723825
12 1.04 4.5055 135.7708465830403 6.298539029219429 8.769364612707745 0.6655066898662026
12 1.04 5.5045 135.74666826661203 6.392392152156974 8.82462350752985 0.6470570588588228
12 1.04 6.5035 135.72963100735817 6.460390792184146 8.919901601967961 0.6319973600527989
12 1.04 7.5025 135.71079618405923 6.539389212215786 8.970090598188037 0.6159776804463911
12 1.04 8.5015 135.6907313853595 6.622472550549036 9.048269034619308 0.5942281154376913
12 1.04 9.5005 135.67022619546577 6.707650846983028 9.10994780104398 0.5771884562308753
12 1.1 0.01 143.83647327053538 5.51362972740546 8.052738945221096 0.993580128397432
12 1.1 10.0 140.37022859542913 8.049619007619881 10.133767324653506 0.25679486410271796
12 1.22 0.5095 153.41922001560135 6.062923741525254 8.561648767024659 0.7787844243115137
12 1.22 1.5085 152.4024437511272 6.574518509629805 8.992080158396831 0.6122577548449031
12 1.22 2.5075 151.69587688246284 7.082513349733004 9.424581508369833 0.4904601907961841
12 1.22 3.5065 151.09288354232876 7.535999280014401 9.759704805903882 0.372712545749085
12 1.22 4.5055 150.48723045538875 7.994550108997737 10.084388312233756 0.2703845923081538
12 1.22 5.5045 149.8940637187216 8.44389112217766 10.393352132957341 0.1846463070738585
12 1.22 6.5035 149.3645497090073 8.84503809923814 10.62959740805184 0.124437511249775
12 1.22 7.5025 148.9140229195409 9.186346273074637 10.769514609707805 0.07931841363172737
12 1.22 8.5015 148.4828997420078 9.512954740906169 10.898062038759225 0.04688906221875563
12 1.22 9.5005 148.08114597707734 9.817313653727776 10.95737085258295 0.02861942761144777
12 1.4 1.009 168.68485630287515 6.737410251794935 9.139467210655788 0.5824083518329634
12 1.4 2.008 166.5777284454318 7.593278134437248 9.815863682726345 0.35864282714345713
12 1.4 3.007 164.4607127857468 8.47472050558987 10.37955240895182 0.18401631967360652
12 1.4 4.006 162.87525049499013 9.135312293754568 10.74872502549949 0.0872082558348833
12 1.4 5.005 161.47077458450985 9.720510589788857 10.955720885582288 0.03371932561348773
12 1.4 6.004 160.455846883063 10.143397132057615 10.990490190196196 0.01481970360592788
12 1.4 7.003 159.94541309173425 10.356077878443935 10.999520009599808 0.00629987400251995
12 1.4 8.002 159.57342053157 10.511074778505213 11.0 0.003209935801283974
12 1.4 9.001 158.92226555474286 10.782389352211112 11.0 6.599868002639947E-4
12 1.58 0.01 191.8651358972731 5.55043399132019 8.081538369232616 0.9863502729945401
12 1.58 10.0 170.3655888882347 10.9754054918873 11.0 2.999940001199976E-5
12 1.7 0.5095 196.85503989920255 6.59640307193861 9.019589608207836 0.623417531649367
12 1.7 1.5085 190.044852102957 8.179991400172042 10.221545569088619 0.2377152456950861
12 1.7 2.5075 185.2396682066392 9.32388852222981 10.837433251334973 0.0626087478250435
12 1.7 3.5065 182.28225535490242 10.028034439312297 10.988210235795284 0.01505969880602388
12 1.7 4.5055 180.0209575808582 10.566438671229164 11.0 0.0024599508009839803
12 1.7 5.5045 179.3596178075922 10.723900521986007 11.0 7.199856002879943E-4
12 1.7 6.5035 178.4163796724661 10.948481030373744 11.0 2.999940001199976E-5
12 1.7 7.5025 178.49829903413305 10.928976420463366 11.0 2.999940001199976E-5
12 1.7 8.5015 178.56871062586228 10.91221175575768 11.0 2.999940001199976E-5
12 1.7 9.5005 178.20550189006892 10.998690026199323 11.0 2.999940001199976E-5
12 1.76 0.01 210.03014579709003 5.5393592128157465 8.060808783824324 0.9855402891942161
12 1.76 10.0 182.19720885590826 10.991840163195073 11.0 2.999940001199976E-5
12 1.88 1.009 207.04730185395147 7.787254254914937 9.929321413571728 0.3158336833263335
12 1.88 2.008 198.33015179696113 9.437471250574957 10.873252534949302 0.05801883962320754
12 1.88 3.007 193.72888222239106 10.30892382152453 10.997120057598847 0.007349853002939942
12 1.88 4.006 192.05666046673298 10.625632487354652 11.0 0.0010499790004199917
12 1.88 5.005 190.42343073140088 10.934956300869775 11.0 8.999820003599928E-5
12 1.88 6.004 190.67839683208138 10.886667266644562 11.0 1.7999640007199856E-4
12 1.88 7.003 190.08000000005913 11.0 11.0 0.0
12 1.88 8.002 190.08000000005913 11.0 11.0 0.0
12 1.88 9.001 190.08000000005913 11.0 11.0 0.0
12 1.94 0.01 228.10489110217958 5.536459270814563 8.071368572628547 0.9829303413931721
12 1.94 10.0 194.04000000003347 11.0 11.0 0.0
12 2.0 0.01 233.9967900641987 5.546984060318802 8.071128577428452 0.9812203755924882
12 2.0 10.0 198.0 11.0 11.0 0.0
14 0.0 0.01 45.26861462770744 6.46694494681534 9.376132477350453 0.990910181796364
14 0.0 10.0 13.0 1.8571428571391961 3.724785504289914 0.0012899742005159896
14 0.12 0.5095 54.81933401331916 5.239416640238608 8.154526909461811 0.6539269214615707
14 0.12 1.5085 47.99494690106244 3.8933521329574217 6.755084898302034 0.28979420411591766
14 0.12 2.5075 45.30993460130679 3.309576665609199 6.491270174596508 0.1373672526549469
14 0.12 3.5065 41.5153740925204 2.72857828557736 8.543229135417292 0.03860922781544369
14 0.12 4.5055 35.614460910779506 2.133248763596346 12.475790484190316 6.899862002759944E-4
14 0.12 5.5045 34.02345833083909 1.9640778612994263 12.932111357772845 8.999820003599928E-5
14 0.12 6.5035 33.50162356754351 1.8931207090113134 13.0 5.999880002399952E-5
14 0.12 7.5025 34.72303353932731 1.9131688794770465 12.11687766244675 5.999880002399952E-5
14 0.12 8.5015 33.28000000002108 1.8571428571391961 13.0 0.0
14 0.12 9.5005 33.28000000002108 1.8571428571391961 13.0 0.0
14 0.3 1.009 81.16677866442636 5.124386083706895 8.021629567408652 0.5522589548209036
14 0.3 2.008 78.79617807643885 4.528812280897144 7.565368692626148 0.2996940061198776
14 0.3 3.007 75.54900101997895 3.9456282302923054 9.157586848263035 0.11075778484430311
14 0.3 4.006 67.06960760783947 2.544180544960587 12.998380032399352 0.002969940601187976
14 0.3 5.005 65.39416211675575 2.202890227910219 13.0 5.999880002399952E-4
14 0.3 6.004 65.19525409493663 2.1622967540647218 13.0 4.1999160016799666E-4
14 0.3 7.003 64.46503569925032 2.0132725916913565 13.0 8.999820003599928E-5
14 0.3 8.002 63.83406131874433 1.8845023099506948 13.0 5.999880002399952E-5
14 0.3 9.001 63.69999999996983 1.8571428571391961 13.0 0.0
14 0.48 0.01 111.62732585347821 6.472447693903277 9.381412371752566 0.9955000899982
14 0.48 10.0 94.64453950922368 2.0012471179147666 13.0 0.0
14 0.6 0.5095 127.3106437871245 6.168772338838919 9.093808123837523 0.8168536629267414
14 0.6 1.5085 125.86496670066603 5.685314865131309 8.610967780644387 0.500509989800204
14 0.6 2.5075 124.7663346733068 5.348931592796673 8.365392692146157 0.2725445491090178
14 0.6 3.5065 123.89018419631702 5.092192441865374 8.388942221155578 0.13820723585528288
14 0.6 4.5055 121.95108897821906 4.472023416674819 9.710355792884142 0.054628907421851565
14 0.6 5.5045 117.52560748784803 2.968179207844878 12.789794204115918 0.010469790604187916
14 0.6 6.5035 116.61334373311284 2.647622761830666 13.0 0.005339893202135957
14 0.6 7.5025 116.12921341572248 2.47471907704639 13.0 0.002369952600947981
14 0.6 8.5015 115.57906041883639 2.278235863854581 13.0 5.999880002399952E-4
14 0.6 9.5005 115.58179636412618 2.279212987167444 13.0 5.699886002279955E-4
14 0.66 0.01 136.51199496009903 6.497407194713231 9.409281814363712 0.996070078598428
14 0.66 10.0 125.41885522289321 2.2264097575185535 13.0 4.7999040019199615E-4
14 0.78 1.009 152.16041939161113 6.305582459779424 9.216235675286494 0.7067258654826903
14 0.78 2.008 151.59059398811982 6.064734419597329 8.979420411591768 0.49499010019799605
14 0.78 3.007 151.11061918761433 5.83008339833207 8.752804943901122 0.3234835303293934
14 0.78 4.006 150.6933317333588 5.5976051907533915 8.57064858702826 0.20081598368032638
14 0.78 5.005 150.33907181855946 5.40076627038888 8.475550488990221 0.125127497450051
14 0.78 6.004 149.9781856362883 5.18558485973133 8.658396832063358 0.0751184976300474
14 0.78 7.003 149.57944921101537 4.935964137860058 8.713295734085317 0.04622907541849163
14 0.78 8.002 148.11388252235463 3.9938244092259 11.478460430791385 0.029609407811843763
14 0.78 9.001 146.9830911381741 3.261701908818616 12.916481670366593 0.01766964660706786
14 0.84 0.01 161.355340493191 6.503557071715738 9.40967180656387 0.9961600767984641
14 0.84 10.0 158.1429723405616 4.698497458622363 9.519529609407812 0.036719265614687704
14 0.96 1.009 176.87113217732878 6.725651201261622 9.616517669646607 0.7982540349193016
14 0.96 2.008 176.69814243712068 6.715292837000455 9.604997900042 0.7193856122877542
14 0.96 3.007 176.6262842742843 6.667349510152635 9.5494990100198 0.6646967060658787
14 0.96 4.006 176.58161156774455 6.596053793209786 9.483410331793364 0.6149277014459711
14 0.96 5.005 176.5544201115814 6.530826526326613 9.429111417771644 0.5718785624287515
14 0.96 6.004 176.5329393412027 6.463057881699498 9.357232855342893 0.5355792884142317
14 0.96 7.003 176.51665806682956 6.411184633450195 9.317963640727186 0.5052198956020879
14 0.96 8.002 176.49020099598496 6.321529283700083 9.22067558648827 0.4591708165836683
14 0.96 9.001 176.4809503810065 6.2882856628581925 9.204835903281934 0.4388612227755445
14 1.02 0.5095 185.16160736785653 6.7688160522504175 9.658426831463371 0.877722445551089
14 1.02 1.5085 184.78127017460346 6.924997214341438 9.799004019919602 0.7975040499190016
14 1.02 2.5075 184.69320633587998 7.01263403303365 9.864012719745604 0.7797744045119097
14 1.02 3.5065 184.65902081959217 7.0782470064884375 9.932291354172916 0.7614747705045899
14 1.02 4.5055 184.6471614567792 7.11443485416006 9.95680086398272 0.7545449091018179
14 1.02 5.5045 184.63858882822973 7.162116757664915 10.001469970600589 0.7391252174956501
14 1.02 6.5035 184.6307571848605 7.212155756884828 10.057748845023099 0.7363052738945222
14 1.02 7.5025 184.62509509810198 7.249539294928335 10.086158276834464 0.7273354532909342
14 1.02 8.5015 184.61810103798348 7.299715434262745 10.124557508849824 0.7195056098878022
14 1.02 9.5005 184.6114399712031 7.346857348567306 10.182186356272874 0.7070558588828223
14 1.2 1.009 208.23332933341294 7.334369026905117 10.165656686866262 0.7326153476930461
14 1.2 2.008 207.39168416631517 7.870591159605448 10.632117357652847 0.6010979780404392
14 1.2 3.007 206.62510349792896 8.411437485535966 11.07589848203036 0.4786704265914682
14 1.2 4.006 205.86194276114725 8.955858025697207 11.489740205195895 0.3656926861462771
14 1.2 5.005 205.09707805843684 9.502112814888731 11.888612227755445 0.2605447891042179
14 1.2 6.004 204.4368812623728 9.973656241163877 12.230845383092339 0.17912641747165056
14 1.2 7.003 203.78537229255326 10.43901979103522 12.473540529189416 0.12197756044879103
14 1.2 8.002 203.26452270954633 10.811055207467913 12.679216415671686 0.08105837883242335
14 1.2 9.001 202.78492830143495 11.153622641834533 12.827203455930881 0.053158936821263575
14 1.38 0.01 235.7162812743742 6.514691134748742 9.4115017699646 0.9910901781964361
14 1.38 10.0 217.10726225474542 12.801781107214813 13.0 2.3999520009599807E-4
14 1.5 0.5095 247.10552288954221 7.446519641035748 10.261804763904722 0.7177356452870942
14 1.5 1.5085 241.92893142137157 8.877975297637484 11.44810103797924 0.3838123237535249
14 1.5 2.5075 237.48483530329392 10.147189913347678 12.318863622727546 0.15932681346373073
14 1.5 3.5065 234.31859362812745 11.051830391963462 12.782414351712966 0.06110877782444351
14 1.5 4.5055 232.08981820363593 11.688623370389333 12.967570648587028 0.021869562608747825
14 1.5 5.5045 229.58795824083518 12.403440502623454 12.998860022799544 0.002999940001199976
14 1.5 6.5035 229.51162476750466 12.425250066428566 13.0 0.0023999520009599807
14 1.5 7.5025 228.03632927341454 12.846763064729073 13.0 1.499970000599988E-4
14 1.5 8.5015 228.49080518389633 12.71691280458731 13.0 5.099898002039959E-4
14 1.5 9.5005 228.00736485270295 12.855038613472484 13.0 2.999940001199976E-5
14 1.56 0.01 260.27294054119045 6.544540537760656 9.446301073978521 0.98965020699586
14 1.56 10.0 233.22565308678554 12.93223135536264 13.0 5.999880002399952E-5
14 1.68 1.009 264.61864282713026 8.644772818829491 11.273654526909462 0.4268614627707446
14 1.68 2.008 256.6251346973293 10.322450693846251 12.42860142797144 0.13454730905381893
14 1.68 3.007 251.12815863684457 11.47727759730484 12.92755144897102 0.03218935621287574
14 1.68 4.006 247.69394852097977 12.198750310711473 12.997690046199075 0.006389872202555949
14 1.68 5.005 245.95865722677112 12.563307305275215 13.0 0.0015299694006119878
14 1.68 6.004 245.16762224747885 12.729491124446904 13.0 3.599928001439971E-4
14 1.68 7.003 244.34047999032862 12.903260506200175 13.0 5.999880002399952E-5
14 1.68 8.002 244.92913061739375 12.779594408104082 13.0 2.999940001199976E-5
14 1.68 9.001 243.98146757055812 12.978683283470927 13.0 0.0
14 1.74 0.01 285.16236275274673 6.530907953269508 9.446931061378772 0.9883302333953321
14 1.74 10.0 249.33999999989783 13.0 13.0 0.0
14 1.86 1.009 283.35642167156124 9.163672440837717 11.651916961660767 0.33113337733245335
14 1.86 2.008 271.79092458151575 11.08456402300603 12.794924101517969 0.05615887682246355
14 1.86 3.007 265.8034061318645 12.079168416633049 12.99670006599868 0.008399832003359933
14 1.86 4.006 262.79268374633386 12.57928841422892 13.0 0.0011699766004679907
14 1.86 5.005 260.95356752856253 12.88478944705237 13.0 1.7999640007199856E-4
14 1.86 6.004 260.33048419017626 12.988291662734767 13.0 0.0
14 1.86 7.003 260.2599999998326 13.0 13.0 0.0
14 1.86 8.002 260.2599999998326 13.0 13.0 0.0
14 1.86 9.001 260.29789944184336 12.993704411624165 13.0 0.0
14 1.92 0.01 309.71130377391665 6.553184650592678 9.449061018779624 0.9850902981940362
14 1.92 10.0 265.7199999999548 13.0 13.0 0.0
14 1.98 0.5095 304.64628187436165 8.129031705080203 10.857982840343194 0.5536989260214795
14 1.98 1.5085 287.8213607728077 10.574145659945993 12.55204895902082 0.10562788744225116
14 1.98 2.5075 275.9357370852454 12.306743865116914 12.997240055198896 0.007289854202915942
14 1.98 3.5065 274.1137379252021 12.572341410309418 13.0 0.0014099718005639887
14 1.98 4.5055 272.85012179751345 12.75654201200782 13.0 3.2999340013199736E-4
14 1.98 5.5045 271.5410835782112 12.947363909849285 13.0 2.999940001199976E-5
14 1.98 6.5035 271.3395212095228 12.97674617935536 13.0 2.999940001199976E-5
14 1.98 7.5025 271.1799999998742 13.0 13.0 0.0
14 1.98 8.5015 271.1799999998742 13.0 13.0 0.0
14 1.98 9.5005 271.1799999998742 13.0 13.0 0.0
16 0.1 1.009 60.619127617447106 4.875333743325133 8.050038999220016 0.39395212095758086
16 0.1 2.008 54.53143637127341 3.795767834643307 6.940751184976301 0.18134637307253854
16 0.1 3.007 51.114075718486355 3.1898512029759405 7.481730365392692 0.06911861762764744
16 0.1 4.006 40.66262074757613 2.189209965800684 14.260964780704386 9.299814003719926E-4
16 0.1 5.005 39.347741045167 2.089420711585768 14.764234715305694 1.7999640007199856E-4
16 0.1 6.004 37.69431511369357 1.8885334793304134 14.925481490370192 0.0
16 0.1 7.003 37.5 1.875 15.0 0.0
16 0.1 8.002 37.5 1.875 15.0 2.999940001199976E-5
16 0.1 9.001 37.5 1.875 15.0 0.0
16 0.28 0.01 110.57282054359361 7.4770729585408295 10.734985300293994 0.993580128397432
16 0.28 10.0 78.0 1.875 15.0 0.0
16 0.4 0.5095 128.8464510709787 6.657954340913181 9.923231535369293 0.7613547729045419
16 0.4 1.5085 125.03828523429479 5.732214105717886 8.936521269574609 0.4247915041699166
16 0.4 2.5075 122.7754844903106 5.245402591948161 8.797414051718965 0.20339593208135837
16 0.4 3.5065 113.6426291474194 3.6045516589668205 13.717405651886962 0.02618947621047579
16 0.4 4.5055 109.03739125216806 2.716123177536449 15.0 0.003629927401451971
16 0.4 5.5045 106.90794384114851 2.2724883002339955 15.0 5.999880002399952E-4
16 0.4 6.5035 106.40870582587156 2.168480380392392 15.0 1.499970000599988E-4
16 0.4 7.5025 106.14706305877081 2.1139714705705885 15.0 8.999820003599928E-5
16 0.4 8.5015 105.77045659093108 2.0355117897642048 15.0 5.999880002399952E-5
16 0.4 9.5005 105.0 1.875 15.0 0.0
16 0.46 0.01 143.21343793122708 7.482769094618107 10.734265314693706 0.9957700845983081
16 0.46 10.0 119.16687586251464 2.029369412611748 15.0 0.0
16 0.58 1.009 162.2268440631193 6.608451580968381 9.854712905741884 0.6438471230575389
16 0.58 2.008 160.42318653626893 6.081684616307673 9.308513829723406 0.3612227755444891
16 0.58 3.007 159.16473390530456 5.751027479450411 9.182156356872863 0.18989620207595848
16 0.58 4.006 157.29530869381563 5.255808633827323 9.799484010319794 0.0755684886302274
16 0.58 5.005 150.97638027241857 3.4922189056218875 14.434181316373673 0.01754964900701986
16 0.58 6.004 148.06853422927523 2.639444711105778 15.0 0.003479930401391972
16 0.58 7.003 148.0098950020562 2.6219925601487972 15.0 0.0020399592008159837
16 0.58 8.002 146.96808483825427 2.311930011399772 15.0 4.7999040019199615E-4
16 0.58 9.001 146.46059218812186 2.1608905321893563 15.0 2.999940001199976E-4
16 0.64 0.01 175.88235435291512 7.502519949601008 10.755294894102118 0.99655006899862
16 0.64 10.0 160.00264114721986 2.2231392872142557 15.0 2.3999520009599807E-4
16 0.76 1.009 196.50326633465897 7.091651916961661 10.344693106137877 0.7194456110877783
16 0.76 2.008 195.6433791324121 6.729945401091978 10.002909941801164 0.4830203395932081
16 0.76 3.007 194.92184676306871 6.409210565788684 9.656146877062458 0.3115437691246175
16 0.76 4.006 194.3344789104357 6.142725895482091 9.415971680566388 0.18974620507589848
16 0.76 5.005 193.8306965860969 5.907710595788084 9.25037499250015 0.11222775544489111
16 0.76 6.004 193.4282054359245 5.715796934061319 9.108027839443212 0.06509869802603947
16 0.76 7.003 190.91205015900687 4.428312683746325 13.304133917321654 0.03629927401451971
16 0.76 8.002 189.18806023879537 3.5354480410391793 15.0 0.020939581208375833
16 0.76 9.001 188.6731769364731 3.267279654406912 15.0 0.012989740205195896
16 0.82 0.01 208.4657400851887 7.4943863622727545 10.749445011099779 0.996970060598788
16 0.82 10.0 204.0499022019534 5.03347558048839 11.162326753464932 0.0251994960100798
16 0.88 0.5095 218.87955480888994 7.500888732225356 10.73897522049559 0.8787424251514969
16 0.88 1.5085 218.44584748303436 7.321739815203696 10.571188576228476 0.6981160376792465
16 0.88 2.5075 218.12476270473132 7.097659296814064 10.337703245935081 0.5480590388192236
16 0.88 3.5065 217.89014339712193 6.909968050638987 10.14357712845743 0.4373912521749565
16 0.88 4.5055 217.6667522649543 6.703943421131577 9.934061318773624 0.3405531889362213
16 0.88 5.5045 217.5011183776369 6.5489252714945705 9.799544009119817 0.2654046919061619
16 0.88 6.5035 217.34063118738885 6.388570978580429 9.612227755444891 0.20615587688246234
16 0.88 7.5025 217.2047303054075 6.250059998800024 9.512389752204957 0.16433671326573468
16 0.88 8.5015 217.06456350873935 6.106692866142677 9.314213715725685 0.12410751784964301
16 0.88 9.5005 216.9452510949855 5.983894072118558 9.27092458150837 0.09512809743805124
16 0.94 1.009 229.49163856721756 7.581954610907782 10.812593748125037 0.8221335573288534
16 0.94 2.008 229.30829003418415 7.5143434631307375 10.756344873102538 0.7273354532909342
16 0.94 3.007 229.19077098456427 7.387832243355133 10.623237535249295 0.6443271134577309
16 0.94 4.006 229.10223795522285 7.2544999100018 10.47645047099058 0.5710685786284274
16 0.94 5.005 229.0343931121204 7.134423561528769 10.381352372952541 0.5146997060058799
16 0.94 6.004 228.98632507348432 7.045914081718365 10.280194396112078 0.46619067618647625
16 0.94 7.003 228.92549169015174 6.922879042419152 10.15947681046379 0.4116217675646487
16 0.94 8.002 228.87506749863903 6.821177326453471 10.098788024239516 0.37166256674866505
16 0.94 9.001 228.830170996571 6.72852417951641 9.958480830383392 0.3276834463310734
16 1.0 1.009 240.1977560448791 7.76157601847963 10.98440031199376 0.876522469550609
16 1.0 2.008 240.06212875742486 7.823179786404272 11.050278994420111 0.8465230695386092
16 1.0 3.007 240.02339953200936 7.834279564408712 11.045959080818383 0.8334733305333893
16 1.0 4.006 240.00665986680266 7.8417944141117175 11.057418851622968 0.8305333893322133
16 1.0 5.005 240.00293994120116 7.840418191636167 11.075568488630227 0.8290634187316254
16 1.0 6.004 240.0012299754005 7.839503209935801 11.059518809623807 0.8293934121317573
16 1.0 7.003 240.0005399892002 7.850790484190316 11.057868842623147 0.8331733365332693
16 1.0 8.002 240.0002399952001 7.856992860142797 11.068908621827564 0.8345233095338094
16 1.0 9.001 240.0000299994 7.843403131937361 11.044279114417712 0.8324233515329693
16 1.18 0.01 273.6413415731794 7.4977912941741165 10.74917501649967 0.994990100197996
16 1.18 10.0 264.6669550609065 12.870170096598068 14.770594588108239 0.0497690046199076
16 1.3 0.5095 292.54644207116024 8.185857532849344 11.386062278754425 0.8139437211255774
16 1.3 1.5085 289.8861852762953 9.218298134037319 12.306443871122578 0.5838183236335274
16 1.3 2.5075 287.51250074998427 10.203238435231295 13.085738285234296 0.38264234715305695
16 1.3 3.5065 285.3116997660041 11.12012509749805 13.765794684106318 0.23387532249355014
16 1.3 4.5055 283.4609677806463 11.891263424731505 14.27017459650807 0.13394732105357893
16 1.3 5.5045 281.74602507949777 12.605822883542329 14.661936761264775 0.06824863502729946
16 1.3 6.5035 280.3122637547189 13.203223435531289 14.879522409551809 0.03392932141357173
16 1.3 7.5025 279.5508339833159 13.520485840283195 14.954640907181856 0.020309593808123836
16 1.3 8.5015 278.40016199675466 13.999932501349972 14.99460010799784 0.008279834403311934
16 1.3 9.5005 277.92233455332894 14.19902726945461 14.998080038399232 0.003989920201595968
16 1.36 0.01 306.0458966820738 7.536134277314454 10.791744165116699 0.9930101397972041
16 1.36 10.0 284.87004619902126 14.420122847543048 15.0 0.001739965200695986
16 1.48 1.009 319.4823603527801 9.305457640847184 12.381412371752566 0.5656386872262554
16 1.48 2.008 313.5132081358558 10.855935381292374 13.591918161636768 0.2753944921101578
16 1.48 3.007 308.47693766122933 12.167464150716986 14.44060118797624 0.10898782024359513
16 1.48 4.006 304.7861186776482 13.128614927701445 14.868212635747286 0.03971920561588768
16 1.48 5.005 302.4207067859203 13.744607607847843 14.989170216595667 0.013019739605207897
16 1.48 6.004 301.0386224276374 14.10452540949181 14.998770024599509 0.004259914801703966
16 1.48 7.003 299.3603359932214 14.541579168416632 15.0 0.0011699766004679907
16 1.48 8.002 297.6716097676163 14.98135162296754 15.0 0.0
16 1.48 9.001 298.3896370071618 14.794365362692746 15.0 1.1999760004799904E-4
16 1.54 0.01 338.57945701087215 7.536531769364613 10.787814243715125 0.990910181796364
16 1.54 10.0 304.8000000000214 15.0 15.0 0.0
16 1.66 1.009 346.14444411111396 9.89764954700906 12.827743445131098 0.4459710805783884
16 1.66 2.008 335.9759074818228 11.822744795104098 14.216235675286494 0.14246715065698687
16 1.66 3.007 328.6613199735694 13.208083338333234 14.88870222595548 0.03161936761264775
16 1.66 4.006 324.8333239335917 13.933082588348233 14.99445011099778 0.007979840403191937
16 1.66 5.005 322.7736503270218 14.32317228655427 15.0 0.0021599568008639825
16 1.66 6.004 320.68007979819754 14.719681856362874 15.0 3.2999340013199736E-4
16 1.66 7.003 319.4555732884445 14.951595968080639 15.0 2.999940001199976E-5
16 1.66 8.002 319.199999999946 15.0 15.0 0.0
16 1.66 9.001 319.199999999946 15.0 15.0 0.0
16 1.72 0.01 371.01525649486643 7.546116577668447 10.799364012719746 0.9903401931961361
16 1.72 10.0 326.40000000020353 15.0 15.0 0.0
16 1.78 0.5095 371.08355852882346 9.002167456650866 12.131037379252415 0.629537409251815
16 1.78 1.5085 355.8119589608178 11.440391192176156 13.983980320393592 0.18977620447591048
16 1.78 2.5075 344.57098758025444 13.241828913421731 14.89155216895662 0.03131937361252775
16 1.78 3.5065 339.02665566689325 14.130343643127137 14.998560028799425 0.005069898602027959
16 1.78 4.5055 336.93536929262484 14.465485690286194 15.0 0.001139977200455991
16 1.78 5.5045 335.1422397553721 14.752846193076138 15.0 1.7999640007199856E-4
16 1.78 6.5035 335.0492500152333 14.767748395032099 15.0 1.7999640007199856E-4
16 1.78 7.5025 333.5999999997928 15.0 15.0 0.0
16 1.78 8.5015 333.5999999997928 15.0 15.0 0.0
16 1.78 9.5005 333.5999999997928 15.0 15.0 0.0
16 1.84 1.009 371.3601691965938 10.452544699106017 13.304223915521689 0.3366832663346733
16 1.84 2.008 356.3865938681272 12.680566388672226 14.703905921881562 0.0619487610247795
16 1.84 3.007 347.98152876939633 13.931320123597528 14.986590268194636 0.008339833203335933
16 1.84 4.006 345.259454010973 14.336390772184556 15.0 0.0020399592008159837
16 1.84 5.005 341.9625283494461 14.827004709905802 15.0 8.999820003599928E-5
16 1.84 6.004 341.24895422093437 14.933191336173277 15.0 2.999940001199976E-5
16 1.84 7.003 341.71985720289473 14.863116487670247 15.0 5.999880002399952E-5
16 1.84 8.002 340.80000000009784 15.0 15.0 0.0
16 1.84 9.001 340.80000000009784 15.0 15.0 0.0
16 1.96 0.5095 398.93522649547134 9.309282564348713 12.378472430551389 0.5659686806263875
16 1.96 1.5085 377.54650986980386 12.09029819403612 14.385372292554148 0.11432771344573109
16 1.96 2.5075 364.6694522109552 13.7669984100318 14.978670426591469 0.011459770804583908
16 1.96 3.5065 359.3751676966834 14.456358372832543 15.0 0.0013799724005519889
16 1.96 4.5055 356.14634907300774 14.876777464450711 15.0 5.999880002399952E-5
16 1.96 5.5045 355.19999999987596 15.0 15.0 0.0
16 1.96 6.5035 355.19999999987596 15.0 15.0 0.0
16 1.96 7.5025 355.19999999987596 15.0 15.0 0.0
16 1.96 8.5015 355.19999999987596 15.0 15.0 0.0
16 1.96 9.5005 355.19999999987596 15.0 15.0 0.0
18 0.08 0.01 94.71436491270266 8.474823836856519 12.0644987100258 0.9908501829963401
18 0.08 10.0 40.12000000002077 1.8888888888904165 17.0 0.0
18 0.2 0.5095 112.38741825163501 7.00143330466729 10.580488390232196 0.6778964420711586
18 0.2 1.5085 102.82473750525025 5.402145290427542 8.890172196556069 0.34166316673666525
18 0.2 2.5075 99.28878622427523 4.751258308167534 8.422541549169017 0.17810643787124258
18 0.2 3.5065 82.19195416092415 2.9028052772291306 16.93952120957581 0.004379912401751965
18 0.2 4.5055 77.24339113213011 2.2282487683553898 17.0 2.699946001079978E-4
18 0.2 5.5045 75.65013499734728 2.0069631940693817 17.0 0.0
18 0.2 6.5035 75.70194996103218 2.014159716805477 17.0 0.0
18 0.2 7.5025 74.79999999999805 1.8888888888904165 17.0 0.0
18 0.2 8.5015 74.79999999999805 1.8888888888904165 17.0 0.0
18 0.2 9.5005 74.79999999999805 1.8888888888904165 17.0 0.0
18 0.26 0.01 136.2005981880301 8.474283847656205 12.077968440631187 0.993430131397372
18 0.38 1.009 155.05605027899801 6.70569921934899 10.265494690106198 0.5623687526249475
18 0.38 2.008 151.41919181615495 5.961267441317815 9.464630707385853 0.29255414891702164
18 0.38 3.007 147.83600827983858 5.3436497936708 10.449931001379973 0.11648767024659507
18 0.38 4.006 133.33139497208268 3.05580555055577 17.0 0.005399892002159957
18 0.38 5.005 130.01945221093874 2.4622674213173887 17.0 8.099838003239935E-4
18 0.38 6.004 129.06415671686838 2.2910675119809056 17.0 3.2999340013199736E-4
18 0.38 8.002 126.9863364732018 1.9186982927019065 17.0 0.0
18 0.38 9.001 127.4399999999572 2.0 17.0 0.0
18 0.44 0.01 177.87768644626567 8.514059718805354 12.095938081238375 0.9955000899982
18 0.56 1.009 201.05457010858956 7.285340959847488 10.84352312953741 0.6337673246535069
18 0.56 2.008 198.48774224514946 6.616347673046491 10.171146577068459 0.3515929681406372
18 0.56 3.007 196.7149241015249 6.201629300747255 9.846013079738405 0.1736365272694546
18 0.56 4.006 194.54703305935428 5.705645887082595 10.767114657706847 0.07097858042839143
18 0.56 5.005 185.11023099540333 3.47228055438841 17.0 0.012779744405111898
18 0.56 6.004 182.504312713779 2.8142203822606415 17.0 0.002969940601187976
18 0.56 8.002 181.2764996700422 2.5041665833356115 17.0 8.399832003359933E-4
18 0.56 9.001 180.67956800870763 2.353426264805951 17.0 4.499910001799964E-4
18 0.62 0.01 219.26236575268916 8.503336599934464 12.093568128637427 0.9962500749985
18 0.68 0.5095 231.7744153117049 8.030336059945517 11.607607847843044 0.8383932321353573
18 0.68 1.5085 229.80902381950833 7.3513863056072015 10.908921821563569 0.5452090958180836
18 0.68 2.5075 228.3084058318631 6.861079445077752 10.384352312953741 0.31535369292614146
18 0.68 3.5065 227.18274674505022 6.509749805003949 9.988360232795344 0.16766664666706665
18 0.68 4.5055 226.14713505730225 6.196819396945416 9.85672286554269 0.07670846583068339
18 0.68 5.5045 223.35616727665152 5.271741231841858 12.73177536449271 0.0373492530149397
18 0.68 6.5035 218.50945461089245 3.620644253781431 16.971920561588767 0.015689686206275876
18 0.68 7.5025 217.1365740685501 3.144643773791138 17.0 0.005999880002399952
18 0.68 8.5015 216.0982492350397 2.7841143177146113 17.0 0.0030899382012359753
18 0.68 9.5005 215.67416811668198 2.6368639293894405 17.0 0.0018299634007319853
18 0.74 1.009 245.2907619847666 7.857546182409631 11.428241435171296 0.7210655786884262
18 0.74 2.008 243.99455390890614 7.346663066738722 10.896412071758565 0.48149037019259616
18 0.74 3.007 242.97500149994238 6.950394325446859 10.548029039419212 0.29402411951760965
18 0.74 4.006 242.152641147144 6.639847203055889 10.172916541669167 0.16781664366712665
18 0.74 5.005 241.4540355192733 6.367282654346697 10.002879942401153 0.09482810343793124
18 0.74 6.004 240.8210871782758 6.114067718645706 10.242365152696946 0.052708945821083576
18 0.74 8.002 234.7372322553426 3.5458257501514865 17.0 0.01493970120597588
18 0.74 9.001 234.1456608868029 3.2930174729832022 17.0 0.009419811603767925
18 0.86 0.5095 274.13412731745393 8.390898848689558 11.979270414591708 0.8907121857562849
18 0.86 1.5085 273.57030539389 8.083598328033379 11.67927641447171 0.7041159176816464
18 0.86 2.5075 273.092794144117 7.780647720378909 11.341363172736544 0.5437091258174837
18 0.86 3.5065 272.6591708165845 7.479173749858336 11.018479630407391 0.4029819403611928
18 0.86 4.5055 272.34603887923043 7.256844863102758 10.79855402891942 0.3050938981220376
18 0.86 5.5045 272.0589152216932 7.044612441084563 10.605957880842384 0.2244255114897702
18 0.86 6.5035 271.783779924399 6.834523309533863 10.397222055558888 0.16667666646667068
18 0.86 7.5025 271.5811801763845 6.67774311180445 10.266604667906641 0.12164756704865903
18 0.86 8.5015 271.36699826001694 6.511299774004392 10.154526909461811 0.08987820243595128
18 0.86 9.5005 271.14843823122743 6.339149883668628 10.270894582108358 0.06428871422571548
18 0.92 1.009 287.80654226911895 8.417211655766812 12.011309773804523 0.8365032699346013
18 0.92 2.008 287.55936881258714 8.23728858756155 11.796214075718485 0.7198056038879223
18 0.92 3.007 287.38363112734305 8.072441884495664 11.624467510649787 0.624857502849943
18 0.92 4.006 287.23291534168067 7.900565322026878 11.468620627587448 0.5424491510169797
18 0.92 5.005 287.088350632979 7.718142303820674 11.281934361312773 0.4599208015839683
18 0.92 6.004 286.9500533989415 7.53250268327974 11.097528049439012 0.39401211975760486
18 0.92 8.002 286.75036659269847 7.262251421638199 10.77212455750885 0.28796424071518567
18 0.92 9.001 286.64686506273773 7.119764271381247 10.647927041459171 0.24992500149997
18 1.1 0.5095 328.8983260334823 8.82826676799759 12.392662146757065 0.9024419511609768
18 1.1 1.5085 328.28653926921595 9.280481057044174 12.790484190316194 0.8112437751244975
18 1.1 2.5075 327.92054658906915 9.65271027912536 13.16154676906462 0.7391552168956621
18 1.1 3.5065 327.58881322373577 10.013823056869052 13.460160796784065 0.6636767264654707
18 1.1 4.5055 327.2294504109915 10.412125090829148 13.823153536929262 0.6000779984400312
18 1.1 5.5045 326.87946541069124 10.80063065405242 14.139977200455991 0.5184496310073798
18 1.1 6.5035 326.51406071878694 11.206599201348713 14.454790904181916 0.4504409911801764
18 1.1 7.5025 326.19752204955637 11.558308833823524 14.761054778904422 0.3902321953560929
18 1.1 8.5015 325.91343073138415 11.873965854016879 15.003209935801284 0.3357232855342893
18 1.1 9.5005 325.5683956320885 12.257338186569378 15.264294714105718 0.28115437691246176
18 1.16 0.01 343.5468638627297 8.521412905075103 12.111417771644566 0.996580068398632
18 1.28 1.009 367.1870030599344 9.731755364889993 13.216595668086638 0.7216655666886662
18 1.28 2.008 364.32620147597225 10.85538289234103 14.18419631607368 0.5071398572028559
18 1.28 3.007 361.769323813522 11.869315947014478 14.996820063598728 0.33428331433371333
18 1.28 4.006 359.38687106257294 12.814733705326486 15.644807103857923 0.20549589008219835
18 1.28 5.005 357.37978160437524 13.611197776043788 16.208465830683387 0.11837763244735106
18 1.28 6.004 355.69833683326215 14.278437764577733 16.55339893202136 0.06614867702645948
18 1.28 8.002 353.02488030238885 15.339333213336921 16.942311153776924 0.01862962740745185
18 1.28 9.001 352.01700125995245 15.739285214296354 16.99613007739845 0.00863982720345593
18 1.34 0.01 384.9139017219584 8.523632860675882 12.101517969640607 0.994840103197936
18 1.46 1.009 403.5932315353668 10.428564762035858 13.833083338333234 0.5894282114357713
18 1.46 2.008 396.4510799783951 12.151923628194037 15.189806203875923 0.2866442671146577
18 1.46 3.007 390.54645167096095 13.578151770298888 16.137787244255115 0.124617507649847
18 1.46 4.006 385.88882402350504 14.703182603016124 16.760484790304194 0.04274914501709966
18 1.46 5.005 382.3315725685166 15.56242208489386 16.97927041459171 0.013649727005459892
18 1.46 6.004 380.7445077098295 15.945771084579693 16.99910001799964 0.005069898602027959
18 1.46 8.002 377.3606635867213 16.763124737521515 17.0 1.499970000599988E-4
18 1.46 9.001 376.8844075119535 16.878162436765674 17.0 2.999940001199976E-5
18 1.52 0.01 426.27829963398835 8.53084604974552 12.112857742845144 0.993070138597228
18 1.58 0.5095 432.5580644386265 9.76781797697084 13.247945041099179 0.7226855462890742
18 1.58 1.5085 420.99805363888674 11.96973060538809 15.074488510229795 0.31820363592728146
18 1.58 2.5075 411.441682366455 13.800443991120495 16.31505369892602 0.10214795704085919
18 1.58 3.5065 404.9812611746429 15.038072571881377 16.881682366352674 0.02972940541189176
18 1.58 4.5055 401.146569268416 15.77268787957947 16.988840223195535 0.007229855402891942
18 1.58 5.5045 398.85574848502756 16.211542435822455 17.0 0.002639947201055979
18 1.58 6.5035 396.47921701592253 16.666816663676347 17.0 4.499910001799964E-4
18 1.58 7.5025 395.51209215833205 16.852089624885107 17.0 0.0
18 1.58 8.5015 395.32000000017985 16.88888888888882 17.0 0.0
18 1.58 9.5005 394.7400000001865 17.0 17.0 0.0
18 1.64 1.009 437.62223315530514 11.149157016859144 14.422031559368813 0.45314093718125636
18 1.64 2.008 425.1827107457612 13.308557162190247 15.98155036899262 0.1495770084598308
18 1.64 3.007 416.3999040019254 14.833349999665955 16.783284334313315 0.036989260214795705
18 1.64 4.006 410.92480710382887 15.783887655581706 16.99565008699826 0.007649847003059939
18 1.64 5.005 407.98847543045287 16.293667459978582 17.0 0.00125997480050399
18 1.64 6.004 406.018652426839 16.635650620315452 17.0 3.599928001439971E-4
18 1.64 8.002 404.5600000000848 16.88888888888882 17.0 0.0
18 1.64 9.001 403.91999999993277 17.0 17.0 0.0
18 1.76 0.5095 469.1509821803668 10.151793630791305 13.606557868842623 0.6468770624587509
18 1.76 1.5085 450.40216595669006 12.888572228555573 15.726585468290635 0.19415611687766246
18 1.76 2.5075 437.21566208679855 14.816423671527648 16.77797444051119 0.038039239215215695
18 1.76 3.5065 430.2819103617881 15.830130064064738 16.995860082798345 0.007769844603107937
18 1.76 4.5055 426.3664534711012 16.402565282025794 17.0 0.0012899742005159896
18 1.76 5.5045 423.4655990882415 16.826666800009573 17.0 5.999880002399952E-5
18 1.76 6.5035 422.2799999997799 17.0 17.0 0.0
18 1.76 7.5025 423.3844327110712 16.83853322933893 17.0 2.999940001199976E-5
18 1.76 8.5015 422.29575448469006 16.997696712732637 17.0 0.0
18 1.76 9.5005 422.2799999997799 17.0 17.0 0.0
18 1.82 1.009 469.68332153357227 11.820776917795186 14.973420531589369 0.34472310553788926
18 1.82 2.008 452.0530353393043 14.209615807684035 16.53764924701506 0.0746085078298434
18 1.82 3.007 440.79698926020745 15.734825303496807 16.990040199196017 0.009329813403731926
18 1.82 4.006 435.0937409249928 16.507623180868904 17.0 0.001139977200455991
18 1.82 5.005 434.3126081478339 16.61346773067202 17.0 2.699946001079978E-4
18 1.82 6.004 432.47150716965535 16.862939407880425 17.0 5.999880002399952E-5
18 1.82 8.002 431.4600000003526 17.0 17.0 0.0
18 1.82 9.001 431.48880602423225 16.996096744732164 17.0 0.0
18 1.94 0.5095 504.8234007319879 10.50048665693165 13.87277254454911 0.5761084778304434
18 1.94 1.5085 478.1461078778526 13.651760298127032 16.22094558108838 0.11723765524689506
18 1.94 2.5075 462.64002759939916 15.484630307391726 16.973570528589427 0.013199736005279895
18 1.94 3.5065 454.4090916181916 16.45755418226056 17.0 8.399832003359933E-4
18 1.94 4.5055 451.7990364191715 16.766071345245543 17.0 8.999820003599928E-5
18 1.94 5.5045 451.8059170817801 16.765258028197 17.0 8.999820003599928E-5
18 1.94 6.5035 449.8200000001942 17.0 17.0 0.0
18 1.94 7.5025 449.8200000001942 17.0 17.0 0.0
18 1.94 8.5015 449.8200000001942 17.0 17.0 0.0
18 1.94 9.5005 449.8200000001942 17.0 17.0 0.0
18 2.0 0.5095 516.5744285114298 10.604207915839956 13.961930761384773 0.5559488810223796
18 2.0 1.5085 486.6240475190496 13.930661386770987 16.36839263214736 0.09596808063838723
18 2.0 2.5075 469.20510589788205 15.866099344687091 16.996220075598487 0.00614987700245995
18 2.0 3.5065 462.6422571548569 16.59530476058808 17.0 3.2999340013199736E-4
18 2.0 4.5055 460.8435231295374 16.79516409673315 17.0 1.1999760004799904E-4
18 2.0 5.5045 459.4758804823904 16.94712439083936 17.0 2.999940001199976E-5
18 2.0 6.5035 460.0 16.88888888888882 17.0 0.0
18 2.0 7.5025 459.0 17.0 17.0 0.0
18 2.0 8.5015 459.0 17.0 17.0 0.0
18 2.0 9.5005 459.0 17.0 17.0 0.0
20 0.06 0.5095 92.03705705886011 7.3269064618707445 11.22337553248935 0.5926081478370433
20 0.06 1.5085 69.28175676486563 4.656212875742475 8.280494390112198 0.19322613547729045
20 0.06 2.5075 61.896292074158154 3.6453530929381412 7.2938441231175375 0.08165836683266335
20 0.06 3.5065 57.48658606827863 3.0680836383272627 8.473510529789404 0.02978940421191576
20 0.06 4.5055 46.7138873222577 2.2127347453044584 15.711705765884682 6.899862002759944E-4
20 0.06 5.5045 43.13636287274696 2.047231055378209 17.907391852162956 5.999880002399952E-5
20 0.06 6.5035 40.65999999998927 1.9000000000010122 19.0 0.0
20 0.06 7.5025 40.65999999998927 1.9000000000010122 19.0 0.0
20 0.06 8.5015 40.65999999998927 1.9000000000010122 19.0 0.0
20 0.06 9.5005 40.65999999998927 1.9000000000010122 19.0 0.0
20 0.12 1.009 101.4812719745606 6.148731025379521 9.920711585768284 0.39608207835843284
20 0.12 2.008 92.04682186356197 4.784259314813689 8.490340193196136 0.19067618647627047
20 0.12 3.007 84.66979540408995 3.835399292014142 10.835243295134097 0.06365872682546349
20 0.12 4.006 65.97228775424898 2.310910781784525 18.980770384592308 4.499910001799964E-4
20 0.12 5.005 63.19999999996813 2.0 19.0 0.0
20 0.12 6.004 62.3200000000209 1.9000000000010122 19.0 0.0
20 0.12 8.002 62.3200000000209 1.9000000000010122 19.0 0.0
20 0.12 9.001 62.3200000000209 1.9000000000010122 19.0 0.0
20 0.24 0.5095 151.65816643667304 7.858381832363353 11.785264294714105 0.6841963160736785
20 0.24 1.5085 140.72192956140768 6.162956740865183 9.969970600587988 0.3482930341393172
20 0.24 2.5075 136.51208975820322 5.469004619907708 9.470930581388373 0.17816643667126658
20 0.24 3.5065 113.72728385432815 2.9621107577850574 18.990010199796004 0.003269934601307974
20 0.24 4.5055 109.6114525709601 2.4225595488092604 19.0 4.7999040019199615E-4
20 0.24 5.5045 105.6400000000216 1.9000000000009662 19.0 0.0
20 0.24 6.5035 106.51123897522277 2.0146367072659936 19.0 2.999940001199976E-5
20 0.24 7.5025 105.75019019622192 1.9144987100268507 19.0 2.999940001199976E-5
20 0.24 8.5015 106.33654886896267 1.9916511669766577 19.0 0.0
20 0.24 9.5005 105.64000000002585 1.9000000000010122 19.0 0.0
20 0.3 0.01 180.32239755204787 9.450221995560074 13.373042539149218 0.994210115797684
20 0.42 0.5095 208.4663046739106 8.304664906701825 12.226405471890562 0.7578148437031259
20 0.42 1.5085 201.80079018419832 7.00504289914204 10.821533569328613 0.4164216715665687
20 0.42 2.5075 198.4968056638955 6.4003869922602155 10.23972520549589 0.20186596268074639
20 0.42 3.5065 184.1452810943834 4.195914081718476 17.98998020039599 0.025739485210295794
20 0.42 4.5055 176.83324173520185 2.97124857502886 19.0 0.004679906401871963
20 0.42 5.5045 173.99532369350925 2.4819523609530236 19.0 5.999880002399952E-4
20 0.42 6.5035 173.30128637438773 2.362290754186017 19.0 2.999940001199976E-4
20 0.42 7.5025 173.06874002529202 2.322196556069377 19.0 1.1999760004799904E-4
20 0.42 8.5015 171.6371314573623 2.0753674926494288 19.0 0.0
20 0.42 9.5005 171.20000000010575 2.0 19.0 0.0
20 0.6 1.009 261.3688606227854 8.169886602267892 12.067408651826964 0.6541069178616428
20 0.6 2.008 258.35100497990175 7.385327293454171 11.262434751304975 0.37310253794924103
20 0.6 3.007 256.31801163976553 6.901004979900433 10.833353332933342 0.18971620567588648
20 0.6 4.006 254.65860682786837 6.527557448850968 10.557808843823123 0.08636827263454731
20 0.6 5.005 243.41624167517398 3.8536509269815653 18.994360112797743 0.01631967360652787
20 0.6 6.004 241.76710865784116 3.441777164456826 19.0 0.007889842203155938
20 0.6 8.002 238.1474170516162 2.5368542629146145 19.0 7.799844003119938E-4
20 0.6 9.001 237.44237115265767 2.360592788145439 19.0 5.099898002039959E-4
20 0.78 0.01 317.6987142257149 9.499430011399715 13.396382072358552 0.997360052798944
20 0.9 0.5095 351.68505729885095 9.385957280854411 13.289014219715606 0.9169616607667846
20 0.9 1.5085 351.2575868482629 9.106119877602417 12.986530269394612 0.7775244495110097
20 0.9 2.5075 350.9270894582107 8.85095098098032 12.743535129297413 0.6553368932621347
20 0.9 3.5065 350.6243115137686 8.580410391792118 12.488480230395393 0.5425691486170277
20 0.9 4.5055 350.33211135777344 8.30845983080338 12.194036119277614 0.44207115857682844
20 0.9 5.5045 350.1077158456797 8.096673066538614 11.970990580188396 0.36779264414711704
20 0.9 6.5035 349.8880902381935 7.881070378592475 11.707625847483051 0.2982840343193136
20 0.9 7.5025 349.7111837763204 7.708726825463581 11.575568488630227 0.24407511849763006
20 0.9 8.5015 349.5247615047702 7.523411531769431 11.357862842743145 0.1874362512749745
20 0.9 9.5005 349.3819763604747 7.381679366412719 11.24722505549889 0.15566688666226675
20 0.96 0.01 369.1123993520197 9.508567828643468 13.42185156296874 0.998410031799364
20 1.02 1.009 385.75137637245643 9.760553788924081 13.65644687106258 0.9231415371692566
20 1.02 2.008 385.66263514727626 9.837832243355075 13.698716025679486 0.8984220315593688
20 1.02 3.007 385.6225397491834 9.93350632987338 13.807193856122877 0.880242395152097
20 1.02 4.006 385.6014507709649 10.009575808483785 13.859212815743685 0.868722625547489
20 1.02 5.005 385.57911501768416 10.108708825823488 13.971680566388672 0.8549829003419932
20 1.02 6.004 385.5631583368168 10.185126297474127 14.038819223615528 0.8433431331373372
20 1.02 8.002 385.53549948999625 10.32265554688898 14.151916961660767 0.8162236755264894
20 1.02 9.001 385.5140103197903 10.430101397972102 14.24782504349913 0.8029339413211736
20 1.14 0.5095 419.47186776262265 9.917762644747112 13.806143877122457 0.9043919121617567
20 1.14 1.5085 418.44009239815136 10.555102897942064 14.395902081958361 0.7837943241135177
20 1.14 2.5075 417.57686506271654 11.160505789884184 14.923861522769545 0.6742665146697066
20 1.14 3.5065 416.68696346072784 11.795026099478084 15.49010019799604 0.5667486650266995
20 1.14 4.5055 415.8897732045184 12.364447711045905 15.97435051298974 0.46802063958720824
20 1.14 5.5045 415.0698992020086 12.950071998560164 16.43817123657527 0.378322433551329
20 1.14 6.5035 414.2659638807421 13.524311513769684 16.86155276894462 0.2973840523189536
20 1.14 7.5025 413.4791558168961 14.086317273654405 17.2787544249115 0.23159536809263814
20 1.14 8.5015 412.7555144896878 14.603203935921231 17.603347933041338 0.17873642527149458
20 1.14 9.5005 412.2774464510397 14.944681106378134 17.845263094738105 0.14372712545749086
20 1.2 0.01 437.57933041339254 9.514006719865582 13.394462110757784 0.996370072598548
20 1.32 0.5095 468.5548209035832 10.354436911261729 14.186266274674507 0.8330833383332333
20 1.32 1.5085 463.9549253014907 11.764642707145937 15.4272514549709 0.5742185156296874
20 1.32 2.5075 459.5304565908656 13.146757064858656 16.572838543229135 0.35618287634247314
20 1.32 3.5065 455.596913661727 14.375964480710609 17.481340373192538 0.2006359872802544
20 1.32 4.5055 452.4239275214476 15.367522649547322 18.075718485630286 0.10799784004319914
20 1.32 5.5045 449.62447951040184 16.242350152997226 18.608237835243294 0.05171896562068758
20 1.32 6.5035 447.82925781484715 16.8033569328615 18.83860322793544 0.026939461210775784
20 1.32 7.5025 445.7540481190776 17.451859962800658 18.980860382792343 0.011519769604607908
20 1.32 8.5015 444.3194336113678 17.90017699646161 18.99988000239995 0.0037799244015119695
20 1.32 9.5005 443.38322193553506 18.192743145135715 19.0 0.0018899622007559848
20 1.5 1.009 510.6647867042659 11.867483650327056 15.557118857622848 0.5534289314213716
20 1.5 2.008 500.38706725865484 13.922586548269193 17.14444711105778 0.25199496010079797
20 1.5 3.007 491.9547759044819 15.609044819103643 18.27095458090838 0.09242815143697126
20 1.5 4.006 486.0240745185096 16.7951850962983 18.83302333953321 0.02972940541189176
20 1.5 5.005 481.8923021539569 17.621539569208245 18.991210175796486 0.007439851202975941
20 1.5 6.004 479.3836923261535 18.123261534770144 19.0 0.0026699466010679787
20 1.5 8.002 476.19837103257936 18.760325793480213 19.0 2.999940001199976E-5
20 1.5 9.001 475.56872862542747 18.886254274929588 19.0 0.0
20 1.68 0.01 574.2843331133346 9.543484130317418 13.444441111177776 0.992290154196916
20 1.8 0.5095 592.5971380572408 11.427146457070833 15.168266634667306 0.6362872742545149
20 1.8 1.5085 567.1216895662019 14.609788804223703 17.632807343853123 0.18047639047219055
20 1.8 2.5075 550.4164156716873 16.697948041039137 18.77545449091018 0.031169376612467752
20 1.8 3.5065 539.9795284094685 18.002558948820884 18.99655006899862 0.003479930401391972
20 1.8 4.5055 535.3548209034722 18.58064738704454 19.0 2.999940001199976E-4
20 1.8 5.5045 533.8006599871661 18.774917501661317 19.0 8.999820003599928E-5
20 1.8 6.5035 532.800000000331 18.900000000011882 19.0 0.0
20 1.8 7.5025 533.6136557267189 18.798293034140443 19.0 0.0
20 1.8 8.5015 532.0 19.0 19.0 0.0
20 1.8 9.5005 532.0 19.0 19.0 0.0
20 1.86 0.01 625.6974434511345 9.53818923621526 13.427701445971081 0.990520189596208
20 1.98 1.009 616.5283536329 13.864453710925824 17.098818023639527 0.2587148257034859
20 1.98 2.008 589.5737085258194 16.61492770144634 18.743415131697365 0.03518929621407572
20 1.98 3.007 575.2261192775335 18.078967420651754 19.0 0.002639947201055979
20 1.98 4.006 570.9817555646771 18.51206575868811 19.0 2.3999520009599807E-4
20 1.98 5.005 566.1999999996445 19.0 19.0 0.0
20 1.98 6.004 566.8470810583033 18.93397132057739 19.0 0.0
20 1.98 7.003 566.1999999996445 19.0 19.0 0.0
20 1.98 8.002 566.1999999996445 19.0 19.0 0.0
20 1.98 9.001 566.1999999996445 19.0 19.0 0.0
