10 0.08 1.009 22.411859362812777 3.122811543769124 5.241165176696466 0.41762164756704867
10 0.08 2.008 20.29342293154126 2.5499010019798694 4.781844363112738 0.18134637307253854
10 0.08 3.007 19.117760844782822 2.241603167936323 4.778544429111418 0.06809863802723945
10 0.08 4.006 17.99445371092816 2.023507529849525 5.554688906221876 0.02009959800803984
10 0.08 5.005 17.748067438651116 1.9641087178259293 5.490940181196376 0.009659806803863923
10 0.08 6.004 16.279631607363488 1.8308213835732818 7.756554868902622 8.69982600347993E-4
10 0.08 7.003 16.590866982656266 1.8205495890091619 7.042149157016859 5.999880002399952E-4
10 0.08 8.002 15.884755504881106 1.807805843884207 8.330563388732225 1.7999640007199856E-4
10 0.08 9.001 16.235702885935478 1.8030059398822582 7.674686506269874 1.7999640007199856E-4
10 0.14 0.01 32.28084298313816 4.505783884322299 6.638477230455391 0.9931001379972401
10 0.14 10.0 20.340000000001336 1.8000000000010403 9.0 0.0
10 0.26 1.009 38.15584328313438 3.6660586788264107 5.872022559548809 0.5687586248275035
10 0.26 2.008 36.99009299814575 3.277476450470879 5.676006479870402 0.3152636947261055
10 0.26 3.007 35.7694216115753 2.96542269154619 6.221545569088618 0.1372172556548869
10 0.26 4.006 31.384063118752042 2.1113277734441964 8.79042419151617 0.007229855402891942
10 0.26 5.005 30.84566448673157 2.003449931001474 8.97270054598908 0.0012899742005159896
10 0.26 6.004 30.271583968343517 1.857184856303158 9.0 8.999820003599928E-5
10 0.26 7.003 30.06000000002552 1.8000000000010403 9.0 0.0
10 0.26 8.002 30.174372112582272 1.8309113817735603 9.0 2.999940001199976E-5
10 0.26 9.001 30.209669406635648 1.8404511909770878 9.0 0.0
10 0.32 0.01 44.831175376493135 4.50972580548389 6.6432771344573105 0.9955300893982121
10 0.32 10.0 34.92000000000909 1.8000000000010403 9.0 0.0
10 0.38 0.5095 48.13960580788428 4.177350452990949 6.332783344333113 0.7902441951160977
10 0.38 1.5085 47.00210235795411 3.7708345833083916 6.043139137217255 0.46298074038519227
10 0.38 2.5075 46.088851622968754 3.5019679606407497 6.056908861822763 0.2383152336953261
10 0.38 3.5065 43.821858762821314 2.945659086818218 7.665656686866263 0.06581868362632748
10 0.38 4.5055 41.316979660407426 2.27808243835067 8.869532609347813 0.007259854802903942
10 0.38 5.5045 40.809019619611355 2.1315593688123666 8.999220015599688 0.00125997480050399
10 0.38 6.5035 40.306388072239415 1.9698026039486194 9.0 5.099898002039959E-4
10 0.38 7.5025 39.932237955251864 1.8491090178205785 9.0 1.7999640007199856E-4
10 0.38 8.5015 39.87111957761766 1.82939341213237 9.0 1.499970000599988E-4
10 0.38 9.5005 39.781766964682895 1.800569988601269 9.0 2.999940001199976E-5
10 0.44 1.009 51.958104037924926 4.05950680986383 6.25622487550249 0.6189776204475911
10 0.44 2.008 51.15891402172557 3.797120057598926 6.117537649247015 0.35630287394252114
10 0.44 3.007 50.07728085438529 3.496748065038859 6.590418191636167 0.16064678706425872
10 0.44 4.006 47.49728925420556 2.7545089098217415 8.283704325913481 0.03017939641207176
10 0.44 5.005 45.9814339713173 2.278706425871035 8.998560028799425 0.0034199316013679725
10 0.44 6.004 45.54291594167127 2.1211735765287454 8.99160016799664 0.0017099658006839863
10 0.44 7.003 44.93011339769913 1.903611927762817 9.0 8.999820003599928E-5
10 0.44 8.002 44.71321293571667 1.826147477051349 9.0 1.1999760004799904E-4
10 0.44 9.001 44.73937001257312 1.835489290215067 9.0 2.999940001199976E-5
10 0.56 0.5095 61.00120597587836 4.391606167876644 6.5518989620207595 0.8051238975220496
10 0.56 1.5085 60.26642707144939 4.165530689386215 6.383932321353573 0.4877602447951041
10 0.56 2.5075 59.62886662265655 3.9592248155038274 6.3509029819403615 0.26810463790724187
10 0.56 3.5065 58.73241135176461 3.646709065818966 6.7775544489110215 0.11834763304733906
10 0.56 4.5055 57.12916061678937 3.0146637067256927 7.96160076798464 0.034769304613907724
10 0.56 5.5045 55.691006179888184 2.404055918881583 8.992020159596809 0.008099838003239936
10 0.56 6.5035 55.27261654767389 2.214825703485284 9.0 0.0027299454010919783
10 0.56 7.5025 55.00290634190059 2.0922301553974316 9.0 0.0017999640007199855
10 0.56 8.5015 54.442881142412766 1.8376732465361314 9.0 1.1999760004799904E-4
10 0.56 9.5005 54.57613247739708 1.8982420351602467 9.0 2.999940001199976E-4
10 0.62 1.009 64.83250194995472 4.374956500869969 6.559938801223976 0.6372172556548868
10 0.62 2.008 64.24738885221376 4.178208435831219 6.439971200575989 0.380332393352133
10 0.62 3.007 63.70534409310665 3.9898062038759288 6.407781844363113 0.20738585228295434
10 0.62 4.006 62.990401391961896 3.690748185036561 6.912131757364853 0.09473810523789525
10 0.62 5.005 61.69790304194403 3.0704745905081943 7.913571728565429 0.03323933521329574
10 0.62 6.004 60.32324713507247 2.3806563868721438 8.99520009599808 0.006839863202735945
10 0.62 7.003 60.18975580490102 2.3103977920438914 9.0 0.004709905801883962
10 0.62 8.002 59.965709485806215 2.190178196436031 8.612197756044878 0.0023999520009599807
10 0.62 9.001 59.78273834524364 2.096178076438305 9.0 0.0015299694006119878
10 0.74 0.5095 73.3958690826337 4.589542209155835 6.73762524749505 0.8008339833203336
10 0.74 1.5085 72.87523429533245 4.503689926201457 6.686686266274674 0.5334793304133917
10 0.74 2.5075 72.51102297955936 4.362974740505102 6.597258054838903 0.3503329933401332
10 0.74 3.5065 72.20385732287168 4.208165836683122 6.561078778424432 0.21668566628667427
10 0.74 4.5055 71.86677986442056 3.9933941321172717 6.736695266094678 0.12662746745065098
10 0.74 5.5045 71.58616007681573 3.8021059578808627 6.803593928121438 0.07697846043079139
10 0.74 6.5035 71.08636467272153 3.440445191096471 7.399802003959921 0.04016919661606768
10 0.74 7.5025 70.56067318653534 3.0434271314573986 8.27722445551089 0.0247495050098998
10 0.74 8.5015 69.88108177835925 2.523123537529057 8.950440991180177 0.010469790604187916
10 0.74 9.5005 69.81954880901344 2.4764564708704255 8.698086038279234 0.006689866202675946
10 0.8 0.01 78.1887082258355 4.5264774704505975 6.659056818863623 0.9942701145977081
10 0.8 10.0 74.79194816103644 2.7915641687163917 8.358342833143338 0.014849703005939881
10 0.92 0.5095 85.39766484670056 4.7734745305093895 6.902921941561169 0.7958540829183416
10 0.92 1.5085 84.94835903281664 4.853476930461356 6.99835003299934 0.621467570648587
10 0.92 2.5075 84.80954460910603 4.805825883482318 6.977140457190856 0.5199796004079918
10 0.92 3.5065 84.73677566448553 4.747825043499175 6.910121797564049 0.44453110937781243
10 0.92 4.5055 84.68901541969278 4.680932381352361 6.865782684346313 0.3859722805543889
10 0.92 5.5045 84.65180896382103 4.611237775244454 6.819103617927642 0.34304313913721723
10 0.92 6.5035 84.6233803323941 4.551688966220691 6.774914501709966 0.2967840643187136
10 0.92 7.5025 84.58980500390068 4.47009659806796 6.704235915281695 0.25919481610367795
10 0.92 8.5015 84.56598068038541 4.4131577368451635 6.664066718665627 0.23021539569208616
10 0.92 9.5005 84.54253794923773 4.355378892421979 6.657616847663046 0.19610607787844242
10 1.04 0.01 94.8656410871791 4.535105297894032 6.662656746865062 0.992170156596868
10 1.04 10.0 92.47792404151582 5.610379792404202 7.629447411051779 0.5247195056098878
10 1.16 1.009 100.43136977261179 5.190550188996231 7.2856842863142735 0.6646967060658787
10 1.16 2.008 100.04946421071698 5.476840463190714 7.515779684406312 0.5694186116277674
10 1.16 3.007 99.82511669766278 5.72560748785022 7.714645707085858 0.495140097198056
10 1.16 4.006 99.60842503149038 5.990208195836117 7.913931721365572 0.4280014399712006
10 1.16 5.005 99.39467210654661 6.256746865062697 8.12059758804824 0.3518629627407452
10 1.16 6.004 99.17964600706831 6.525529489410146 8.302363952720945 0.27830443391132176
10 1.16 7.003 98.93502609946643 6.831217375652464 8.491780164396712 0.2121857562848743
10 1.16 8.002 98.7384124317413 7.076984460310879 8.636767264654708 0.1627767444651107
10 1.16 9.001 98.56433911320752 7.294576108477933 8.745545089098218 0.11864762704745906
10 1.22 0.01 107.34031559369508 4.536407271854546 6.6688966220675585 0.9897102057958841
10 1.22 10.0 100.84908741825876 8.137193256134692 8.9805003899922 0.022739545209095817
10 1.28 0.5095 108.46228715425194 5.114771704565911 7.212665746685066 0.7159956800863982
10 1.28 1.5085 107.36373312533985 5.6238015239694965 7.632927341453171 0.5350092998140037
10 1.28 2.5075 106.66209155817846 6.101193976120433 8.011939761204776 0.3910721785564289
10 1.28 3.5065 106.01413451732122 6.561606767864696 8.32342353152937 0.27017459650806985
10 1.28 4.5055 105.39326813464781 7.004835903281995 8.594918101637967 0.17150656986860263
10 1.28 5.5045 104.81152456951204 7.420339593208193 8.805483890322193 0.0995980080398392
10 1.28 6.5035 104.32839143217143 7.765434691306107 8.917831643367133 0.056728865422691545
10 1.28 7.5025 103.92518269634311 8.053440931181136 8.969340613187736 0.029249415011699767
10 1.28 8.5015 103.71055018899459 8.206749865002852 8.991240175196497 0.01874962500749985
10 1.28 9.5005 103.38602267954649 8.438555228895215 8.999130017399652 0.00878982420351593
10 1.34 1.009 111.39560868782448 5.476396472070552 7.518389632207356 0.5846883062338754
10 1.34 2.008 110.30836563269999 6.057496850063003 7.970090598188036 0.40667186656266874
10 1.34 3.007 109.26879462412128 6.665698686026257 8.394162116757665 0.248395032099358
10 1.34 4.006 108.39329213416985 7.180416391672122 8.690946181076379 0.1347873042539149
10 1.34 5.005 107.6408327833489 7.623039539208987 8.875982480350393 0.07160856782864343
10 1.34 6.004 107.08749385012699 7.948533029339578 8.9587508249835 0.03809923801523969
10 1.34 7.003 106.55763484729714 8.260214795703286 8.990820183596329 0.01607967840643187
10 1.34 8.002 106.21109677805498 8.464060718786078 8.998170036599268 0.008339833203335933
10 1.34 9.001 106.03385492288572 8.568320633586808 8.999280014399712 0.005279894402111958
10 1.46 0.5095 119.62648347031833 5.26275274494507 7.338933221335573 0.6616967660646788
10 1.46 1.5085 117.46900941983158 6.06239875202498 7.961720765584689 0.4006719865602688
10 1.46 2.5075 115.59417831641619 6.872172556548919 8.518779624407513 0.20438591228175437
10 1.46 3.5065 114.11341693162838 7.515905681886545 8.839233215335693 0.08051838963220735
10 1.46 4.5055 113.09102297954065 7.960424791504353 8.957640847183056 0.036719265614687704
10 1.46 5.5045 112.10615047703526 8.388630227395806 8.995410091798163 0.011939761204775905
10 1.46 6.5035 111.50898122043289 8.648269034618371 8.99910001799964 0.0038099238015239694
10 1.46 7.5025 111.3488078238992 8.717909641803965 9.0 0.0018299634007319853
10 1.46 8.5015 111.13999040025931 8.808699826002513 9.0 8.69982600347993E-4
10 1.46 9.5005 111.07786404277697 8.835711285772588 9.0 5.399892002159956E-4
10 1.52 1.009 121.8113433731554 5.784370312593752 7.768134637307254 0.4909701805963881
10 1.52 2.008 119.43896682071798 6.677776444471103 8.394012119757605 0.24401511969760606
10 1.52 3.007 117.49758564832197 7.424005519889723 8.79927401451971 0.1001079978400432
10 1.52 4.006 116.01574008519889 7.993946121077842 8.967510649787004 0.03293934121317574
10 1.52 5.005 115.01342893139322 8.379450410992286 8.99595008099838 0.011549769004619908
10 1.52 6.004 114.35676006476187 8.632015359693499 8.999490010199796 0.004259914801703966
10 1.52 7.003 113.98127557443827 8.77643247134828 8.998830023399533 0.0018299634007319853
10 1.52 8.002 113.88184316308406 8.814675706483577 9.0 4.499910001799964E-4
10 1.52 9.001 113.68890622182165 8.888882222352885 9.0 2.999940001199976E-4
10 1.64 0.5095 130.49873282534597 5.419589608207901 7.466310673786524 0.615767684646307
10 1.64 1.5085 126.59996880061883 6.56312473750524 8.328253434931302 0.2767144657106858
10 1.64 2.5075 123.62653386931719 7.491708165836704 8.81562368752625 0.08822823543529129
10 1.64 3.5065 121.70933701327314 8.09083218335645 8.976180476390471 0.026129477410451792
10 1.64 4.5055 120.3938561228829 8.501919961599455 8.996940061198776 0.006659866802663947
10 1.64 5.5045 119.74945941080021 8.703293934119033 9.0 0.0019499610007799844
10 1.64 6.5035 119.07526489464506 8.913979720404212 9.0 4.1999160016799666E-4
10 1.64 7.5025 118.8593652126265 8.98144837103256 9.0 2.999940001199976E-5
10 1.64 8.5015 118.84296874056201 8.986572268554 9.0 5.999880002399952E-5
10 1.64 9.5005 118.8825199495476 8.974212515748183 9.0 2.999940001199976E-5
10 1.7 0.01 140.40644387112184 4.5544189116217755 6.688996220075598 0.9812803743925121
10 1.7 10.0 121.5 9.0 9.0 0.0
10 1.82 0.5095 141.00580128397476 5.600935981280396 7.622217555648887 0.5617087658246835
10 1.82 1.5085 135.13204115917338 6.992398152036975 8.587358252834944 0.17708645827083458
10 1.82 2.5075 131.20412671746405 7.950212995739863 8.957820843583129 0.03635927281454371
10 1.82 3.5065 128.75556548870193 8.547423051538761 8.999160016799664 0.006059878802423951
10 1.82 4.5055 128.1028175436894 8.706629867399814 9.0 0.0018899622007559848
10 1.82 5.5045 127.35268014638861 8.88959020819292 9.0 5.699886002279955E-4
10 1.82 6.5035 126.89999999993796 9.0 9.0 0.0
10 1.82 7.5025 127.15839323212685 8.936977260452277 9.0 8.999820003599928E-5
10 1.82 8.5015 126.89999999993796 9.0 9.0 0.0
10 1.82 9.5005 126.94147477044294 8.989884202315942 9.0 0.0
12 0.06 1.009 28.882968140636887 3.555658886822281 6.016919661606768 0.37007259854802904
12 0.06 2.008 25.132773744525156 2.743140137197205 5.2451550968980625 0.14417711645767084
12 0.06 3.007 23.499536809262683 2.379202415951579 5.2015059698806025 0.05489890202195956
12 0.06 4.006 22.012515149698572 2.1253124937502363 6.034559308813824 0.014459710805783885
12 0.06 5.005 21.674551508972623 2.042354152916865 6.027719445611088 0.005369892602147957
12 0.06 6.004 19.953353932927875 1.8741925161464166 7.953440931181376 5.699886002279955E-4
12 0.06 7.003 18.275453290941034 1.836073278530122 11.0 5.999880002399952E-5
12 0.06 8.002 19.4379636407366 1.8334483310289955 8.741495170096599 5.999880002399952E-5
12 0.06 9.001 18.800000000000736 1.833333333328946 10.0 0.0
12 0.12 0.01 44.96855582888283 5.473950520989583 7.998440031199376 0.9918701625967481
12 0.12 10.0 25.52000000001148 1.833333333328946 11.0 2.999940001199976E-5
12 0.18 0.5095 47.411371572568825 4.634612307753844 7.169916601667967 0.6990160196796064
12 0.18 1.5085 43.894027719445255 3.725720485590265 6.329093418131637 0.3599028019439611
12 0.18 2.5075 42.24774764504757 3.28114937701251 6.162836743265134 0.18218635627287455
12 0.18 3.5065 38.97595248095286 2.7172556548868187 8.254994900101998 0.048389032219355615
12 0.18 4.5055 34.54939461211586 2.1221125577488205 10.712185756284875 0.0013199736005279894
12 0.18 5.5045 33.06350033001245 1.8774874502477201 10.954940901181976 1.499970000599988E-4
12 0.18 6.5035 32.88058738826693 1.853777924437719 11.0 0.0
12 0.18 7.5025 32.95512389753728 1.8689276214442196 11.0 0.0
12 0.18 8.5015 33.11465170696593 1.901351972958133 11.0 2.999940001199976E-5
12 0.18 9.5005 32.79535009301816 1.8364532709302848 11.0 5.999880002399952E-5
12 0.24 1.009 52.6145161096736 4.287689246215059 6.843253134937301 0.5378292434151317
12 0.24 2.008 50.76849343013966 3.7588848223035565 6.45110097798044 0.2971440571188576
12 0.24 3.007 48.58430311394956 3.302718945621099 7.396532069358613 0.11948761024779504
12 0.24 4.006 42.260635987300304 2.2889592208150997 10.870822583548328 0.004619907601847963
12 0.24 5.005 41.12587868245493 2.066713665726085 10.98710025799484 5.999880002399952E-4
12 0.24 6.004 40.04000000001902 1.833333333328946 11.0 0.0
12 0.24 7.003 40.04000000001902 1.833333333328946 11.0 0.0
12 0.24 8.002 40.04000000001902 1.833333333328946 11.0 2.999940001199976E-5
12 0.24 9.001 40.04000000001902 1.833333333328946 11.0 2.999940001199976E-5
12 0.36 0.5095 67.53707805843764 4.9491760164797 7.506869862602748 0.7708945821083578
12 0.36 1.5085 65.69364732705047 4.378417431651376 6.971620567588648 0.44378112437751244
12 0.36 2.5075 64.43258414831496 4.037739245215143 6.958630827383453 0.22973540529189415
12 0.36 3.5065 60.14793424132045 3.1622317553647594 9.602387952240955 0.04619907601847963
12 0.36 4.5055 56.707419451612886 2.391657166856337 10.998710025799484 0.0034199316013679725
12 0.36 5.5045 55.78535789284651 2.1524369512625103 11.0 7.49985000299994E-4
12 0.36 6.5035 55.196947261076325 1.9992050158985508 11.0 4.1999160016799666E-4
12 0.36 7.5025 54.61727245458089 1.848248035035346 11.0 2.999940001199976E-5
12 0.36 8.5015 54.63055858886859 1.8517079658366706 11.0 2.999940001199976E-5
12 0.36 9.5005 54.90396112076168 1.922906541867382 11.0 0.0
12 0.42 1.009 73.10950800984229 4.749750004999884 7.31487370252595 0.6013379732405352
12 0.42 2.008 71.82322193556519 4.36987760244795 7.05429891402172 0.33365332693346134
12 0.42 3.007 70.21918821624176 3.9861652766944053 7.632387352252955 0.14405711885762285
12 0.42 4.006 64.8497480050337 2.6938961220776667 10.937241255174897 0.009509809803803924
12 0.42 5.005 63.94063598727639 2.4422661546765654 10.998470030599387 0.003929921401571969
12 0.42 6.004 62.999974800482704 2.1724065518697255 11.0 7.799844003119938E-4
12 0.42 7.003 62.18196496070445 1.9373462530725407 11.0 1.7999640007199856E-4
12 0.42 8.002 62.55094198111942 2.0433741325180694 11.0 1.499970000599988E-4
12 0.42 9.001 61.87002399953583 1.8477080458349946 11.0 2.999940001199976E-5
12 0.54 0.5095 86.65130617387932 5.223685526289512 7.77257454850903 0.7998440031199376
12 0.54 1.5085 85.4788246235208 4.845418091638151 7.469130617387652 0.48500029999400013
12 0.54 2.5075 84.51497090059306 4.553328933421284 7.337793244135117 0.25544489110217794
12 0.54 3.5065 83.09008819823951 4.123277534449276 8.148797024059519 0.10751784964300715
12 0.54 4.5055 79.64918281634466 3.0103197936037462 10.479660406791863 0.018959620807583847
12 0.54 5.5045 78.08431271374236 2.465330693386042 11.0 0.004409911801763965
12 0.54 6.5035 77.54844183117264 2.2711745765077147 11.0 0.0020399592008159837
12 0.54 7.5025 76.99710145797096 2.0714135717277307 11.0 7.49985000299994E-4
12 0.54 8.5015 76.77404271914497 1.990595188094439 11.0 2.999940001199976E-4
12 0.54 9.5005 76.34000000000394 1.833333333328946 11.0 0.0
12 0.6 0.01 93.50309593808096 5.5078998420031775 8.0314993700126 0.996430071398572
12 0.6 10.0 83.80605987885319 1.9191916161651592 11.0 1.7999640007199856E-4
12 0.72 0.5095 105.03117657646813 5.465715685686254 8.003929921401571 0.8188936221275575
12 0.72 1.5085 104.31798284034151 5.252909941801217 7.815653686926262 0.5348893022139557
12 0.72 2.5075 103.79245815083337 5.03346433071338 7.654586908261835 0.33662326753464933
12 0.72 3.5065 103.35290214194899 4.838448231035335 7.566088678226436 0.2011159776804464
12 0.72 4.5055 102.9040667186592 4.617157656846893 7.5117297654046915 0.10628787424251515
12 0.72 5.5045 102.26477950440274 4.2695046099077 8.281214375712485 0.05732885342293154
12 0.72 6.5035 101.01709125817021 3.5499240015199605 9.792164156716865 0.03011939761204776
12 0.72 7.5025 100.10044639106951 3.010794784104323 10.711165776684465 0.013619727605447891
12 0.72 8.5015 99.35752204958057 2.5699536009281636 11.0 0.006029879402411952
12 0.72 9.5005 99.05451490971387 2.3895922081562624 11.0 0.003539929201415972
12 0.9 1.009 122.58477230455426 5.694976100478001 8.224215515689686 0.7309353812923741
12 0.9 2.008 122.33378832423283 5.641837163256714 8.158456830863383 0.5851082978340433
12 0.9 3.007 122.18980620387407 5.533984320313614 8.094528109437812 0.47882042359152815
12 0.9 4.006 122.08652726945358 5.423096538069254 7.973180536389272 0.3884022319553609
12 0.9 5.005 122.01413271734577 5.328538429231359 7.932201355972881 0.33029339413211734
12 0.9 6.004 121.94363112737527 5.228045439091208 7.829783404331914 0.26858462830743385
12 0.9 7.003 121.87935141296914 5.127347453050865 7.752234955300894 0.22790544189116219
12 0.9 8.002 121.82610547789152 5.0402691946161395 7.6824863502729945 0.1859362812743745
12 0.9 9.001 121.76801763965082 4.946201075978442 7.673396532069359 0.15659686806263876
12 1.02 0.01 135.75717645646705 5.529624407511823 8.060088798224035 0.99430011399772
12 1.02 10.0 133.87936461266523 6.339138217235674 8.805333893322134 0.6603767924641507
12 1.08 0.5095 140.2307661846649 5.886177276454505 8.404781904361913 0.8220135597288054
12 1.08 1.5085 139.69450650985686 6.162756744865088 8.649427011459771 0.7102657946841063
12 1.08 2.5075 139.5416523669425 6.3341233175336225 8.794864102717945 0.6661666766664667
12 1.08 3.5065 139.4440919181551 6.503084938301302 8.946331073378532 0.626027479450411
12 1.08 4.5055 139.36554388912046 6.658221835563301 9.076378472430552 0.5915281694366112
12 1.08 5.5045 139.28878742425482 6.815498690026183 9.198116037679247 0.5505789884202316
12 1.08 6.5035 139.1985420291644 7.003239935201355 9.350542989140218 0.506659866802664
12 1.08 7.5025 139.10715425691868 7.193496130077366 9.502879942401153 0.4618707625847483
12 1.08 8.5015 139.02799544009167 7.358342833143303 9.627977440451192 0.4226915461690766
12 1.08 9.5005 138.9459002819925 7.529374412511742 9.763364732705346 0.38063238735225297
12 1.14 1.009 145.4662602747959 6.164976700465969 8.633677326453471 0.7222055558888822
12 1.14 2.008 145.05264114717593 6.495015099697982 8.9430011399772 0.6353572928541429
12 1.14 3.007 144.7799628007444 6.79235415291693 9.173066538669227 0.5586488270234595
12 1.14 4.006 144.52103917921627 7.0946931061379095 9.429711405771885 0.4886002279954401
12 1.14 5.005 144.25880302394134 7.406471870562648 9.685366292674146 0.4093718125637487
12 1.14 6.004 143.99603587928198 7.719045619087601 9.895662086758264 0.3380032399352013
12 1.14 7.003 143.7569550608982 8.003624927501475 10.09539809203816 0.2733545329093418
12 1.14 8.002 143.4986854262927 8.311088778224414 10.297954040919182 0.2118557628847423
12 1.14 9.001 143.27224695506175 8.580658386832257 10.455270894582108 0.16739665206695867
12 1.26 0.5095 157.1964012719951 6.087783244335131 8.577878442431151 0.7646247075058499
12 1.26 1.5085 155.88499970001797 6.7096258074838495 9.096988060238795 0.5873282534349313
12 1.26 2.5075 154.97102897942094 7.277089458210814 9.56134877302454 0.4395812083758325
12 1.26 3.5065 154.06892422150923 7.853277934441331 9.986470270594587 0.30392392152156955
12 1.26 4.5055 153.20787724243667 8.405206895862017 10.368152636947261 0.19256614867702646
12 1.26 5.5045 152.49966700663245 8.859187816243757 10.622757544849103 0.11801763964720706
12 1.26 6.5035 151.86436971259025 9.26642967140698 10.807073858522829 0.07130857382852343
12 1.26 7.5025 151.3001367972812 9.628117437652802 10.920471590568189 0.03974920501589968
12 1.26 8.5015 150.8710205796145 9.903191936162322 10.966040679186417 0.02384952300953981
12 1.26 9.5005 150.53815443695495 10.11656766864782 10.98980020399592 0.013439731205375893
12 1.32 1.009 161.74359392813275 6.551113977720488 8.987580248395032 0.630167396652067
12 1.32 2.008 160.28108717825623 7.272824543509197 9.56659866802664 0.44444111117777646
12 1.32 3.007 158.95530929380925 7.960920781584355 10.083518329633407 0.27956440871182575
12 1.32 4.006 157.68946061077926 8.620072598547992 10.485570288594229 0.15857682846343074
12 1.32 5.005 156.6841975160381 9.143647127057898 10.768644627107458 0.08492830143397131
12 1.32 6.004 155.8753752924924 9.564908701826011 10.917591648167036 0.04472910541789164
12 1.32 7.003 155.06755144898827 9.985650286995755 10.983110337793244 0.019229615407691848
12 1.32 8.002 154.77888522230091 10.135997280056674 10.9947501049979 0.01121977560448791
12 1.32 9.001 154.09744285113834 10.490915181696838 10.999430011399772 0.004439911201775964
12 1.44 0.5095 173.74388792225525 6.291059178816413 8.754544909101819 0.7105357892842143
12 1.44 1.5085 170.82544069118845 7.296159076818431 9.57139857202856 0.4261414771704566
12 1.44 2.5075 168.37859842801578 8.220260594788092 10.258684826303474 0.21995560088798224
12 1.44 3.5065 166.1282738345131 9.072623547529496 10.719085618287634 0.09101817963640728
12 1.44 4.5055 164.53100017999586 9.677651446971648 10.94345113097738 0.0375292494150117
12 1.44 5.5045 163.62585468291817 10.02050958980927 10.988480230395393 0.01613967720645587
12 1.44 6.5035 162.43399772006194 10.471970560588764 11.0 0.003629927401451971
12 1.44 7.5025 162.11176576468824 10.594028119438358 11.0 0.0019199616007679846
12 1.44 8.5015 161.84891942163807 10.693591128172711 11.0 0.0011699766004679907
12 1.44 9.5005 161.57293934121225 10.798129037415265 11.0 3.599928001439971E-4
12 1.5 0.01 183.97061558768826 5.525099498010032 8.056008879822404 0.988270234595308
12 1.5 10.0 165.26414471710567 10.911951760955523 11.0 5.999880002399952E-5
12 1.62 0.5095 189.8377116457516 6.503844923101552 8.939191216175676 0.6530269394612108
12 1.62 1.5085 184.42307013860827 7.9081818363631795 10.033809323813523 0.29366412671746567
12 1.62 2.5075 180.0304145917314 9.088598228035544 10.72277554448911 0.09125817483650327
12 1.62 3.5065 177.11862422747546 9.871337573249281 10.973720525589489 0.025169496610067798
12 1.62 4.5055 175.44551328973063 10.321098578027007 10.998710025799484 0.006329873402531949
12 1.62 5.5045 174.6304403912351 10.540204195917172 11.0 0.001769964600707986
12 1.62 6.5035 173.53155576890057 10.835603287923341 11.0 2.0999580008399833E-4
12 1.62 7.5025 173.47436191277222 10.850977980426459 11.0 1.7999640007199856E-4
12 1.62 8.5015 173.31033179334256 10.895072098556875 11.0 8.999820003599928E-5
12 1.62 9.5005 172.92717945635457 10.998070038599003 11.0 0.0
12 1.8 1.009 200.89512209755725 7.648042039159195 9.855732885342293 0.35303293934121316
12 1.8 2.008 193.60064798704192 9.16653166936683 10.777464450710985 0.08183836323273534
12 1.8 3.007 189.41234775304278 10.039094218116801 10.985810283794324 0.014879702405951881
12 1.8 4.006 186.16466070674525 10.715695686084633 11.0 0.0011999760004799903
12 1.8 5.005 185.9853842923471 10.753044939098343 11.0 4.7999040019199615E-4
12 1.8 6.004 185.88595428086077 10.773759524805266 11.0 1.7999640007199856E-4
12 1.8 7.003 184.88183836310202 10.982950340991195 11.0 0.0
12 1.8 8.002 184.79999999988834 11.0 11.0 0.0
12 1.8 9.001 184.79999999988834 11.0 11.0 0.0
12 1.98 0.01 232.03252354952315 5.546429071418573 8.07187856242875 0.9818503629927402
12 1.98 10.0 196.67999999993947 11.0 11.0 0.0
14 0.04 1.009 34.6205807883842 3.9454010919782014 6.731595368092639 0.32867342653146936
14 0.04 2.008 28.42258954820916 2.8670683729184705 5.555918881622367 0.11102777944441111
14 0.04 3.007 25.85307133857362 2.3971534855014283 5.51484970300594 0.035939281214375715
14 0.04 4.006 24.68493790124385 2.1969503467073834 5.71602567948641 0.01382972340553189
14 0.04 5.005 23.638860022796624 2.0520575302778807 6.459440811183776 0.003509929801403972
14 0.04 6.004 22.178472430552254 1.90523618098774 7.877722445551089 1.499970000599988E-4
14 0.04 7.003 22.18551388971112 1.9224001234235109 8.10979780404392 3.899922001559969E-4
14 0.04 8.002 20.640000000011202 1.8571428571391961 11.0 2.999940001199976E-5
14 0.04 9.001 19.760000000007004 1.8571428571391961 13.0 0.0
14 0.16 0.5095 61.374127317453535 5.346257360567064 8.254814903701925 0.6739965200695986
14 0.16 1.5085 55.6506173876529 4.136925832911879 7.024389512209756 0.3350632987340253
14 0.16 2.5075 53.270409791804134 3.59380812383766 6.8549829003419935 0.16568668626627467
14 0.16 3.5065 46.55831043378763 2.697768901764533 11.13769724605508 0.020519589608207836
14 0.16 4.5055 42.552814543695995 2.234526738035972 12.818803623927522 8.099838003239935E-4
14 0.16 5.5045 40.393725325499446 1.9173002254220874 13.0 8.999820003599928E-5
14 0.16 6.5035 40.040781184395335 1.8572757116249659 13.0 2.999940001199976E-5
14 0.16 7.5025 40.04000000001902 1.8571428571391961 13.0 0.0
14 0.16 8.5015 40.04000000001902 1.8571428571391961 13.0 0.0
14 0.16 9.5005 40.04000000001902 1.8571428571391961 13.0 0.0
14 0.22 1.009 68.09725085498195 4.853650069855672 7.73597528049439 0.5125397492050159
14 0.22 2.008 65.21041039179296 4.162613890579216 7.266004679906402 0.27059458810823783
14 0.22 3.007 61.49853842923073 3.529206558726303 8.928361432771345 0.09542809143817124
14 0.22 4.006 52.784805903890174 2.3253049224718647 12.973930521389573 0.0011699766004679907
14 0.22 5.005 50.47242395151786 1.9107003574191896 13.0 5.999880002399952E-5
14 0.22 6.004 51.37536509267955 2.0760741928032576 13.0 2.999940001199976E-5
14 0.22 7.003 50.179999999989825 1.8571428571391961 13.0 0.0
14 0.22 8.002 50.179999999989825 1.8571428571391961 13.0 0.0
14 0.22 9.001 50.377211255771776 1.8932621347549579 13.0 0.0
14 0.34 0.5095 89.30374872502297 5.718327062030185 8.633887322253555 0.753464930701386
14 0.34 1.5085 86.25805303894118 4.927011459770855 7.877332453350933 0.4192716145677087
14 0.34 2.5075 84.55964060719307 4.519482467493596 7.715035699286014 0.21758564828703425
14 0.34 3.5065 76.0567300653995 3.02917227369734 12.575238495230096 0.01616967660646787
14 0.34 4.5055 72.99401271975884 2.405630458819506 13.0 0.0021899562008759824
14 0.34 5.5045 71.78479150420362 2.143894264972455 13.0 4.499910001799964E-4
14 0.34 6.5035 71.7390148197244 2.1339858917103385 13.0 2.999940001199976E-4
14 0.34 7.5025 70.4599999999731 1.8571428571391961 13.0 0.0
14 0.34 8.5015 70.4599999999731 1.8571428571391961 13.0 0.0
14 0.34 9.5005 70.4599999999731 1.8571428571391961 13.0 0.0
14 0.4 0.01 100.57326453470978 6.473519101046564 9.375592488150238 0.994990100197996
14 0.4 10.0 80.60000000005037 1.8571428571391961 13.0 0.0
14 0.52 0.5095 115.8376408471615 6.0373963949292415 8.95620087598248 0.8059638807223856
14 0.52 1.5085 114.01109977796892 5.478220435591256 8.409491810163797 0.4779204415911682
14 0.52 2.5075 112.72661426769017 5.133938749796345 8.176666466670667 0.254544909101818
14 0.52 3.5065 110.79091258174432 4.641597168056701 9.080668386632267 0.10274794504109917
14 0.52 4.5055 104.96485990283365 3.0716771378855356 12.9745005099898 0.013499730005399892
14 0.52 5.5045 103.4569724605382 2.6240989465929845 13.0 0.00497990040199196
14 0.52 6.5035 102.80359992796325 2.4296428357142634 13.0 0.0015899682006359872
14 0.52 7.5025 102.14001799959571 2.2321482141793045 13.0 7.199856002879943E-4
14 0.52 8.5015 101.65231415366743 2.0869982600335963 13.0 3.599928001439971E-4
14 0.52 9.5005 100.97719805595955 1.8860708500089625 13.0 2.999940001199976E-5
14 0.7 1.009 140.89085318293684 6.131221661281046 9.048989020219596 0.6798464030719386
14 0.7 2.008 140.02525349493138 5.805119611893474 8.752204955900883 0.42107157856842864
14 0.7 3.007 139.31646667066812 5.531760793355561 8.566508669826604 0.24041519169616607
14 0.7 4.006 138.67057958840866 5.275814483710287 8.380182396352073 0.12866742665146697
14 0.7 5.005 137.968491630164 4.979326127763044 8.858912821743566 0.06584868302633948
14 0.7 6.004 136.32132057358933 4.231818220778275 10.67354652906942 0.03266934661306774
14 0.7 7.003 134.0065698685986 3.14598565171547 12.993820123597528 0.01502969940601188
14 0.7 8.002 133.25985480288998 2.7904070490019275 13.0 0.00614987700245995
14 0.7 9.001 132.68617027659548 2.5172239412355037 13.0 0.0031799364012719744
14 0.88 0.01 166.86634427311404 6.508609827803452 9.412671746565069 0.995980080398392
14 0.88 10.0 164.64390472192528 5.3367561220202715 8.511759764804705 0.09044819103617928
14 1.06 0.5095 190.48102417952475 6.830040542046299 9.698446031079378 0.8637127257454851
14 1.06 1.5085 190.04335753286236 7.06485441719738 9.913451730965381 0.7711945761084779
14 1.06 2.5075 189.90750944982526 7.229229701120244 10.072388552228956 0.7329753404931901
14 1.06 3.5065 189.81443451132424 7.405711885762309 10.228775424491511 0.7048059038819223
14 1.06 4.5055 189.75281454372063 7.54424911501774 10.346733065338693 0.6747465050698986
14 1.06 5.5045 189.69636587269173 7.67637932955629 10.47135057298854 0.6345773084538309
14 1.06 6.5035 189.62479690406667 7.846175933624234 10.611357772844544 0.6031679366412672
14 1.06 7.5025 189.54548209036096 8.034945015385443 10.774314513709726 0.5710085798284035
14 1.06 8.5015 189.47869742605093 8.193577557020397 10.896532069358614 0.5303293934121318
14 1.06 9.5005 189.41406971860113 8.347453050939032 11.02744945101098 0.49694006119877604
14 1.12 1.009 197.9989716205821 7.125641772878841 9.97345053098938 0.7784844303113938
14 1.12 2.008 197.5918677626636 7.4687320539303395 10.28787424251515 0.6955960880782385
14 1.12 3.007 197.31987040260503 7.768138922935832 10.544819103617927 0.626687466250675
14 1.12 4.006 197.0416643667139 8.09453668069499 10.822493550128998 0.5503089938201235
14 1.12 5.005 196.75178016438488 8.438556943146962 11.1087478250435 0.4749805003899922
14 1.12 6.004 196.505733485314 8.731269660321338 11.331103377932441 0.40673186536269273
14 1.12 7.003 196.23156296872332 9.05766313245222 11.573678526429472 0.3403131937361253
14 1.12 8.002 195.97101817962383 9.367835500434564 11.782594348113038 0.2807943841123178
14 1.12 9.001 195.68078118437177 9.713355732887791 12.04484910301794 0.2229555408891822
14 1.24 0.5095 214.1295218095823 7.061125920338782 9.928721425571489 0.8024839503209936
14 1.24 1.5085 212.62224275516098 7.7872656832578 10.566568668626628 0.624197516049679
14 1.24 2.5075 211.53757124856088 8.419108760681986 11.08714825703486 0.4759404811903762
14 1.24 3.5065 210.42369592606178 9.081199804576222 11.595848083038339 0.34124317513649727
14 1.24 4.5055 209.40234955300323 9.689077647021211 12.033809323813523 0.22766544669106617
14 1.24 5.5045 208.44059278815868 10.261551911821677 12.382222355552889 0.14135717285654287
14 1.24 6.5035 207.66727065461725 10.721862705604396 12.636377272454551 0.09215815683686326
14 1.24 7.5025 206.78284034322542 11.24830931952807 12.858642827143457 0.04793904121917562
14 1.24 8.5015 206.35605447892286 11.502348524457831 12.925421491570168 0.03110937781244375
14 1.24 9.5005 205.9943697126044 11.717637075829806 12.970210595788084 0.019229615407691848
14 1.3 0.01 224.67943241135342 6.517562505892779 9.417591648167036 0.9927401451970961
14 1.3 10.0 210.6938021239616 12.336284702879844 13.0 0.0034199316013679725
14 1.42 0.5095 237.1360358792696 7.3211135777283785 10.148287034259315 0.7399052018959621
14 1.42 1.5085 233.32557628849534 8.543610556360491 11.172976540469191 0.45818083638327234
14 1.42 2.5075 230.19735165295742 9.606386443702178 11.9617507649847 0.24038519229615407
14 1.42 3.5065 227.3554892902161 10.572962826459268 12.540979180416391 0.10448791024179517
14 1.42 4.5055 225.17619907598888 11.31421800135366 12.879672406551869 0.04415911681766364
14 1.42 5.5045 223.70263334734437 11.815430834240864 12.967180656386873 0.01718965620687586
14 1.42 6.5035 222.6120369593503 12.186381986649078 12.998470030599387 0.005969880602387952
14 1.42 7.5025 221.89572868542282 12.43002425665548 13.0 0.0026999460010799785
14 1.42 8.5015 221.24597228066085 12.651029836534143 13.0 0.0010199796004079918
14 1.42 9.5005 221.2502435951219 12.649577008441906 13.0 4.499910001799964E-4
14 1.6 1.009 255.76580068398613 8.439491210175813 11.092218155636887 0.4749505009899802
14 1.6 2.008 249.12161156776853 10.01866391243931 12.251364972700546 0.1774164516709666
14 1.6 3.007 244.10246595067827 11.213698583170736 12.840223195536089 0.0498290034199316
14 1.6 4.006 241.24975700484214 11.892914998843446 12.9797504049919 0.01382972340553189
14 1.6 5.005 239.2572328553506 12.367325510632897 12.999640007199856 0.0035699286014279717
14 1.6 6.004 238.19932201359967 12.61920904438514 13.0 9.299814003719926E-4
14 1.6 7.003 237.7809023818732 12.718832766204377 13.0 2.3999520009599807E-4
14 1.6 8.002 237.3491450171195 12.821632138762435 13.0 1.499970000599988E-4
14 1.6 9.001 237.02702345967563 12.898327747701169 13.0 0.0
14 1.78 0.01 290.636782264355 6.529317985068882 9.434721305573888 0.9866802663946721
14 1.78 10.0 252.98000000021614 13.0 13.0 0.0
14 1.9 0.5095 295.33896922061786 8.020155311179536 10.753644927101458 0.5821083578328433
14 1.9 1.5085 280.73176036479225 10.328292005591337 12.433491330173396 0.12905741885162297
14 1.9 2.5075 271.547705045909 11.7860785641428 12.982150356992861 0.01739965200695986
14 1.9 3.5065 267.8535309293763 12.372455408030907 12.999880002399951 0.0033899322013559727
14 1.9 4.5055 264.7741345173213 12.861248489307478 13.0 2.999940001199976E-4
14 1.9 5.5045 264.0734715307387 12.972464836409543 13.0 2.999940001199976E-5
14 1.9 6.5035 263.90564288730525 12.999104303627952 13.0 5.999880002399952E-5
14 1.9 7.5025 263.9000000001636 13.0 13.0 0.0
14 1.9 8.5015 263.9000000001636 13.0 13.0 0.0
14 1.9 9.5005 263.9000000001636 13.0 13.0 0.0
14 1.96 0.01 315.1735405291785 6.5507889842203095 9.462530749385012 0.9847603047939041
14 1.96 10.0 269.3600000000975 13.0 13.0 0.0
16 0.02 1.009 39.02753584928357 4.295381592368153 7.364612707745845 0.2882342353152937
16 0.02 2.008 28.701575568488966 2.8450005999880004 5.639707205855883 0.07400851982960341
16 0.02 3.007 25.496340073199917 2.3576903461930763 5.196496070078599 0.02249955000899982
16 0.02 4.006 23.99141297174166 2.1396322073558527 5.446511069778604 0.00746985060298794
16 0.02 5.005 22.14259074819098 1.93764999700006 6.9300413991720164 9.299814003719926E-4
16 0.02 6.004 22.46455630886807 1.9479210415791683 6.668086638267234 5.999880002399952E-4
16 0.02 7.003 21.422634547303396 1.875 7.0 0.0
16 0.02 8.002 21.26739005221596 1.875 8.74977500449991 2.999940001199976E-5
16 0.02 9.001 20.02000000000951 1.875 13.0 0.0
16 0.14 0.5095 76.0638675226494 6.065409941801164 9.329303413931722 0.6513169736605268
16 0.14 1.5085 67.2326951460964 4.516897162056759 7.703275934481311 0.30605387892242153
16 0.14 2.5075 64.0059206815864 3.8696638567228656 7.243805123897522 0.15560688786224275
16 0.14 3.5065 52.29914561708468 2.5580263394732103 13.85267294654107 0.008519829603407933
16 0.14 4.5055 47.818830023394945 2.012479750404992 14.777014459710806 2.3999520009599807E-4
16 0.14 5.5045 46.5 1.875 15.0 0.0
16 0.14 6.5035 46.5 1.875 15.0 0.0
16 0.14 7.5025 46.5 1.875 15.0 0.0
16 0.14 8.5015 46.5 1.875 15.0 0.0
16 0.14 9.5005 46.5 1.875 15.0 0.0
16 0.2 0.01 96.10419991600081 7.481816613667727 10.736365272694545 0.9931001379972401
16 0.2 10.0 60.0 1.875 15.0 0.0
16 0.32 0.5095 113.02135597287955 6.4925413991720164 9.749535009299814 0.7382552348953021
16 0.32 1.5085 108.21757844843098 5.426287724245515 8.684136317273655 0.4026819463610728
16 0.32 2.5075 105.82368392632199 4.933067588648227 8.56134877302454 0.20450590988180237
16 0.32 3.5065 92.71967720644942 2.9249077518449633 14.99655006899862 0.006569868602627947
16 0.32 4.5055 90.44642947140962 2.508534829303414 15.0 0.0015599688006239876
16 0.32 5.5045 89.00585108297393 2.243722625547489 15.0 2.699946001079978E-4
16 0.32 6.5035 87.66663826723507 1.9975437991240175 15.0 8.999820003599928E-5
16 0.32 7.5025 87.83120177599174 2.0277944441111178 15.0 5.999880002399952E-5
16 0.32 8.5015 87.0 1.875 15.0 0.0
16 0.32 9.5005 87.47045539087857 1.9614807703845922 15.0 2.999940001199976E-5
16 0.5 1.009 146.5652636947261 6.386943511129777 9.628847423051539 0.621707565848683
16 0.5 2.008 144.30003899922002 5.797834043319134 9.137277254454911 0.34136317273654526
16 0.5 3.007 142.87334253314933 5.471658066838663 8.886572268554628 0.1750164996700066
16 0.5 4.006 133.95738585228295 3.482236605267895 14.884772304553909 0.018329633407331854
16 0.5 5.005 131.31037379252416 2.8275934481310374 15.0 0.005819883602327954
16 0.5 6.004 130.2062308753825 2.551557718845623 15.0 0.0019499610007799844
16 0.5 7.003 129.2835093298134 2.320877332453351 15.0 5.699886002279955E-4
16 0.5 8.002 128.08380332393352 2.0209508309833804 15.0 2.999940001199976E-5
16 0.5 9.001 128.5177896442071 2.129447411051779 15.0 1.1999760004799904E-4
16 0.68 0.01 183.100059998808 7.492687646247075 10.74827503449931 0.99610007799844
16 0.68 10.0 169.82950260996503 2.58964945701086 15.0 0.001769964600707986
16 0.8 0.5095 204.33890322193582 7.361406521869562 10.606557868842623 0.8605327893442131
16 0.8 1.5085 203.59904601907934 7.039407961840763 10.275754484910301 0.624797504049919
16 0.8 2.5075 202.96268074638576 6.725032999340013 9.962470750584988 0.43061138777224456
16 0.8 3.5065 202.49766004679736 6.480219145617087 9.738765224695506 0.2878442431151377
16 0.8 4.5055 202.05721485570083 6.237895242095158 9.529639407211857 0.18923621527569448
16 0.8 5.5045 201.65343493130058 6.007477350452991 9.421221575568488 0.12122757544849103
16 0.8 6.5035 201.32313553729927 5.814629957400852 9.122667546649067 0.07319853602927942
16 0.8 7.5025 201.071554568908 5.662086758264834 9.046709065818684 0.047039059218815626
16 0.8 8.5015 200.7217255654846 5.447613547729046 9.19607607847843 0.02630947381052379
16 0.8 9.5005 197.7223915521661 3.576494720105598 14.993460130797384 0.021689566208675827
16 0.86 0.01 215.7021653566913 7.514658456830864 10.781364372712545 0.9970000599988
16 0.86 10.0 212.82619667607514 5.73680026399472 9.288144237115258 0.057148857022859545
16 0.98 1.009 236.6480380392525 7.7134832303353935 10.957310853782925 0.8587628247435052
16 0.98 2.008 236.50636827264785 7.712969490610188 10.933461330773385 0.8047039059218816
16 0.98 3.007 236.45517609649568 7.666616667666647 10.900941981160377 0.7695746085078299
16 0.98 4.006 236.4323711525938 7.634333563328734 10.855342893142137 0.7449751004979901
16 0.98 5.005 236.41997660048483 7.601334223315534 10.824503509929801 0.7226255474890502
16 0.98 6.004 236.40951520971382 7.546056578868423 10.74527509449811 0.6979060418791624
16 0.98 7.003 236.40040979182194 7.497967540649187 10.719355612887743 0.6704265914681706
16 0.98 8.002 236.3945809084005 7.464660706785864 10.687706245875082 0.6564768704625907
16 0.98 9.001 236.38406971862187 7.400251994960101 10.642317153656927 0.633317333653327
16 1.04 0.5095 247.48162236759805 7.752759944801104 10.96730065398692 0.8960520789584209
16 1.04 1.5085 247.1376744465357 7.9568421131577365 11.175616487670247 0.8287334253314934
16 1.04 2.5075 247.02229315414237 8.12777494450111 11.330113397732045 0.8006239875202495
16 1.04 3.5065 246.97166736664116 8.232259104817903 11.412341753164936 0.7744045119097618
16 1.04 4.5055 246.93103377929796 8.34714930701386 11.528679426411472 0.752954940901182
16 1.04 5.5045 246.88921701561986 8.47402426951461 11.655696886062278 0.7330053398932022
16 1.04 6.5035 246.84891342167901 8.597730545389092 11.751934961300774 0.7043259134817303
16 1.04 7.5025 246.81352372946557 8.708030839383213 11.85672286554269 0.6811963760724785
16 1.04 8.5015 246.77824683499654 8.817978640427192 11.946181076378473 0.6586968260634787
16 1.04 9.5005 246.72250434984585 8.99217390652187 12.115827683446332 0.628277434451311
16 1.1 0.01 259.15244195115946 7.506633617327654 10.760664786704266 0.99610007799844
16 1.1 10.0 255.24642407151813 10.941969910601788 13.64462710745785 0.2608147837043259
16 1.22 0.5095 278.84552048959245 8.063703725925482 11.26807463850723 0.8426531469370613
16 1.22 1.5085 277.3154268914577 8.809781304373912 11.944531109377813 0.6685066298674026
16 1.22 2.5075 275.99590508189783 9.548509029819403 12.569688606227876 0.5201895962080758
16 1.22 3.5065 274.68808483830634 10.290881682366352 13.156806863862723 0.378502429951401
16 1.22 4.5055 273.5420015599718 10.942086158276835 13.650116997660048 0.2608747825043499
16 1.22 5.5045 272.43482690345905 11.571121077578448 14.04754904901902 0.17087658246835064
16 1.22 6.5035 271.47656566868204 12.115587688246235 14.386782264354713 0.11189776204475911
16 1.22 7.5025 270.74317513650163 12.532286854262916 14.61939761204776 0.07547849043019139
16 1.22 8.5015 269.99146997059773 12.959392062158757 14.812953740925181 0.04385912281754365
16 1.22 9.5005 269.2236545269014 13.395650836983261 14.943511129777404 0.0251394972100558
16 1.4 1.009 307.1597048059052 9.01957460850783 12.123657526849463 0.623837523249535
16 1.4 2.008 302.76274674506504 10.386759764804705 13.221815563688725 0.35582288354232916
16 1.4 3.007 299.1797924041548 11.506314873702525 14.023939521209575 0.17702645947081058
16 1.4 4.006 296.0945581088289 12.47045059098818 14.603257934841302 0.08015839683206336
16 1.4 5.005 293.4959980800421 13.282500599988 14.913781724365514 0.029429411411771765
16 1.4 6.004 292.0243955120753 13.742376402471951 14.988870222595548 0.012359752804943901
16 1.4 7.003 290.90326993459536 14.092728145437091 14.99970000599988 0.004829903401931962
16 1.4 8.002 290.2406311872842 14.29980275394492 15.0 0.0024599508009839803
16 1.4 9.001 289.28236635267115 14.599260514789703 15.0 6.599868002639947E-4
16 1.58 0.01 345.7636947261584 7.539640457190856 10.79462410751785 0.9910001799964001
16 1.58 10.0 309.7049547007235 14.977380452390952 15.0 2.999940001199976E-5
16 1.7 0.5095 358.3158636827266 8.88422481550369 12.014189716205676 0.6635567288654227
16 1.7 1.5085 345.5511129777365 11.151586968260634 13.799784004319914 0.23243535129297413
16 1.7 2.5075 336.61585468290446 12.747168806623867 14.723585528289433 0.058318833623327536
16 1.7 3.5065 330.4208735825473 13.853415431691365 14.988840223195536 0.010289794204115918
16 1.7 4.5055 328.23496430071486 14.243756374872502 15.0 0.0032999340013199737
16 1.7 5.5045 325.2315623688071 14.780078148437031 15.0 3.899922001559969E-4
16 1.7 6.5035 325.69336413284674 14.697613547729045 15.0 1.7999640007199856E-4
16 1.7 7.5025 324.11761864755834 14.978996670066598 15.0 0.0
16 1.7 8.5015 324.0 15.0 15.0 0.0
16 1.7 9.5005 324.6999999999343 14.875 15.0 0.0
16 1.76 0.01 378.2295206095681 7.54082543349133 10.792434151316973 0.9889602207955841
16 1.76 10.0 331.199999999921 15.0 15.0 0.0
16 1.88 1.009 376.4239239215015 10.62167381652367 13.415131697366053 0.3108837823243535
16 1.88 2.008 361.41407571847503 12.753682426351473 14.684106317873642 0.056878862422751544
16 1.88 3.007 352.8326105477594 13.972640547189057 14.997870042599148 0.007019859602807944
16 1.88 4.006 347.8854286915426 14.675365242695147 15.0 4.7999040019199615E-4
16 1.88 5.005 345.5999999997871 15.0 15.0 0.0
16 1.88 6.004 346.49607727873274 14.872716295674087 15.0 0.0
16 1.88 7.003 345.5999999997871 15.0 15.0 0.0
16 1.88 8.002 345.5999999997871 15.0 15.0 0.0
16 1.88 9.001 345.5999999997871 15.0 15.0 0.0
16 1.94 0.01 410.71128037439985 7.547537799244015 10.804883902321954 0.9875502489950201
16 1.94 10.0 352.80000000011984 15.0 15.0 0.0
16 2.0 0.01 421.58087838243233 7.5456778364432715 10.801763964720706 0.9867402651946962
16 2.0 10.0 360.0 15.0 15.0 0.0
18 0.0 0.01 76.08606827863443 8.454007586514644 12.059188816223676 0.9902501949961001
18 0.0 10.0 17.0 1.8888888888904165 3.583758324833503 2.3999520009599807E-4
18 0.12 0.5095 91.07719565608545 6.786864262714683 10.357562848743026 0.6375472490550189
18 0.12 1.5085 77.81855762884784 4.822336886595696 8.260454790904182 0.2734145317093658
18 0.12 2.5075 73.28360232795455 4.041072511882987 7.74227515449691 0.13256734865302694
18 0.12 3.5065 59.830607787843945 2.727562115424501 15.340283194336113 0.010139797204055919
18 0.12 4.5055 54.47425691485272 2.2093724792143443 16.847603047939042 2.0999580008399833E-4
18 0.12 5.5045 53.76101757961755 2.151643633791876 17.0 2.999940001199976E-5
18 0.12 6.5035 52.533811723797086 1.996693399465365 17.0 0.0
18 0.12 7.5025 51.679999999988226 1.8888888888904165 17.0 0.0
18 0.12 8.5015 51.679999999988226 1.8888888888904165 17.0 0.0
18 0.12 9.5005 51.679999999988226 1.8888888888904165 17.0 0.0
18 0.3 1.009 133.86859362812748 6.4300680653052895 9.964510709785804 0.5238795224095518
18 0.3 2.008 129.59764204715955 5.603137937241212 9.18602627947441 0.2731145377092458
18 0.3 3.007 119.99726705466503 4.267057992172831 13.661756764864704 0.06329873402531949
18 0.3 4.006 109.4202165956501 2.7945541089178354 16.99460010799784 0.002969940601187976
18 0.3 5.005 106.38479630407376 2.315047032390536 17.0 4.7999040019199615E-4
18 0.3 6.004 105.45648887017721 2.1676966460646465 17.0 8.999820003599928E-5
18 0.3 8.002 104.39999999993988 2.0 17.0 2.999940001199976E-5
18 0.3 9.001 104.98391432177492 2.0926848129691384 17.0 2.999940001199976E-5
18 0.48 0.01 187.04440151196962 8.50220328926737 12.105387892242154 0.9952600947981041
18 0.6 0.5095 212.54511309773739 7.861342773144596 11.461930761384773 0.8148737025259495
18 0.6 1.5085 209.7775364492721 7.058102171289858 10.637787244255115 0.50209995800084
18 0.6 2.5075 207.9407631847356 6.562592081491684 10.129087418251634 0.27893442131157375
18 0.6 3.5065 206.42084958300552 6.179963067405288 9.888102237955241 0.12914741705165897
18 0.6 4.5055 199.09853602927777 4.288374232515196 16.26342473150537 0.03410931781364373
18 0.6 5.5045 196.00423591526823 3.4450310993780433 16.99310013799724 0.012629747405051898
18 0.6 6.5035 194.4206395872172 3.005733218668625 17.0 0.004499910001799964
18 0.6 7.5025 193.0976300474431 2.6382305687228955 17.0 0.0016799664006719867
18 0.6 8.5015 192.60405591885416 2.5011266441347435 17.0 7.49985000299994E-4
18 0.6 9.5005 191.27846643062603 2.132907341851549 17.0 1.1999760004799904E-4
18 0.66 0.01 228.49828283434834 8.507146523736061 12.093688126237476 0.9964000719985601
18 0.78 1.009 254.82848863022392 7.951020979580315 11.513769724605508 0.742095158096838
18 0.78 2.008 253.84792344153445 7.513233068671981 11.062638747225055 0.5134697306053879
18 0.78 3.007 253.09037679247425 7.179536409271835 10.775364492710146 0.3369832603347933
18 0.78 4.006 252.38300113998443 6.857056192209464 10.459440811183777 0.21473570528589428
18 0.78 5.005 251.761556968868 6.568178636427416 10.153326933461331 0.124227515449691
18 0.78 6.004 251.31786464270445 6.360849449677708 10.066988660226796 0.07646847063058738
18 0.78 8.002 249.80986260273585 5.616061012113305 11.333263334733305 0.026579468410631787
18 0.78 9.001 245.85961360773135 3.6260674786501768 17.0 0.01652966940661187
18 0.84 0.01 269.9177776444395 8.497850042998962 12.087238255234896 0.997390052198956
18 0.96 1.009 297.03307013857193 8.56899195349413 12.134487310253794 0.872622547549049
18 0.96 2.008 296.8915365692346 8.490876849129611 12.064558708825823 0.7982840343193136
18 0.96 3.007 296.81638927218074 8.403171936561149 11.957220855582888 0.747615047699046
18 0.96 4.006 296.75944921097596 8.296444071118552 11.872832543349134 0.7018959620807584
18 0.96 5.005 296.7159392811728 8.194462777411134 11.760904781904362 0.6524869502609948
18 0.96 6.004 296.6744057118431 8.087411585101572 11.652186956260875 0.6082378352432951
18 0.96 8.002 296.5987124257304 7.883872322553521 11.438501229975401 0.5275094498110038
18 0.96 9.001 296.57354292912123 7.814677039792559 11.406701865962681 0.496340073198536
18 1.02 0.5095 310.836012479736 8.698252701612427 12.251394972100558 0.9306713865722686
18 1.02 1.5085 310.6080008399721 8.836206609200726 12.400011999760006 0.8782624347513049
18 1.02 2.5075 310.5291312173677 8.95324760171391 12.491690166196676 0.8616127677446451
18 1.02 3.5065 310.5090310193813 8.993686792930237 12.55447891042179 0.8455030899382012
18 1.02 4.5055 310.48893262135005 9.073385198961825 12.61657766844663 0.8353332933341333
18 1.02 5.5045 310.47740205196214 9.128774091183796 12.675796484070318 0.8239635207295855
18 1.02 6.5035 310.45993760125714 9.223588861554807 12.75262494750105 0.8102837943241136
18 1.02 7.5025 310.4486470270755 9.285464290712754 12.831973360532789 0.7990640187196256
18 1.02 8.5015 310.43541309175237 9.359326146808652 12.864552708945821 0.7864342713145737
18 1.02 9.5005 310.4232183356498 9.426564802035406 12.93745125097498 0.7759044819103618
18 1.2 1.009 350.23251934961155 9.45497756711337 12.988180236395273 0.7853842923141537
18 1.2 2.008 348.76896262074683 10.24122517549342 13.648137037259255 0.6323573528529429
18 1.2 3.007 347.44454310913795 10.975453824256068 14.271314573708526 0.4846103077938441
18 1.2 4.006 346.13066538669375 11.705185896281707 14.845863082738346 0.3619127617447651
18 1.2 5.005 344.81768164636424 12.434621307574362 15.428961420771584 0.25742485150296995
18 1.2 6.004 343.7445851082959 13.030786050945853 15.805393892122158 0.17915641687166256
18 1.2 8.002 341.74279114418084 14.142893808789141 16.499280014399712 0.07793844123117538
18 1.2 9.001 341.02986140276187 14.53896588734883 16.682186356272876 0.052108957820843585
18 1.38 0.01 394.13334853301876 8.520232928674567 12.113577728445431 0.9935201295974081
18 1.5 0.5095 415.82559848803027 9.612111091108925 13.11519769604608 0.7549349013019739
18 1.5 1.5085 407.06059878802427 11.54214915701655 14.738105237895242 0.3868422631547369
18 1.5 2.5075 399.25637487250253 13.276361139443535 15.9617507649847 0.15605687886242275
18 1.5 3.5065 393.8003539929201 14.488810223796381 16.665356692866144 0.05393892122157557
18 1.5 4.5055 389.810073798524 15.375539155886953 16.95218095638087 0.018269634607307853
18 1.5 5.5045 387.15557688846224 15.965427358118905 16.999340013199735 0.00509989800203996
18 1.5 6.5035 384.22033059338816 16.617704312586064 17.0 7.799844003119938E-4
18 1.5 7.5025 384.79460910781785 16.490086864927 17.0 4.7999040019199615E-4
18 1.5 8.5015 384.0203995920082 16.662133424030554 17.0 3.2999340013199736E-4
18 1.5 9.5005 383.38358732825344 16.803647260410447 17.0 8.999820003599928E-5
18 1.56 0.01 435.51641927160597 8.524556175542886 12.106317873642528 0.9921401571968561
18 1.68 1.009 444.79491330172254 11.321430238061922 14.543709125817484 0.42989140217195654
18 1.68 2.008 430.8690646187063 13.59655806883922 16.174086518269636 0.124977500449991
18 1.68 3.007 421.9953236935283 15.046515736353294 16.888432231355374 0.027299454010919783
18 1.68 4.006 416.1771152577827 15.997203389261601 16.99913001739965 0.004649907001859963
18 1.68 5.005 414.15867762633343 16.327013459719613 17.0 0.0012899742005159896
18 1.68 6.004 412.0350392992839 16.67401318643194 17.0 1.1999760004799904E-4
18 1.68 8.002 410.03999999967573 17.0 17.0 0.0
18 1.68 9.001 410.03999999967573 17.0 17.0 0.0
18 1.74 0.01 476.68339413213073 8.552505616554077 12.133347333053338 0.991180176396472
18 1.86 1.009 476.2584916301487 12.002793277467687 15.093628127437452 0.31691366172676544
18 1.86 2.008 457.59015719687307 14.414708372498794 16.644537109257815 0.05888882222355553
18 1.86 3.007 446.11305033900146 15.897538715892134 16.994540109197818 0.006629867402651947
18 1.86 4.006 440.35976540479595 16.64085718287881 17.0 4.7999040019199615E-4
18 1.86 5.005 438.79249835004634 16.843346466411795 17.0 5.999880002399952E-5
18 1.86 6.004 437.5800000000678 17.0 17.0 0.0
18 1.86 8.002 437.5800000000678 17.0 17.0 0.0
18 1.86 9.001 437.5800000000678 17.0 17.0 0.0
18 1.92 0.01 517.9949805003315 8.55595221428877 12.14972700545989 0.9886302273954521
18 1.98 0.5095 512.7311879762547 10.56296874062325 13.944021119577608 0.5660886782264355
18 1.98 1.5085 483.1493910122339 13.915035032631966 16.32990340193196 0.09584808303833924
18 1.98 2.5075 468.27993280133734 15.600914648376897 16.986380272394552 0.010829783404331913
18 1.98 3.5065 459.9660142799492 16.543535795963543 17.0 6.899862002759944E-4
18 1.98 4.5055 455.93999999986596 17.0 17.0 0.0
18 1.98 5.5045 456.58178916418285 16.927234788632532 17.0 2.999940001199976E-5
18 1.98 6.5035 455.93999999986596 17.0 17.0 0.0
18 1.98 7.5025 455.93999999986596 17.0 17.0 0.0
18 1.98 8.5015 455.9400000001568 17.0 17.0 0.0
18 1.98 9.5005 455.93999999986596 17.0 17.0 0.0
20 0.04 0.01 106.13135417291775 9.469709605807845 13.377092458150837 0.991780164396712
20 0.16 1.009 116.5277722445544 6.418608627827458 10.225715485690285 0.4278514429711406
20 0.16 2.008 108.28556548869021 5.160760784784365 8.94045119097618 0.21548569028619427
20 0.16 3.007 93.26638507229549 3.6106497870042533 15.952210955780885 0.03623927521449571
20 0.16 4.006 81.37165536690027 2.447654046919127 18.99577008459831 7.799844003119938E-4
20 0.16 5.005 80.07643007140763 2.294813103738025 19.0 2.3999520009599807E-4
20 0.16 6.004 77.096715665729 1.940085198296463 19.0 0.0
20 0.16 8.002 76.75999999996671 1.9000000000010122 19.0 0.0
20 0.16 9.001 76.75999999996671 1.9000000000010122 19.0 0.0
20 0.22 0.01 157.503739125218 9.459404811903697 13.358192836143278 0.993070138597228
20 0.28 0.5095 164.6557412851742 7.989101217975683 11.891762164756704 0.7012359752804944
20 0.28 1.5085 154.83726165476654 6.400020999579985 10.22127557448851 0.36389272214555707
20 0.28 2.5075 150.7219271614575 5.705561888762287 9.616607667846644 0.17984640307193855
20 0.28 3.5065 128.71917921641247 3.099886002280122 19.0 0.004619907601847963
20 0.28 4.5055 124.51573048543034 2.516073678526022 19.0 6.29987400251995E-4
20 0.28 5.5045 122.12992860149484 2.1847123057533526 19.0 1.7999640007199856E-4
20 0.28 6.5035 120.79999999992786 2.0 19.0 0.0
20 0.28 7.5025 120.79999999992786 2.0 19.0 0.0
20 0.28 8.5015 120.79999999992786 2.0 19.0 0.0
20 0.28 9.5005 120.0800000000502 1.9000000000010122 19.0 0.0
20 0.34 1.009 178.26307373852703 7.211129777404503 11.039869202615948 0.5283194336113278
20 0.34 2.008 173.1272958540857 6.298794024119528 10.16727665446691 0.2774044519109618
20 0.34 3.007 169.9562026759465 5.785015299693893 10.151796964060718 0.126927461450771
20 0.34 4.006 149.03908441830154 3.0059218815627577 19.0 0.003839923201535969
20 0.34 5.005 145.9637703245765 2.539965200695672 19.0 7.199856002879943E-4
20 0.34 6.004 142.0914231716243 1.9532459350819786 19.0 2.999940001199976E-5
20 0.34 8.002 141.7400000001205 1.9000000000010122 19.0 0.0
20 0.34 9.001 142.72784184319292 2.049673006539547 19.0 0.0
20 0.46 0.5095 220.85649487012338 8.405513889722164 12.32987340253195 0.7711345773084538
20 0.46 1.5085 214.80046199074337 7.15391792164161 10.942371152576948 0.4389212215755685
20 0.46 2.5075 211.65064738710953 6.540796184076359 10.368272634547308 0.21695566088678225
20 0.46 3.5065 207.60925661491717 5.854289914201585 12.19247615047699 0.08618827623447531
20 0.46 4.5055 192.45567048661619 3.2695686086277544 19.0 0.00623987520249595
20 0.46 5.5045 189.34740625179316 2.6939641207175646 19.0 0.0012899742005159896
20 0.46 6.5035 188.51830683377517 2.540427191455768 19.0 7.49985000299994E-4
20 0.46 7.5025 185.05999999990192 1.9000000000010122 19.0 0.0
20 0.46 8.5015 185.05999999990192 1.9000000000010122 19.0 0.0
20 0.46 9.5005 185.14433551318513 1.9156176876473034 19.0 0.0
20 0.52 1.009 236.3415635687239 7.882552348953084 11.745905081898362 0.617537649247015
20 0.52 2.008 232.65419811603567 7.0647897042058965 10.8740025199496 0.3403131937361253
20 0.52 3.007 230.1848527029537 6.560940781184393 10.545029099418011 0.1616067678646427
20 0.52 4.006 224.3628103437969 5.459380812383725 13.733185336293275 0.05123897522049559
20 0.52 5.005 213.74003239936627 3.36250674986509 19.0 0.007739845203095938
20 0.52 6.004 211.044391912092 2.8009149816994485 19.0 0.0024299514009719805
20 0.52 8.002 207.86873702521228 2.1393202135948477 19.0 2.999940001199976E-5
20 0.52 9.001 207.2000000001197 2.0 19.0 2.999940001199976E-5
20 0.64 0.5095 275.42885582288375 8.810766784664304 12.738015239695207 0.8302333953320934
20 0.64 1.5085 272.1988540229192 7.8721635567289185 11.763754724905501 0.5190796184076318
20 0.64 2.5075 270.0728829423401 7.291765164696605 11.136107277854443 0.28670426591468173
20 0.64 3.5065 268.4428367432675 6.875640487190371 10.705435891282175 0.14555708885822283
20 0.64 4.5055 264.2062890742188 5.774089518209653 14.467270654586908 0.057778844423111535
20 0.64 5.5045 257.7175556488856 4.032654346913175 19.0 0.01970960580788384
20 0.64 6.5035 255.9503005939818 3.5417501649969148 19.0 0.00995980080398392
20 0.64 7.5025 254.11220975581634 3.0311693766125134 19.0 0.003479930401391972
20 0.64 8.5015 253.05708165835773 2.7380782384348556 19.0 0.001499970000599988
20 0.64 9.5005 251.4719325613517 2.297759044819844 19.0 3.2999340013199736E-4
20 0.7 0.01 294.8514969700614 9.49022319553605 13.404631907361853 0.99760004799904
20 0.82 0.5095 328.5358696826077 9.20946481070384 13.106887862242756 0.8892122157556849
20 0.82 1.5085 327.4689704205956 8.682150356992873 12.569088618227635 0.6785864282714346
20 0.82 2.5075 326.6192224155516 8.246571068578616 12.112707745845084 0.49517009659806804
20 0.82 3.5065 325.9460838783206 7.905513889722197 11.723885522289555 0.34571308573828524
20 0.82 4.5055 325.31941801163816 7.5827173456530454 11.42140157196856 0.23168536629267414
20 0.82 5.5045 324.79677386451385 7.310658786824159 11.19802603947921 0.15239695206095877
20 0.82 6.5035 324.31073138535027 7.049901001979835 10.773834523309533 0.09482810343793124
20 0.82 7.5025 323.993698926009 6.878787424251437 10.626957460850782 0.06341873162536749
20 0.82 8.5015 323.5800005999836 6.652111957760768 10.800233995320093 0.041909161816763664
20 0.82 9.5005 321.9209569808363 5.732867342653062 14.678016439671207 0.03374932501349973
20 1.06 1.009 396.95359032819147 9.889551208975849 13.773654526909462 0.8978220435591289
20 1.06 2.008 396.714829903399 10.172583548329053 14.034619307613848 0.8456830863382733
20 1.06 3.007 396.55007799844134 10.424380512389716 14.25577488450231 0.7999340013199736
20 1.06 4.006 396.38698386032553 10.690745185096405 14.48770024599508 0.757394852102958
20 1.06 5.005 396.2235705285933 10.961033779324454 14.765764684706307 0.7141657166856663
20 1.06 6.004 396.0698488030302 11.217024659506839 15.006839863202735 0.6665266694666107
20 1.06 8.002 395.75167036659366 11.74721605567898 15.453230935381292 0.5752984940301193
20 1.06 9.001 395.584203515926 12.026327473450499 15.655336893262135 0.5248995020099598
20 1.12 0.01 414.7700737985292 9.509860802783955 13.42965140697186 0.997360052798944
20 1.18 0.5095 430.5225283494258 10.005519889602224 13.884112317753646 0.8874422511549769
20 1.18 1.5085 428.96613727725764 10.802981940361098 14.604997900042 0.73807523849523
20 1.18 2.5075 427.4764606707899 11.62471950560989 15.330203395932081 0.5924581508369833
20 1.18 3.5065 426.0703683926283 12.405468890622268 15.975670486590268 0.46697066058678827
20 1.18 4.5055 424.6708981820411 13.182834343313202 16.610037799244015 0.35384292314153715
20 1.18 5.5045 423.51535369292515 13.824803503929898 17.073168536629268 0.26600467990640186
20 1.18 6.5035 422.22391012178934 14.542272154557063 17.57469850602988 0.18143637127257456
20 1.18 7.5025 421.31181976360307 15.048989020219526 17.93955120897582 0.13172736545269095
20 1.18 8.5015 420.4688102237958 15.51732765344688 18.197336053278935 0.09365812683746325
20 1.18 9.5005 419.4494780104446 16.083623327533623 18.499190016199677 0.05801883962320754
20 1.24 1.009 445.6097678046353 10.6737565248695 14.526759464810704 0.7665146697066059
20 1.24 2.008 442.9511429771402 11.771116577668419 15.427371452570949 0.5739785204295914
20 1.24 3.007 440.56562188757243 12.76433971320567 16.283614327713444 0.40877182456350875
20 1.24 4.006 438.16363352731463 13.765152696946075 17.033989320213596 0.2746445071098578
20 1.24 5.005 436.1694318113757 14.5960700785985 17.63622727545449 0.1749265014699706
20 1.24 6.004 434.2397264054728 15.40011399771997 18.139317213655726 0.10724785504289915
20 1.24 8.002 431.29674206514807 16.62635747285079 18.767834643307133 0.03413931721365573
20 1.24 9.001 430.30483950324646 17.039650206996487 18.905801883962322 0.01889962200755985
20 1.36 0.5095 479.275227695448 10.443868122637486 14.29012419751605 0.8160136797264055
20 1.36 1.5085 473.49900521990963 12.028439431211423 15.70477590448191 0.5326993460130798
20 1.36 2.5075 467.98179036417656 13.560613787724211 16.88705225895482 0.2967540649187016
20 1.36 3.5065 463.2981832363581 14.861615767684569 17.78922421551569 0.1506269874602508
20 1.36 4.5055 459.5850662986464 15.89303713925711 18.40097198056039 0.07217855642887143
20 1.36 5.5045 456.9774476510194 16.617375652486416 18.77617447651047 0.03599928001439971
20 1.36 6.5035 453.9535189296505 17.45735585288265 18.98092038159237 0.012719745605087898
20 1.36 7.5025 453.08855342892633 17.697624047520563 18.994240115197695 0.006539869202615948
20 1.36 8.5015 451.4525913481233 18.15205795884207 19.0 0.002009959800803984
20 1.36 9.5005 450.70129357413464 18.36075178496497 19.0 8.399832003359933E-4
20 1.42 1.009 491.3192530149851 11.496988060238877 15.232705345893082 0.621827563448731
20 1.42 2.008 483.5317135658044 13.349592008159803 16.720315593688127 0.32855342893142137
20 1.42 3.007 477.36479210405656 14.81790664186727 17.763634727305455 0.15392692146157078
20 1.42 4.006 472.7295464091974 15.921536569268552 18.42965140697186 0.06773864522709545
20 1.42 5.005 468.642301553872 16.894690106198368 18.86164276714466 0.025349493010139796
20 1.42 6.004 465.83187736221294 17.563838723224503 18.978490430191396 0.00893982120357593
20 1.42 8.002 462.68205375911265 18.313796724064968 19.0 0.0013799724005519889
20 1.42 9.001 461.519437211454 18.59061018779113 19.0 2.699946001079978E-4
20 1.54 0.5095 526.8325361492964 10.817216655666808 14.623687526249475 0.742095158096838
20 1.54 1.5085 514.3849769004701 13.1139017219655 16.562608747825042 0.35579288414231713
20 1.54 2.5075 504.054300113972 15.026981460370784 17.909491810163797 0.1347873042539149
20 1.54 3.5065 496.29067018661124 16.464690706186545 18.69139617207656 0.04235915281694366
20 1.54 4.5055 491.26522289548075 17.395329093418223 18.972220555588887 0.011669766604667906
20 1.54 5.5045 487.41279414422377 18.108741825163456 19.0 0.0024299514009719805
20 1.54 6.5035 485.66331013382575 18.43272034559046 19.0 6.899862002759944E-4
20 1.54 7.5025 484.2788048239981 18.689110217793253 19.0 2.0999580008399833E-4
20 1.54 8.5015 483.8370882580845 18.770909581803696 19.0 8.999820003599928E-5
20 1.54 9.5005 484.3081424372111 18.68367732644661 19.0 2.999940001199976E-5
20 1.6 0.01 551.7720825583518 9.509404811903828 13.411441771164577 0.991780164396712
20 1.72 0.5095 572.5894186116209 11.25423591528162 14.992470150596988 0.6628667426651467
20 1.72 1.5085 551.3034523309507 14.207853842923285 17.35342293154137 0.21809563808723825
20 1.72 2.5075 535.912615347687 16.345470090598944 18.663736725265494 0.04595908081838363
20 1.72 3.5065 526.916935261322 17.5948701025986 18.969010619787603 0.008429831403371932
20 1.72 4.5055 521.4763280734135 18.350509989796368 19.0 0.0010199796004079918
20 1.72 5.5045 518.8337505249648 18.71753464931601 19.0 2.699946001079978E-4
20 1.72 6.5035 516.8000000003183 19.0 19.0 0.0
20 1.72 7.5025 516.899790004353 18.986140277197684 19.0 0.0
20 1.72 8.5015 517.5199999996659 18.900000000011882 19.0 0.0
20 1.72 9.5005 517.7607487848624 18.86656266875655 19.0 0.0
20 1.9 1.009 600.0776744465014 13.546925061498834 16.87592248155037 0.30368392632147356
20 1.9 2.008 575.3664726705475 16.29261414771734 18.635057298854022 0.05135897282054359
20 1.9 3.007 562.5533929321148 17.7162896742062 19.0 0.005939881202375952
20 1.9 4.006 556.4376642468685 18.395815083701105 19.0 8.69982600347993E-4
20 1.9 5.005 554.0924641505696 18.65639287214323 19.0 5.999880002399952E-5
20 1.9 6.004 551.9000000001087 18.900000000011882 19.0 0.0
20 1.9 7.003 552.0309203817548 18.885453290940987 19.0 2.999940001199976E-5
20 1.9 8.002 551.0 19.0 19.0 0.0
20 1.9 9.001 551.0 19.0 19.0 0.0
