10 0.06 1.009 20.40026339473199 3.039377212455814 5.141507169856603 0.3875022499550009
10 0.06 2.008 18.065302693946272 2.4356932861341294 4.590988180236395 0.15524689506209877
10 0.06 3.007 16.92284334313284 2.1493790124196614 4.622217555648887 0.05783884322313554
10 0.06 4.006 16.2015125697462 1.9876222475554386 4.826213475730485 0.019379612407751844
10 0.06 5.005 15.706563268735003 1.8945341093184296 5.175616487670246 0.007019859602807944
10 0.06 6.004 15.17864342713142 1.8509149817014585 6.155006899862003 0.0028199436011279774
10 0.06 7.003 14.93025799483765 1.8063958720835103 6.265194696106078 4.499910001799964E-4
10 0.06 8.002 14.113180536397675 1.8013379732415769 8.413091738165237 1.499970000599988E-4
10 0.06 9.001 14.464139917206428 1.8004679906412209 7.566808663826723 8.999820003599928E-5
10 0.12 0.01 30.89172256555793 4.50609587808242 6.633257334853303 0.992410151796964
10 0.12 10.0 18.71999999998425 1.8000000000010403 9.0 0.0
10 0.18 0.5095 32.82156836863286 3.857658846823062 6.0113397732045355 0.7186056278874422
10 0.18 1.5085 30.65976300473926 3.179882402351943 5.4428511429771405 0.36647267054658905
10 0.18 2.5075 29.447589848201893 2.8105837883243696 5.450260994780105 0.18440631187376252
10 0.18 3.5065 27.96261414771853 2.483404331913591 6.281604367912641 0.06896862062758745
10 0.18 4.5055 24.982659746802575 2.0346793064142266 8.530779384412313 0.005189896202075959
10 0.18 5.5045 23.944565308697605 1.8884442311159588 8.998290034199316 1.1999760004799904E-4
10 0.18 6.5035 23.965006899851822 1.8734385312306823 8.925991480170397 3.899922001559969E-4
10 0.18 7.5025 23.826802063948058 1.8409851802975707 8.93607127857443 2.699946001079978E-4
10 0.18 8.5015 23.5799999999896 1.8000000000010403 9.0 5.999880002399952E-5
10 0.18 9.5005 23.5799999999896 1.8000000000010403 9.0 2.999940001199976E-5
10 0.24 1.009 36.558058438830656 3.623927521449566 5.828943421131577 0.5643487130257395
10 0.24 2.008 35.30967660646279 3.209077818443553 5.622007559848803 0.30635387292254157
10 0.24 3.007 34.07985600287413 2.883578328433458 6.048569028619427 0.1386572268554629
10 0.24 4.006 30.4677002459803 2.223735525289542 8.46280074398512 0.014309713805723885
10 0.24 5.005 29.053546529049576 1.956434871303324 8.984610307793844 6.599868002639947E-4
10 0.24 6.004 28.69223135535219 1.8663766724666508 9.0 1.499970000599988E-4
10 0.24 7.003 28.43999999997621 1.8000000000010403 9.0 0.0
10 0.24 8.002 28.547431451348388 1.8282714345721875 9.0 2.999940001199976E-5
10 0.24 9.001 28.43999999997621 1.8000000000010403 9.0 2.999940001199976E-5
10 0.36 0.5095 46.65474410512032 4.15156896862068 6.323213535729286 0.7798044039119217
10 0.36 1.5085 45.466011879762355 3.716121677566484 5.993430131397372 0.4582708345833083
10 0.36 2.5075 44.619742005159615 3.4673726525468163 6.014309713805724 0.24293514129717406
10 0.36 3.5065 42.2249367012627 2.8895482090353313 7.558258834823303 0.07004859902801944
10 0.36 4.5055 39.84662026758833 2.3070318593623544 8.876072478550428 0.007199856002879942
10 0.36 5.5045 39.189310613795705 2.1216595668086824 9.0 0.0015299694006119878
10 0.36 6.5035 38.49282534349802 1.9040079198421236 9.0 4.1999160016799666E-4
10 0.36 7.5025 38.390280194396766 1.871962560749795 9.0 1.1999760004799904E-4
10 0.36 8.5015 38.20565668686125 1.8142677146468282 9.0 2.999940001199976E-5
10 0.36 9.5005 38.159999999994064 1.8000000000010403 9.0 0.0
10 0.42 1.009 50.48637907241564 4.016289674206536 6.216205675886482 0.6151076978460431
10 0.42 2.008 49.64137217255431 3.7491690166198004 6.117627647447051 0.3530029399412012
10 0.42 3.007 48.56727845442896 3.4549769004620394 6.593268134637308 0.15707685846283073
10 0.42 4.006 45.32789344213851 2.55856482870333 8.689026219475611 0.018479630407391853
10 0.42 5.005 44.24531049378648 2.221269574608051 8.998320033599327 0.0035699286014279717
10 0.42 6.004 43.84084598308881 2.0830503389930093 9.0 0.0014399712005759885
10 0.42 7.003 43.3007259854917 1.8968020639594312 9.0 2.3999520009599807E-4
10 0.42 8.002 43.229056818883556 1.8720885582296918 9.0 1.7999640007199856E-4
10 0.42 9.001 43.333141537182435 1.9079798404033694 9.0 5.999880002399952E-5
10 0.54 0.5095 59.6084406311859 4.375412491750165 6.539059218815623 0.8012839743205136
10 0.54 1.5085 58.821466370670265 4.116931661366778 6.365182696346073 0.4915401691966161
10 0.54 2.5075 58.16024119517344 3.9094618107639656 6.347453050938981 0.2633347333053339
10 0.54 3.5065 57.27410571788167 3.6166856662869757 6.755444891102178 0.12386752264954701
10 0.54 4.5055 55.1669070618693 2.8281094378115172 8.579708405831884 0.0249895002099958
10 0.54 5.5045 54.063063538718026 2.371272574548387 8.84487310253795 0.007109857802843943
10 0.54 6.5035 53.54631787363747 2.150572988540087 9.0 0.0028199436011279774
10 0.54 7.5025 53.30988720224058 2.0477770444590346 9.0 0.0011699766004679907
10 0.54 8.5015 53.04545689084709 1.932807343853906 9.0 2.699946001079978E-4
10 0.54 9.5005 52.97053818922122 1.9002339953206164 9.0 3.599928001439971E-4
10 0.6 0.01 64.31912161756713 4.525127497450041 6.659866802663947 0.995470090598188
10 0.6 10.0 57.77064858704678 1.8853242935147834 9.0 3.2999340013199736E-4
10 0.72 0.5095 72.0369784604363 4.574680506389895 6.734805303893922 0.8011639767204656
10 0.72 1.5085 71.48962020760065 4.471632567348601 6.658306833863323 0.5218695626087478
10 0.72 2.5075 71.09821083578609 4.312965740685079 6.559908801823964 0.32816343673126536
10 0.72 3.5065 70.7693682126374 4.153398932021254 6.535549289014219 0.2011459770804584
10 0.72 4.5055 70.45318413632054 3.972094558108986 6.599328013439731 0.11699766004679907
10 0.72 5.5045 69.99579648407844 3.6803803923924416 7.070378592428152 0.0623687526249475
10 0.72 6.5035 69.20322433550798 3.1340673186538037 7.887682246355073 0.02963940721185576
10 0.72 7.5025 68.58264234713877 2.7003599928002893 8.678766424671506 0.01493970120597588
10 0.72 8.5015 68.24822463549054 2.462230755384848 8.81412371752565 0.007319853602927941
10 0.72 9.5005 67.96676186475035 2.261972760544569 9.0 0.003899922001559969
10 0.9 1.009 83.78175736485282 4.808339833203375 6.9640007199856 0.6874962500749985
10 0.9 2.008 83.54016019679614 4.7888882222355855 6.947111057778844 0.5401391972160556
10 0.9 3.007 83.42148257034921 4.715473690526188 6.883542329153417 0.44348113037739245
10 0.9 4.006 83.34767204655988 4.637511249775022 6.832753344933101 0.37058258834823304
10 0.9 5.005 83.29181616367778 4.555660886782234 6.793514129717406 0.3160136797264055
10 0.9 6.004 83.24073318533786 4.467804643907045 6.69502609947801 0.25982480350392995
10 0.9 7.003 83.19763304734145 4.388948221035433 6.6628667426651464 0.22184556308873823
10 0.9 8.002 83.14949001020216 4.296010079798208 6.646787064258715 0.18401631967360652
10 0.9 9.001 83.12735945281646 4.252882942340983 6.600437991240176 0.15458690826183477
10 1.02 0.01 93.44179036416803 4.536251274974543 6.671656566868663 0.992830143397132
10 1.02 10.0 91.26704025918423 5.329597408051887 7.394492110157797 0.6032579348413032
10 1.08 0.5095 95.79529729405547 4.925097498050007 7.039059218815623 0.7731745365092698
10 1.08 1.5085 95.23975640487588 5.172520549588994 7.277014459710806 0.6511369772604548
10 1.08 2.5075 95.10713025739689 5.298998020039568 7.375532489350213 0.6012479750404992
10 1.08 3.5065 95.03614087718408 5.429087418251595 7.469430611387772 0.5723585528289434
10 1.08 4.5055 94.98080998380118 5.5529969400612 7.569688606227875 0.5437391252174957
10 1.08 5.5045 94.937250854983 5.658654826903385 7.669136617267655 0.5124797504049919
10 1.08 6.5035 94.88679906401623 5.783650326993439 7.77392452150957 0.4751904961900762
10 1.08 7.5025 94.82463550728761 5.938411231775436 7.884082318353633 0.43805123897522047
10 1.08 8.5015 94.77427011459591 6.064324713505694 7.9647507049859 0.4013919721605568
10 1.08 9.5005 94.72925901481847 6.1768524629507136 8.052078958420832 0.368662626747465
10 1.14 1.009 99.18269034619713 5.1621587568248675 7.251634967300654 0.6707265854682907
10 1.14 2.008 98.84078898422308 5.419157616847612 7.469190616187676 0.5821683566328674
10 1.14 3.007 98.65662326753389 5.642971140577216 7.657556848863023 0.5171896562068758
10 1.14 4.006 98.5043367132615 5.853878922421539 7.817993640127198 0.46034079318413634
10 1.14 5.005 98.3427899441959 6.082168356632932 7.997210055798884 0.39329213415731684
10 1.14 6.004 98.17053338933349 6.327809443811142 8.169436611267775 0.33434331313373733
10 1.14 7.003 97.99162956740774 6.5833863322733555 8.333833323333533 0.27110457790844184
10 1.14 8.002 97.85810583788385 6.774134517309635 8.4632507349853 0.21983560328793425
10 1.14 9.001 97.6799160016781 7.028691426171422 8.611747765044699 0.17030659386812264
10 1.26 0.5095 107.24283314333523 5.081418371632536 7.182366352672947 0.7270954580908382
10 1.26 1.5085 106.1978358432816 5.576384472310548 7.592578148437031 0.5493490130197396
10 1.26 2.5075 105.60035519290008 6.003593928121396 7.931691366172677 0.42089158216835665
10 1.26 3.5065 104.97404571908433 6.481910361792721 8.279744405111897 0.29498410031799366
10 1.26 4.5055 104.45380512388869 6.881688366232694 8.529339413211735 0.1993460130797384
10 1.26 5.5045 103.94724425510039 7.271350572988573 8.72157556848863 0.12290754184916301
10 1.26 6.5035 103.47589188215107 7.633929321413621 8.867852642947142 0.07085858282834344
10 1.26 7.5025 103.1490394192058 7.885354292914023 8.945941081178377 0.04037919241615168
10 1.26 8.5015 102.91573828523988 8.064816703666246 8.976960460790783 0.027899442011159778
10 1.26 9.5005 102.57414411713955 8.32758144837089 8.994360112797745 0.013259734805303893
10 1.32 1.009 110.19162056758758 5.447729045419086 7.487820243595128 0.5904181916361673
10 1.32 2.008 109.2189128217514 5.9941441171176395 7.9257514849703 0.4265314693706126
10 1.32 3.007 108.36984100318679 6.51912161756772 8.304313913721726 0.28226435471290573
10 1.32 4.006 107.5013523729508 7.0616547669048035 8.631367372652546 0.1640667186656267
10 1.32 5.005 106.81934361311995 7.487910241794946 8.830263394732105 0.09041819163616728
10 1.32 6.004 106.21054298913438 7.868410631787432 8.942341153176937 0.04673906521869563
10 1.32 7.003 105.77413571728829 8.141165176696486 8.982060358792824 0.024449511009779806
10 1.32 8.002 105.34141477172804 8.411615767684332 8.997720045599088 0.010469790604187916
10 1.32 9.001 105.28332633349811 8.447921041579749 8.999640007199856 0.007049859002819943
10 1.44 0.5095 118.42728745425876 5.237007259854806 7.313703725925482 0.6688366232675347
10 1.44 1.5085 116.38755864881794 6.0125277494449385 7.940781184376313 0.41951160976780466
10 1.44 2.5075 114.68735345292369 6.778652426951471 8.45485090298194 0.22391552168956622
10 1.44 3.5065 113.31717525646955 7.401283974320499 8.795464090718186 0.10121797564048719
10 1.44 4.5055 112.1945245095049 7.911579768404669 8.947921041579168 0.03992920141597168
10 1.44 5.5045 111.43177776447635 8.258282834344108 8.990760184796304 0.016799664006719867
10 1.44 6.5035 110.94996100082462 8.477290454190593 8.999820003599927 0.006989860202795944
10 1.44 7.5025 110.45033779332023 8.704391912159574 9.0 0.002219955600887982
10 1.44 8.5015 110.04816823659189 8.887196256074413 9.0 8.399832003359933E-4
10 1.44 9.5005 109.97931841360577 8.918491630166129 9.0 3.599928001439971E-4
10 1.5 0.01 126.70890082198356 4.536725265494669 6.667036659266815 0.9848203035939281
10 1.5 10.0 112.65217195656086 8.939131217375486 9.0 2.0999580008399833E-4
10 1.62 0.5095 129.3010085798269 5.4028199436011315 7.457340853182936 0.616787664246715
10 1.62 1.5085 125.6285306294027 6.507787844243158 8.298854022919542 0.2852642947141057
10 1.62 2.5075 122.75478190438527 7.433941321173628 8.806353872922541 0.09620807583848323
10 1.62 3.5065 120.79605507889546 8.065788684226362 8.970810583788325 0.027869442611147776
10 1.62 4.5055 119.25838663224782 8.561810763783436 8.999760004799905 0.005549889002219956
10 1.62 5.5045 118.94444351111333 8.663082738343755 9.0 0.0023399532009359815
10 1.62 6.5035 118.22352192954271 8.895638087234675 9.0 4.499910001799964E-4
10 1.62 7.5025 118.09111117772959 8.938351232974268 9.0 1.499970000599988E-4
10 1.62 8.5015 118.13649427007543 8.923711525767107 9.0 1.7999640007199856E-4
10 1.62 9.5005 118.04781124373612 8.952318953618404 9.0 8.999820003599928E-5
10 1.8 1.009 136.90024599507962 6.278340433191338 8.120207595848083 0.3471230575388492
10 1.8 2.008 132.1926921461586 7.451826963460752 8.80752384952301 0.09356812863742725
10 1.8 3.007 128.99355612888144 8.25161096778099 8.990040199196017 0.016979660406791865
10 1.8 4.006 127.46639467209963 8.633401331972454 9.0 0.0030299394012119757
10 1.8 5.005 126.67426651466083 8.831433371331253 9.0 7.199856002879943E-4
10 1.8 6.004 126.28389032214939 8.929027419448866 9.0 8.999820003599928E-5
10 1.8 7.003 126.08411831762837 8.978970420590365 9.0 2.999940001199976E-5
10 1.8 8.002 126.01778364432815 8.995554088918286 9.0 2.999940001199976E-5
10 1.8 9.001 126.0 9.0 9.0 0.0
10 1.98 0.01 159.65012119759294 4.567450650987052 6.697966040679186 0.9787304253914921
10 1.98 10.0 134.1000000000387 9.0 9.0 0.0
12 0.04 1.009 25.76889302213982 3.4352662946741077 5.881592368152637 0.33524329513409734
12 0.04 2.008 21.636192476150303 2.593563128737519 4.991690166196676 0.11546769064618707
12 0.04 3.007 19.918060838783237 2.226345473090555 4.8029639407211855 0.04022919541609168
12 0.04 4.006 18.950808183836493 2.061863762724582 5.295944081118377 0.013319733605327894
12 0.04 5.005 18.135632087355134 1.9347313053718898 5.885012299754005 0.004409911801763965
12 0.04 6.004 17.500351592971455 1.8668926621432766 6.944861102777945 8.999820003599928E-4
12 0.04 7.003 17.155818083638145 1.834518309629444 6.952060958780824 8.999820003599928E-5
12 0.04 8.002 17.3416775664534 1.8498780024360455 6.880422391552169 2.699946001079978E-4
12 0.04 9.001 17.564045119096654 1.8524179516370736 5.9655006899862 1.7999640007199856E-4
12 0.16 0.5095 45.07237775244488 4.592718145637117 7.1378472430551385 0.6910361792764145
12 0.16 1.5085 41.22889782204363 3.6307973840523076 6.220855582888342 0.3537529249415012
12 0.16 2.5075 39.506691066179386 3.175261494770087 6.0610187796244075 0.17060658786824265
12 0.16 3.5065 36.870047399051856 2.7059558808823985 7.748905021899562 0.05087898242035159
12 0.16 4.5055 31.890959380809388 2.0806933861317236 10.78682426351473 0.0010199796004079918
12 0.16 5.5045 30.63445131096459 1.8795424091487747 10.971140577188455 8.999820003599928E-5
12 0.16 6.5035 30.68696346072145 1.8982070358565477 11.0 2.999940001199976E-5
12 0.16 7.5025 30.66146157076467 1.8931471370544177 11.0 2.999940001199976E-5
12 0.16 8.5015 30.35999999998979 1.8333333333294095 11.0 0.0
12 0.16 9.5005 30.35999999998791 1.833333333328946 11.0 0.0
12 0.22 1.009 50.188689626206894 4.220065598687984 6.789284214315714 0.5298494030119397
12 0.22 2.008 48.209081418373515 3.664616707665834 6.365482690346193 0.2852942941141177
12 0.22 3.007 46.53329813403905 3.2810943781124022 6.931511369772605 0.12950740985180295
12 0.22 4.006 40.10295074099399 2.2925941481177112 10.683686326273474 0.005249895002099958
12 0.22 5.005 38.730705585881886 2.07066358672939 11.0 3.2999340013199736E-4
12 0.22 6.004 37.74935261296446 1.8609727805405394 11.0 2.999940001199976E-5
12 0.22 7.003 37.73072658548324 1.8569928601388412 11.0 0.0
12 0.22 8.002 37.62000000001472 1.833333333328946 11.0 0.0
12 0.22 9.001 37.62000000001472 1.833333333328946 11.0 0.0
12 0.34 0.5095 65.35951880962334 4.912721745565081 7.473390532189356 0.7661546769064619
12 0.34 1.5085 63.356159476808195 4.300283994320074 6.928721425571489 0.4395512089758205
12 0.34 2.5075 62.009119217615584 3.952250954980901 6.915551688966221 0.2223555528889422
12 0.34 3.5065 58.364205915885805 3.228030439391014 9.314363712725745 0.05576888462230755
12 0.34 4.5055 53.8582936341422 2.2671196576069375 10.999790004199916 0.0020399592008159837
12 0.34 5.5045 53.547712245775365 2.1888162236758584 11.0 9.599808003839923E-4
12 0.34 6.5035 52.171580368360814 1.8413081738323682 11.0 8.999820003599928E-5
12 0.34 7.5025 52.333580728389165 1.8822173556499224 11.0 1.1999760004799904E-4
12 0.34 8.5015 52.5626027479183 1.9400511989742757 11.0 5.999880002399952E-5
12 0.34 9.5005 52.13999999996669 1.833333333328946 11.0 0.0
12 0.4 0.01 73.31520369592533 5.493715125697428 8.012959740805185 0.9954100917981641
12 0.4 10.0 59.51481970358864 1.8652276954426321 11.0 2.999940001199976E-5
12 0.52 0.5095 84.5599244015216 5.1943461130777555 7.745845083098338 0.8035639287214256
12 0.52 1.5085 83.33670366595221 4.791884162316797 7.411921761564769 0.47984040319193616
12 0.52 2.5075 82.35822883545269 4.5058248835022665 7.314333713325733 0.25673486530269396
12 0.52 3.5065 80.31093538131424 3.91962660746782 8.590778184436312 0.09137817243655127
12 0.52 4.5055 76.95417171657506 2.87525749485015 10.79477410451791 0.015209695806083879
12 0.52 5.5045 75.84924461509638 2.503209935801626 11.0 0.00509989800203996
12 0.52 6.5035 74.87730725384746 2.1657316853660284 11.0 0.0014699706005879883
12 0.52 7.5025 74.82710985777987 2.1483020339601824 11.0 8.999820003599928E-4
12 0.52 8.5015 74.49371332568637 2.0325393492133315 11.0 1.499970000599988E-4
12 0.52 9.5005 74.31537289250461 1.970615587686629 11.0 2.0999580008399833E-4
12 0.7 1.009 102.63069238615228 5.337108257834847 7.886872262554749 0.6652366952660946
12 0.7 2.008 101.96334673306464 5.091448171036556 7.656776864462711 0.41591168176636467
12 0.7 3.007 101.43093238135204 4.872042559148842 7.528169436611268 0.2388252234955301
12 0.7 4.006 100.9523639527195 4.65651186976255 7.524809503809924 0.13115737685246295
12 0.7 5.005 100.28933521329989 4.3376632467350555 8.052678946421072 0.06653866922661547
12 0.7 6.004 98.69716505670218 3.486455270894578 10.007169856602868 0.02759944801103978
12 0.7 7.003 97.57748845022708 2.8762774744502995 10.993610127797444 0.013019739605207897
12 0.7 8.002 97.14085318293498 2.6338073238536808 11.0 0.006959860802783944
12 0.7 9.001 96.77833143338124 2.432406351873018 11.0 0.004919901601967961
12 0.88 0.01 121.69172736545455 5.510754784904285 8.059188816223676 0.994840103197936
12 0.88 10.0 119.5280362392536 4.677571448570947 7.616937661246775 0.0873582528349433
12 1.06 0.5095 138.34887022258556 5.8559928801424075 8.372712545749085 0.8237535249295014
12 1.06 1.5085 137.8297120057457 6.096613067738616 8.5847483050339 0.7197456050878982
12 1.06 2.5075 137.69898122036167 6.242370152596948 8.72307553848923 0.6826063478730425
12 1.06 3.5065 137.64334853301722 6.348323033539348 8.813553728925422 0.6538069238615227
12 1.06 4.5055 137.59431271373595 6.4661606767864575 8.906581868362633 0.624737505249895
12 1.06 5.5045 137.54366472669543 6.602962940741145 9.032549349013019 0.6008879822403552
12 1.06 6.5035 137.5022973540437 6.716105677886456 9.127977440451192 0.5737985240295194
12 1.06 7.5025 137.45351472969747 6.851347973040529 9.235945281094379 0.5441591168176636
12 1.06 8.5015 137.40746445070488 6.979265414691728 9.33782324353513 0.5161996760064799
12 1.06 9.5005 137.36009479809886 7.110847783044363 9.435471290574188 0.48014039719205615
12 1.12 1.009 143.6024743504934 6.132687346253079 8.62044759104818 0.7319853602927942
12 1.12 2.008 143.27542929139688 6.386907261854769 8.847393052138957 0.6515869682606348
12 1.12 3.007 143.04579948399706 6.666311673766548 9.080158396832063 0.5895182096358073
12 1.12 4.006 142.86842863141865 6.908086838263211 9.273804523909522 0.5294594108117837
12 1.12 5.005 142.67163736724802 7.178701425971432 9.49040019199616 0.4643307133857323
12 1.12 6.004 142.49964000720178 7.4171666566668994 9.681286374272515 0.40316193676126477
12 1.12 7.003 142.28537229255912 7.714760704785969 9.880962380752385 0.33086338273234533
12 1.12 8.002 142.09958360833656 7.972800543989078 10.082918341633167 0.2754244915101698
12 1.12 9.001 141.93626927462623 8.199626007479916 10.216445671086579 0.23210535789284215
12 1.24 0.5095 155.32106317871674 6.072238555228888 8.561018779624408 0.7710445791084178
12 1.24 1.5085 154.14934301312658 6.642407151856979 9.045749085018299 0.5956380872382553
12 1.24 2.5075 153.34717105657356 7.177771444571131 9.49055018899622 0.4647207055858883
12 1.24 3.5065 152.59216535669785 7.699911001780011 9.882942341153177 0.3370432591348173
12 1.24 4.5055 151.8328313433882 8.227200455990836 10.233635327293454 0.22703545929081417
12 1.24 5.5045 151.1619631607601 8.693081138377254 10.515479690406192 0.14492710145797083
12 1.24 6.5035 150.58695386093876 9.09239315213719 10.720615587688247 0.09239815203695927
12 1.24 7.5025 150.13886362272115 9.403566928662098 10.864582708345834 0.059098818023639525
12 1.24 8.5015 149.67640247192932 9.724720505590685 10.952510949781004 0.03338933221335573
12 1.24 9.5005 149.27189296210452 10.005629887404265 10.98290034199316 0.01763964720705586
12 1.3 0.01 163.83714825703538 5.5384842303154365 8.062998740025199 0.9908201835963281
12 1.3 10.0 152.61005579887623 10.549969000618908 11.0 0.003269934601307974
12 1.42 0.5095 171.91128757426503 6.273604527909416 8.73792524149517 0.7136257274854503
12 1.42 1.5085 169.22836443270697 7.230575388492254 9.540109197816044 0.45149097018059636
12 1.42 2.5075 166.80994960100918 8.186646267074535 10.216505669886603 0.23603527929441412
12 1.42 3.5065 164.92853422928394 8.933121337573414 10.663886722265556 0.1114777704445911
12 1.42 4.5055 163.30219655608246 9.578493430132301 10.918941621167576 0.04535909281814364
12 1.42 5.5045 162.05811003779928 10.072178556430295 10.990370192596147 0.015959680806383873
12 1.42 6.5035 161.4383158337402 10.318128637427508 10.998230035399292 0.007049859002819943
12 1.42 7.5025 160.7740193195982 10.581738365231182 10.997810043799124 0.002879942401151977
12 1.42 8.5015 160.83895842084462 10.55596888061976 11.0 0.0015599688006239876
12 1.42 9.5005 160.14490130200565 10.831388372227137 11.0 5.699886002279955E-4
12 1.6 1.009 185.34776504469957 7.186296274074502 9.49355012899742 0.46481070378592426
12 1.6 2.008 180.65709485810063 8.48414031719373 10.414321713565728 0.18197636047279053
12 1.6 3.007 177.2680146397065 9.425551488970925 10.870642587148257 0.05480890382192356
12 1.6 4.006 174.83584928301516 10.101152976939849 10.989590208195835 0.015209695806083879
12 1.6 5.005 173.52486350272778 10.465315693689824 10.997870042599148 0.0036899262014759705
12 1.6 6.004 172.853242935123 10.65187696246191 11.0 0.0014699706005879883
12 1.6 7.003 172.73131337372743 10.685746285076076 11.0 9.299814003719926E-4
12 1.6 8.002 172.10985780277244 10.858372832532956 11.0 2.999940001199976E-5
12 1.6 9.001 171.66665266688042 10.98148537028901 11.0 2.999940001199976E-5
12 1.78 0.01 212.05409911801846 5.542159156816884 8.068218635627288 0.9846703065938681
12 1.78 10.0 183.66366292674292 10.960755784879733 11.0 2.999940001199976E-5
12 1.9 0.5095 214.057328853423 6.823208535829253 9.198986020279595 0.5600887982240356
12 1.9 1.5085 203.62260454791164 8.736565268694735 10.56122877542449 0.1390472190556189
12 1.9 2.5075 197.09866802662793 9.944691106179963 10.982780344393111 0.021479570408591827
12 1.9 3.5065 193.81240175198766 10.553258934819787 11.0 0.0019499610007799844
12 1.9 4.5055 192.41620567587563 10.811813763718321 11.0 3.2999340013199736E-4
12 1.9 5.5045 191.9624257515861 10.895847083053205 11.0 5.999880002399952E-5
12 1.9 6.5035 191.40000000008442 11.0 11.0 0.0
12 1.9 7.5025 191.40000000008442 11.0 11.0 0.0
12 1.9 8.5015 191.40000000008442 11.0 11.0 0.0
12 1.9 9.5005 191.40000000008442 11.0 11.0 0.0
12 1.96 0.01 229.9433107337965 5.555623887522238 8.08882822343553 0.9813703725925481
12 1.96 10.0 195.36000000009187 11.0 11.0 0.0
14 0.02 1.009 30.220330593388212 3.8036453556643472 6.563238735225296 0.2910841783164337
14 0.02 2.008 22.98996940061141 2.6400329136275795 5.164126717465651 0.08024839503209935
14 0.02 3.007 20.499655006899033 2.2077715588541147 4.695566088678226 0.02378952420951581
14 0.02 4.006 19.47536149277038 2.0416091678164836 4.856812863742725 0.007109857802843943
14 0.02 5.005 18.876878862419414 1.9421011579749001 5.0342293154136915 0.002639947201055979
14 0.02 6.004 17.948757424848537 1.878108152119498 6.7057658846823065 5.399892002159956E-4
14 0.02 7.003 18.14603767924551 1.8621527569412892 5.598938021239575 3.599928001439971E-4
14 0.02 8.002 18.403309533811207 1.8721768421742802 5.032129357412852 4.7999040019199615E-4
14 0.02 9.001 17.203154736904395 1.8571428571391961 9.0 0.0
14 0.14 0.5095 58.21029399411937 5.311093778124441 8.216865662686747 0.6625667486650267
14 0.14 1.5085 51.84547549049001 4.013581156948342 6.892422151556969 0.3133137337253255
14 0.14 2.5075 49.32638507229897 3.447059630235771 6.675136497270055 0.15266694666106678
14 0.14 3.5065 43.89420531589586 2.699294585536818 9.573498530029399 0.036869262614747704
14 0.14 4.5055 38.16449571008202 2.057251712108251 12.79942401151977 3.2999340013199736E-4
14 0.14 5.5045 37.488066838667955 1.9742819429319363 12.91222175556489 5.999880002399952E-5
14 0.14 6.5035 36.65999999999725 1.8571428571391961 13.0 0.0
14 0.14 7.5025 36.680381592365 1.860528503712102 13.0 0.0
14 0.14 8.5015 36.65999999999725 1.8571428571391961 13.0 0.0
14 0.14 9.5005 36.65999999999725 1.8571428571391961 13.0 0.0
14 0.2 0.01 72.96860862782675 6.477406166162428 9.377452450950981 0.9933701325973481
14 0.2 10.0 46.800000000028156 1.8571428571391961 13.0 0.0
14 0.32 0.5095 86.30674626507371 5.688601942246817 8.605627887442251 0.748305033899322
14 0.32 1.5085 83.01795884082352 4.845023099538094 7.8027839443211136 0.4142917141657167
14 0.32 2.5075 81.18065278694438 4.408373261106053 7.717735645287094 0.2131457370852583
14 0.32 3.5065 73.34228715426154 3.0877568162921922 12.061408771824564 0.0252294954100918
14 0.32 4.5055 67.49343853126062 1.9439996914317679 13.0 2.0999580008399833E-4
14 0.32 5.5045 69.09282774345796 2.280005828453698 13.0 5.699886002279955E-4
14 0.32 6.5035 67.79563808722885 2.0074869931174595 13.0 5.999880002399952E-5
14 0.32 7.5025 67.08000000003099 1.8571428571391961 13.0 0.0
14 0.32 8.5015 67.08000000003099 1.8571428571391961 13.0 0.0
14 0.32 9.5005 67.08000000003099 1.8571428571391961 13.0 2.999940001199976E-5
14 0.5 1.009 111.8232735345293 5.6573425674344175 8.575028499430012 0.624197516049679
14 0.5 2.008 110.32030359392812 5.235765284694336 8.203815923681526 0.35909281814363714
14 0.5 3.007 108.92185156296874 4.885025156639725 8.306593868122638 0.17078658426831464
14 0.5 4.006 102.46628067438651 3.266583239763578 12.873912521749565 0.020369592608147837
14 0.5 5.005 100.4762404751905 2.7074972786257696 13.0 0.005069898602027959
14 0.5 6.004 99.74715005699886 2.4991857305714786 13.0 0.00248995020099598
14 0.5 7.003 97.56071878562429 1.874491081603772 13.0 2.999940001199976E-5
14 0.5 8.002 98.05866382672346 2.0167610933487596 13.0 1.7999640007199856E-4
14 0.5 9.001 98.19760604787905 2.0564588708226954 13.0 1.1999760004799904E-4
14 0.68 0.01 139.27057058858819 6.497300053998949 9.401451970960581 0.996580068398632
14 0.68 10.0 129.05335333293857 2.363104166487348 13.0 0.00125997480050399
14 0.8 0.5095 155.28023039539198 6.458716539954947 9.360412791744166 0.8429831403371932
14 0.8 1.5085 154.68848023039615 6.251262117614714 9.142617147657047 0.6091678166436671
14 0.8 2.5075 154.2078838423232 6.00185139154357 8.915941681166377 0.4124917501649967
14 0.8 3.5065 153.8491750164975 5.809812375181025 8.755594888102237 0.27842443151136975
14 0.8 4.5055 153.48094438111332 5.581606939289853 8.568968620627587 0.17657646847063058
14 0.8 5.5045 153.1767204655921 5.387515106840651 8.486380272394552 0.11396772064558709
14 0.8 6.5035 152.86705465890367 5.175547917613015 8.762764744705105 0.0748185036299274
14 0.8 7.5025 152.54399112017893 4.953496644353015 8.729285414291715 0.04850902981940361
14 0.8 8.5015 151.2887082258359 4.06247160771082 11.435771284574308 0.031919361612767747
14 0.8 9.5005 150.72702945941322 3.6619239043789444 11.77932441351173 0.019469610607787843
14 0.86 0.01 164.10117837643037 6.504418483058891 9.407271854562909 0.996070078598428
14 0.86 10.0 161.5650572988494 5.147254197772904 8.618497630047399 0.05870882582348353
14 0.98 1.009 179.55649307013255 6.77191456170878 9.639137217255655 0.8215335693286134
14 0.98 2.008 179.39386932260265 6.80750242138009 9.687466250674987 0.756614867702646
14 0.98 3.007 179.34306653865903 6.77998868594055 9.656386872262555 0.7240355192896142
14 0.98 4.006 179.3188894222032 6.7572319982172155 9.641657166856662 0.6984760304793904
14 0.98 5.005 179.30759164815822 6.738692369009772 9.636707265854684 0.6765164696706066
14 0.98 6.004 179.29719205615078 6.679529266557522 9.574968500629987 0.6477170456590868
14 0.98 7.003 179.29089998199166 6.642565720114173 9.52534949301014 0.629747405051899
14 0.98 8.002 179.28526009479214 6.607740702328786 9.502189956200876 0.6075778484430311
14 0.98 9.001 179.279821803557 6.568475773341742 9.477980440391192 0.5844183116337673
14 1.04 0.5095 187.81304253918523 6.804673906521805 9.65947681046379 0.8687826243475131
14 1.04 1.5085 187.4183572329108 6.999717148514221 9.872742545149096 0.7823843523129538
14 1.04 2.5075 187.31126897467874 7.128346004508497 9.984190316193676 0.750434991300174
14 1.04 3.5065 187.26465230701467 7.224746933632803 10.07832843343133 0.7342353152936941
14 1.04 4.5055 187.23150776990605 7.3260720499875545 10.16172676546469 0.7174956500869982
14 1.04 5.5045 187.20412191761983 7.416635952995222 10.24752504949901 0.6970660586788264
14 1.04 6.5035 187.1745629087942 7.5199753147794555 10.334343313133738 0.6734565308693826
14 1.04 7.5025 187.15073378537065 7.604522195270403 10.402831943361132 0.6560568788624227
14 1.04 8.5015 187.10974620511382 7.751240689471977 10.545239095218095 0.6340973180536389
14 1.04 9.5005 187.089302213987 7.823920664443818 10.590388192236155 0.6139677206455871
14 1.1 0.01 197.12547249054987 6.519791032750736 9.423921521569568 0.994690106197876
14 1.1 10.0 193.53804223915324 9.517082515494465 11.906911861762765 0.2604247915041699
14 1.22 0.5095 211.51918701626477 7.03850637272973 9.899682006359873 0.8120237595248095
14 1.22 1.5085 210.22564588708727 7.690504761333269 10.459560808783824 0.6488570228595428
14 1.22 2.5075 209.26780884382188 8.29536552126097 10.981220375592487 0.5067798644027119
14 1.22 3.5065 208.32192596147402 8.908030410820897 11.4617507649847 0.373012539749205
14 1.22 4.5055 207.4010439791124 9.505815597975523 11.914591708165837 0.2628247435051299
14 1.22 5.5045 206.63456830863706 10.003527072318672 12.222985540289194 0.17213655726885463
14 1.22 6.5035 205.95736245275495 10.443271134579767 12.485030299394012 0.11747765044699106
14 1.22 7.5025 205.2516913661765 10.901499112874799 12.727785444291115 0.07295854082918342
14 1.22 8.5015 204.66118137637034 11.28494715819974 12.861642767144657 0.042059158816823664
14 1.22 9.5005 204.1298590028251 11.6299616864782 12.949931001379973 0.023249535009299813
14 1.4 1.009 232.83470930581274 7.858771396000662 10.618917621647567 0.6109677806443871
14 1.4 2.008 229.68844423111514 8.968727768302294 11.512029759404811 0.35879282414351715
14 1.4 3.007 226.8944081118381 9.966297816903424 12.203395932081358 0.18293634127317454
14 1.4 4.006 224.3454370912598 10.8766296102667 12.726435471290575 0.07631847363052739
14 1.4 5.005 222.66772664547477 11.475811912333555 12.91762164756705 0.033029339413211734
14 1.4 6.004 221.47157856842924 11.903007654131441 12.987190256194877 0.012959740805183896
14 1.4 7.003 220.54537709244005 12.233793895554683 12.99910001799964 0.004919901601967961
14 1.4 8.002 220.04269514613074 12.41332316210937 13.0 0.0027599448011039777
14 1.4 9.001 219.55860082796957 12.586213989999628 13.0 0.0013799724005519889
14 1.58 0.01 263.1160370792563 6.53227506878434 9.434361312773744 0.9891102177956441
14 1.58 10.0 234.91686566277696 12.966289245633847 13.0 5.999880002399952E-5
14 1.7 0.5095 271.65728385432476 7.724545509089783 10.516619667606648 0.6512869742605147
14 1.7 1.5085 262.1197666046658 9.649058447405054 11.9947501049979 0.23381532369352612
14 1.7 2.5075 255.04680806384545 11.092488150237934 12.814483710325794 0.05780884382312354
14 1.7 3.5065 250.49361612769866 12.021710994354908 12.994210115797683 0.009989800203995921
14 1.7 4.5055 248.6220495589742 12.403663355308085 12.999520009599808 0.0028199436011279774
14 1.7 5.5045 247.25942881139545 12.681749222151703 13.0 4.7999040019199615E-4
14 1.7 6.5035 246.92895842088055 12.749192158996992 13.0 3.899922001559969E-4
14 1.7 7.5025 245.70000000013013 13.0 13.0 0.0
14 1.7 8.5015 245.8131667368255 12.976904747612611 13.0 0.0
14 1.7 9.5005 245.70000000013013 13.0 13.0 0.0
14 1.76 0.01 287.72071278574145 6.551903247649393 9.459680806383872 0.9867402651946962
14 1.76 10.0 251.1600000001025 13.0 13.0 0.0
14 1.88 1.009 285.34020879584085 9.224202658805163 11.707115857682846 0.3096538069238615
14 1.88 2.008 273.7334925301286 11.108199264586075 12.802453950920981 0.05744885102297954
14 1.88 3.007 267.2339425211607 12.163321019291955 12.999760004799905 0.006899862002759945
14 1.88 4.006 264.54497150060337 12.599842288862071 13.0 9.89980200395992E-4
14 1.88 5.005 263.7877290453398 12.722771258855383 13.0 2.0999580008399833E-4
14 1.88 6.004 262.0800000000633 13.0 13.0 0.0
14 1.88 7.003 262.0800000000633 13.0 13.0 0.0
14 1.88 8.002 262.0800000000633 13.0 13.0 0.0
14 1.88 9.001 262.0800000000633 13.0 13.0 0.0
14 1.94 0.01 312.54876762464716 6.543529129417384 9.447771044579108 0.9837403251934961
14 1.94 10.0 267.5399999999792 13.0 13.0 0.0
14 2.0 0.01 320.7202855942881 6.549203301648243 9.444381112377753 0.9834103317933641
14 2.0 10.0 273.0 13.0 13.0 0.0
16 0.0 0.01 59.85192296154077 7.4814903701925966 10.74242515149697 0.9912101757964841
16 0.0 10.0 15.0 1.875 3.6661366772664548 9.89980200395992E-4
16 0.12 0.5095 71.90949421011445 6.03094813103738 9.282264354712906 0.6418071638567229
16 0.12 1.5085 62.120999580008686 4.37417501649967 7.521779564408712 0.28601427971440574
16 0.12 2.5075 58.49031499369911 3.683397582048359 7.240985180296394 0.1382972340553189
16 0.12 3.5065 49.78837343253154 2.6745027599448012 12.462530749385012 0.015689686206275876
16 0.12 4.5055 45.70986140275994 2.2934091318173637 14.416631667366653 9.599808003839923E-4
16 0.12 5.5045 43.381819163605265 2.063257484850303 14.963790724185516 8.999820003599928E-5
16 0.12 6.5035 42.87999999997337 2.0 15.0 0.0
16 0.12 7.5025 42.0 1.875 15.0 0.0
16 0.12 8.5015 42.0 1.875 15.0 0.0
16 0.12 9.5005 42.0 1.875 15.0 0.0
16 0.3 1.009 105.9495530089403 5.7919354112917745 9.021569568608628 0.5371392572148557
16 0.3 2.008 102.64904301913936 5.064832453350933 8.35792284154317 0.2847843043139137
16 0.3 3.007 97.33646127077475 4.211304523909522 10.773294534109318 0.09107817843643128
16 0.3 4.006 87.067765644686 2.690672436551269 15.0 0.002609947801043979
16 0.3 5.005 85.09237715246584 2.33792449151017 15.0 4.7999040019199615E-4
16 0.3 6.004 82.5 1.875 15.0 2.999940001199976E-5
16 0.3 7.003 83.91383872324384 2.1274712005759886 15.0 1.499970000599988E-4
16 0.3 8.002 82.5 1.875 15.0 0.0
16 0.3 9.001 82.5 1.875 15.0 0.0
16 0.48 0.01 146.7772796543939 7.4646532069358615 10.725835483290334 0.995560088798224
16 0.48 10.0 123.12400191996605 1.9048081538369233 15.0 0.0
16 0.6 0.5095 167.170072598548 7.009206065878683 10.266334673306535 0.8169436611267774
16 0.6 1.5085 165.21389572208489 6.38869847603048 9.622157556848864 0.5029999400012
16 0.6 2.5075 163.73260934781317 5.958162086758265 9.177746445071099 0.2691846163076739
16 0.6 3.5065 162.04847303054143 5.497427551448971 9.797534049319014 0.126447471050579
16 0.6 4.5055 160.20740985179714 4.975160496790064 10.5982480350393 0.0500089998200036
16 0.6 5.5045 154.3949601007915 3.24842503149937 15.0 0.012029759404811904
16 0.6 6.5035 152.85452690946815 2.767039659206816 15.0 0.004199916001679967
16 0.6 7.5025 151.9766484670284 2.492702645947081 15.0 0.0015599688006239876
16 0.6 8.5015 151.84417111657848 2.4513034739305213 15.0 0.0010199796004079918
16 0.6 9.5005 151.30188996223197 2.2818406131877365 15.0 5.099898002039959E-4
16 0.66 0.01 179.50002219955584 7.504792404151917 10.74887502249955 0.996730065398692
16 0.66 10.0 164.7709761804631 2.3422706545869083 15.0 6.899862002759944E-4
16 0.78 1.009 200.23411771764006 7.151916961660767 10.41240175196496 0.7289254214915701
16 0.78 2.008 199.4445581088359 6.795186596268074 10.054328913421731 0.501559968800624
16 0.78 3.007 198.84715305693808 6.511246025079498 9.750164996700066 0.33191336173276537
16 0.78 4.006 198.28768824624373 6.235221545569089 9.554178916421671 0.20579588408231836
16 0.78 5.005 197.85196016080434 6.014478460430792 9.32717345653087 0.125727485450291
16 0.78 6.004 197.4764762704751 5.817116157676846 9.109197816043679 0.07649847003059938
16 0.78 7.003 196.94030599387733 5.522432051358972 9.540889182216356 0.044099118017639646
16 0.78 8.002 194.49055438891537 4.140738435231295 14.446511069778605 0.032249355012899744
16 0.78 9.001 193.23436491270922 3.4286164276714466 15.0 0.017249655006899862
16 0.84 0.01 212.0719061618728 7.4940376192476155 10.75922481550369 0.997060058798824
16 0.84 10.0 208.81485090298628 5.635342293154137 8.93130137397252 0.038069238615227693
16 0.96 1.009 233.0791276173911 7.653098188036239 10.886842263154737 0.8424731505369892
16 0.96 2.008 232.9184244314467 7.600441741165176 10.820783584328314 0.7669946601067978
16 0.96 3.007 232.8457790843477 7.533801823963521 10.761744765104698 0.7084058318833624
16 0.96 4.006 232.7991696165276 7.452135957280855 10.708195836083279 0.6592968140637188
16 0.96 5.005 232.7599736004448 7.355387892242155 10.592908141837164 0.6148377032459351
16 0.96 6.004 232.73282054350582 7.28052438951221 10.537679246415072 0.5714585708285834
16 0.96 7.003 232.70513589719724 7.200489740205196 10.418941621167576 0.5295494090118198
16 0.96 8.002 232.68039959192933 7.123818773624527 10.38585228295434 0.501919961600768
16 0.96 9.001 232.65606407864408 7.04930026399472 10.28097438051239 0.46940061198776023
16 1.02 0.5095 243.9254658906707 7.723881772364552 10.953890922181557 0.9033119337613248
16 1.02 1.5085 243.63561528768503 7.881551118977621 11.097198056038879 0.8422931541369173
16 1.02 2.5075 243.55524629506684 7.9642632147357055 11.17372652546949 0.8196436071278574
16 1.02 3.5065 243.5250914981648 8.030715635687287 11.241135177296455 0.8111237775244495
16 1.02 4.5055 243.50931301373683 8.085727035459291 11.274914501709965 0.7991540169196616
16 1.02 5.5045 243.4986770264581 8.140535939281214 11.3395032099358 0.7862542749145017
16 1.02 6.5035 243.48806743864805 8.204168416631667 11.400161996760065 0.7815443691126177
16 1.02 7.5025 243.47771464571258 8.265048449031019 11.456410871782564 0.7684646307073858
16 1.02 8.5015 243.47076318474075 8.308112587748244 11.502909941801164 0.759014819703606
16 1.02 9.5005 243.46279594409097 8.35752534949301 11.53389932201356 0.747915041699166
16 1.2 1.009 274.6508969820596 8.390010949781004 11.557508849823003 0.7675046499070018
16 1.2 2.008 273.5619247615041 9.027869442611149 12.131667366652668 0.6187376252474951
16 1.2 3.007 272.4889122217549 9.695104847903043 12.702285954280914 0.48476030479390414
16 1.2 4.006 271.4835543289101 10.322823543529129 13.183956320873582 0.3618527629447411
16 1.2 5.005 270.45617687646194 10.964889452210956 13.658516829663407 0.25616487670246596
16 1.2 6.004 269.5794804103939 11.51282474350513 14.035669286614267 0.1767564648707026
16 1.2 7.003 268.7697906041879 12.018880872382553 14.339983200335993 0.11741765164696706
16 1.2 8.002 267.96606467870293 12.521209575808484 14.599358012839744 0.07754844903101937
16 1.2 9.001 267.327473450521 12.920329093418133 14.800233995320093 0.04817903641927161
16 1.38 0.01 309.6710733785201 7.5280006899862 10.776414471710567 0.993910121797564
16 1.38 10.0 286.20840583210236 14.799866502669946 15.0 1.499970000599988E-4
16 1.5 0.5095 326.06688366232675 8.515712185756286 11.689176216475671 0.7384952300953981
16 1.5 1.5085 319.16061678766425 10.21012704745905 13.089218215635688 0.3895422091558169
16 1.5 2.5075 313.24608507829845 11.688478730425391 14.131817363652727 0.15860682786344274
16 1.5 3.5065 308.9509509809804 12.762262254754905 14.715095698086039 0.058198836023279535
16 1.5 4.5055 305.56761864762706 13.608095338093237 14.961690766184676 0.01640967180656387
16 1.5 5.5045 303.9730005399892 14.0067498650027 14.998890022199555 0.00614987700245995
16 1.5 6.5035 302.38387232255354 14.404031919361612 15.0 0.0020399592008159837
16 1.5 7.5025 302.1565368692626 14.460865782684346 15.0 0.0012299754004919902
16 1.5 8.5015 301.11134277314454 14.722164306713866 15.0 1.499970000599988E-4
16 1.5 9.5005 300.24185516289674 14.939536209275815 15.0 2.999940001199976E-5
16 1.56 0.01 342.26816463670406 7.52335078298434 10.793154136917261 0.99130017399652
16 1.56 10.0 307.199999999973 15.0 15.0 0.0
16 1.68 1.009 348.86813583728144 9.987928991420171 12.922241555168897 0.4307013859722806
16 1.68 2.008 338.2411507769788 11.940964930701385 14.30062398752025 0.12731745365092698
16 1.68 3.007 330.59834163319283 13.345893082138357 14.92755144897102 0.026729465410691787
16 1.68 4.006 327.29901361967563 13.952387202255954 14.996820063598728 0.006899862002759945
16 1.68 5.005 323.87396292071054 14.581992110157797 15.0 9.299814003719926E-4
16 1.68 6.004 322.0307577847889 14.920816583668326 15.0 5.999880002399952E-5
16 1.68 7.003 322.5271614567317 14.829565908681827 15.0 8.999820003599928E-5
16 1.68 8.002 321.59999999979897 15.0 15.0 0.0
16 1.68 9.001 322.0063802723687 14.92529774404512 15.0 0.0
16 1.74 0.01 374.6072388552388 7.54420036599268 10.784364312713747 0.9892902141957161
16 1.74 10.0 328.8000000000742 15.0 15.0 0.0
16 1.86 1.009 373.6517615647955 10.573993520129598 13.37805243895122 0.3236035279294414
16 1.86 2.008 358.6516205675728 12.75412491750165 14.745785084298314 0.06011879762404752
16 1.86 3.007 350.4037577248835 13.952942191156177 14.997270054598909 0.008009839803203935
16 1.86 4.006 346.44139557211804 14.528866922661546 15.0 0.001139977200455991
16 1.86 5.005 345.28439191216967 14.697036059278814 15.0 4.7999040019199615E-4
16 1.86 6.004 343.19999999989767 15.0 15.0 0.0
16 1.86 7.003 344.889376012467 14.75445116097678 15.0 8.999820003599928E-5
16 1.86 8.002 343.19999999989767 15.0 15.0 0.0
16 1.86 9.001 343.19999999989767 15.0 15.0 0.0
16 1.92 0.01 407.0118173635855 7.557996340073198 10.802183956320874 0.9882402351952961
16 1.92 10.0 350.40000000021513 15.0 15.0 0.0
16 1.98 0.5095 402.01219595606227 9.338936971260575 12.405261894762106 0.5598188036239276
16 1.98 1.5085 379.77677026455484 12.171330323393532 14.437541249175016 0.10727785444291114
16 1.98 2.5075 366.7093784124703 13.838089488210235 14.98965020699586 0.010529789404211915
16 1.98 3.5065 361.83142797123065 14.460277044459112 15.0 0.001499970000599988
16 1.98 4.5055 359.58046199080496 14.747390052198956 15.0 2.3999520009599807E-4
16 1.98 5.5045 359.5450650987411 14.751904961900761 15.0 5.999880002399952E-5
16 1.98 6.5035 357.5999999997817 15.0 15.0 0.0
16 1.98 7.5025 357.5999999997817 15.0 15.0 0.0
16 1.98 8.5015 357.5999999997817 15.0 15.0 0.0
16 1.98 9.5005 357.5999999997817 15.0 15.0 0.0
18 0.1 1.009 76.25023699525997 5.433211335773212 8.926231475370493 0.37871242575148495
18 0.1 2.008 68.22088258234787 4.177743111804223 7.628097438051239 0.17402651946961062
18 0.1 3.007 63.66208675826471 3.4770504589910503 8.4640007199856 0.06887862242755145
18 0.1 4.006 55.07935441291567 2.6801797297386587 13.97405051898962 0.007979840403191937
18 0.1 5.005 48.26774464513793 2.1529736071923766 16.846253074938502 8.999820003599928E-5
18 0.1 6.004 45.89999999998195 1.8888888888904165 17.0 0.0
18 0.1 7.003 45.89999999998195 1.8888888888904165 17.0 0.0
18 0.1 8.002 45.89999999998195 1.8888888888904165 17.0 0.0
18 0.1 9.001 45.89999999998195 1.8888888888904165 17.0 0.0
18 0.28 0.01 140.78402351953136 8.47006393205454 12.05309893802124 0.99355012899742
18 0.4 0.5095 163.5153116937653 7.466407338519879 11.070228595428091 0.754394912101758
18 0.4 1.5085 158.22292554148953 6.343703125937388 9.875952480950382 0.4096718065638687
18 0.4 2.5075 155.39558408831942 5.784630974047337 9.538069238615227 0.2002159956800864
18 0.4 3.5065 141.6287694246037 3.5561922094889957 16.967570648587028 0.014549709005819884
18 0.4 4.5055 138.1870522589555 2.923528196103417 17.0 0.004199916001679967
18 0.4 5.5045 135.46638867223626 2.419701605964007 17.0 5.099898002039959E-4
18 0.4 6.5035 134.3023879521907 2.20414591707897 17.0 2.699946001079978E-4
18 0.4 7.5025 133.32957940841848 2.0239961867425826 17.0 0.0
18 0.4 8.5015 132.60000000004334 1.8888888888904165 17.0 0.0
18 0.4 9.5005 132.60000000004334 1.8888888888904165 17.0 0.0
18 0.46 0.01 182.32633707323504 8.479233748658231 12.062488750224995 0.9952600947981041
18 0.58 1.009 206.13753404931674 7.372309220482304 10.970120597588048 0.6429771404571909
18 0.58 2.008 203.6761432771161 6.711872429218075 10.246835063298734 0.36887262254754905
18 0.58 3.007 201.88499610008682 6.263838056572068 9.980140397192056 0.17924641507169856
18 0.58 4.006 200.36695206099307 5.91083844989773 10.111957760844783 0.07631847363052739
18 0.58 5.005 190.78630407393456 3.520186262941557 17.0 0.014189716205675886
18 0.58 6.004 188.94928601433517 3.0342026492805827 17.0 0.005129897402051959
18 0.58 8.002 186.92139437208007 2.4977233788637974 17.0 0.0010199796004079918
18 0.58 9.001 186.04689626204816 2.266374672504802 17.0 4.7999040019199615E-4
18 0.64 0.01 223.76569508610052 8.456650866982551 12.052918941621167 0.996940061198776
18 0.76 1.009 250.06580188395458 7.903965254028233 11.471710565788685 0.7336053278934421
18 0.76 2.008 248.9583200336092 7.441084511643 10.996460070798584 0.504259914801704
18 0.76 3.007 248.06063838725612 7.073338533229444 10.618557628847423 0.31859362812743747
18 0.76 4.006 247.28445551092554 6.746821730232073 10.284094318113638 0.19412611747765043
18 0.76 5.005 246.68300593990648 6.493980120397825 10.167876642467151 0.11318773624527509
18 0.76 6.004 245.9273750524884 6.165736685266371 10.298254034919301 0.06065878682426352
18 0.76 8.002 240.6602483950566 3.750114997700249 17.0 0.019079618407631848
18 0.76 9.001 239.81679966398713 3.35962947407661 17.0 0.012179756404871903
18 0.82 0.01 265.31732165355834 8.501979960400625 12.095518089638206 0.997720045599088
18 0.88 0.5095 278.75558768823737 8.416101677966354 12.004229915401693 0.8977020459590808
18 0.88 1.5085 278.30545989078706 8.17611981093709 11.748485030299394 0.7235255294894102
18 0.88 2.5075 277.90146397070987 7.887798910688507 11.453230935381292 0.5806683866322674
18 0.88 3.5065 277.5945401091963 7.642133823990128 11.18692626147477 0.4575808483830323
18 0.88 4.5055 277.3371356572927 7.429071418571667 11.026309473810525 0.3581928361432771
18 0.88 5.5045 277.0765320693766 7.20480923714865 10.76297474050519 0.27986440271194574
18 0.88 6.5035 276.8932357353044 7.041592501483227 10.653236935261294 0.21764564708705825
18 0.88 7.5025 276.66514909703807 6.834483310333801 10.365152696946062 0.1639167216655667
18 0.88 8.5015 276.5378244435375 6.7178123104204746 10.283134337313253 0.13313733725325494
18 0.88 9.5005 276.40136917264556 6.592711479103734 10.171626567468651 0.10172796544069118
18 0.94 1.009 292.4307181856339 8.492000159996657 12.08459830803384 0.8563328733425332
18 0.94 2.008 292.2425085498252 8.363106071211897 11.923261534769305 0.7582348353032939
18 0.94 3.007 292.125546289068 8.234815303693876 11.820663586728266 0.6799964000719986
18 0.94 4.006 292.0198152036926 8.075885148963696 11.641117177656447 0.6099778004439911
18 0.94 5.005 291.92665326692736 7.926288140903799 11.492740145197097 0.5463190736185276
18 0.94 6.004 291.84835603288064 7.786724265514683 11.376402471950561 0.4898902021959561
18 0.94 8.002 291.71021599567825 7.536079278414391 11.062818743625128 0.3901721965560689
18 0.94 9.001 291.6508939821247 7.42664146717071 10.995320093598128 0.3497030059398812
18 1.0 1.009 306.1530569388612 8.709632474016853 12.269604607907842 0.9131817363652727
18 1.0 2.008 306.0503089938201 8.75304493910086 12.312173756524869 0.8878922421551569
18 1.0 3.007 306.0182696346073 8.759581475036864 12.310463790724185 0.878712425751485
18 1.0 4.006 306.0066898662027 8.762421418237954 12.321713565728686 0.874302513949721
18 1.0 5.005 306.002459950801 8.77791777497758 12.33512329753405 0.876132477350453
18 1.0 6.004 306.00062998740026 8.771284574308183 12.343493130137396 0.874272514549709
18 1.0 8.002 306.0000599988 8.760991446837401 12.29552408951821 0.870582588348233
18 1.0 9.001 306.0000599988 8.792830810050166 12.356272874542508 0.879582408351833
18 1.18 0.01 348.20978040439326 8.498710025799308 12.093658126837463 0.9962500749985
18 1.3 0.5095 372.9628577428467 9.249308347164934 12.774734505309894 0.8297534049319014
18 1.3 1.5085 369.7253044939079 10.399898668690797 13.809773804523909 0.5988180236395272
18 1.3 2.5075 366.5545119097606 11.572431884695506 14.75682486350273 0.3839923201535969
18 1.3 3.5065 363.810451790966 12.588721558901941 15.514939701205975 0.23048539029219417
18 1.3 4.5055 361.2000089998209 13.555552222287853 16.15752684946301 0.12848743025139497
18 1.3 5.5045 359.46961360773065 14.19643940454524 16.5022499550009 0.07301853962920742
18 1.3 6.5035 357.70931181375596 14.848403031939784 16.817633647327053 0.035669286614267715
18 1.3 7.5025 355.913658726823 15.513459730805742 16.98092038159237 0.013919721605567889
18 1.3 8.5015 354.9926711465612 15.854566242007879 16.998860022799544 0.00752984940301194
18 1.3 9.5005 354.65704985904324 15.978870422588574 17.0 0.005069898602027959
18 1.36 0.01 389.4160400792109 8.54393245468408 12.111117777644447 0.994690106197876
18 1.48 1.009 407.32518869623175 10.546472403883055 13.928421431571369 0.5688786224275515
18 1.48 2.008 399.73005819880905 12.303227268788707 15.29717405651887 0.2762344753104938
18 1.48 3.007 393.4559020819976 13.75557822176938 16.27347453050939 0.10766784664306714
18 1.48 4.006 388.8571668566423 14.820100264662239 16.799844003119937 0.03986920261594768
18 1.48 5.005 385.8040247194698 15.526846129745966 16.988360232795344 0.012839743205135897
18 1.48 6.004 383.25714765707596 16.116401005303178 16.999790004199916 0.003119937601247975
18 1.48 8.002 381.28779984407873 16.57226855463764 17.0 4.499910001799964E-4
18 1.48 9.001 379.61626687472693 16.959197482714725 17.0 0.0
18 1.54 0.01 430.9279606407828 8.51918961620751 12.09389812203756 0.9929801403971921
18 1.66 1.009 441.1072982540577 11.254881569035035 14.508969820603587 0.44255114897702047
18 1.66 2.008 428.257268254637 13.41796830730105 16.09704805903882 0.1391672166556669
18 1.66 3.007 419.3743343132224 14.91341173176493 16.837343253134936 0.03215935681286374
18 1.66 4.006 412.9325727485296 15.997883375668744 16.997330053398933 0.00497990040199196
18 1.66 5.005 410.2558642826511 16.44850769650415 17.0 8.69982600347993E-4
18 1.66 6.004 409.3101757968122 16.607714512385343 17.0 3.599928001439971E-4
18 1.66 8.002 407.84940061217276 16.853636260622046 17.0 5.999880002399952E-5
18 1.66 9.001 406.98000000030356 17.0 17.0 0.0
18 1.72 0.01 472.2307097858006 8.53680259728119 12.120897582048359 0.9901901961960761
18 1.78 0.5095 473.2829093418123 10.17503649926722 13.596658066838664 0.637967240655187
18 1.78 1.5085 453.40287154256663 13.002439951201167 15.805093898122038 0.18263634727305453
18 1.78 2.5075 440.3076510470066 14.867855976215026 16.837763244735104 0.035939281214375715
18 1.78 3.5065 432.66622967541474 15.956377539117044 16.99817003659927 0.004919901601967961
18 1.78 4.5055 429.23216115686984 16.445561088774138 17.0 0.0010199796004079918
18 1.78 5.5045 427.44516229683427 16.700119330963833 17.0 1.499970000599988E-4
18 1.78 6.5035 425.7781328372147 16.937587914913095 17.0 5.999880002399952E-5
18 1.78 7.5025 425.3399999998785 17.0 17.0 0.0
18 1.78 8.5015 426.55696286099203 16.826643467151385 17.0 2.999940001199976E-5
18 1.78 9.5005 425.3399999998785 17.0 17.0 0.0
18 1.84 1.009 473.2528745425207 11.876625800817203 14.988750224995501 0.33209335813283736
18 1.84 2.008 454.8036287274281 14.31698032706073 16.594888102237956 0.06431871362572748
18 1.84 3.007 444.61053338922414 15.665273361208484 16.99472010559789 0.009779804403911923
18 1.84 4.006 439.30125157508786 16.367559315471727 17.0 9.89980200395992E-4
18 1.84 5.005 435.7933809321428 16.831563368746238 17.0 5.999880002399952E-5
18 1.84 6.004 436.07221335546166 16.794680773075743 17.0 8.999820003599928E-5
18 1.84 8.002 434.5199999996874 17.0 17.0 0.0
18 1.84 9.001 434.5199999996874 17.0 17.0 0.0
18 1.96 0.5095 508.59541729166125 10.553382265685856 13.930281394372113 0.5661186776264475
18 1.96 1.5085 480.52594948105616 13.80023732858658 16.28457430851383 0.10250794984100318
18 1.96 2.5075 464.6458894822025 15.638207235856807 16.975940481190378 0.01130977380452391
18 1.96 3.5065 456.98489710200056 16.52489616875056 17.0 9.299814003719926E-4
18 1.96 4.5055 454.4986716265078 16.812653746930835 17.0 2.999940001199976E-5
18 1.96 5.5045 454.0868398630745 16.860319460279523 17.0 2.999940001199976E-5
18 1.96 6.5035 453.83999999987674 16.88888888888882 17.0 0.0
18 1.96 7.5025 452.88000000031013 17.0 17.0 0.0
18 1.96 8.5015 452.88000000031013 17.0 17.0 0.0
18 1.96 9.5005 452.88000000031013 17.0 17.0 0.0
20 0.02 0.01 100.18672526550196 9.446442071158522 13.36572268554629 0.9905801883962321
20 0.08 0.5095 98.9441507169859 7.401589968200618 11.280014399712005 0.6019679606407872
20 0.08 1.5085 78.4435195296091 4.895605087898157 8.512839743205136 0.22124557508849824
20 0.08 2.5075 71.3872466550653 3.87979240415199 7.69712605747885 0.09920801583968321
20 0.08 3.5065 63.31016739664908 3.026321473570522 11.902651946961061 0.02258954820903582
20 0.08 4.5055 50.72272274551677 2.131346373071414 18.45923081538369 5.999880002399952E-5
20 0.08 5.5045 48.70809383813633 1.9900101997960578 19.0 0.0
20 0.08 6.5035 48.80000000002891 2.0 19.0 0.0
20 0.08 7.5025 47.87999999996449 1.9000000000010122 19.0 0.0
20 0.08 8.5015 47.87999999996449 1.9000000000010122 19.0 0.0
20 0.08 9.5005 47.87999999996449 1.9000000000010122 19.0 0.0
20 0.14 1.009 109.36416511669806 6.3279444411111845 10.13907721845563 0.4139017219655607
20 0.14 2.008 100.39788864222625 4.993202135957292 8.691336173276534 0.20447591048179037
20 0.14 3.007 94.4077980440384 4.175970480590506 10.263064738705227 0.08480830383392332
20 0.14 4.006 75.40451790966088 2.5786374272516657 18.986260274794503 9.89980200395992E-4
20 0.14 5.005 70.85951460965862 2.0534319313612643 19.0 2.999940001199976E-5
20 0.14 6.004 70.39999999995582 2.0 19.0 0.0
20 0.14 8.002 69.54000000002675 1.9000000000010122 19.0 0.0
20 0.14 9.001 69.54000000002675 1.9000000000010122 19.0 0.0
20 0.26 0.5095 158.3685420291557 7.952792944141136 11.862542749145017 0.6952360952780945
20 0.26 1.5085 147.80879162416608 6.282246355072832 10.070618587628248 0.3519229615407692
20 0.26 2.5075 143.823575928481 5.609242815143682 9.51739965200696 0.1852762944741105
20 0.26 3.5065 122.15159536809946 3.155579888402071 18.999910001799964 0.005249895002099958
20 0.26 4.5055 117.23433371329857 2.4911261774763416 19.0 8.399832003359933E-4
20 0.26 5.5045 114.33999999995311 2.0999999999994095 19.0 0.0
20 0.26 6.5035 112.85999999996746 1.9000000000010122 19.0 0.0
20 0.26 7.5025 113.59251874968554 1.9989890202195368 19.0 2.999940001199976E-5
20 0.26 8.5015 112.85999999996746 1.9000000000010122 19.0 0.0
20 0.26 9.5005 112.85999999996746 1.9000000000010122 19.0 0.0
20 0.32 1.009 171.7070006599875 7.149784004319864 10.982270354592908 0.5232495350092998
20 0.32 2.008 166.2954004919907 6.193340133197376 10.005819883602328 0.27236455270894583
20 0.32 3.007 161.04482990339687 5.450497990040196 11.641507169856602 0.10601787964240715
20 0.32 4.006 141.79206695865057 2.969421611567508 19.0 0.0036599268014639707
20 0.32 5.005 139.86769184613354 2.6864252714942896 19.0 0.0012299754004919902
20 0.32 6.004 134.65161816764984 1.9193556128887497 19.0 2.999940001199976E-5
20 0.32 8.002 135.2000000000843 2.0 19.0 0.0
20 0.32 9.001 134.51999999998716 1.9000000000010122 19.0 0.0
20 0.44 0.5095 214.77647447051618 8.377239455210953 12.29567408651827 0.7617747645047099
20 0.44 1.5085 208.4996388072209 7.122886542269146 10.947141057178856 0.43166136677266453
20 0.44 2.5075 205.1150488990329 6.479108417831601 10.372022559548808 0.2112257754844903
20 0.44 3.5065 192.5126441471162 4.469682606348078 18.001739965200695 0.031679366412671744
20 0.44 4.5055 185.50637547250042 3.2689956200877335 19.0 0.006779864402711945
20 0.44 5.5045 181.26444351116203 2.5115077698443846 19.0 8.69982600347993E-4
20 0.44 6.5035 180.20310793783702 2.321983560329288 19.0 4.7999040019199615E-4
20 0.44 7.5025 179.88571188568997 2.2653056938857157 19.0 5.999880002399952E-5
20 0.44 8.5015 177.83999999991664 1.9000000000010122 19.0 0.0
20 0.44 9.5005 177.83999999991664 1.9000000000010122 19.0 0.0
20 0.5 0.01 237.55719385612286 9.455867882642414 13.370582588348233 0.996070078598428
20 0.62 0.5095 269.405918281627 8.752621947561051 12.67147657046859 0.8273534529309414
20 0.62 1.5085 265.9665620687696 7.8017339653207305 11.687316253674927 0.5079798404031919
20 0.62 2.5075 263.72303833924093 7.218038639227253 11.062308753824924 0.28088438231235374
20 0.62 3.5065 262.00630287393886 6.804928901421916 10.557778844423112 0.1384472310553789
20 0.62 4.5055 260.4602969940428 6.4305513889724395 10.852072958540829 0.06167876642467151
20 0.62 5.5045 249.94623687526843 3.7753254934902003 19.0 0.014609707805843882
20 0.62 6.5035 248.00221095573443 3.263739725205661 19.0 0.00509989800203996
20 0.62 7.5025 246.3168002640445 2.820210595788325 19.0 0.0020699586008279835
20 0.62 8.5015 245.03915941683246 2.483989320213691 19.0 6.599868002639947E-4
20 0.62 9.5005 244.30542449146867 2.2909011819768748 19.0 2.999940001199976E-4
20 0.8 1.009 322.09554808903766 8.889281214375654 12.77797444051119 0.7702645947081058
20 0.8 2.008 320.93348533029314 8.341717165656606 12.270084598308033 0.5541189176216476
20 0.8 3.007 320.0604907901825 7.942935141297188 11.763664726705466 0.377752444951101
20 0.8 4.006 319.2670606587889 7.580119397611983 11.38705225895482 0.24359512809743805
20 0.8 5.005 318.68306833863323 7.309254814903661 11.105657886842263 0.15944681106377873
20 0.8 6.004 318.05294294114316 7.007751844962992 10.83797324053519 0.09260814783704326
20 0.8 8.002 317.0276954460839 6.510547789043953 11.183896322073558 0.03587928241435171
20 0.8 9.001 316.86700065998593 6.430212395752544 10.256884862302753 0.02243955120897582
20 0.98 0.01 374.80943541129966 9.523384532309299 13.447231055378893 0.99895002099958
20 1.04 1.009 391.37454250914544 9.819712605747831 13.687766244675107 0.9092218155636888
20 1.04 2.008 391.2284754304876 9.99752804943895 13.86740265194696 0.876252474950501
20 1.04 3.007 391.1272154556862 10.197171056578915 14.053218935621288 0.8414531709365812
20 1.04 4.006 391.06032279353855 10.354184916301696 14.201745965080699 0.8145737085258294
20 1.04 5.005 390.9913853723026 10.52379852402955 14.37040259194816 0.7896442071158577
20 1.04 6.004 390.93041339172834 10.673966520669586 14.504529909401812 0.758414831703366
20 1.04 8.002 390.78155636887624 11.046109077818377 14.83167336653267 0.6965260694786104
20 1.04 9.001 390.7030755384923 11.242311153776878 14.996280074398513 0.6618167636647267
20 1.16 0.5095 425.0027875442586 9.96541069178615 13.838933221335573 0.8944021119577609
20 1.16 1.5085 423.69368692625653 10.700275994480076 14.504589908201837 0.76192476150477
20 1.16 2.5075 422.5172736545235 11.42744345113097 15.163406731865363 0.633947321053579
20 1.16 3.5065 421.44800024000904 12.095239095218071 15.712395752084959 0.5098998020039599
20 1.16 4.5055 420.31984640308195 12.800095998080025 16.284814303713926 0.40505189896202076
20 1.16 5.5045 419.3223783524163 13.42351352972928 16.78967420651587 0.3109137817243655
20 1.16 6.5035 418.3750068998679 14.0156206875863 17.237565248695027 0.2381952360952781
20 1.16 7.5025 417.4228451431042 14.610721785564158 17.653806923861524 0.1736065278694426
20 1.16 8.5015 416.6860358793034 15.071227575448557 17.917591648167036 0.13286734265314692
20 1.16 9.5005 415.8745113097657 15.578430431391476 18.24302513949721 0.09437811243775124
20 1.22 1.009 440.36410451791187 10.57599448011035 14.390232195356093 0.7798644027119458
20 1.22 2.008 438.1789932201392 11.555834883302357 15.279654406911861 0.6076378472430551
20 1.22 3.007 436.1222025559433 12.489941201176029 16.045809083818323 0.4493910121797564
20 1.22 4.006 434.10965800684744 13.404700905981782 16.759644807103857 0.31523369532609347
20 1.22 5.005 432.1530083398334 14.294087118257522 17.42443151136977 0.20621587568248634
20 1.22 6.004 430.7283278334349 14.941669166616819 17.86947261054779 0.13760724785504289
20 1.22 8.002 427.92866382672935 16.21424371512588 18.583818323633526 0.051538969220615585
20 1.22 9.001 426.76232855344887 16.744396112077816 18.805213895722087 0.03032939341213176
20 1.34 0.5095 473.9551526969393 10.391516169676699 14.215215695686087 0.8189536209275814
20 1.34 1.5085 468.72308573828104 11.905234895302108 15.58252834943301 0.5490490190196196
20 1.34 2.5075 463.8834487310369 13.328397432051357 16.719235615287694 0.32987340253194936
20 1.34 3.5065 459.5787778244391 14.594477110457808 17.62989740205196 0.17966640667186656
20 1.34 4.5055 456.00740085202017 15.644882102358102 18.291984160316794 0.0884382312353753
20 1.34 5.5045 453.16651286973786 16.48043739125177 18.720405591888163 0.04079918401631968
20 1.34 6.5035 451.3058966821188 17.02767744645121 18.92302153956921 0.020609587808243835
20 1.34 7.5025 449.988797024027 17.415059698806687 18.981130377392454 0.010799784004319914
20 1.34 8.5015 447.90479510403054 18.028001439972204 19.0 0.003509929801403972
20 1.34 9.5005 446.87827743444797 18.329918401631964 19.0 0.001139977200455991
20 1.4 0.01 494.60996580068087 9.522865542689148 13.432501349973 0.994930101397972
20 1.52 0.5095 521.5548113037921 10.786032279354492 14.589278214435712 0.748035039299214
20 1.52 1.5085 509.7340697186079 13.051157976840386 16.536089278214437 0.3677026459470811
20 1.52 2.5075 499.9111669766266 14.940160196796151 17.843763124737507 0.14375712485750286
20 1.52 3.5065 492.0902945941457 16.444174116517885 18.706155876882463 0.042059158816823664
20 1.52 4.5055 487.29418611623436 17.366502669946687 18.979630407391852 0.012089758204835903
20 1.52 5.5045 484.33005819887944 17.936527269455784 18.99235015299694 0.0030599388012239755
20 1.52 6.5035 482.0440331195084 18.376147477050434 19.0 8.999820003599928E-4
20 1.52 7.5025 482.13519769616465 18.35861582768645 19.0 8.099838003239935E-4
20 1.52 8.5015 479.4851694967279 18.8682366352824 19.0 0.0
20 1.52 9.5005 479.5117825643844 18.86311873762758 19.0 2.999940001199976E-5
20 1.7 1.009 556.7254094918088 12.753563928721546 16.258654826903463 0.41060178796424074
20 1.7 2.008 539.3707265854645 15.232753344933174 18.05669886602268 0.11576768464630707
20 1.7 3.007 527.3815623687309 16.94549109017849 18.877662446751064 0.02396952060958781
20 1.7 4.006 521.4599328013481 17.791438171235722 18.996910061798765 0.005999880002399952
20 1.7 5.005 516.3666736666006 18.519046619061683 19.0 7.49985000299994E-4
20 1.7 6.004 514.7093028139224 18.75581388373059 19.0 2.999940001199976E-5
20 1.7 8.002 513.0 19.0 19.0 0.0
20 1.7 9.001 513.199433011366 18.971509569807658 19.0 0.0
20 1.88 0.01 631.4018191636201 9.539833203335862 13.44870102597948 0.990670186596268
