10 0.04 0.5095 21.12062758744823 3.5916601667966828 5.711555768884622 0.6142977140457191
10 0.04 1.5085 16.69539089218232 2.5646787064257723 4.608897822043559 0.20315593688126238
10 0.04 2.5075 15.102498350033128 2.168308633827146 4.2703545929081415 0.07391852162956741
10 0.04 3.5065 14.39801403971941 1.9995860082800538 4.287964240715186 0.030809383812323753
10 0.04 4.5055 13.849485810282642 1.8890502189962595 4.600947981040379 0.009449811003779925
10 0.04 5.5045 13.713330533391854 1.8647627047466269 4.69697606047879 0.006179876402471951
10 0.04 6.5035 13.453755324894987 1.8217375652496077 4.909791804163917 0.0023399532009359815
10 0.04 7.5025 13.305811483774292 1.8059998800034134 5.063478730425391 8.69982600347993E-4
10 0.04 8.5015 13.287811843764494 1.8031979360423376 5.04889902201956 7.49985000299994E-4
10 0.04 9.5005 13.09457610847096 1.8009359812814156 5.617777644447111 4.7999040019199615E-4
10 0.1 0.01 29.508747825043386 4.508663826723422 6.6415371692566145 0.993190136197276
10 0.1 10.0 17.099999999989315 1.8000000000010403 9.0 0.0
10 0.22 0.5095 36.03671326573602 3.943325133497329 6.106467870642587 0.7355852882942341
10 0.22 1.5085 34.15942761144586 3.3194516109677212 5.573378532429351 0.4009719805603888
10 0.22 2.5075 33.039556008877035 2.9806923861523313 5.639527209455811 0.20921581568368633
10 0.22 3.5065 31.10940481190064 2.580014399712001 6.989680206395872 0.06686866262674747
10 0.22 4.5055 27.52741045178 1.9472490550190147 8.898182036359273 0.0014399712005759885
10 0.22 5.5045 27.273232135346472 1.9089518209641156 8.979930401391972 3.2999340013199736E-4
10 0.22 6.5035 27.4650548988812 1.965398692026964 9.0 2.3999520009599807E-4
10 0.22 7.5025 26.91888642225154 1.8253554928913263 9.0 1.7999640007199856E-4
10 0.22 8.5015 26.819999999982382 1.8000000000010403 9.0 5.999880002399952E-5
10 0.22 9.5005 26.819999999982382 1.8000000000010403 9.0 2.999940001199976E-5
10 0.4 1.009 48.987988240235275 3.9772604547909407 6.193196136077279 0.6141777164456711
10 0.4 2.008 48.12219355612894 3.691474170516713 6.054718905621888 0.34673306533869325
10 0.4 3.007 46.93174536509217 3.3655246895061555 6.55684886302274 0.15707685846283073
10 0.4 4.006 43.76487670246616 2.547381052378801 8.698806023879522 0.019049619007619846
10 0.4 5.005 42.56345473090757 2.1867462650743597 8.99490010199796 0.002999940001199976
10 0.4 6.004 41.85607487849465 1.952024959500807 9.0 6.599868002639947E-4
10 0.4 7.003 41.85378892422889 1.9512629747409556 9.0 5.399892002159956E-4
10 0.4 8.002 41.73482930339637 1.9116097678055086 9.0 3.599928001439971E-4
10 0.4 9.001 41.66711465770579 1.8890382192355695 9.0 1.499970000599988E-4
10 0.58 0.01 62.93440991180713 4.522181556368882 6.651886962260755 0.995320093598128
10 0.58 10.0 56.06756824861879 1.8416991660175615 9.0 1.499970000599988E-4
10 0.7 0.5095 70.69397312053744 4.5553968920621175 6.708555828883422 0.8016739665206696
10 0.7 1.5085 70.10949181016338 4.432255354892873 6.636887262254755 0.5126597468050639
10 0.7 2.5075 69.68520429591443 4.271488570228518 6.556518869622607 0.31289374212515747
10 0.7 3.5065 69.29498710025958 4.081160376792382 6.620957580848383 0.18143637127257456
10 0.7 4.5055 68.9717765644677 3.908609827803579 6.647297054058919 0.1011879762404752
10 0.7 5.5045 68.30822583548033 3.5079618407633966 7.280434391312173 0.0501289974200516
10 0.7 6.5035 67.6412941741096 3.082366352673457 7.99730005399892 0.023249535009299813
10 0.7 7.5025 66.70350692985625 2.468500629987418 8.944771104577908 0.009839803203935921
10 0.7 8.5015 66.67841543169486 2.4512269754604086 8.849523009539809 0.006989860202795944
10 0.7 9.5005 66.27978640428115 2.1865242695142144 9.0 0.003539929201415972
10 0.76 0.01 75.4356512869642 4.525469490610193 6.6584268314633706 0.994720105597888
10 0.76 10.0 71.30060238796001 2.416997660046472 8.93610127797444 0.008189836203275935
10 0.88 1.009 82.4656218875678 4.774224515509699 6.918191636167276 0.6768464630707386
10 0.88 2.008 82.2036287274313 4.734925301493965 6.917231655366892 0.5234295314093718
10 0.88 3.007 82.06964900702629 4.658846823063551 6.847183056338873 0.4131517369652607
10 0.88 4.006 81.97217615648378 4.5593988120237245 6.774224515509689 0.3300233995320094
10 0.88 5.005 81.88924941502007 4.455330893382034 6.727785444291114 0.2608747825043499
10 0.88 6.004 81.83099658007852 4.371002579948294 6.649217015659687 0.2133257334853303
10 0.88 7.003 81.77692326154707 4.287832243355028 6.641567168656627 0.17135657286854264
10 0.88 8.002 81.72254994901421 4.200377992439996 6.601787964240716 0.14057718845623088
10 0.88 9.001 81.66657226856933 4.109413811723631 6.607667846643067 0.11402771944561109
10 0.94 0.01 87.90338993220792 4.536521269574599 6.66847663046739 0.9925001499970001
10 0.94 10.0 85.9414039719184 4.470594588108133 6.7315653686926264 0.25799484010319795
10 1.0 0.01 92.1367372652547 4.519409611807744 6.6523969520609585 0.99295014099718
10 1.0 10.0 90.00008999820004 5.061222775544493 7.188756224875503 0.6473270534589308
10 1.12 0.5095 98.36635387291726 4.960346793064088 7.074908501829963 0.7665146697066059
10 1.12 1.5085 97.74406911861522 5.244471110577776 7.319313613727726 0.6351472970540589
10 1.12 2.5075 97.54925181496397 5.44972100557985 7.49970000599988 0.5744285114297714
10 1.12 3.5065 97.42153236935327 5.637499250015037 7.653146937061258 0.5141297174056518
10 1.12 4.5055 97.30188036239568 5.831823363532773 7.791204175916482 0.4636707265854683
10 1.12 5.5045 97.17471290574687 6.042257154856884 7.948281034379312 0.4144117117657647
10 1.12 6.5035 97.07128577429172 6.214579708405884 8.089278214435712 0.36035279294414113
10 1.12 7.5025 96.94309473811478 6.428175436491261 8.232735345293094 0.3012539749205016
10 1.12 8.5015 96.81458570829781 6.64241315173696 8.38210235795284 0.252444951100978
10 1.12 9.5005 96.68864102719508 6.852264954700928 8.5097498050039 0.20768584628307435
10 1.3 1.009 108.96713265734728 5.427653446931107 7.481910361792764 0.5990280194396113
10 1.3 2.008 108.1180446391076 5.927959440811215 7.870252594948101 0.44378112437751244
10 1.3 3.007 107.34454910901813 6.437487250255019 8.240385192296154 0.30527389452210957
10 1.3 4.006 106.60797084058365 6.928019439611225 8.557688846223076 0.1863862722745545
10 1.3 5.005 105.95542089158131 7.3630527389451625 8.768554628907422 0.10784784304313914
10 1.3 6.004 105.36302573948727 7.757982840343293 8.913481730365392 0.059128817423651524
10 1.3 7.003 104.94656806864131 8.03562128757448 8.973720525589489 0.03134937301253975
10 1.3 8.002 104.6611657766898 8.225889482210645 8.990580188396232 0.01736965260694786
10 1.3 9.001 104.38113637727493 8.412575748484542 8.999040019199615 0.01004979900401992
10 1.48 0.01 125.30365512693511 4.544141117177632 6.686686266274674 0.9855102897942041
10 1.48 10.0 111.91698086043843 8.867924641504255 9.0 2.3999520009599807E-4
10 1.6 0.5095 128.12237355252805 5.3824923501529645 7.445281094378112 0.625127497450051
10 1.6 1.5085 124.73055138897107 6.424461510769781 8.231475370492591 0.30146397072058556
10 1.6 2.5075 121.95927881442273 7.346907061858825 8.768404631907362 0.10874782504349913
10 1.6 3.5065 119.62213355732821 8.12595548089026 8.978010439791204 0.027299454010919783
10 1.6 4.5055 118.74634307313057 8.417885642287356 8.996820063598728 0.00869982600347993
10 1.6 5.5045 118.03533929323575 8.65488690226102 9.0 0.002879942401151977
10 1.6 6.5035 117.46642467152384 8.844525109496093 9.0 6.599868002639947E-4
10 1.6 7.5025 117.21529369415762 8.928235435288423 9.0 1.1999760004799904E-4
10 1.6 8.5015 117.12893142138957 8.957022859541533 9.0 8.999820003599928E-5
10 1.6 9.5005 117.00385192296157 8.998716025679482 9.0 2.999940001199976E-5
10 1.66 0.01 137.63144657107654 4.557952840943138 6.69712605747885 0.9828103437931242
10 1.66 10.0 119.70649427018257 8.998032039359098 9.0 2.999940001199976E-5
10 1.78 1.009 135.92416211676507 6.228859422811556 8.101757964840703 0.3617027659446811
10 1.78 2.008 131.19653746925283 7.436785264294832 8.807133857322853 0.09569808603827923
10 1.78 3.007 127.91388732226147 8.278490430191821 8.987670246595068 0.015779684406311875
10 1.78 4.006 126.41580248397445 8.662614747705092 8.998770024599509 0.004049919001619968
10 1.78 5.005 125.65828943423968 8.856848863020922 9.0 5.699886002279955E-4
10 1.78 6.004 125.26176096483199 8.958522829542792 9.0 1.1999760004799904E-4
10 1.78 7.003 125.2495932081763 8.961642767144001 9.0 5.999880002399952E-5
10 1.78 8.002 125.12840703192597 8.992716145677193 9.0 2.999940001199976E-5
10 1.78 9.001 125.10000000006558 9.0 9.0 0.0
10 1.84 0.01 150.02501949960322 4.5599688006239925 6.686596268074639 0.9800803983920322
10 1.84 10.0 127.79999999992161 9.0 9.0 0.0
10 1.96 1.009 144.87754604905078 6.568194636107319 8.323813523729525 0.2756344873102538
10 1.96 2.008 138.59833683325323 7.875346493069986 8.942311153776924 0.04433911321773565
10 1.96 3.007 135.21907001866776 8.579360412792026 8.999670006599867 0.005249895002099958
10 1.96 4.006 133.8867222656248 8.856932861341223 9.0 5.099898002039959E-4
10 1.96 5.005 133.6054094918787 8.915539689203529 9.0 2.3999520009599807E-4
10 1.96 6.004 133.39142977147998 8.960118797622338 9.0 1.1999760004799904E-4
10 1.96 7.003 133.20000000008275 9.0 9.0 0.0
10 1.96 8.002 133.23239935209477 8.993250134997398 9.0 2.999940001199976E-5
10 1.96 9.001 133.20000000008275 9.0 9.0 0.0
12 0.02 0.5095 27.682458750824907 4.230395392092171 6.748755024899502 0.5809083818323634
12 0.02 1.5085 19.49158936821275 2.7491250174996447 5.02009959800804 0.15692686146277074
12 0.02 2.5075 16.8040097198053 2.2288504229916257 4.4605207895842085 0.04610907781844363
12 0.02 3.5065 15.685656686867075 2.0112497750037917 4.357712845743085 0.014579708405831884
12 0.02 4.5055 15.256849463010676 1.9225265494667987 4.285264294714105 0.007019859602807944
12 0.02 5.5045 14.915147897042631 1.8750774984466503 4.636557268854623 0.0021599568008639825
12 0.02 6.5035 14.394865302689189 1.8404431911319812 6.084718305633888 6.599868002639947E-4
12 0.02 7.5025 14.70055978880406 1.845968080634275 4.591318173636528 8.69982600347993E-4
12 0.02 8.5015 14.357876642466461 1.833333333328946 5.742515149697006 1.1999760004799904E-4
12 0.02 9.5005 14.522035159299119 1.8364332713302762 5.089038219235615 3.899922001559969E-4
12 0.2 1.009 47.62376552468911 4.125252494950117 6.682966340673187 0.5123897522049559
12 0.2 2.008 45.542275154496764 3.5502839943201194 6.3252834943301135 0.2698146037079258
12 0.2 3.007 43.77736245275112 3.1634167316652917 6.868452630947381 0.12200755984880303
12 0.2 4.006 36.84060118798083 2.1599318013642668 10.948371032579349 0.0012899742005159896
12 0.2 5.005 36.039071218563144 2.0011199775997257 10.981280374392512 1.7999640007199856E-4
12 0.2 6.004 35.20076798461821 1.8334933301290148 11.0 2.999940001199976E-5
12 0.2 7.003 35.19999999997791 1.833333333328946 11.0 0.0
12 0.2 8.002 35.32100557987336 1.8585428291397637 11.0 2.999940001199976E-5
12 0.2 9.001 35.19999999997791 1.833333333328946 11.0 0.0
12 0.38 0.01 71.28937181256484 5.489550208995812 8.022769544609108 0.995170096598068
12 0.38 10.0 56.97999999998458 1.833333333328946 11.0 0.0
12 0.5 0.5095 82.45845083098338 5.161011779764462 7.719505609887802 0.8015839683206336
12 0.5 1.5085 81.1617567648647 4.738430231395342 7.333173336533269 0.4772604547909042
12 0.5 2.5075 80.1137577248455 4.441646167076647 7.258864822703546 0.25715485690286194
12 0.5 3.5065 78.6962560748785 4.059608807823767 7.948521029579409 0.10937781244375112
12 0.5 4.5055 74.21847063058739 2.738425231495516 10.993370132597349 0.010649787004259914
12 0.5 5.5045 73.22370552588949 2.407551848963796 10.99790004199916 0.0036599268014639707
12 0.5 6.5035 72.00391492170156 2.0013049738990594 11.0 5.699886002279955E-4
12 0.5 7.5025 72.35532789344214 2.1184426311472686 11.0 8.69982600347993E-4
12 0.5 8.5015 71.88966220675586 1.9632207355842526 11.0 2.3999520009599807E-4
12 0.5 9.5005 71.53886422271555 1.8462880742343752 11.0 2.999940001199976E-5
12 0.56 0.01 89.46296634067116 5.512784744305119 8.038999220015599 0.996490070198596
12 0.56 10.0 78.9509077818549 1.9056468870599759 11.0 8.999820003599928E-5
12 0.68 1.009 100.56432351353 5.283189336213259 7.839083218335634 0.6554868902621948
12 0.68 2.008 99.85911321773976 5.034284314313732 7.625937481250375 0.3977020459590808
12 0.68 3.007 99.32751664967317 4.828958420831471 7.493280134397312 0.22835543289134216
12 0.68 4.006 98.72965980680387 4.576563468730668 7.5571488570228595 0.11618767624647507
12 0.68 5.005 98.04866382672026 4.266459670806628 7.9844003119937605 0.06155876882462351
12 0.68 6.004 95.98125037498656 3.2365052698945567 10.281094378112437 0.020459590808183836
12 0.68 7.003 94.94198596027853 2.6989510209797447 11.0 0.008969820603587928
12 0.68 8.002 94.50205555889858 2.469820603588081 11.0 0.004409911801763965
12 0.68 9.001 94.17468290635658 2.299314013719732 11.0 0.0020999580008399833
12 0.74 0.01 107.60627947440948 5.5017849643006995 8.035939281214375 0.9951400971980561
12 0.74 10.0 101.55252114958265 2.4823853522931687 11.0 0.00503989920201596
12 0.86 1.009 118.65512149756728 5.627257454850872 8.165296694066118 0.7078358432831343
12 0.86 2.008 118.33866382672194 5.517669646607088 8.05834883302334 0.5314693706125877
12 0.86 3.007 118.13681226375468 5.386772264554671 7.953260934781304 0.4105717885642287
12 0.86 4.006 117.97870102598432 5.251494970100615 7.840883182336353 0.30695386092278154
12 0.86 5.005 117.85655006900431 5.13405731885365 7.72427551448971 0.24200515989680207
12 0.86 6.004 117.71962920742448 4.981990360192877 7.71272574548509 0.18014639707205857
12 0.86 7.003 117.62661246775514 4.882067358652778 7.6597768044639105 0.13991720165596688
12 0.86 8.002 117.49688966220992 4.731935361292771 7.729495410091798 0.10700785984280314
12 0.86 9.001 117.42904421911528 4.652026959460885 7.576978460430792 0.07772844543109138
12 0.92 0.01 125.70725745485245 5.513154736905266 8.050668986620268 0.994060118797624
12 0.92 10.0 123.8532261354639 5.027324453510811 7.68362632747345 0.18551628967420652
12 0.98 0.5095 130.6239305214076 5.773479530409385 8.29867402651947 0.8347333053338933
12 0.98 1.5085 130.21821203578943 5.888082238355235 8.398992020159596 0.7256554868902622
12 0.98 2.5075 130.1217195656414 5.908141837163173 8.421011579768404 0.6846763064738706
12 0.98 3.5065 130.08805423894643 5.87357252854943 8.391312173756525 0.6576468470630588
12 0.98 4.5055 130.0716163677037 5.860802783944274 8.367312653746925 0.632387352252955
12 0.98 5.5045 130.0639281214688 5.842058158836859 8.367882642347153 0.6145977080458391
12 0.98 6.5035 130.0556554869179 5.785369292614166 8.32897342053159 0.5874182516349673
12 0.98 7.5025 130.05322793546782 5.772734545309144 8.283104337913242 0.5773084538309233
12 0.98 8.5015 130.0489194216369 5.739525209495857 8.252894942101157 0.5570588588228236
12 0.98 9.5005 130.04558348835428 5.713195736085259 8.231655366892662 0.5428091438171236
12 1.1 1.009 141.7354142917159 6.092753144937065 8.575868482630348 0.744915101697966
12 1.1 2.008 141.448029039419 6.317578648427034 8.777914441711166 0.6664666706665867
12 1.1 3.007 141.28898122037515 6.531509369812586 8.963550728985421 0.620027599448011
12 1.1 4.006 141.14445911081762 6.762919741605124 9.15509689806204 0.5677386452270955
12 1.1 5.005 141.02601247975093 6.957195856082875 9.31127377452451 0.5214195716085678
12 1.1 6.004 140.89018119637566 7.183196336073329 9.495890082198356 0.4622307553848923
12 1.1 7.003 140.78385732285332 7.360237795244104 9.625757484850302 0.41582168356632865
12 1.1 8.002 140.62435051298954 7.626082478350489 9.83047339053219 0.3559728805423891
12 1.1 9.001 140.4908531829362 7.848578028439528 9.99880002399952 0.30683386332273355
12 1.28 0.01 161.86944981100405 5.525659486810315 8.05279894402112 0.9897102057958841
12 1.28 10.0 151.48141957159396 10.403916921660645 10.999160016799664 0.00629987400251995
12 1.4 0.5095 170.03704925901485 6.268109637807172 8.733635327293454 0.7242455150896983
12 1.4 1.5085 167.62579348413067 7.160521789564244 9.473210535789285 0.46826063478730423
12 1.4 2.5075 165.46077278454396 8.058098838023193 10.139557208855823 0.2593448131037379
12 1.4 3.5065 163.76030479390445 8.76653966920661 10.573708525829483 0.13136737265254694
12 1.4 4.5055 162.07243055138923 9.469820603588843 10.883812323753524 0.05408891822163557
12 1.4 5.5045 160.8326393472139 9.986400271995599 10.983860322793545 0.020639587208255834
12 1.4 6.5035 160.22066358672214 10.241390172197468 10.995890082198356 0.009989800203995921
12 1.4 7.5025 159.5663166736772 10.514034719303387 11.0 0.0030899382012359753
12 1.4 8.5015 159.29283014342573 10.627987440247107 11.0 0.0018899622007559848
12 1.4 9.5005 159.16176876461253 10.682596348072348 11.0 0.0010799784004319913
12 1.46 0.01 179.94272514550565 5.5302493950121105 8.050758984820304 0.9891102177956441
12 1.46 10.0 162.65277494452613 10.893922121552658 11.0 1.7999640007199856E-4
12 1.58 1.009 183.76172496550717 7.132247355052908 9.450470990580188 0.47876042479150416
12 1.58 2.008 179.27735345294056 8.414621707565974 10.373042539149218 0.19379612407751845
12 1.58 3.007 176.08530689387337 9.331808363833058 10.843043139137217 0.06551868962620748
12 1.58 4.006 173.7122379551738 10.013724725507164 10.991690166196676 0.018299634007319855
12 1.58 5.005 172.0057148856565 10.504104917900582 10.99910001799964 0.004319913601727965
12 1.58 6.004 171.6574260514142 10.60418791623942 11.0 0.002219955600887982
12 1.58 7.003 170.69710445796602 10.880142397148761 11.0 3.2999340013199736E-4
12 1.58 8.002 170.82923741527503 10.842173156530903 11.0 1.7999640007199856E-4
12 1.58 9.001 170.67429351418238 10.886697266044461 11.0 5.999880002399952E-5
12 1.64 0.01 197.95757124857673 5.537319253614912 8.074698506029879 0.9859602807943841
12 1.64 10.0 174.2400000001397 11.0 11.0 0.0
12 1.76 1.009 198.13721005580004 7.4983100337993465 9.728865422691547 0.38360232795344096
12 1.76 2.008 191.11310733782162 9.036599268014804 10.709755804883903 0.09716805663886723
12 1.76 3.007 186.6801007980228 10.00874982500391 10.981970360592788 0.019439611207775844
12 1.76 4.006 184.49038699229095 10.488950220997609 11.0 0.002999940001199976
12 1.76 5.005 183.17571968562316 10.777254454904028 11.0 7.49985000299994E-4
12 1.76 6.004 182.18553548936762 10.994400111997107 11.0 2.999940001199976E-5
12 1.76 7.003 182.5197768045536 10.92110157797386 11.0 2.999940001199976E-5
12 1.76 8.002 182.16000000008492 11.0 11.0 0.0
12 1.76 9.001 182.16000000008492 11.0 11.0 0.0
12 1.82 0.01 215.9182990340229 5.551413971720526 8.085258294834103 0.9852102957940841
12 1.82 10.0 186.12000000009215 11.0 11.0 0.0
12 1.88 0.5095 212.34490790185617 6.803338933221327 9.19637607247855 0.5655786884262315
12 1.88 1.5085 202.32811423768848 8.680281394372034 10.51634967300654 0.14411711765764684
12 1.88 2.5075 195.71871602571215 9.932061358773906 10.97045059098818 0.02114957700845983
12 1.88 3.5065 192.4840679186193 10.544684106318526 11.0 0.0030599388012239755
12 1.88 4.5055 191.19791204173924 10.788274234513048 11.0 3.899922001559969E-4
12 1.88 5.5045 190.3428859423069 10.950210995772625 11.0 5.999880002399952E-5
12 1.88 6.5035 190.2274146517576 10.972080558383151 11.0 5.999880002399952E-5
12 1.88 7.5025 190.1047363053331 10.995315093697188 11.0 0.0
12 1.88 8.5015 190.08000000005913 11.0 11.0 0.0
12 1.88 9.5005 190.08000000005913 11.0 11.0 0.0
12 1.94 1.009 211.23050098996396 7.9524309513809825 10.048419031619368 0.2877842443151137
12 1.94 2.008 202.22243295133836 9.549214015720112 10.906071878562429 0.04487910241795164
12 1.94 3.007 197.7783710326516 10.337168256634339 10.99820003599928 0.006359872802543949
12 1.94 4.006 194.86325433497547 10.854032919337842 11.0 5.699886002279955E-4
12 1.94 5.005 195.02134037326272 10.8260034799171 11.0 1.7999640007199856E-4
12 1.94 6.004 194.2042617147932 10.970875582483245 11.0 0.0
12 1.94 7.003 194.04000000003347 11.0 11.0 0.0
12 1.94 8.002 194.04000000003347 11.0 11.0 0.0
12 1.94 9.001 194.04000000003347 11.0 11.0 0.0
12 2.0 1.009 215.68056638867222 8.053498930021432 10.13532729345413 0.25775484490310197
12 2.0 2.008 206.0326993460131 9.661216775665219 10.930071398572029 0.036089278214435715
12 2.0 3.007 200.69031619367613 10.551613967724043 10.999670006599867 0.0033599328013439733
12 2.0 4.006 198.80179396412072 10.866367672640484 11.0 2.699946001079978E-4
12 2.0 5.005 198.67435651286974 10.887607247849179 11.0 1.1999760004799904E-4
12 2.0 6.004 198.0 11.0 11.0 0.0
12 2.0 7.003 198.0 11.0 11.0 0.0
12 2.0 8.002 198.00539989200217 10.999100017999535 11.0 5.999880002399952E-5
12 2.0 9.001 198.0 11.0 11.0 0.0
14 0.0 1.009 25.153716925661488 3.5933881322373398 6.29102417951641 0.25487490250194994
14 0.0 2.008 16.095818083638328 2.2994025833764002 4.495290094198116 0.04034919301613968
14 0.0 3.007 13.967660646787063 1.9953800923969733 3.9694006119877603 0.008279834403311934
14 0.0 4.006 13.441891162176756 1.9202701660230657 3.979840403191936 0.0038099238015239694
14 0.0 5.005 13.086608267834643 1.8695154668301686 3.9587208255834883 0.001739965200695986
14 0.0 6.004 13.04529909401812 1.8636141562847832 3.714405711885762 0.001739965200695986
14 0.0 7.003 13.025979480410392 1.860854211483617 3.648137037259255 0.0012899742005159896
14 0.0 8.002 13.019469610607787 1.8599242300832317 3.9406311873762525 9.299814003719926E-4
14 0.0 9.001 13.0 1.8571428571391961 3.5391192176156476 9.89980200395992E-4
14 0.18 0.01 70.136253674927 6.464394997814323 9.376792464150716 0.993160136797264
14 0.18 10.0 43.419999999992726 1.8571428571391961 13.0 0.0
14 0.3 0.5095 83.2308093838123 5.640337193256088 8.550038999220016 0.739215215695686
14 0.3 1.5085 79.84648707025896 4.788409946086822 7.692236155276895 0.41426171476570467
14 0.3 2.5075 77.76464270714523 4.314766561811517 7.816283674326513 0.2011459770804584
14 0.3 3.5065 68.82790844182578 2.8757424851507296 12.759284814303713 0.011699766004679906
14 0.3 4.5055 66.17183956321381 2.361342773143525 12.999580008399832 0.001739965200695986
14 0.3 5.5045 64.77448551027774 2.0764256143448074 13.0 2.3999520009599807E-4
14 0.3 6.5035 64.05466190673874 1.9295228381124423 13.0 5.999880002399952E-5
14 0.3 7.5025 63.69999999996983 1.8571428571391961 13.0 0.0
14 0.3 8.5015 64.39999999996039 2.0 13.0 0.0
14 0.3 9.5005 63.69999999996983 1.8571428571391961 13.0 0.0
14 0.36 0.01 95.09530089398224 6.484160316793677 9.38765224695506 0.9953800923981521
14 0.36 10.0 73.84000000000913 1.8571428571391961 13.0 0.0
14 0.48 1.009 108.86341513172708 5.613963435017062 8.538369232615347 0.623027539449211
14 0.48 2.008 107.26922301555784 5.168343775981534 8.118827623447531 0.3454430911381772
14 0.48 3.007 105.51590088197838 4.7521449571010175 8.469970600587988 0.15518689626207477
14 0.48 4.006 98.68677506447195 3.1056236018136283 12.901811963760725 0.014249715005699886
14 0.48 5.005 97.03299214018176 2.657415423120197 13.0 0.003989920201595968
14 0.48 6.004 96.08014759707756 2.395644944243976 13.0 0.0014399712005759885
14 0.48 7.003 95.28105357895953 2.1761136205848914 13.0 4.7999040019199615E-4
14 0.48 8.002 94.22465830690278 1.8858951392369085 13.0 2.999940001199976E-5
14 0.48 9.001 94.62858102839358 1.9968629198835333 13.0 8.999820003599928E-5
14 0.54 0.01 119.96275034499106 6.491900161996746 9.410241795164097 0.995980080398392
14 0.54 10.0 104.81893022146102 2.0307236712412258 13.0 2.999940001199976E-5
14 0.66 1.009 135.173595128104 6.0364149859859895 8.9407511849763 0.6587568248635027
14 0.66 2.008 134.13017699647287 5.67353367218361 8.57832843343133 0.3862422751544969
14 0.66 3.007 133.35534469311787 5.401649109874919 8.398392032159357 0.2137157256854863
14 0.66 4.006 132.5777686446378 5.133420188739089 8.333113337733245 0.10514789704205915
14 0.66 5.005 130.51047099056532 4.324164945272427 10.565008699826004 0.04637907241855163
14 0.66 6.004 127.54643067137567 3.120349021590895 13.0 0.014789704205915882
14 0.66 7.003 126.93407571846994 2.8630570245738385 13.0 0.008279834403311934
14 0.66 8.002 126.24745605090136 2.5745613659153768 13.0 0.0033899322013559727
14 0.66 9.001 125.88848443034748 2.423732953911299 13.0 0.0019199616007679846
14 0.72 0.01 144.7799772004551 6.491450170996553 9.389692206155877 0.996490070198596
14 0.72 10.0 135.90468710627678 2.4819832174787755 13.0 0.0027899442011159775
14 0.78 0.5095 152.5441777164453 6.437656961146437 9.340223195536089 0.8426531469370613
14 0.78 1.5085 151.8442017159656 6.173863665583791 9.095668086638268 0.5866682666346673
14 0.78 2.5075 151.32186056278584 5.935527003745627 8.849643007139857 0.39602207955840885
14 0.78 3.5065 150.88191276173754 5.7025259494810845 8.642677146457071 0.24935501289974202
14 0.78 4.5055 150.495542689138 5.492615861968641 8.52069958600828 0.15623687526249475
14 0.78 5.5045 150.1602885942201 5.296342644575536 8.555168896622067 0.09863802723945521
14 0.78 6.5035 149.76133497329917 5.0488904507625625 8.757154856902861 0.06047879042419151
14 0.78 7.5025 149.10990160196536 4.636244417968834 9.724035519289615 0.035939281214375715
14 0.78 8.5015 148.11750824984858 3.996558640255856 11.099838003239935 0.020729585408291833
14 0.78 9.5005 146.79431751364217 3.1391672166559172 12.957430851382972 0.013169736605267894
14 0.84 1.009 160.50114477710449 6.438278377289625 9.326753464930702 0.7344753104937901
14 0.84 2.008 160.0995908081803 6.262961883619472 9.158366832663347 0.5472190556188876
14 0.84 3.007 159.78718425630643 6.062775887339468 8.986740265194696 0.39236215275694486
14 0.84 4.006 159.50688426230596 5.859037104972259 8.826393472130558 0.27854442911141775
14 0.84 5.005 159.29462050758198 5.697550334707665 8.681766364672706 0.20255594888102238
14 0.84 6.004 159.12062158756262 5.557178856422752 8.524029519409611 0.1490070198596028
14 0.84 7.003 158.97465770683843 5.433131337373304 8.428511429771405 0.10727785444291114
14 0.84 8.002 158.79260334792997 5.274070232880991 8.467570648587028 0.07661846763064739
14 0.84 9.001 158.62233995319912 5.12513178307866 8.507409851802963 0.05558888822223555
14 0.96 0.5095 177.09874722503227 6.690419048761894 9.58729825403492 0.872892542149157
14 0.96 1.5085 176.76493310130377 6.7385552288954225 9.633287334253314 0.75652486950261
14 0.96 2.5075 176.65955960877767 6.699380298108314 9.560808783824324 0.6890562188756225
14 0.96 3.5065 176.60140517187403 6.6343458845108625 9.516079678406431 0.6357472850542989
14 0.96 4.5055 176.5706389871975 6.574042804858161 9.475580488390232 0.5952480950380993
14 0.96 5.5045 176.54074638506222 6.486517412508891 9.375112497750045 0.5540589188216236
14 0.96 6.5035 176.52302993939531 6.432912770316026 9.330113397732045 0.5222895542089159
14 0.96 7.5025 176.50434271315078 6.370389735062444 9.269034619307615 0.4816403671926561
14 0.96 8.5015 176.4848947021146 6.302372523978072 9.224635507289854 0.4539809203815924
14 0.96 9.5005 176.46989380214163 6.249312156614063 9.172046559068818 0.4232615347693046
14 1.08 0.01 194.44922421551377 6.501607110714888 9.415041699166016 0.9949001019979601
14 1.08 10.0 191.53026699465215 8.98166608096477 11.525079498410031 0.3597528049439011
14 1.2 0.5095 208.88500029999184 7.033689326213456 9.894792104157917 0.8206635867282654
14 1.2 1.5085 207.78017639647362 7.610299222586989 10.422421551568968 0.6624167516649667
14 1.2 2.5075 207.00419991600103 8.142480007542689 10.864612707745845 0.5419091618167636
14 1.2 3.5065 206.1881082378368 8.722959826517993 11.324833503329934 0.4100017999640007
14 1.2 4.5055 205.38404031919393 9.297114057720291 11.742155156896862 0.3025139497210056
14 1.2 5.5045 204.79305213895753 9.719248472176162 12.038039239215216 0.21989560208795825
14 1.2 6.5035 204.10185996279915 10.21295716943127 12.385522289554208 0.14714705705885883
14 1.2 7.5025 203.52390352192978 10.625783198623418 12.570258594828104 0.10193796124077519
14 1.2 8.5015 202.97205855883033 11.019958172265328 12.772484550308993 0.06359872802543949
14 1.2 9.5005 202.57025259495347 11.306962432181038 12.879012419751605 0.04088918221635567
14 1.26 0.01 219.17623387532134 6.5249380726671 9.42845143097138 0.992680146397072
14 1.26 10.0 207.25700245998462 12.122526120906649 12.998320033599327 0.00881982360352793
14 1.38 1.009 230.35155096896793 7.837386109420657 10.611837763244734 0.628457430851383
14 1.38 2.008 227.4876564468916 8.899922001560464 11.473270534589307 0.376972460550789
14 1.38 3.007 224.9773570528625 9.84309885231196 12.12902741945161 0.19898602027959442
14 1.38 4.006 222.79978400430872 10.661735336722524 12.6139977200456 0.09623807523849523
14 1.38 5.005 221.31263814721345 11.22081272660305 12.869652606947861 0.04700905981880362
14 1.38 6.004 219.97258354833286 11.724592651004443 12.97915041699166 0.019619607607847842
14 1.38 7.003 218.72531169381782 12.193491844450804 12.996790064198716 0.006479870402591948
14 1.38 8.002 218.09119937599556 12.43187993382981 13.0 0.00248995020099598
14 1.38 9.001 217.0763916721457 12.813386589395684 13.0 4.7999040019199615E-4
14 1.44 0.01 243.8022631547346 6.545149097018029 9.446811063778725 0.991060178796424
14 1.44 10.0 222.66603707937938 12.796741208003185 13.0 2.0999580008399833E-4
14 1.56 1.009 251.31991960160119 8.32017931069951 11.021989560208796 0.5043499130017399
14 1.56 2.008 245.4161612767688 9.822407837560394 12.10619787604248 0.2022859542809144
14 1.56 3.007 241.00041999161883 10.948872451122739 12.738135237295253 0.07061858762824744
14 1.56 4.006 237.71574968500536 11.786798549743505 12.966370672586548 0.017609647807043858
14 1.56 5.005 236.23813523728117 12.16374101089721 12.999370012599748 0.006029879402411952
14 1.56 6.004 235.01510289790448 12.475739056650099 13.0 0.0020699586008279835
14 1.56 7.003 234.294229315389 12.659635378720358 13.0 5.699886002279955E-4
14 1.56 8.002 233.7731373372316 12.792567005787866 13.0 3.2999340013199736E-4
14 1.56 9.001 233.27961360766787 12.918465916387476 13.0 5.999880002399952E-5
14 1.62 0.01 268.678803623931 6.530175110783503 9.4310013799724 0.989140217195656
14 1.62 10.0 238.41999999993777 13.0 13.0 0.0
14 1.68 0.5095 269.22391312174915 7.699757433422775 10.499010019799604 0.6585768284634307
14 1.68 1.5085 260.2917765644474 9.552168956622983 11.943361132777344 0.251304973900522
14 1.68 2.5075 253.4901661967021 10.981057521707593 12.752714945701086 0.06647867042659147
14 1.68 3.5065 249.2478670426504 11.872296839777013 12.985180296394072 0.014879702405951881
14 1.68 4.5055 246.82370192593382 12.381575225640134 13.0 0.003149937001259975
14 1.68 5.5045 245.46464030718226 12.667092372432187 13.0 6.599868002639947E-4
14 1.68 6.5035 244.4937625246688 12.87105829311956 13.0 5.999880002399952E-5
14 1.68 7.5025 244.24658066826666 12.922987254535393 13.0 5.999880002399952E-5
14 1.68 8.5015 243.87999999990322 13.0 13.0 0.0
14 1.68 9.5005 244.38323753516235 12.89427782870232 13.0 2.999940001199976E-5
14 1.74 1.009 270.977049858976 8.823920664444156 11.394852102957941 0.3887922241555169
14 1.74 2.008 261.95642947143205 10.564395854942646 12.571368572628547 0.10394792104157917
14 1.74 3.007 255.96721125576332 11.7206155876877 12.976270474590509 0.019169616607667847
14 1.74 4.006 252.9157490849705 12.309700948840545 13.0 0.003959920801583968
14 1.74 5.005 251.36186896257468 12.609677806442164 13.0 7.799844003119938E-4
14 1.74 6.004 249.38235675276223 12.991823020680064 13.0 0.0
14 1.74 7.003 250.35205555896962 12.80462247895464 13.0 1.1999760004799904E-4
14 1.74 8.002 249.33999999989783 13.0 13.0 0.0
14 1.74 9.001 249.60408591825922 12.949018162479055 13.0 0.0
14 1.86 0.5095 290.5665224695522 7.97707617276226 10.715065698686026 0.5915881682366353
14 1.86 1.5085 276.9879210415735 10.22127557449071 12.364132717345653 0.14750704985900281
14 1.86 2.5075 268.7000947981158 11.597990897325035 12.95602087958241 0.025919481610367792
14 1.86 3.5065 263.996126477445 12.379380983807426 13.0 0.002849943001139977
14 1.86 4.5055 262.1425109498713 12.687290539892903 13.0 3.899922001559969E-4
14 1.86 5.5045 261.1912581749151 12.845305950997547 13.0 1.1999760004799904E-4
14 1.86 6.5035 261.35833563333716 12.817552220352281 13.0 0.0
14 1.86 7.5025 260.29317813626955 12.994488681653278 13.0 0.0
14 1.86 8.5015 260.2599999998326 13.0 13.0 0.0
14 1.86 9.5005 260.2599999998326 13.0 13.0 0.0
14 1.92 1.009 289.3376204476277 9.332873342534596 11.772784544309113 0.2969040619187616
14 1.92 2.008 277.66330233388555 11.145449948145037 12.82645347093058 0.05087898242035159
14 1.92 3.007 270.7306521870731 12.221948418177156 12.994630107397851 0.006179876402471951
14 1.92 4.006 267.9535405292762 12.653176936454264 13.0 6.899862002759944E-4
14 1.92 5.005 266.5053698925082 12.878048153301881 13.0 8.999820003599928E-5
14 1.92 6.004 265.7199999999548 13.0 13.0 0.0
14 1.92 7.003 265.7199999999548 13.0 13.0 0.0
14 1.92 8.002 265.7199999999548 13.0 13.0 0.0
14 1.92 9.001 265.7199999999548 13.0 13.0 0.0
16 0.1 0.5095 67.5507109857803 5.966753164936701 9.224455510889783 0.6313373732525349
16 0.1 1.5085 56.739464210715816 4.20230095398092 7.329843403131937 0.2624647507049859
16 0.1 2.5075 52.92396652067044 3.490347693046139 6.908261834763305 0.12215755684886302
16 0.1 3.5065 48.67823243535146 2.887742245155097 8.995920081598369 0.03308933821323574
16 0.1 4.5055 40.19579408411737 2.123215035699286 14.234295314093718 6.899862002759944E-4
16 0.1 5.5045 39.633197336035906 2.0349493010139796 14.242005159896802 1.1999760004799904E-4
16 0.1 6.5035 38.538141237200975 1.9568308633827323 14.654646907061858 2.999940001199976E-5
16 0.1 7.5025 37.756791864163745 1.9106655366892662 15.0 0.0
16 0.1 8.5015 37.5 1.875 15.0 0.0
16 0.1 9.5005 37.5 1.875 15.0 0.0
16 0.16 0.01 88.86976900461643 7.484842803143937 10.748155036899263 0.9926501469970601
16 0.16 10.0 51.0 1.875 15.0 0.0
16 0.28 1.009 101.65584688306221 5.708293334133318 8.93865122697546 0.5248095038099237
16 0.28 2.008 98.3014423711573 4.980560388792224 8.276384472310554 0.28208435831283374
16 0.28 3.007 86.77519409611175 3.334384562308754 14.410181796364073 0.02375952480950381
16 0.28 4.006 80.87978400429506 2.374962500749985 15.0 0.0016499670006599868
16 0.28 5.005 78.0 1.875 15.0 0.0
16 0.28 6.004 78.72000000002171 2.0 15.0 0.0
16 0.28 7.003 78.0 1.875 15.0 0.0
16 0.28 8.002 78.0 1.875 15.0 0.0
16 0.28 9.001 78.12886302273743 1.8973720525589488 15.0 0.0
16 0.34 0.01 121.4566136677328 7.478344183116338 10.73057538849223 0.99385012299754
16 0.34 10.0 91.5 1.875 15.0 0.0
16 0.46 1.009 138.69439251216042 6.2913654226915465 9.540139197216055 0.6082078358432831
16 0.46 2.008 136.2350164996857 5.685876282474351 8.948821023579528 0.31856362872742544
16 0.46 3.007 134.60355732885765 5.329303413931721 8.850032999340014 0.15467690646187077
16 0.46 4.006 124.39032519347785 3.2383414831703368 14.99970000599988 0.0124497510049799
16 0.46 5.005 121.71529549413034 2.6192813643727124 15.0 0.002849943001139977
16 0.46 6.004 120.84039959207875 2.4167591648167037 15.0 0.0010499790004199917
16 0.46 7.003 120.56541009185057 2.3531041879162418 15.0 5.099898002039959E-4
16 0.46 8.002 119.89944141122403 2.198944771104578 15.0 3.2999340013199736E-4
16 0.46 9.001 119.33208015844811 2.0676111477770442 15.0 8.999820003599928E-5
16 0.52 0.01 154.08686746266187 7.48039914201716 10.74242515149697 0.995710085798284
16 0.52 10.0 132.37128217436648 1.9716880662386753 15.0 5.999880002399952E-5
16 0.58 0.5095 163.44122997540265 6.986939011219776 10.267984640307194 0.8116937661246775
16 0.58 1.5085 161.31422871542648 6.339765704685906 9.617777644447111 0.49106017879642405
16 0.58 2.5075 159.7507277854342 5.900086998260035 9.1642467150657 0.2624947501049979
16 0.58 3.5065 158.3925373492264 5.544189116217676 9.292884142317154 0.126297474050519
16 0.58 4.5055 151.20049379012076 3.570539839203216 14.990910181796364 0.02255954880902382
16 0.58 5.5045 149.23422511553412 2.9863765224695507 15.0 0.007439851202975941
16 0.58 6.5035 147.42850482987646 2.448959770804584 15.0 0.002009959800803984
16 0.58 7.5025 147.46511969755176 2.459857052858943 15.0 6.899862002759944E-4
16 0.58 8.5015 146.35690886177417 2.130032399352013 15.0 2.999940001199976E-4
16 0.58 9.5005 146.4961990759408 2.171487820243595 15.0 5.999880002399952E-5
16 0.64 1.009 173.7812863742736 6.766855912881742 10.007169856602868 0.6592368152636947
16 0.64 2.008 172.32914621707363 6.296086578268435 9.55144897102058 0.38534229315413693
16 0.64 3.007 171.21232855341978 5.955548389032219 9.299334013319733 0.20564588708225837
16 0.64 4.006 169.97357412852452 5.578470930581388 9.66547669046619 0.09797804043919121
16 0.64 5.005 165.56963940722122 4.135758534829304 13.610517789644208 0.030599388012239756
16 0.64 6.004 162.9544597108077 3.2480762884742305 15.0 0.0125697486050279
16 0.64 7.003 161.85269814603922 2.865520189596208 15.0 0.00509989800203996
16 0.64 8.002 161.52590748186302 2.7520512089758205 15.0 0.003239935201295974
16 0.64 9.001 160.68263874720728 2.4592495650086996 15.0 0.0011999760004799903
16 0.76 0.5095 197.00905261893305 7.297620297594048 10.536809263814723 0.8566628667426651
16 0.76 1.5085 196.0390712185687 6.893903371932561 10.14612707745845 0.5986080278394432
16 0.76 2.5075 195.2787748245027 6.567941141177177 9.82597348053039 0.39326213475730487
16 0.76 3.5065 194.62920981581516 6.279939401211975 9.532189356212875 0.23984520309593807
16 0.76 4.5055 194.0384280314619 6.006202375952481 9.42152156956861 0.1376972460550789
16 0.76 5.5045 193.5333797324355 5.765884682306354 9.401961960760785 0.08375832483350333
16 0.76 6.5035 193.12131757367897 5.56587493250135 9.429681406371872 0.049019019619607605
16 0.76 7.5025 190.58098158037927 4.2579235915281695 13.357412851742966 0.02753944921101578
16 0.76 8.5015 189.03079858402967 3.4534934301313975 14.976030479390412 0.017819643607127858
16 0.76 9.5005 188.3222199556157 3.084489560208796 15.0 0.008969820603587928
16 0.82 1.009 207.61577608446433 7.232349103017939 10.493070138597227 0.74197516049679
16 0.82 2.008 207.0571104577772 6.95882582348353 10.216985660286793 0.5450890982180356
16 0.82 3.007 206.57427791443652 6.693702375952481 9.931361372772544 0.3833023339533209
16 0.82 4.006 206.17052078959097 6.454007169856603 9.690886182276355 0.2602747945041099
16 0.82 5.005 205.8281388372445 6.239713955720886 9.526309473810525 0.1774764504709906
16 0.82 6.004 205.50224035521475 6.025165746685066 9.314813703725925 0.11876762464750705
16 0.82 7.003 205.28038699228364 5.880103647927042 9.312203755924882 0.08174836503269935
16 0.82 8.002 205.00793484132268 5.693702375952481 9.38345233095338 0.054358912821743564
16 0.82 9.001 204.81262734747997 5.561386272274555 9.146157076858463 0.035639287214255716
16 0.94 0.5095 229.68413631726338 7.570104847903042 10.819193616127677 0.8898722025559489
16 0.94 1.5085 229.37559188814902 7.544342863142737 10.784934301313974 0.7705045899082018
16 0.94 2.5075 229.24532729344028 7.462129507409852 10.692656146877063 0.6818563628727425
16 0.94 3.5065 229.14567288652432 7.3257784844303115 10.584238315233696 0.6107577848443031
16 0.94 4.5055 229.0718389632015 7.205855882882342 10.427791444171117 0.5473090538189236
16 0.94 5.5045 229.0099160016661 7.089128217435651 10.332153356932862 0.4872802543949121
16 0.94 6.5035 228.95287154255277 6.979979150416992 10.226765464690706 0.4394012119757605
16 0.94 7.5025 228.899531409361 6.870616337673247 10.082888342233156 0.3923921521569569
16 0.94 8.5015 228.86176816462893 6.793352882942341 10.003239935201297 0.3487730245395092
16 0.94 9.5005 228.8073180536328 6.681383872322553 9.938561228775425 0.3098938021239575
16 1.0 0.5095 240.38246235075297 7.695217345653087 10.927791444171117 0.9131217375652487
16 1.0 1.5085 240.1047279054419 7.798389032219355 11.03629927401452 0.8558528829423412
16 1.0 2.5075 240.0345593088138 7.81954985900282 11.043859122817544 0.8392932141357173
16 1.0 3.5065 240.01436971260574 7.829644657106858 11.038189236215276 0.8341933161336773
16 1.0 4.5055 240.00443991120179 7.828444681106378 11.049469010619788 0.8310733785324294
16 1.0 5.5045 240.00143997120057 7.830630887382252 11.03944921101578 0.8332333353332934
16 1.0 6.5035 240.00032999340013 7.832745845083099 11.032039359212815 0.8324233515329693
16 1.0 7.5025 240.00017999640008 7.847018059638807 11.075118497630047 0.8359032819343614
16 1.0 8.5015 240.00005999880003 7.863570228595428 11.100467990640187 0.8374332513349733
16 1.0 9.5005 240.0 7.838828223435531 11.049739005219896 0.8315233695326093
16 1.06 0.01 251.91302513950612 7.498245035099298 10.753164936701266 0.996580068398632
16 1.06 10.0 249.74625067498712 9.695311093778125 12.69352612947741 0.4835303293934121
16 1.18 1.009 271.2988780224349 8.319733605327894 11.508489830203397 0.7699646007079859
16 1.18 2.008 270.4019385612137 8.893393382132357 11.99970000599988 0.6465770684586308
16 1.18 3.007 269.51410031798855 9.504736155276895 12.5247495050099 0.5237295254094918
16 1.18 4.006 268.6176138477367 10.126706215875682 13.027629447411051 0.4046319073618528
16 1.18 5.005 267.7941411171877 10.698562278754425 13.470030599388013 0.30683386332273355
16 1.18 6.004 267.0627683446339 11.206410871782564 13.830263394732105 0.2261354772904542
16 1.18 7.003 266.39121617566605 11.672766544669107 14.14702705945881 0.1610367792644147
16 1.18 8.002 265.701676966434 12.151613217735646 14.400911981760364 0.10949781004379912
16 1.18 9.001 265.11617747643606 12.558210085798285 14.63022739545209 0.0758984820303594
16 1.24 0.01 284.45949961002367 7.506854862902742 10.752804943901122 0.9940301193976121
16 1.24 10.0 271.25979480414117 13.718856872862542 14.978040439191217 0.013649727005459892
16 1.36 1.009 300.7689434211209 8.909263064738706 12.02834943301134 0.6509269814603708
16 1.36 2.008 297.2947261054867 10.106167876642466 13.022919541609168 0.40616187676246474
16 1.36 3.007 294.1030299393989 11.214225715485691 13.824293514129717 0.22223555528889422
16 1.36 4.006 291.40730665385865 12.150240745185096 14.410451790964181 0.10826783464330714
16 1.36 5.005 289.2318089638206 12.90562188756225 14.797864042719146 0.0495290094198116
16 1.36 6.004 287.77483170335165 13.411516769664606 14.943361132777344 0.02255954880902382
16 1.36 7.003 286.7400179996435 13.77082708345833 14.987970240595189 0.010739785204295913
16 1.36 8.002 285.48316073676165 14.207235855282894 14.999160016799664 0.004199916001679967
16 1.36 9.001 284.657592848134 14.493891372172557 15.0 0.0014399712005759885
16 1.42 0.01 316.9253014939282 7.524393262134757 10.785144297114059 0.9932201355972881
16 1.42 10.0 291.22283914337805 14.755107397852044 15.0 1.1999760004799904E-4
16 1.48 0.5095 322.7114681706184 8.495635087298254 11.67627647447051 0.7429651406971861
16 1.48 1.5085 316.36471350574584 10.113795224095519 13.012209755804884 0.4086218275634487
16 1.48 2.5075 310.80060718782977 11.562365002699947 14.057958840823183 0.17402651946961062
16 1.48 3.5065 306.53564048717834 12.673010289794204 14.67927641447171 0.06200875982480351
16 1.48 4.5055 303.7970024599789 13.386197276054478 14.936791264174717 0.024119517609647808
16 1.48 5.5045 301.7868458631537 13.909675556488871 14.990130197396052 0.007649847003059939
16 1.48 6.5035 300.2616571668108 14.306860112797745 15.0 0.00254994900101998
16 1.48 7.5025 298.55756644863595 14.750633737325254 15.0 2.699946001079978E-4
16 1.48 8.5015 298.6994612107121 14.713681976360473 15.0 1.499970000599988E-4
16 1.48 9.5005 298.5191624166419 14.760634787304253 15.0 2.0999580008399833E-4
16 1.54 1.009 328.47412131757113 9.522135807283854 12.53479930401392 0.5232195356092878
16 1.54 2.008 321.1048605027903 11.22572673546529 13.838933221335573 0.21977560448791025
16 1.54 3.007 315.5526969460055 12.51094978100438 14.612857742845144 0.0750284994300114
16 1.54 4.006 311.88659686810473 13.359584058318834 14.927041459170816 0.024389512209755805
16 1.54 5.005 308.9028757424701 14.050260244795105 14.996370072598548 0.005579888402231955
16 1.54 6.004 307.1650230994892 14.452540949181016 15.0 0.0019199616007679846
16 1.54 7.003 306.144492110159 14.68877497450051 15.0 3.599928001439971E-4
16 1.54 8.002 305.7096442070767 14.789434211315774 15.0 1.1999760004799904E-4
16 1.54 9.001 305.13577068458335 14.92227530449391 15.0 2.999940001199976E-5
16 1.66 0.5095 352.06651946959505 8.789861702765945 11.915041699166016 0.6723465530689386
16 1.66 1.5085 340.30432891343855 11.002977440451192 13.679576408471831 0.25799484010319795
16 1.66 2.5075 332.07217795645283 12.562087508249835 14.62959740805184 0.07322853542929142
16 1.66 3.5065 326.37757424856244 13.640610937781245 14.958360832783343 0.017129657406851864
16 1.66 4.5055 322.8094282113331 14.316396172076558 15.0 0.003209935801283974
16 1.66 5.5045 319.2556566868229 14.989458960820784 15.0 2.999940001199976E-5
16 1.66 6.5035 319.3364192715724 14.974163016739665 15.0 0.0
16 1.66 7.5025 319.75981400369955 14.89397462050759 15.0 0.0
16 1.66 8.5015 319.44470330586296 14.953654676906462 15.0 0.0
16 1.66 9.5005 319.199999999946 15.0 15.0 0.0
16 1.72 1.009 354.3824743505056 10.14222715545689 13.044039119217615 0.3994120117597648
16 1.72 2.008 342.95388732225484 12.126061228775425 14.397582048359032 0.11105777884442311
16 1.72 3.007 335.25655726886083 13.462403251934962 14.9355012899742 0.021479570408591827
16 1.72 4.006 331.46414831708637 14.120807583848324 15.0 0.004469910601787965
16 1.72 5.005 329.2195212094715 14.5104997900042 15.0 9.299814003719926E-4
16 1.72 6.004 327.8949709005323 14.740456440871183 15.0 1.1999760004799904E-4
16 1.72 7.003 326.5426003479605 14.975242995140098 15.0 0.0
16 1.72 8.002 326.40000000020353 15.0 15.0 0.0
16 1.72 9.001 326.40000000020353 15.0 15.0 0.0
16 1.84 0.5095 380.4122313553799 9.112583998320034 12.196256074878502 0.6114477710445791
16 1.84 1.5085 363.17218815625927 11.670805333893322 14.122937541249176 0.1635567288654227
16 1.84 2.5075 352.1330953381026 13.31352747945041 14.90355192896142 0.02774944501109978
16 1.84 3.5065 346.21096178069473 14.19479735405292 14.99910001799964 0.00374992500149997
16 1.84 4.5055 342.7158672826662 14.714900701985961 15.0 4.499910001799964E-4
16 1.84 5.5045 340.97614447720235 14.973788024239516 15.0 2.999940001199976E-5
16 1.84 6.5035 340.80000000009784 15.0 15.0 0.0
16 1.84 7.5025 341.6400000000492 14.875 15.0 0.0
16 1.84 8.5015 340.80000000009784 15.0 15.0 0.0
16 1.84 9.5005 340.80000000009784 15.0 15.0 0.0
16 1.9 0.01 403.34506209875946 7.56327623447531 10.801733965320693 0.9871602567948641
16 1.9 10.0 348.0 15.0 15.0 0.0
18 0.08 1.009 69.81343373132586 5.291284174316469 8.76702465950681 0.35765284694306115
18 0.08 2.008 60.90325793484134 3.957354186249837 7.332423351532969 0.1524269514609708
18 0.08 3.007 56.752658546830865 3.304440577854564 7.670996580068398 0.0619787604247915
18 0.08 4.006 41.29553608928733 1.9872235888617433 16.69889602207956 0.0
18 0.08 5.005 41.07763964723028 1.9850636320609094 16.86557268854623 0.0
18 0.08 6.004 40.12000000002077 1.8888888888904165 17.0 0.0
18 0.08 7.003 40.12000000002077 1.8888888888904165 17.0 0.0
18 0.08 8.002 40.12000000002077 1.8888888888904165 17.0 0.0
18 0.08 9.001 40.12000000002077 1.8888888888904165 17.0 0.0
18 0.14 0.01 108.28355072898427 8.440114531042589 12.0397492050159 0.9914801703965921
18 0.14 10.0 57.45999999997545 1.8888888888904165 17.0 0.0
18 0.26 1.009 123.00245695085827 6.273497863376037 9.822313553728925 0.506179876402472
18 0.26 2.008 118.35016979660469 5.395755418224735 8.996310073798524 0.26951460970780583
18 0.26 3.007 107.23794204115401 3.9565342026492765 14.152786944261114 0.05543889122217556
18 0.26 4.006 96.86433611328452 2.5979113751055456 16.999040019199615 0.0014399712005759885
18 0.26 5.005 93.61631487372742 2.1105577888426144 17.0 8.999820003599928E-5
18 0.26 6.004 92.87999999992755 2.0 17.0 0.0
18 0.26 8.002 92.14000000001053 1.8888888888904165 17.0 0.0
18 0.26 9.001 92.14000000001053 1.8888888888904165 17.0 0.0
18 0.32 0.01 150.0293298134004 8.473317200322473 12.077428451430972 0.9937301253974921
18 0.38 0.5095 158.39562968741194 7.398068705292598 11.004979900401992 0.7472250554988901
18 0.38 1.5085 152.93517009659124 6.265874682506354 9.810883782324353 0.4097018059638807
18 0.38 2.5075 150.06193016138917 5.7056992193489195 9.473510529789404 0.1997660046799064
18 0.38 3.5065 135.44435051297756 3.431394705438505 16.98890022199556 0.0124497510049799
18 0.38 4.5055 131.3874920501415 2.70743585128467 17.0 0.0023399532009359815
18 0.38 5.5045 130.10618227635476 2.477810443790905 17.0 7.49985000299994E-4
18 0.38 6.5035 128.50585168300344 2.1910128464072303 17.0 1.1999760004799904E-4
18 0.38 7.5025 128.3425469490874 2.1617467650627207 17.0 1.1999760004799904E-4
18 0.38 8.5015 126.8711303773316 1.898052038960615 17.0 0.0
18 0.38 9.5005 127.53837343249234 2.017629647406875 17.0 2.999940001199976E-5
18 0.44 1.009 170.68619667607007 6.921551568968689 10.48065038699226 0.5840883182336353
18 0.44 2.008 167.29073738524426 6.18307633847319 9.727155456890863 0.3115437691246175
18 0.44 3.007 165.22555108896228 5.776467803977399 9.538729225415493 0.14426711465770684
18 0.44 4.006 151.26199076016792 3.2980140397192814 17.0 0.009419811603767925
18 0.44 5.005 147.9358924821507 2.6380739051886506 17.0 0.0018299634007319853
18 0.44 6.004 146.50647627046501 2.354459577472912 17.0 2.699946001079978E-4
18 0.44 8.002 144.74091558171745 2.0041499170015995 17.0 0.0
18 0.44 9.001 144.1849475011205 1.8938387898923243 17.0 2.999940001199976E-5
18 0.56 0.5095 202.8771920561598 7.7870509256481855 11.394192116157678 0.8053038939221215
18 0.56 1.5085 199.63063658725838 6.910718452297623 10.47030059398812 0.4772604547909042
18 0.56 2.5075 197.52496430071315 6.385995613421034 9.990520189596207 0.24857502849943
18 0.56 3.5065 195.4400779984451 5.913005073231733 10.41285174296514 0.10907781844363112
18 0.56 4.5055 186.3221947560921 3.7761811430440755 16.971710565788683 0.019829603407931842
18 0.56 5.5045 183.9178856422909 3.171183243001937 17.0 0.007349853002939942
18 0.56 6.5035 182.78324953500413 2.884658973487408 17.0 0.003539929201415972
18 0.56 7.5025 180.9718629627624 2.427238121902178 17.0 8.399832003359933E-4
18 0.56 8.5015 180.10062758743692 2.2072291887470996 17.0 2.0999580008399833E-4
18 0.56 9.5005 179.11081898355852 1.9572775211167768 17.0 0.0
18 0.62 1.009 215.95837643246608 7.464654040252505 11.025139497210056 0.6576768464630708
18 0.62 2.008 213.85402291952408 6.855012899742014 10.406011879762405 0.38339233215335694
18 0.62 3.007 212.30633227334226 6.437234588641534 10.072118557628848 0.19727605447891042
18 0.62 4.006 211.0680194396306 6.113061072111994 9.80617387652247 0.09356812863742725
18 0.62 5.005 202.77947201055278 3.818450297660645 16.998110037799243 0.020879582408351832
18 0.62 6.004 200.96328733430346 3.2875109164481833 17.0 0.009509809803803924
18 0.62 8.002 198.76497810043915 2.644730438725904 17.0 0.0017099658006839863
18 0.62 9.001 198.0731031379557 2.4424278181086247 17.0 9.299814003719926E-4
18 0.74 0.5095 246.01043499131367 8.142813810390448 11.754604907901841 0.8595428091438171
18 0.74 1.5085 244.60508909821098 7.583914988366888 11.167216655666886 0.5933281334373313
18 0.74 2.5075 243.4459122817309 7.135443957787466 10.676996460070798 0.377422451550969
18 0.74 3.5065 242.52492650143898 6.783517662980041 10.313883722325553 0.22184556308873823
18 0.74 4.5055 241.7737751244761 6.488573561862075 9.99805003899922 0.12773744525109498
18 0.74 5.5045 240.74560568788536 6.08092838143233 10.697186056278875 0.06680866382672347
18 0.74 6.5035 240.55220975582964 6.0074165183360675 10.23387532249355 0.03854922901541969
18 0.74 7.5025 235.50305093896898 3.8728425431489932 16.918491630167395 0.020849583008339834
18 0.74 8.5015 234.5005771884477 3.4446911061780146 17.0 0.011849763004739906
18 0.74 9.5005 233.5364072718915 3.0326526802797895 17.0 0.005459890802183957
18 0.8 0.01 260.69055018899496 8.487770244594895 12.08219835603288 0.997990040199196
18 0.92 0.5095 287.9982828343119 8.482770344592971 12.056158876822463 0.9064018719625607
18 0.92 1.5085 287.68451430967406 8.347239721872166 11.939341213175737 0.7749445011099778
18 0.92 2.5075 287.48453710922195 8.188746225075544 11.770684586308274 0.6770864582708346
18 0.92 3.5065 287.2912197755786 7.960997446717676 11.530239395212096 0.5750284994300114
18 0.92 4.5055 287.15046139075963 7.794364112717789 11.36620267594648 0.49676006479870405
18 0.92 5.5045 287.0198008039799 7.62623080871714 11.204295914081719 0.4239515209695806
18 0.92 6.5035 286.88956980861263 7.451257641513783 11.047579048419031 0.3626327473450531
18 0.92 7.5025 286.7966676666692 7.3254468243968365 10.903881922361553 0.3116637667246655
18 0.92 8.5015 286.70017399655376 7.193689459544254 10.757244855102899 0.2641147177056459
18 0.92 9.5005 286.6094486110783 7.067758644827114 10.654616907661847 0.22379552408951822
18 1.04 0.01 315.9520009599981 8.51246975060485 12.111567768644628 0.997840043199136
18 1.16 1.009 341.6485858282762 9.291040845848299 12.810283794324114 0.8073438531229375
18 1.16 2.008 340.70629267413835 9.904038585891795 13.380662386752265 0.6933461330773385
18 1.16 3.007 339.79293454131596 10.533602661278183 13.911771764564708 0.5726585468290634
18 1.16 4.006 338.85900521991636 11.181246375071696 14.447381052378953 0.45536089278214437
18 1.16 5.005 338.08366232675564 11.71967893975426 14.868182636347273 0.3611627767444651
18 1.16 6.004 337.2127437451166 12.324483510330142 15.34742305153897 0.2709545809083818
18 1.16 8.002 335.79811603768763 13.306863862722471 15.983890322193556 0.14918701625967482
18 1.16 9.001 335.1194048119175 13.778191102844689 16.278184436311275 0.10544789104217915
18 1.22 0.01 357.37052798943375 8.513796390738719 12.108537829243415 0.9956500869982601
18 1.28 0.5095 368.6741177176417 9.187709579140597 12.724605507889843 0.8362032759344813
18 1.28 1.5085 365.7894030119384 10.2763778057747 13.691096178076439 0.6179876402471951
18 1.28 2.5075 362.96971980560596 11.392998806689805 14.607517849643006 0.4155516889662207
18 1.28 3.5065 360.5148677026437 12.3671159910134 15.366712665746686 0.26870462590748184
18 1.28 4.5055 358.3255186896299 13.235905281893515 15.93595128097438 0.16127677446451072
18 1.28 5.5045 356.4218983620303 13.991310173794249 16.413841723165536 0.0880782384352313
18 1.28 6.5035 355.08492230155696 14.521856229543735 16.672046559068818 0.053038939221215574
18 1.28 7.5025 353.5507013859646 15.130674053184968 16.896232075358494 0.0251094978100438
18 1.28 8.5015 352.3775136497296 15.596224742172772 16.976840463190737 0.013229735405291895
18 1.28 9.5005 351.8559932801086 15.803177269796274 16.996460070798584 0.007259854802903942
18 1.34 1.009 379.5513925721622 9.969837269918505 13.42680146397072 0.6740565188696226
18 1.34 2.008 375.53863622725686 11.275021166242961 14.52294954100918 0.4358012839743205
18 1.34 3.007 371.8927419451603 12.466437337920269 15.41930161396772 0.24941501169976601
18 1.34 4.006 368.6588360232754 13.523256201542619 16.119907601847963 0.12992740145197096
18 1.34 5.005 366.4198482030292 14.254951567633867 16.553068938621227 0.06752864942701146
18 1.34 6.004 364.06075778488344 15.025896148743884 16.883572328553427 0.029429411411771765
18 1.34 8.002 361.70756284869435 15.794914101719055 16.995740085198296 0.006869862602747945
18 1.34 9.001 359.94509929794015 16.370882582346184 17.0 0.0014099718005639887
18 1.46 0.5095 407.21583008339195 9.570415258359114 13.070078598428031 0.7657046859062818
18 1.46 1.5085 399.69504949902137 11.368535962613473 14.58369832603348 0.42164156716865664
18 1.46 2.5075 393.2465884682371 12.925944814437198 15.74902501949961 0.19349613007739846
18 1.46 3.5065 388.19529609409574 14.146063745390604 16.48380032399352 0.07754844903101937
18 1.46 4.5055 384.3722757544671 15.06949861002778 16.872082558348833 0.02747945041099178
18 1.46 5.5045 381.6338309233995 15.7309587141639 16.98833023339533 0.008999820003599928
18 1.46 6.5035 379.52940061192766 16.23927521448553 17.0 0.002369952600947981
18 1.46 7.5025 377.8926153477529 16.634633974007194 17.0 4.1999160016799666E-4
18 1.46 8.5015 378.2550650986381 16.547085724953362 17.0 2.999940001199976E-4
18 1.46 9.5005 377.21532489337056 16.798230702058575 17.0 5.999880002399952E-5
18 1.52 1.009 415.2528553428777 10.656483536994461 14.023069538609228 0.5392092158156837
18 1.52 2.008 406.61715605691074 12.500646653732732 15.460190796184076 0.24497510049799004
18 1.52 3.007 399.30446391068926 14.063148737026246 16.431721365572688 0.08441831163376733
18 1.52 4.006 394.46979300416933 15.096198076039027 16.895692086158277 0.02624947501049979
18 1.52 5.005 390.9798932021731 15.84190316193949 16.997210055798885 0.00746985060298794
18 1.52 6.004 388.6776912462141 16.33382665679631 17.0 0.0016499670006599868
18 1.52 8.002 386.24969340618367 16.852629614077852 17.0 0.0
18 1.52 9.001 387.3733857320387 16.61252441619777 17.0 1.499970000599988E-4
18 1.64 0.5095 444.8206851863197 9.908701825960494 13.35147297054059 0.6926261474770504
18 1.64 1.5085 431.0502477950758 12.289887535582885 15.288954220915581 0.2750944981100378
18 1.64 2.5075 420.7333533329085 14.081015046364785 16.474020519589608 0.08066838663226736
18 1.64 3.5065 414.0217627648008 15.246221742232633 16.928361432771343 0.020219595608087837
18 1.64 4.5055 409.1381676365999 16.09406811862573 16.999370012599748 0.0037199256014879703
18 1.64 5.5045 406.8653170936679 16.488660226803823 17.0 8.399832003359933E-4
18 1.64 6.5035 404.166004679969 16.957290854182872 17.0 2.999940001199976E-5
18 1.64 7.5025 405.2816751664497 16.76359806139642 17.0 1.499970000599988E-4
18 1.64 8.5015 404.5834811304157 16.88481230375338 17.0 0.0
18 1.64 9.5005 403.91999999993277 17.0 17.0 0.0
18 1.7 0.01 467.5818863622717 8.539425878148826 12.147537049259014 0.990670186596268
18 1.82 0.5095 481.17322913541585 10.267274654504181 13.672706545869083 0.621197576048479
18 1.82 1.5085 459.5437085258281 13.19461944094398 15.909731805363892 0.1641867162656747
18 1.82 2.5075 445.93587568247256 15.038499230015582 16.866682666346673 0.028289434211315773
18 1.82 3.5065 438.2205351892603 16.083938321228008 17.0 0.003629927401451971
18 1.82 4.5055 435.0609497811391 16.512066425338638 17.0 4.1999160016799666E-4
18 1.82 5.5045 432.2799999997694 16.88888888888882 17.0 0.0
18 1.82 6.5035 431.4600000003526 17.0 17.0 0.0
18 1.82 7.5025 431.4600000003526 17.0 17.0 0.0
18 1.82 8.5015 431.4600000003526 17.0 17.0 0.0
18 1.82 9.5005 431.4600000003526 17.0 17.0 0.0
20 0.0 0.01 94.59653806923862 9.459653806923907 13.354292914141718 0.9899502009959801
20 0.12 0.5095 112.62079678406657 7.5526249475010445 11.461270774584507 0.630677386452271
20 0.12 1.5085 95.4404919901606 5.303440931181375 8.998530029399411 0.2636947261054779
20 0.12 2.5075 89.67875442491166 4.405540889182279 8.33257334853303 0.13571728565428692
20 0.12 3.5065 74.76326753465273 3.082084358312914 16.529819403611928 0.014879702405951881
20 0.12 4.5055 65.58759464811035 2.2669976600474957 18.98020039599208 3.599928001439971E-4
20 0.12 5.5045 64.91710085798758 2.1951250974979164 19.0 8.999820003599928E-5
20 0.12 6.5035 62.3200000000209 1.9000000000010122 19.0 0.0
20 0.12 7.5025 62.77351652969064 1.9515359692813197 19.0 0.0
20 0.12 8.5015 62.3200000000209 1.9000000000010122 19.0 0.0
20 0.12 9.5005 62.3200000000209 1.9000000000010122 19.0 0.0
20 0.3 1.009 164.93103737925253 7.047330053398919 10.878622427551448 0.5115197696046079
20 0.3 2.008 159.35533689326246 6.089500209995843 9.944261114777705 0.2639047219055619
20 0.3 3.007 139.6112077758454 3.649694006119938 18.959710805783885 0.013379732405351893
20 0.3 4.006 134.7946661066862 2.970666586668345 19.0 0.0029399412011759767
20 0.3 5.005 130.27408651826315 2.3248695026110613 19.0 1.7999640007199856E-4
20 0.3 6.004 129.93637127258884 2.2766244675101555 19.0 8.999820003599928E-5
20 0.3 8.002 127.4721545568767 1.924593508130492 19.0 0.0
20 0.3 9.001 128.02060058799373 2.0029429411411344 19.0 0.0
20 0.48 0.01 231.9394888102244 9.47587748245035 13.384442311153776 0.9960400791984161
20 0.6 0.5095 263.55348293034143 8.757940841183103 12.67417651646967 0.8192536149277014
20 0.6 1.5085 259.67111057778595 7.72151856962859 11.586908261834763 0.5082498350032999
20 0.6 2.5075 257.2791564168732 7.128286434271259 10.949121017579648 0.27836443271134576
20 0.6 3.5065 255.46685666286902 6.71119277614437 10.671986560268795 0.13082738345233094
20 0.6 4.5055 253.62989740205214 6.294585108297822 11.045419091618168 0.05468890622187556
20 0.6 5.5045 242.3612287754219 3.5903071938561046 19.0 0.011639767204655907
20 0.6 6.5035 240.03601127977413 3.009002819943374 19.0 0.004259914801703966
20 0.6 7.5025 239.40717585647158 2.8517939641206156 19.0 0.0021599568008639825
20 0.6 8.5015 238.14067318653878 2.535168296634415 19.0 8.999820003599928E-4
20 0.6 9.5005 237.1082978340654 2.277074458510867 19.0 1.499970000599988E-4
20 0.66 0.01 283.41322313554 9.489935201295872 13.383812323753524 0.9970000599988
20 0.78 1.009 316.0872736545283 8.783347333053293 12.692266154676906 0.756884862302754
20 0.78 2.008 314.8055738885221 8.240610187796168 12.124047519049618 0.5258894822103558
20 0.78 3.007 313.7713439731201 7.805285894282166 11.624137517249656 0.3489530209395812
20 0.78 4.006 312.9429117417633 7.457049859002913 11.254514909701806 0.21767564648707025
20 0.78 5.005 312.21591648167094 7.1524539509209015 10.997510049799004 0.13187736245275095
20 0.78 6.004 311.57192896142436 6.874431511370047 10.809563808723826 0.07751844963100737
20 0.78 8.002 306.2679438411167 4.485099298013859 18.792884142317153 0.030149397012059757
20 0.78 9.001 305.05073738524186 3.932153356932863 19.0 0.017819643607127858
20 0.84 0.01 334.8593448131003 9.510289794204034 13.41882162356753 0.998110037799244
20 0.96 1.009 368.749533809323 9.487634247315023 13.387532249355013 0.8971320573588528
20 0.96 2.008 368.61532969340567 9.384391312173758 13.27197456050879 0.8353632927341453
20 0.96 3.007 368.5373876522447 9.280830383392358 13.176696466070679 0.7798344033119338
20 0.96 4.006 368.471818563633 9.148803023939516 13.063118737625247 0.7261354772904542
20 0.96 5.005 368.405830683386 9.002480950380992 12.857802843943121 0.6783464330713386
20 0.96 6.004 368.3673438531269 8.913823723525518 12.823453530929381 0.6435171296574068
20 0.96 8.002 368.26164636707307 8.652603947921053 12.545989080218396 0.5534589308213835
20 0.96 9.001 368.2210259794832 8.552492950140943 12.4017519649607 0.5195296094078119
20 1.02 0.5095 385.8871272574409 9.650335993280127 13.54334913301734 0.9467510649787004
20 1.02 1.5085 385.6897390051962 9.826699466010739 13.710115797684047 0.9092818143637127
20 1.02 2.5075 385.6419325613254 9.880146397072158 13.71542569148617 0.883872322553549
20 1.02 3.5065 385.6105153896695 9.97297354052911 13.839233215335693 0.872622547549049
20 1.02 4.5055 385.5933287334078 10.044525109497778 13.907571848563029 0.8587328253434932
20 1.02 5.5045 385.5653842922959 10.17720945581086 14.052888942221156 0.8523729525409491
20 1.02 6.5035 385.55609167815254 10.220765584688328 14.084178316433672 0.8327233455330894
20 1.02 7.5025 385.5345155096805 10.328034439311201 14.169346613067738 0.8233935321293574
20 1.02 8.5015 385.5225451490897 10.387274254514843 14.23312533749325 0.8059338813223735
20 1.02 9.5005 385.50131397371524 10.493430131397353 14.324683506329873 0.7930641387172257
20 1.2 1.009 434.9911981760367 10.521842563148695 14.374962500749985 0.7931241375172496
20 1.2 2.008 433.2408111837729 11.381124377512489 15.112317753644927 0.637967240655187
20 1.2 3.007 431.42314753704846 12.288426231475345 15.872052558948821 0.4879102417951641
20 1.2 4.006 429.80707985840365 13.096460070798548 16.563208735825285 0.35657286854262915
20 1.2 5.005 428.1318953620913 13.934052318953684 17.17867642647147 0.25007499850003
20 1.2 6.004 426.77402051958643 14.612989740205187 17.643157136857262 0.17984640307193855
20 1.2 8.002 424.30264594708035 15.848677026459475 18.398992020159596 0.0749385012299754
20 1.2 9.001 423.4055198896082 16.29724005519866 18.644957100857983 0.049619007619847603
20 1.38 0.01 488.93363292733494 9.517186656266912 13.420021599568008 0.99505009899802
20 1.5 0.5095 516.4408561828764 10.72134157316851 14.54664906701866 0.753464930701386
20 1.5 1.5085 505.35676786464273 12.928691426171351 16.39965200695986 0.37997240055198894
20 1.5 2.5075 496.02482450350993 14.795035099298023 17.75652486950261 0.15890682186356272
20 1.5 3.5065 489.065023699526 16.18699526009464 18.554718905621886 0.05513889722205556
20 1.5 4.5055 484.4123117537649 17.11753764924638 18.92560148797024 0.019109617807643847
20 1.5 5.5045 480.2902141957161 17.94195716085724 19.0 0.004379912401751965
20 1.5 6.5035 478.1189926201476 18.376201475973133 19.0 9.599808003839923E-4
20 1.5 7.5025 477.2759344813104 18.544813103729773 19.0 6.29987400251995E-4
20 1.5 8.5015 476.4381562368753 18.712368752622083 19.0 8.999820003599928E-5
20 1.5 9.5005 475.4017369652607 18.91965260696021 19.0 2.999940001199976E-5
20 1.56 0.01 540.2400419991545 9.52709845803092 13.449541009179816 0.994090118197636
20 1.68 1.009 552.4243943121077 12.643538129237415 16.18797624047519 0.4260814783704326
20 1.68 2.008 535.7296490070098 15.098581028379568 17.94432111357773 0.12989740205195896
20 1.68 3.007 523.3794912101495 16.914780704385766 18.85207295854083 0.025379492410151798
20 1.68 4.006 517.5180356392116 17.776759464811704 18.99538009239815 0.00614987700245995
20 1.68 5.005 512.5524893500685 18.506986860262888 19.0 4.7999040019199615E-4
20 1.68 6.004 512.1557988839513 18.565323693521094 19.0 3.599928001439971E-4
20 1.68 8.002 509.88000000034305 18.900000000011882 19.0 0.0
20 1.68 9.001 510.21506329845147 18.850725985478743 19.0 2.999940001199976E-5
20 1.74 0.01 591.4877506449963 9.539764204715926 13.456140877182456 0.9917201655966881
20 1.86 1.009 591.2588684226195 13.435015299694028 16.798734025319494 0.3153836923261535
20 1.86 2.008 568.1590940180872 16.121035579288176 18.563388732225356 0.05810883782324353
20 1.86 3.007 556.8211237775228 17.43940421191623 18.98062038759225 0.009809803803923921
20 1.86 4.006 548.9474824502562 18.354943901124713 19.0 0.0012299754004919902
20 1.86 5.005 545.8285312295596 18.71761264774705 19.0 5.999880002399952E-5
20 1.86 6.004 543.4000000001336 19.0 19.0 0.0
20 1.86 8.002 544.2599999999436 18.900000000011882 19.0 0.0
20 1.86 9.001 543.4000000001336 19.0 19.0 0.0
20 1.92 0.01 642.9346121077429 9.522814543709183 13.431631367372653 0.9901901961960761
20 1.98 0.5095 636.416747465065 11.83577128457425 15.511219775604488 0.5630587388252235
20 1.98 1.5085 600.7947291054252 15.46992560148799 18.151886962260754 0.10451790964180717
20 1.98 2.5075 581.6423645528088 17.424248515029383 18.96973060538789 0.011729765404691906
20 1.98 3.5065 573.4932003358841 18.25579588408282 19.0 0.0011699766004679907
20 1.98 4.5055 568.4849517010794 18.766841663163756 19.0 5.999880002399952E-5
20 1.98 5.5045 567.1799999997843 18.900000000011882 19.0 0.0
20 1.98 6.5035 566.4368710622125 18.975829483409637 19.0 0.0
20 1.98 7.5025 566.1999999996445 19.0 19.0 0.0
20 1.98 8.5015 566.1999999996445 19.0 19.0 0.0
20 1.98 9.5005 566.1999999996445 19.0 19.0 0.0
