10 0.06 0.5095 22.8855036899265 3.6387712245754873 5.784904301913961 0.6303473930521389
10 0.06 1.5085 18.98852402951954 2.6789404211915895 4.77047459050819 0.24101517969640607
10 0.06 2.5075 17.462207955841578 2.2804883902319455 4.5472490550188995 0.09710805783884323
10 0.06 3.5065 16.59911441771155 2.0675346493071203 4.621977560448791 0.03572928541429171
10 0.06 4.5055 15.999003419929807 1.9547789044224195 5.066778664426711 0.014369712605747886
10 0.06 5.5045 15.251051778966138 1.8495350093006273 5.8309233815323696 0.002909941801163977
10 0.06 6.5035 15.323421731565563 1.8487190256204578 5.870912581748365 0.0030899382012359753
10 0.06 7.5025 15.004640307195208 1.8089278214445876 6.129627407451851 6.29987400251995E-4
10 0.06 8.5015 14.945856482870871 1.8097258054847891 5.575928481430371 4.1999160016799666E-4
10 0.06 9.5005 14.669824803514162 1.8027599448021336 7.080968380632387 3.2999340013199736E-4
10 0.12 1.009 26.18289074218206 3.263022739545189 5.421941561168777 0.4610607787844243
10 0.12 2.008 24.37894522109501 2.731943361132828 5.019019619607608 0.22058558828823424
10 0.12 3.007 23.157798044040906 2.4048839023217217 5.244495110097798 0.0876582468350633
10 0.12 4.006 21.82525349493257 2.1434631307374614 6.244195116097678 0.026069478610427792
10 0.12 5.005 19.608353032933145 1.8624527509454878 8.15902681946361 0.002009959800803984
10 0.12 6.004 19.212225355481213 1.8140397192066253 8.47060058798824 4.1999160016799666E-4
10 0.12 7.003 18.73710685784718 1.803887922242539 9.0 8.999820003599928E-5
10 0.12 8.002 18.71999999998425 1.8000000000010403 9.0 0.0
10 0.12 9.001 18.71999999998425 1.8000000000010403 9.0 0.0
10 0.24 0.5095 37.5607823843561 3.963904721905563 6.130047399052019 0.7483650326993461
10 0.24 1.5085 35.85199496009772 3.3847363052738193 5.655666886662266 0.42146157076858465
10 0.24 2.5075 34.80233155336351 3.052516949660967 5.648827023459531 0.2134157316853663
10 0.24 3.5065 32.62125277494063 2.6041579168416007 7.1609467810643785 0.0637787244255115
10 0.24 4.5055 29.94629627405943 2.1408411831760596 8.785144297114059 0.004379912401751965
10 0.24 5.5045 28.99042659144795 1.9448491030182444 9.0 5.099898002039959E-4
10 0.24 6.5035 28.614598907999746 1.845947081059678 9.0 1.1999760004799904E-4
10 0.24 7.5025 28.458946421047877 1.804985900283056 9.0 8.999820003599928E-5
10 0.24 8.5015 28.44966700663599 1.8025439491220596 9.0 1.499970000599988E-4
10 0.24 9.5005 28.46004079916047 1.8052738945230733 9.0 2.999940001199976E-5
10 0.3 0.01 43.422853542929396 4.5016379672406535 6.640277194456111 0.99430011399772
10 0.3 10.0 33.40121797565444 1.8289194216123814 9.0 2.999940001199976E-5
10 0.42 0.5095 51.04230335392926 4.227443451130978 6.3962920741585165 0.7906941861162776
10 0.42 1.5085 50.02394972100342 3.863478730425445 6.112797744045119 0.4713505729885402
10 0.42 2.5075 49.13530149396844 3.601859962800874 6.217735645287094 0.24317513649727004
10 0.42 3.5065 46.821591168177015 2.9851262974738204 7.799004019919602 0.061318773624527506
10 0.42 4.5055 44.6764624707572 2.3584508309831227 8.901091978160437 0.007019859602807944
10 0.42 5.5045 44.05071578568595 2.1552888942216355 8.99955000899982 0.002009959800803984
10 0.42 6.5035 43.41700785985901 1.9368992620152348 9.0 3.599928001439971E-4
10 0.42 7.5025 43.328495830096486 1.9063778724434381 9.0 4.1999160016799666E-4
10 0.42 8.5015 43.048257034875284 1.8097438051247963 9.0 5.999880002399952E-5
10 0.42 9.5005 43.097289254233544 1.8266514669716027 9.0 5.999880002399952E-5
10 0.6 1.009 63.42378352432959 4.3385972280554315 6.523939521209575 0.637337253254935
10 0.6 2.008 62.82753944921077 4.144909101817934 6.438231235375293 0.38258234835303295
10 0.6 3.007 62.20914381712409 3.9284454310915686 6.447261054778904 0.19472610547789043
10 0.6 4.006 61.43653926921363 3.615905681886584 6.9054118917621645 0.09041819163616728
10 0.6 5.005 59.70437391252347 2.8341513169738315 8.4760004799904 0.022829543409131816
10 0.6 6.004 58.96760664786877 2.4812923741524724 8.91237175256495 0.008999820003599928
10 0.6 7.003 58.558546829065506 2.279264414711615 8.997660046799064 0.0038099238015239694
10 0.6 8.002 58.118449631010435 2.0592248155037107 9.0 0.0015899682006359872
10 0.6 9.001 57.91199376012882 1.955996880062587 9.0 7.799844003119938E-4
10 0.78 0.01 76.8160166796609 4.5294774104517455 6.659566808663826 0.9946301073978521
10 0.78 10.0 73.11242515150684 2.6472550548987788 8.65812683746325 0.011879762404751904
10 0.9 0.5095 84.08218335633312 4.75126897462048 6.893442131157377 0.7939941201175976
10 0.9 1.5085 83.62840343193058 4.804403911921739 6.949331013379733 0.6043979120417592
10 0.9 2.5075 83.47496250074937 4.759362812743707 6.911771764564708 0.49307013859722804
10 0.9 3.5065 83.38194036119283 4.6747825043498725 6.851052978940421 0.40397192056158876
10 0.9 4.5055 83.32562248754999 4.612095758084852 6.829243415131697 0.3465830683386332
10 0.9 5.5045 83.2606527869462 4.502081958360736 6.7362452750944986 0.28001439971200576
10 0.9 6.5035 83.22329453411263 4.437463250734913 6.688726225475491 0.24458510829783403
10 0.9 7.5025 83.17865242695366 4.353632927341343 6.687376252474951 0.1992560148797024
10 0.9 8.5015 83.13956020879952 4.277770444590983 6.681136377272455 0.1730965380692386
10 0.9 9.5005 83.1059368812677 4.2111177776442 6.609857802843943 0.14183716325673487
10 0.96 0.01 89.285941081177 4.538111237775224 6.667516649667006 0.9931301373972521
10 0.96 10.0 87.32950380990982 4.647231055378891 6.866112677746445 0.36440271194576107
10 1.02 1.009 91.57503329930788 4.9831103377933 7.105507889842203 0.7208255834883303
10 1.02 2.008 91.36685246292943 5.087280254394892 7.178166436671266 0.6667366652666946
10 1.02 3.007 91.31320153594922 5.1274674506509585 7.236485270294594 0.6457670846583068
10 1.02 4.006 91.29333113336014 5.15787484250317 7.266454670906582 0.6320873582528349
10 1.02 5.005 91.28434031317592 5.185360292794106 7.2763844723105535 0.624857502849943
10 1.02 6.004 91.27995980078627 5.2108057838842825 7.30242395152097 0.6154076918461631
10 1.02 7.003 91.27564528707947 5.2469130617388 7.345803083938321 0.6139677206455871
10 1.02 8.002 91.2730581388244 5.2694186116277395 7.361102777944441 0.6038279234415311
10 1.02 9.001 91.27015779683185 5.299034019319608 7.371242575148497 0.6012779744405112
10 1.14 0.5095 99.6502357952877 4.976984460310826 7.086428271434571 0.7573048539029219
10 1.14 1.5085 98.96654226915727 5.305123897522055 7.376702465950681 0.620447591048179
10 1.14 2.5075 98.7431469370613 5.533143337133265 7.558228835423291 0.5569088618227636
10 1.14 3.5065 98.57303953920695 5.757148857022836 7.73882522349553 0.4895002099958001
10 1.14 4.5055 98.42427671446099 5.966442671146603 7.893022139557209 0.4281214375712486
10 1.14 5.5045 98.26046559068293 6.1996280074399 8.079318413631727 0.36665266694666104
10 1.14 6.5035 98.07572988539744 6.463340733185393 8.24947501049979 0.2969040619187616
10 1.14 7.5025 97.91395632087665 6.694348113037742 8.410931781364372 0.24257514849703005
10 1.14 8.5015 97.7623813523711 6.9108837823243245 8.538189236215276 0.19250614987700246
10 1.14 9.5005 97.64005039899023 7.085642287154257 8.639107217855642 0.1511369772604548
10 1.2 0.01 105.93101337973236 4.536305273894543 6.661996760064799 0.990160196796064
10 1.2 10.0 100.11445971080272 7.885540289194479 8.943691126177477 0.040289194216115674
10 1.32 0.5095 110.98681946360527 5.136425271494571 7.221695566088679 0.7060058798824024
10 1.32 1.5085 109.63914321713924 5.743355132897345 7.73297534049319 0.50959980800384
10 1.32 2.5075 108.81151256975815 6.244537109257854 8.109767804643907 0.35468290634187316
10 1.32 3.5065 107.89632927341782 6.814843703125981 8.480440391192175 0.2107157856842863
10 1.32 4.5055 107.15879282413891 7.275754484910325 8.737385252294954 0.124317513649727
10 1.32 5.5045 106.47440331192854 7.703497930041171 8.899772004559908 0.06341873162536749
10 1.32 6.5035 106.0152540949202 7.990466190676168 8.96385072298554 0.03323933521329574
10 1.32 7.5025 105.53229735404805 8.292314153717578 8.992740145197097 0.016739665206695866
10 1.32 8.5015 105.20971500571015 8.493928121436877 8.998080038399232 0.007949841003179936
10 1.32 9.5005 105.02203875924698 8.611225775482902 8.998230035399292 0.004889902201955961
10 1.5 1.009 120.66411171776565 5.755612887742276 7.731835363292734 0.49676006479870405
10 1.5 2.008 118.47658546829064 6.610031799364021 8.36347273054539 0.2620147597048059
10 1.5 3.007 116.68862122757545 7.324551508969909 8.764114717705645 0.11321773564528709
10 1.5 4.006 115.11480770384593 7.954076918461285 8.954580908381832 0.036839263214735705
10 1.5 5.005 114.26082978340433 8.295668086637908 8.993610127797444 0.014459710805783885
10 1.5 6.004 113.75260994780105 8.498956020878289 8.999580008399832 0.005369892602147957
10 1.5 7.003 113.05783884322314 8.776864462709801 9.0 0.001499970000599988
10 1.5 8.002 113.05758384832303 8.776966460669042 9.0 7.199856002879943E-4
10 1.5 9.001 112.7937541249175 8.882498350030822 9.0 2.999940001199976E-4
10 1.68 0.01 139.03753884922182 4.556446871062552 6.695056098878022 0.9821203575928481
10 1.68 10.0 120.62398992026797 8.99294414111727 9.0 0.0
10 1.8 0.5095 139.9267174656506 5.564678706425796 7.578598428031439 0.5668386632267355
10 1.8 1.5085 134.30347393052227 6.924293514129705 8.554718905621888 0.19562608747825044
10 1.8 2.5075 130.36848863022806 7.907877842443155 8.958630827383452 0.040439191216175674
10 1.8 3.5065 128.23961120776764 8.440097198055874 8.997210055798885 0.007859842803143937
10 1.8 4.5055 126.85191096176908 8.787022259554371 9.0 8.69982600347993E-4
10 1.8 5.5045 126.27690646184074 8.930773384530433 9.0 1.7999640007199856E-4
10 1.8 6.5035 126.08875022500065 8.977812443751214 9.0 5.999880002399952E-5
10 1.8 7.5025 126.08697426051208 8.97825643487113 9.0 8.999820003599928E-5
10 1.8 8.5015 126.0135117297662 8.996622067558699 9.0 2.999940001199976E-5
10 1.8 9.5005 126.06590268194023 8.983524329513028 9.0 2.999940001199976E-5
10 1.86 0.01 151.40605207895814 4.563850722985577 6.6987760244795105 0.9792404151916961
10 1.86 10.0 128.70000000007914 9.0 9.0 0.0
10 1.98 1.009 145.95251034975553 6.582114357712805 8.336593268134637 0.27206455870882584
10 1.98 2.008 139.3650818983617 7.925493490130352 8.951610967780644 0.04076918461630767
10 1.98 3.007 136.56966820665605 8.495986080277596 8.99805003899922 0.006509869802603948
10 1.98 4.006 135.36311633770157 8.742221155573832 9.0 9.89980200395992E-4
10 1.98 5.005 134.39819823606766 8.939143217134747 9.0 2.0999580008399833E-4
10 1.98 6.004 134.1000000000387 9.0 9.0 0.0
10 1.98 7.003 134.1000000000387 9.0 9.0 0.0
10 1.98 8.002 134.1000000000387 9.0 9.0 0.0
10 1.98 9.001 134.1000000000387 9.0 9.0 0.0
12 0.04 0.5095 30.320031199375393 4.293564128717408 6.810613787724246 0.6026579468410632
12 0.04 1.5085 23.00760904781902 2.8813223735525515 5.264114717705646 0.1883662326753465
12 0.04 2.5075 20.655005699886054 2.3866372672546214 4.846853062938742 0.06812863742725145
12 0.04 3.5065 19.421976360472755 2.1339173216533243 4.902861942761144 0.022799544009119817
12 0.04 4.5055 18.6436695266098 2.001284974299603 5.237535249295014 0.009299814003719925
12 0.04 5.5045 18.16819583608132 1.9296664066699025 5.654676906461871 0.00248995020099598
12 0.04 6.5035 17.983814723701553 1.9023219535584612 5.914741705165897 0.001499970000599988
12 0.04 7.5025 17.68402231955648 1.8601827963403283 6.140037199256015 4.499910001799964E-4
12 0.04 8.5015 16.714916901664736 1.8350882982296992 8.63007739845203 5.999880002399952E-5
12 0.04 9.5005 16.720089998192638 1.833333333328946 8.530119397612047 2.999940001199976E-5
12 0.1 0.01 42.976600467990664 5.4788504229915365 8.001229975400491 0.992320153596928
12 0.1 10.0 23.099999999986043 1.833333333328946 11.0 5.999880002399952E-5
12 0.22 0.5095 51.999946601066114 4.707505849882983 7.261204775904482 0.7196556068878622
12 0.22 1.5085 48.988843823124796 3.880012399752 6.4857502849943005 0.3859722805543889
12 0.22 2.5075 47.47474050519185 3.4765754684905654 6.457130857382852 0.2009659806803864
12 0.22 3.5065 41.995488690219815 2.5775334493307414 9.76507469850603 0.02753944921101578
12 0.22 4.5055 39.18681646366636 2.1588918221642084 10.967870642587148 9.599808003839923E-4
12 0.22 5.5045 38.4979036419289 2.020919581608154 11.0 3.899922001559969E-4
12 0.22 6.5035 37.62000000001472 1.833333333328946 11.0 0.0
12 0.22 7.5025 37.62000000001472 1.833333333328946 11.0 0.0
12 0.22 8.5015 37.62000000001472 1.833333333328946 11.0 2.999940001199976E-5
12 0.22 9.5005 37.62000000001472 1.833333333328946 11.0 0.0
12 0.4 1.009 70.87830443391067 4.698431031379362 7.267864642707146 0.5954580908381832
12 0.4 2.008 69.55650086998259 4.31118377632448 7.02204955900882 0.3228235435291294
12 0.4 3.007 67.38503629927422 3.810183796324031 8.053968920621587 0.12332753344933102
12 0.4 4.006 62.12713145737606 2.5865432691345327 10.93790124197516 0.007079858402831944
12 0.4 5.005 60.61756764866457 2.1712465750674883 10.999130017399652 0.0018899622007559848
12 0.4 6.004 60.45740685188092 2.1270574588519167 11.0 8.399832003359933E-4
12 0.4 7.003 60.03560328795078 2.009889802203256 11.0 3.599928001439971E-4
12 0.4 8.002 60.11512569750087 2.031979360412977 11.0 1.499970000599988E-4
12 0.4 9.001 59.47082858340421 1.8530079398373887 11.0 0.0
12 0.58 0.01 91.45710145796937 5.48913021739566 8.018239635207296 0.996430071398572
12 0.58 10.0 81.68453170941694 2.0335443291129214 11.0 3.899922001559969E-4
12 0.7 0.5095 103.01277074458542 5.441331173376517 7.980080398392032 0.8169136617267655
12 0.7 1.5085 102.27113457730758 5.2062558748825385 7.780884382312354 0.5238195236095278
12 0.7 2.5075 101.68780224395537 4.980390392192162 7.581928361432771 0.3141837163256735
12 0.7 3.5065 101.19710805783842 4.775949481010277 7.47330053398932 0.1768764624707506
12 0.7 4.5055 100.69838603227893 4.540064198716105 7.569418611627768 0.10103797924041519
12 0.7 5.5045 100.01109977800697 4.193086138277316 8.125937481250375 0.04670906581868363
12 0.7 6.5035 98.4177866442625 3.337568248635165 9.848833023339534 0.019649607007859844
12 0.7 7.5025 97.22680746385095 2.6815013699730343 10.992860142797143 0.008729825403491931
12 0.7 8.5015 96.98265434691446 2.545919081618141 11.0 0.005459890802183957
12 0.7 9.5005 96.43815623685981 2.243420131596491 11.0 0.0023999520009599807
12 0.76 0.01 109.60599388012376 5.516754664906743 8.055978880422392 0.9954100917981641
12 0.76 10.0 103.97782204355737 2.5401541969162347 10.99955000899982 0.005789884202315953
12 0.88 1.009 120.63021659567605 5.668361632767367 8.185696286074279 0.7195956080878383
12 0.88 2.008 120.34919421612418 5.579153416931663 8.126207475850483 0.5527689446211076
12 0.88 3.007 120.17609287814669 5.4686056278874595 8.039719205615887 0.4373012539749205
12 0.88 4.006 120.04161996759836 5.336103277934459 7.903551928961421 0.34874302513949723
12 0.88 5.005 119.94276354472161 5.225385492290163 7.808903821923561 0.2750644987100258
12 0.88 6.004 119.84481550367622 5.106212875742534 7.7742545149097015 0.22265554688906222
12 0.88 7.003 119.75091618165736 4.9804903901922275 7.6537469250614985 0.1747765044699106
12 0.88 8.002 119.67709845800766 4.882512349752944 7.654316913661726 0.14021719565608687
12 0.88 9.001 119.61607727843145 4.798714025719488 7.6805363892722145 0.11351772964540709
12 0.94 0.01 127.70504829903633 5.514429711405763 8.034169316613667 0.9940001199976001
12 0.94 10.0 125.95636227274038 5.211255774884471 7.815533689326213 0.2654046919061619
12 1.0 0.01 133.7447351052979 5.521134577308486 8.05309893802124 0.994090118197636
12 1.0 10.0 132.0000299994 6.008994820103553 8.50209995800084 0.7187556248875022
12 1.12 0.5095 144.04488390230605 5.927301453970898 8.419391612167757 0.8041339173216535
12 1.12 1.5085 143.3943433131156 6.27331453370932 8.744405111897763 0.6900761984760305
12 1.12 2.5075 143.15333413330202 6.53058438831224 8.964210715785685 0.620327593448131
12 1.12 3.5065 142.96368752623786 6.7768094638107135 9.170546589068218 0.5608687826243475
12 1.12 4.5055 142.7662206755798 7.047849043019104 9.384712305753885 0.498320033599328
12 1.12 5.5045 142.58194876102394 7.302988940221217 9.578658426831463 0.4324713505729885
12 1.12 6.5035 142.38853182936654 7.57148357032864 9.789044219115617 0.37097258054838905
12 1.12 7.5025 142.19539209216484 7.8397332053358415 9.97690046199076 0.30893382132357355
12 1.12 8.5015 142.0074506510001 8.100762984740339 10.16412671746565 0.251064978700426
12 1.12 9.5005 141.84675706487405 8.323948521029614 10.319763604727905 0.20774584508309835
12 1.3 1.009 159.99010019799664 6.497935041299178 8.939581208375833 0.6420771584568309
12 1.3 2.008 158.68960520789554 7.175431491370183 9.492110157796844 0.4749205015899682
12 1.3 3.007 157.44757004859858 7.862677746445035 9.994330113397732 0.30494390112197756
12 1.3 4.006 156.4240625187516 8.431076378472408 10.368962620747585 0.19157616847663048
12 1.3 5.005 155.3738825223517 9.014509709805957 10.711255774884503 0.10298794024119517
12 1.3 6.004 154.636608267839 9.42410651787014 10.8687526249475 0.05678886422271555
12 1.3 7.003 153.99648707025634 9.77972940541316 10.951520969580608 0.02897942041159177
12 1.3 8.002 153.46288774225056 10.076173476530151 10.98560028799424 0.014159716805663887
12 1.3 9.001 153.05750884986054 10.301383972321595 10.999160016799664 0.008129837403251934
12 1.48 0.01 181.83628607427642 5.54845903081941 8.083368332633347 0.9878502429951401
12 1.48 10.0 163.72495590086743 10.98439031219194 11.0 2.999940001199976E-5
12 1.6 0.5095 188.05763484730355 6.483700325993515 8.924431511369773 0.6574968500629987
12 1.6 1.5085 182.94434511309709 7.849233015339638 9.992380152396953 0.3107637847243055
12 1.6 2.5075 178.75464090718194 9.012599748005176 10.702225955480891 0.10373792524149517
12 1.6 3.5065 175.91130977379967 9.802413951722682 10.96685066298674 0.026369472610547787
12 1.6 4.5055 174.33117537647996 10.241340173197013 10.99805003899922 0.008909821803563929
12 1.6 5.5045 173.38275634486945 10.504789904202273 11.0 0.0030599388012239755
12 1.6 6.5035 172.27005459889963 10.813873722515833 11.0 5.099898002039959E-4
12 1.6 7.5025 171.62073558525643 10.994240115197025 11.0 0.0
12 1.6 8.5015 171.63193136135135 10.99113017739542 11.0 5.999880002399952E-5
12 1.6 9.5005 171.76442671142183 10.954325913475412 11.0 2.999940001199976E-5
12 1.66 0.01 199.98772244555155 5.539799204015898 8.068278634427312 0.9850902981940362
12 1.66 10.0 175.55999999991877 11.0 11.0 0.0
12 1.78 1.009 199.45293034139 7.588498230035329 9.807253854922902 0.3643127137457251
12 1.78 2.008 192.36412371752155 9.10168296634082 10.755984880302394 0.09122817543649127
12 1.78 3.007 188.15445431091072 10.001184976302484 10.980080398392031 0.018359632807343852
12 1.78 4.006 185.73225175492956 10.518749625005828 11.0 0.002999940001199976
12 1.78 5.005 184.22948701027295 10.839853202926456 11.0 3.599928001439971E-4
12 1.78 6.004 184.08115737684727 10.871547569041557 11.0 1.1999760004799904E-4
12 1.78 7.003 183.48000000012868 11.0 11.0 0.0
12 1.78 8.002 183.48000000012868 11.0 11.0 0.0
12 1.78 9.001 183.5907499851002 10.97633547328778 11.0 0.0
12 1.84 0.01 218.03820123598052 5.539314213715691 8.061318773624528 0.9828103437931242
12 1.84 10.0 187.44000000010206 11.0 11.0 0.0
12 1.96 1.009 212.79669766598263 7.973285534289384 10.081538369232616 0.2749445011099778
12 1.96 2.008 203.4307793844267 9.598823023539978 10.917081658366833 0.04289914201715966
12 1.96 3.007 197.89820843589214 10.559338813222583 10.997330053398931 0.0035699286014279717
12 1.96 4.006 196.37417171663228 10.823928521425207 11.0 5.099898002039959E-4
12 1.96 5.005 195.62443631135542 10.954090918178656 11.0 5.999880002399952E-5
12 1.96 6.004 196.07848803031703 10.875262494733693 11.0 8.999820003599928E-5
12 1.96 7.003 195.36000000009187 11.0 11.0 0.0
12 1.96 8.002 195.67711045787124 10.944946101069867 11.0 0.0
12 1.96 9.001 195.36000000009187 11.0 11.0 0.0
14 0.02 0.5095 37.80296334073336 4.954782332924761 7.850662986740265 0.5731085378292434
14 0.02 1.5085 25.435564888701947 3.0457747987898074 5.647417051658967 0.14777704445911083
14 0.02 2.5075 21.53403971920526 2.389109360669513 4.92110157796844 0.04361912761744765
14 0.02 3.5065 19.906772064559057 2.1159433954175992 4.840913181736365 0.013889722205555888
14 0.02 4.5055 18.724837103258555 1.9425297208323509 5.524629507409852 0.002009959800803984
14 0.02 5.5045 18.547651646961526 1.913091738163016 5.5722685546289075 0.0015299694006119878
14 0.02 6.5035 18.403892122152662 1.9063633013026606 5.905321893562129 8.399832003359933E-4
14 0.02 7.5025 17.957293454131207 1.868979763258435 6.188786224275514 1.1999760004799904E-4
14 0.02 8.5015 17.513029939404284 1.8571428571391961 6.758954820903582 2.999940001199976E-5
14 0.02 9.5005 17.88115677685656 1.8571428571391961 5.437121257574849 8.999820003599928E-5
14 0.2 1.009 64.68996820063627 4.767496078649858 7.664906701865963 0.50104997900042
14 0.2 2.008 61.66626867462684 4.054226058335995 7.0689986200276 0.2609647807043859
14 0.2 3.007 57.98239635207326 3.4305856740012337 8.86977260454791 0.09326813463730725
14 0.2 4.006 49.20712185754813 2.281295802655416 12.982990340193195 9.89980200395992E-4
14 0.2 5.005 47.13913721728882 1.917703074507963 13.0 5.999880002399952E-5
14 0.2 6.004 48.07946841063693 2.084688306233932 12.997630047399053 3.899922001559969E-4
14 0.2 7.003 47.42974740506489 1.9695977509008624 13.0 5.999880002399952E-5
14 0.2 8.002 46.812575748513915 1.8593885265116046 13.0 0.0
14 0.2 9.001 46.84043919124668 1.8643641412852043 13.0 2.999940001199976E-5
14 0.38 0.01 97.8870726585459 6.495298665455313 9.397792044159116 0.994840103197936
14 0.38 10.0 77.22000000001815 1.8571428571391961 13.0 0.0
14 0.5 0.5095 112.96104577908442 6.01275403063369 8.931031379372413 0.8003839923201536
14 0.5 1.5085 110.98786524269515 5.421135862996989 8.370312593748125 0.47630047399052017
14 0.5 2.5075 109.67885642287155 5.073579956972319 8.142767144657107 0.254544909101818
14 0.5 3.5065 106.60394792104158 4.312426608610766 9.96310073798524 0.08525829483410331
14 0.5 4.5055 100.97246055078898 2.8485416005966555 12.998260034799303 0.008489830203395932
14 0.5 5.5045 99.84101817963641 2.5260051941819692 13.0 0.0032999340013199737
14 0.5 6.5035 99.33686326273475 2.3819609322094784 13.0 0.0014699706005879883
14 0.5 7.5025 98.70671086578268 2.2019173902227984 13.0 5.399892002159956E-4
14 0.5 8.5015 98.01720465590688 2.004915615973408 13.0 2.999940001199976E-5
14 0.5 9.5005 97.5 1.8571428571391961 13.0 2.999940001199976E-5
14 0.56 0.01 122.73847243055157 6.496798635455814 9.409431811363772 0.9958900821983561
14 0.56 10.0 107.80283194339144 1.9100103712192475 13.0 2.999940001199976E-5
14 0.68 1.009 138.0441819163626 6.08293976977606 9.006929861402773 0.6710265794684106
14 0.68 2.008 137.11122457550732 5.749642150014207 8.643847123057538 0.4108417831643367
14 0.68 3.007 136.32943781124243 5.458750824983627 8.461840763184735 0.22868542629147418
14 0.68 4.006 135.6305045899008 5.198090323907968 8.31562368752625 0.11609767804643907
14 0.68 5.005 134.4966160676689 4.739155216895611 9.438861222775545 0.055228895422091556
14 0.68 6.004 131.67084298312525 3.526116620524527 12.312413751724966 0.02126957460850783
14 0.68 7.003 130.10751784964293 2.833713325733615 13.0 0.008519829603407933
14 0.68 8.002 129.77351172975713 2.6846034507884005 13.0 0.005339893202135957
14 0.68 9.001 128.80518869626917 2.252316382243047 13.0 0.0017099658006839863
14 0.74 0.01 147.54235675286623 6.477599019448176 9.397642047159056 0.9962800743985121
14 0.74 10.0 139.41441951160462 2.601329401982954 12.9917501649967 0.004379912401751965
14 0.86 1.009 163.25712545749064 6.488625941766842 9.383962320753584 0.7370252594948101
14 0.86 2.008 162.90847363052995 6.329671977989023 9.242965140697185 0.5627887442251155
14 0.86 3.007 162.65081298374247 6.154655478318999 9.064228715425692 0.42695146097078057
14 0.86 4.006 162.43440931182172 5.982248926450004 8.911771764564708 0.32180356392872145
14 0.86 5.005 162.24960160797502 5.819416468813447 8.781094378112437 0.24158516829663407
14 0.86 6.004 162.0690772184644 5.650476990460171 8.631937361252774 0.1748065038699226
14 0.86 7.003 161.9569952601023 5.540109197815983 8.517189656206876 0.14012719745605087
14 0.86 8.002 161.79762524749998 5.380988094523759 8.51334973300534 0.1001979960400792
14 0.86 9.001 161.67841903161556 5.262297611190677 8.523639527209456 0.0745185096298074
14 0.92 0.01 172.36458750825238 6.498075752770651 9.403851922961541 0.9964000719985601
14 0.92 10.0 170.6474302513794 5.7268640341479875 8.655996880062398 0.19268614627707445
14 0.98 0.5095 179.81696406071293 6.701510255509124 9.582678346433072 0.873972520549589
14 0.98 1.5085 179.45339893201236 6.79739262357612 9.667936641267175 0.7841843163136737
14 0.98 2.5075 179.36400671985564 6.7941141177176965 9.660466790664186 0.7388552228955421
14 0.98 3.5065 179.3263346732977 6.769673177964998 9.652936941261174 0.7074458510829783
14 0.98 4.5055 179.310108597819 6.725171210861508 9.595968080638388 0.6812863742725146
14 0.98 5.5045 179.30128397431025 6.699517438222641 9.570858582828343 0.6624767504649907
14 0.98 6.5035 179.29435051298105 6.667422365838447 9.56269874602508 0.6426471470570588
14 0.98 7.5025 179.2879090418117 6.6247717902784915 9.499910001799964 0.621917561648767
14 0.98 8.5015 179.28256194875374 6.587838243235117 9.484760304793904 0.6060778784424311
14 0.98 9.5005 179.27753104937395 6.553583214049985 9.438081238375233 0.5756284874302514
14 1.1 1.009 195.41406071878552 7.066872948255297 9.926861462770745 0.7889242215155697
14 1.1 2.008 195.07673246534998 7.3591185319151435 10.189356212875742 0.7141057178856423
14 1.1 3.007 194.8715125697482 7.621694708963006 10.41810163796724 0.6530869382612348
14 1.1 4.006 194.6689626207455 7.903320505018465 10.668596628067439 0.5987880242395152
14 1.1 5.005 194.49824503509944 8.145741370886867 10.859542809143818 0.5415191696166076
14 1.1 6.004 194.29821203575807 8.431172805115347 11.093268134637308 0.4753104937901242
14 1.1 7.003 194.1103107937858 8.699556008880016 11.30257394852103 0.41906161876762466
14 1.1 8.002 193.91678466430633 8.976021908133717 11.519889602207956 0.3629027419451611
14 1.1 9.001 193.7261354772894 9.248377889585964 11.697066058678827 0.30752384952300954
14 1.28 0.01 221.98568788624164 6.507319853602878 9.41240175196496 0.992530149397012
14 1.28 10.0 208.46530869380115 12.497291482730992 12.999790004199916 0.0033899322013559727
14 1.4 0.5095 234.592452150957 7.295189810489496 10.123087538249235 0.7539149217015659
14 1.4 1.5085 231.23009539809374 8.41998302891097 11.078928421431572 0.4733605327893442
14 1.4 2.5075 228.14284514309549 9.520472447696012 11.924161516769665 0.25673486530269396
14 1.4 3.5065 225.6063478730437 10.426304331057517 12.487010259794804 0.123897522049559
14 1.4 4.5055 223.44455510890117 11.198373175394476 12.856002879942402 0.05120897582048359
14 1.4 5.5045 221.9458090838176 11.73363961292134 12.96505069898602 0.02141957160856783
14 1.4 6.5035 221.1066298674021 12.033346475928456 12.991480170396592 0.00992980140397192
14 1.4 7.5025 219.99770804584344 12.429389983628328 13.0 0.0023999520009599807
14 1.4 8.5015 219.75206095870786 12.517121086147172 13.0 0.001739965200695986
14 1.4 9.5005 219.6967180656671 12.536886405132075 13.0 0.0011699766004679907
14 1.46 0.01 246.61464450709659 6.535129297414057 9.440091198176036 0.9901301973960521
14 1.46 10.0 224.53752504953664 12.789588493944892 13.0 2.699946001079978E-4
14 1.58 1.009 253.45989560207087 8.401889105075059 11.072178556428872 0.49208015839683206
14 1.58 2.008 247.44203995919662 9.881270946012654 12.149337013259736 0.19496610067798645
14 1.58 3.007 242.5123879522904 11.095470947724582 12.801733965320693 0.05843883122337553
14 1.58 4.006 239.4682144356913 11.845267380364415 12.98290034199316 0.016739665206695866
14 1.58 5.005 237.55380032391244 12.316797949757607 12.999730005399892 0.0037199256014879703
14 1.58 6.004 236.05295854089738 12.686463413584647 13.0 9.599808003839923E-4
14 1.58 7.003 235.692942341245 12.775137354381725 13.0 4.499910001799964E-4
14 1.58 8.002 235.52564468725012 12.816343673094819 13.0 1.7999640007199856E-4
14 1.58 9.001 235.17709485820572 12.902193384692529 13.0 2.999940001199976E-5
14 1.64 0.01 271.35425571488497 6.540353478644721 9.432711345773084 0.9883002339953201
14 1.64 10.0 240.24000000016272 13.0 13.0 0.0
14 1.76 1.009 273.0402975940767 8.887707960126857 11.453680926381473 0.38057238855222897
14 1.76 2.008 263.70886902258684 10.64119003334343 12.593988120237595 0.09713805723885523
14 1.76 3.007 257.83023459532467 11.746196504639222 12.976810463790724 0.017939641207175856
14 1.76 4.006 254.20344273119989 12.42792429865782 13.0 0.002879942401151977
14 1.76 5.005 252.83006659863102 12.686077707006826 13.0 8.399832003359933E-4
14 1.76 6.004 252.07647327047778 12.827730588213091 13.0 1.1999760004799904E-4
14 1.76 7.003 251.3214207716883 12.969657749702407 13.0 0.0
14 1.76 8.002 251.1600000001025 13.0 13.0 0.0
14 1.76 9.001 251.24547549056757 12.983933178474611 13.0 2.999940001199976E-5
14 1.82 0.01 296.04961480770186 6.544767676075017 9.453140937181256 0.9864102717945641
14 1.82 10.0 256.6200000000795 13.0 13.0 0.0
14 1.88 0.5095 293.0488810223729 7.9838731796792635 10.735285294294114 0.5885582288354233
14 1.88 1.5085 278.8106689866114 10.283991463030546 12.383782324353513 0.13940721185576288
14 1.88 2.5075 270.0831847362852 11.700781698649564 12.96610067798644 0.020729585408291833
14 1.88 3.5065 266.29470210600556 12.31579511267322 12.999820003599927 0.003629927401451971
14 1.88 4.5055 263.78107637839963 12.723851237253383 13.0 5.099898002039959E-4
14 1.88 5.5045 262.9712461750577 12.855317179344002 13.0 1.1999760004799904E-4
14 1.88 6.5035 262.51316253675765 12.929681406351406 13.0 0.0
14 1.88 7.5025 262.0800000000633 13.0 13.0 0.0
14 1.88 8.5015 262.0800000000633 13.0 13.0 0.0
14 1.88 9.5005 262.0800000000633 13.0 13.0 0.0
14 1.94 1.009 291.28829483410846 9.390969323472296 11.80347393052139 0.2800443991120178
14 1.94 2.008 278.53766724664905 11.328621998988078 12.880032399352013 0.043349133017339656
14 1.94 3.007 271.9656194876115 12.327413451728432 12.998410031799365 0.004049919001619968
14 1.94 4.006 269.38026699470305 12.72032416493599 13.0 7.49985000299994E-4
14 1.94 5.005 268.20609887811133 12.898769167459218 13.0 1.1999760004799904E-4
14 1.94 6.004 268.6334613307822 12.833820466430478 13.0 8.999820003599928E-5
14 1.94 7.003 267.5399999999792 13.0 13.0 0.0
14 1.94 8.002 267.5399999999792 13.0 13.0 0.0
14 1.94 9.001 267.5399999999792 13.0 13.0 0.0
14 2.0 1.009 297.64663706725867 9.47912041759358 11.87670246595068 0.2640547189056219
14 2.0 2.008 283.885042299154 11.444993957263323 12.929381412371752 0.03290934181316374
14 2.0 3.007 276.3837823243535 12.51660252509459 13.0 0.002249955000899982
14 2.0 4.006 273.5104697906042 12.927075744193269 13.0 1.7999640007199856E-4
14 2.0 5.005 273.0 13.0 13.0 0.0
14 2.0 6.004 273.0702885942281 12.989958772250205 13.0 2.999940001199976E-5
14 2.0 7.003 273.0 13.0 13.0 0.0
14 2.0 8.002 273.0 13.0 13.0 0.0
14 2.0 9.001 273.0 13.0 13.0 0.0
16 0.0 1.009 32.847333053338936 4.105916631667367 7.148377032459351 0.25625487490250193
16 0.0 2.008 19.17957640847183 2.397447051058979 4.833593328133437 0.031679366412671744
16 0.0 3.007 16.47990040199196 2.059987550248995 4.253584928301434 0.006839863202735945
16 0.0 4.006 15.531019379612408 1.941377422451551 3.898302033959321 0.0023099538009239817
16 0.0 5.005 15.200665986680267 1.9000832483350334 4.0443391132177355 0.001109977800443991
16 0.0 6.004 15.040349193016139 1.8800436491270174 3.9594408111837764 7.199856002879943E-4
16 0.0 7.003 15.0 1.875 3.868932621347573 3.899922001559969E-4
16 0.0 8.002 15.0 1.875 3.756884862302754 9.599808003839923E-4
16 0.0 9.001 15.02939941201176 1.87867492650147 3.9123417531649367 7.49985000299994E-4
16 0.18 0.01 92.35157196855978 7.46187451250975 10.735285294294114 0.993340133197336
16 0.18 10.0 55.5 1.875 15.0 0.0
16 0.3 0.5095 109.00977680446452 6.447006059878802 9.710715785684286 0.7279354412911742
16 0.3 1.5085 103.93455630887308 5.346230575388493 8.58729825403492 0.39203215935681285
16 0.3 2.5075 101.55554088918144 4.852339203215935 8.358282834343314 0.19556608867822645
16 0.3 3.5065 88.72808243834693 2.9815166196676066 14.979330413391732 0.007139857202855943
16 0.3 4.5055 85.95991180175922 2.4928413931721365 15.0 0.001619967600647987
16 0.3 5.5045 83.27862242755884 2.014039719205616 15.0 5.999880002399952E-5
16 0.3 6.5035 83.585993280156 2.068927371452571 15.0 8.999820003599928E-5
16 0.3 7.5025 82.5 1.875 15.0 0.0
16 0.3 8.5015 83.04239815201558 1.9718568128637428 15.0 0.0
16 0.3 9.5005 82.5 1.875 15.0 0.0
16 0.36 0.01 125.12695986080425 7.488682726345473 10.733035339293215 0.994180116397672
16 0.36 10.0 96.0 1.875 15.0 0.0
16 0.48 1.009 142.61378652428573 6.329179666406672 9.582108357832844 0.6060478790424192
16 0.48 2.008 140.35181616369624 5.763747225055499 9.03164936701266 0.33137337253254934
16 0.48 3.007 138.42619787604704 5.338228235435292 9.18977620447591 0.15347693046139077
16 0.48 4.006 128.71634487313128 3.248522529549409 14.997480050398993 0.012689746205075899
16 0.48 5.005 127.18642587153577 2.881352372952541 15.0 0.006359872802543949
16 0.48 6.004 125.79650926988393 2.547237805243895 15.0 0.001769964600707986
16 0.48 7.003 124.4585708286288 2.225617987640247 15.0 2.999940001199976E-4
16 0.48 8.002 123.52000000001715 2.0 15.0 0.0
16 0.48 9.001 123.05650206995914 1.888582228355433 15.0 0.0
16 0.54 0.01 157.75582828345742 7.496606317873643 10.756644867102658 0.99610007799844
16 0.54 10.0 137.8279750403996 2.235862782744345 15.0 2.999940001199976E-4
16 0.66 1.009 177.6440841183175 6.838258234835303 10.086368272634548 0.6705165896682066
16 0.66 2.008 176.25022199556275 6.360720285594288 9.62464750704986 0.4024719505609888
16 0.66 3.007 175.14665146697544 6.004327413451731 9.286464270714585 0.21539569208615827
16 0.66 4.006 174.24859122818344 5.716123177536449 9.14897702045959 0.10745785084298314
16 0.66 5.005 171.0519271614695 4.615782684346313 12.340343193136137 0.039389212215755684
16 0.66 6.004 167.6578142437116 3.403608177836443 15.0 0.016979660406791865
16 0.66 7.003 166.53254214914375 2.989905201895962 15.0 0.00746985060298794
16 0.66 8.002 165.49622247557465 2.608905321893562 15.0 0.0023099538009239817
16 0.66 9.001 164.28452750942378 2.1634292314153716 15.0 5.999880002399952E-4
16 0.72 0.01 190.36043199136134 7.496797564048719 10.757514849703005 0.99730005399892
16 0.72 10.0 178.6707433851279 2.620867582648347 15.0 0.0026999460010799785
16 0.78 0.5095 200.66741285173975 7.329637157256855 10.59269814603708 0.8575628487430251
16 0.78 1.5085 199.80068998619754 6.95264969700606 10.20939581208376 0.6066778664426712
16 0.78 2.5075 199.13676426471446 6.6500982480350395 9.885612287754245 0.4115917681646367
16 0.78 3.5065 198.53362992740944 6.355909131817364 9.686146277074458 0.2621947561048779
16 0.78 4.5055 198.04712185757208 6.110142797144057 9.435111297774045 0.1597468050638987
16 0.78 5.5045 197.65914501709864 5.912821743565129 9.34115317693646 0.09863802723945521
16 0.78 6.5035 197.26999040018913 5.70194846103078 9.38342233155337 0.0628187436251275
16 0.78 7.5025 196.95502069958852 5.534874302513949 9.130887382252356 0.0374692506149877
16 0.78 8.5015 194.348389032223 4.059417561648767 14.001469970600589 0.02348953020939581
16 0.78 9.5005 192.78307253856616 3.17220030599388 15.0 0.011939761204775905
16 0.84 1.009 211.33535609287492 7.322193556128878 10.566958660826783 0.7671446571068579
16 0.84 2.008 210.8137133257325 7.043630377392452 10.275934481310374 0.5646187076258475
16 0.84 3.007 210.40552228955266 6.785879282414352 10.017489650206995 0.41558168836623266
16 0.84 4.006 210.07159896802253 6.568844873102538 9.817453650926982 0.2993940121197576
16 0.84 5.005 209.7668962620692 6.35190046199076 9.562638747225055 0.20780584388312234
16 0.84 6.004 209.54486470270734 6.191392422151557 9.438141237175257 0.15452690946181077
16 0.84 7.003 209.28287034259236 5.993186386272274 9.289704205915882 0.10415791684166317
16 0.84 8.002 209.04200755985138 5.810268794624108 9.47735045299094 0.07364852702945941
16 0.84 9.001 208.84677746445283 5.659930551388972 9.398752024959501 0.0502189956200876
16 0.96 0.5095 233.25954760899526 7.619502609947801 10.877242455150897 0.8981820363592729
16 0.96 1.5085 232.98093958114822 7.626064978700426 10.870312593748125 0.7987940241195176
16 0.96 2.5075 232.87868842616473 7.570404841903162 10.791714165716686 0.7354352912941741
16 0.96 3.5065 232.82088678218702 7.488142737145257 10.706095878082438 0.6817063658726825
16 0.96 4.5055 232.7807175855659 7.410853032939341 10.6379972400552 0.6432771344573108
16 0.96 5.5045 232.7472814542868 7.3262547249055014 10.577728445431092 0.5942881142377152
16 0.96 6.5035 232.71556968852022 7.231295374092518 10.450110997780044 0.5567588648227035
16 0.96 7.5025 232.69266094669663 7.162315503689927 10.384922301553969 0.5165296694066118
16 0.96 8.5015 232.66255354884947 7.069489860202796 10.334613307733845 0.4751904961900762
16 0.96 9.5005 232.63993280127247 6.999430011399772 10.258354832903342 0.44507109857802846
16 1.08 0.01 255.5134661306916 7.500104997900042 10.747255054898902 0.99595008099838
16 1.08 10.0 252.58220675587694 10.340301943961121 13.169436611267775 0.3612827743445131
16 1.2 0.5095 275.4021539569209 8.031308123837523 11.24542509149817 0.8460130797384052
16 1.2 1.5085 274.0826243475121 8.712781994360112 11.83947321053579 0.6925661486770265
16 1.2 2.5075 272.99886002279936 9.377242455150897 12.43235135297294 0.5535789284214315
16 1.2 3.5065 271.88791624167527 10.07009734805304 13.000809983800323 0.4168716625667487
16 1.2 4.5055 270.97804043919336 10.638747225055498 13.431781364372712 0.3079438411231775
16 1.2 5.5045 270.0181016379675 11.238686476270475 13.84745305093898 0.2132957340853183
16 1.2 6.5035 269.170000599989 11.7687496250075 14.20717585648287 0.1481070378592428
16 1.2 7.5025 268.36938861223086 12.269132117357653 14.472490550188997 0.1007979840403192
16 1.2 8.5015 267.71106977860927 12.680581388372232 14.679366412671747 0.06374872502549948
16 1.2 9.5005 267.0838783224327 13.07257604847903 14.845503089938202 0.038339233215335694
16 1.26 0.01 287.996592668132 7.521779564408712 10.766304673906522 0.99430011399772
16 1.26 10.0 273.52166256670625 13.883816073678526 14.992770144597108 0.008579828403431931
16 1.38 1.009 303.97743925122694 8.963464480710385 12.068608627827443 0.6381472370552589
16 1.38 2.008 300.10634727303903 10.228284184316314 13.102477950440992 0.377122457550849
16 1.38 3.007 296.59496190076516 11.3832498350033 13.935861282774345 0.19673606527869442
16 1.38 4.006 293.8893442131426 12.273242035159297 14.472940541189176 0.09641807163856723
16 1.38 5.005 291.5354964900612 13.047534049319014 14.845533089338213 0.042779144417111656
16 1.38 6.004 290.0336335273154 13.541567918641627 14.958150836983261 0.018329633407331854
16 1.38 7.003 288.442031559342 14.06512119757605 14.996370072598548 0.00620987580248395
16 1.38 8.002 287.24149877005374 14.460033299334013 14.999970000599989 0.002009959800803984
16 1.38 9.001 287.4455660887304 14.392905891882162 15.0 0.0014699706005879883
16 1.44 0.01 320.5369064618703 7.526845713085739 10.772034559308814 0.993160136797264
16 1.44 10.0 293.00206155861565 14.942596148077039 15.0 0.0
16 1.56 1.009 331.48626867462576 9.58090088198236 12.568938621227575 0.5122997540049199
16 1.56 2.008 323.6003359932769 11.339210715785685 13.911801763964721 0.20306593868122638
16 1.56 3.007 317.802133557317 12.63345233095338 14.656086878262435 0.06752864942701146
16 1.56 4.006 313.2916085678235 13.640265944681106 14.975550488990221 0.017039659206815865
16 1.56 5.005 310.477698446043 14.268370882582348 15.0 0.004019919601607968
16 1.56 6.004 310.15937841245636 14.33942446151077 15.0 0.0021899562008759824
16 1.56 7.003 308.549785804246 14.698708525829483 15.0 4.499910001799964E-4
16 1.56 8.002 309.1121881562779 14.57317228655427 15.0 3.2999340013199736E-4
16 1.56 9.001 308.18328433414166 14.780516889662207 15.0 1.7999640007199856E-4
16 1.62 0.01 352.99414531710767 7.53872547549049 10.780434391312173 0.99115017699646
16 1.62 10.0 314.4000000001971 15.0 15.0 0.0
16 1.68 0.5095 355.02820183596157 8.867357652846943 11.973690526189475 0.6703065938681226
16 1.68 1.5085 343.09268374632614 11.049139017219655 13.666376672466551 0.24413511729765405
16 1.68 2.5075 334.3328337433156 12.659405561888763 14.695236095278094 0.06548869022619548
16 1.68 3.5065 329.00215515692565 13.639309713805725 14.971860562788745 0.016109677806443873
16 1.68 4.5055 325.97728325427175 14.195352342953141 15.0 0.0033899322013559727
16 1.68 5.5045 323.13460010784934 14.717904391912162 15.0 2.699946001079978E-4
16 1.68 6.5035 323.2043055140405 14.705090898182036 15.0 8.999820003599928E-5
16 1.68 7.5025 321.78853302907606 14.965343193136137 15.0 5.999880002399952E-5
16 1.68 8.5015 322.2799999999196 14.875 15.0 0.0
16 1.68 9.5005 321.76091198170917 14.970420591588168 15.0 2.999940001199976E-5
16 1.74 1.009 357.33828283436395 10.179643907121857 13.070138597228055 0.39053218935621287
16 1.74 2.008 345.24090238192406 12.222820543589128 14.45515089698206 0.1000179996400072
16 1.74 3.007 337.51010679788857 13.52869817603648 14.948161036779265 0.019829603407931842
16 1.74 4.006 333.1848341032751 14.259318563628728 15.0 0.0032999340013199737
16 1.74 5.005 331.2952966939029 14.578497180056399 15.0 7.799844003119938E-4
16 1.74 6.004 328.8000000000742 15.0 15.0 0.0
16 1.74 7.003 328.8000000000742 15.0 15.0 0.0
16 1.74 8.002 328.8000000000742 15.0 15.0 0.0
16 1.74 9.001 328.8000000000742 15.0 15.0 0.0
16 1.86 0.5095 383.5917399651785 9.134768554628907 12.226555468890622 0.6075478490430192
16 1.86 1.5085 365.3603893921945 11.779013169736606 14.18602627947441 0.14468710625787484
16 1.86 2.5075 353.83821083581887 13.453748425031499 14.951130977380453 0.020819583608327835
16 1.86 3.5065 348.25288054239314 14.265569688606227 15.0 0.002849943001139977
16 1.86 4.5055 345.7918935620393 14.623271284574308 15.0 5.399892002159956E-4
16 1.86 5.5045 344.72142137166105 14.778863172736544 15.0 2.999940001199976E-5
16 1.86 6.5035 344.15352312939297 14.861406521869563 15.0 5.999880002399952E-5
16 1.86 7.5025 343.19999999989767 15.0 15.0 0.0
16 1.86 8.5015 344.06000000000796 14.875 15.0 0.0
16 1.86 9.5005 343.19999999989767 15.0 15.0 0.0
16 1.92 1.009 381.6593400131053 10.752846193076138 13.52204955900882 0.2917141657166857
16 1.92 2.008 365.3313565728059 12.971283074338514 14.819883602327954 0.044129117417651645
16 1.92 3.007 357.0936665265981 14.090534439311213 14.99820003599928 0.005189896202075959
16 1.92 4.006 352.6578556430191 14.69322613547729 15.0 4.1999160016799666E-4
16 1.92 5.005 351.5257262856487 14.84704805903882 15.0 0.0
16 1.92 6.004 350.40000000021513 15.0 15.0 0.0
16 1.92 7.003 350.40000000021513 15.0 15.0 0.0
16 1.92 8.002 350.40000000021513 15.0 15.0 0.0
16 1.92 9.001 350.40000000021513 15.0 15.0 0.0
18 0.1 0.5095 85.57026459470733 6.716645667086661 10.294084118317633 0.623327533449331
18 0.1 1.5085 71.21947261054737 4.6679633074005915 8.090718185636288 0.252834943301134
18 0.1 2.5075 66.15122997539939 3.8306867195994525 7.599688006239875 0.11654766904661906
18 0.1 3.5065 57.95906281874355 2.902408618493788 12.219535609287814 0.020339593208135838
18 0.1 4.5055 46.93964120718956 2.017239655206645 17.0 5.999880002399952E-5
18 0.1 5.5045 46.800000000028156 2.0 17.0 0.0
18 0.1 6.5035 45.89999999998195 1.8888888888904165 17.0 0.0
18 0.1 7.5025 45.89999999998195 1.8888888888904165 17.0 0.0
18 0.1 8.5015 45.89999999998195 1.8888888888904165 17.0 0.0
18 0.1 9.5005 45.89999999998195 1.8888888888904165 17.0 0.0
18 0.16 0.01 113.0218131637321 8.456977527115988 12.04397912041759 0.992560148797024
18 0.16 10.0 63.23999999999261 1.8888888888904165 17.0 2.999940001199976E-5
18 0.28 1.009 128.50803863922843 6.362849409678475 9.907391852162958 0.5102597948041039
18 0.28 2.008 123.94173876522237 5.492090158196749 9.055888882222355 0.26555468890622186
18 0.28 3.007 108.42232075358227 3.4862702745944945 16.895182096358074 0.013529729405411892
18 0.28 4.006 102.62310073800388 2.6144310447126893 16.999370012599748 0.0017999640007199855
18 0.28 5.005 101.70966580667583 2.473713859055234 17.0 6.599868002639947E-4
18 0.28 6.004 99.30142197162594 2.1020712919060895 17.0 5.999880002399952E-5
18 0.28 8.002 97.92192236150862 1.889185549623864 17.0 0.0
18 0.28 9.001 97.91999999995531 1.8888888888904165 17.0 0.0
18 0.34 0.01 154.53260034799695 8.453877589114674 12.032159356812864 0.993820123597528
18 0.46 1.009 175.79902801946645 6.982713679059785 10.553518929621408 0.5978580428391432
18 0.46 2.008 172.5346109077583 6.254764904701884 9.759344813103738 0.3177236455270895
18 0.46 3.007 170.4277164456241 5.824490176863352 9.605597888042238 0.14615707685846283
18 0.46 4.006 157.42148017037837 3.4266014679702392 16.993610127797442 0.012359752804943901
18 0.46 5.005 153.63223015536167 2.6486070278598985 17.0 0.002249955000899982
18 0.46 6.004 152.40393832118406 2.3958720825572577 17.0 6.599868002639947E-4
18 0.46 8.002 150.57773264541325 2.020109597807751 17.0 5.999880002399952E-5
18 0.46 9.001 150.73616547661152 2.052708945820365 17.0 2.999940001199976E-5
18 0.52 0.01 196.23381892361985 8.501416638333726 12.094918101637967 0.9960100797984041
18 0.58 0.5095 207.7836767264677 7.843189802870625 11.431271374572509 0.8149937001259975
18 0.58 1.5085 204.7379174416425 6.987853576261779 10.520819583608327 0.48395032099358015
18 0.58 2.5075 202.75266454669799 6.483170336593232 10.056578868422632 0.2585348293034139
18 0.58 3.5065 201.26686926263784 6.123447531049309 9.72667546649067 0.12410751784964301
18 0.58 4.5055 192.52532369349163 3.973330533389238 16.756854862902742 0.023219535609287814
18 0.58 5.5045 189.49137757244742 3.177613114404761 17.0 0.008489830203395932
18 0.58 6.5035 188.34995380097797 2.8756491536846953 17.0 0.003269934601307974
18 0.58 7.5025 185.823439731135 2.2072591881468746 17.0 3.2999340013199736E-4
18 0.58 8.5015 186.03478790415883 2.2631714032356847 17.0 3.899922001559969E-4
18 0.58 9.5005 186.3145905081334 2.3371932561322772 17.0 2.999940001199976E-4
18 0.64 1.009 220.87265614687317 7.520449591008217 11.096148077038459 0.6613967720645587
18 0.64 2.008 218.9151388972175 6.92501816630336 10.440541189176216 0.3935921281574368
18 0.64 3.007 217.47582648347324 6.522829543409103 10.046829063418732 0.20585588288234236
18 0.64 4.006 216.2878598427943 6.19566275341163 9.788534229315413 0.1001079978400432
18 0.64 5.005 209.03016859662108 4.068355299560484 16.93382132357353 0.029129417411651766
18 0.64 6.004 206.94302033958422 3.4268581295035907 17.0 0.011669766604667906
18 0.64 8.002 204.80805423893895 2.7679179749759415 17.0 0.0023099538009239817
18 0.64 9.001 203.97022859543452 2.5093298134046558 17.0 0.001499970000599988
18 0.76 0.5095 250.71350452989648 8.168963287400892 11.75217495650087 0.866982660346793
18 0.76 1.5085 249.47875922481455 7.659376812463774 11.23132537349253 0.6088078238435232
18 0.76 2.5075 248.44862662748614 7.227925441491148 10.76792464150717 0.3997720045599088
18 0.76 3.5065 247.6319193616461 6.891482170356479 10.431031379372413 0.251004979900402
18 0.76 4.5055 246.94203875926198 6.603674593174743 10.17672646547069 0.14435711285774286
18 0.76 5.5045 246.2928253435107 6.324540175862946 10.274014519709606 0.08573828523429532
18 0.76 6.5035 245.61217015658303 6.025656153543645 10.344213115737686 0.048389032219355615
18 0.76 7.5025 242.99953080936083 4.828250101665089 14.028619427611448 0.02750944981100378
18 0.76 8.5015 240.536360472806 3.6927594781439486 17.0 0.01787964240715186
18 0.76 9.5005 239.5028067438327 3.2142623814186457 17.0 0.008339833203335933
18 0.82 1.009 264.3989200215866 8.100777984440262 11.688456230875383 0.7668746625067498
18 0.82 2.008 263.6720945581075 7.735075298493989 11.321953560928781 0.5669286614267715
18 0.82 3.007 263.02485090299683 7.383055672219917 10.92590148197036 0.3998620027599448
18 0.82 4.006 262.49090058201284 7.0910848449697275 10.634847303053938 0.26903461930761385
18 0.82 5.005 262.02706845865265 6.8246001746633125 10.370432591348173 0.17828643427131458
18 0.82 6.004 261.6371308573982 6.599644673773224 10.296664066718666 0.11783764324713505
18 0.82 8.002 260.92800383992926 6.172966540669216 10.057538849223015 0.04769904601907962
18 0.82 9.001 259.1062338753393 5.0525322826874906 14.388282234355312 0.037739245215095696
18 0.94 0.5095 292.58947921041306 8.532102691279341 12.108297834043318 0.9127917441651167
18 0.94 1.5085 292.331255174893 8.439667873309059 11.999010019799604 0.8047039059218816
18 0.94 2.5075 292.1923651526939 8.316933661326715 11.892212155756885 0.7243055138897222
18 0.94 3.5065 292.07321293573466 8.155656886862301 11.71917561648767 0.6483470330593388
18 0.94 4.5055 291.9783722325511 8.007859842803121 11.559908801823964 0.5790184196316074
18 0.94 5.5045 291.895911681764 7.870612587748149 11.430161396772064 0.5218395632087358
18 0.94 6.5035 291.81876942460684 7.733761991426869 11.290544189116218 0.47006059878802425
18 0.94 7.5025 291.75226675466314 7.612854409578478 11.164516709665806 0.41981160376792465
18 0.94 8.5015 291.6843175136469 7.488850222995556 11.065428691426172 0.375412491750165
18 0.94 9.5005 291.6171254574962 7.364786037612508 10.934691306173876 0.33428331433371333
18 1.0 0.5095 306.30083398332033 8.64562375419125 12.218065638687227 0.9367012659746805
18 1.0 1.5085 306.0879882402352 8.7235555288891 12.286764264714705 0.8933521329573408
18 1.0 2.5075 306.02768944621107 8.752968273967562 12.301823963520729 0.8833023339533209
18 1.0 3.5065 306.0109497810044 8.75797150723617 12.298914021719566 0.875532489350213
18 1.0 4.5055 306.0029999400012 8.765808017172771 12.31202375952481 0.872862542749145
18 1.0 5.5045 306.00143997120057 8.78258101504596 12.349283014339713 0.879462410751785
18 1.0 6.5035 306.0004799904002 8.74585174963134 12.299484010319794 0.872922541549169
18 1.0 7.5025 306.00017999640005 8.768414631707081 12.342233155336894 0.873912521749565
18 1.0 8.5015 306.0000299994 8.756441537835526 12.318713625727485 0.8729525409491811
18 1.0 9.5005 306.0000299994 8.784854302913567 12.350332993340134 0.874182516349673
18 1.06 0.01 320.52944261114567 8.527069458610569 12.109887802243955 0.997780044399112
18 1.18 1.009 345.9384988300237 9.380519056283847 12.902801943961121 0.7951040979180416
18 1.18 2.008 344.76253194935737 10.075548489027192 13.517849643007139 0.6593868122637547
18 1.18 3.007 343.69949421011864 10.729078751756685 14.080128397432052 0.5339593208135838
18 1.18 4.006 342.5767144657105 11.421824896834652 14.627857442851143 0.40889182216355674
18 1.18 5.005 341.5154298914017 12.076895128764514 15.154676906461871 0.30347393052138955
18 1.18 6.004 340.57950980980144 12.654623574195645 15.574008519829603 0.2248755024899502
18 1.18 8.002 338.8479210415848 13.723505529890142 16.25682486350273 0.10895782084358313
18 1.18 9.001 338.1602555948876 14.147990373526303 16.493220135597287 0.07865842683146337
18 1.24 0.01 362.01829003421074 8.502249955000694 12.104067918641627 0.99520009599808
18 1.36 1.009 383.5720657586747 10.063708725822593 13.5209995800084 0.6618467630647387
18 1.36 2.008 379.0637235255444 11.449531009379776 14.648587028259435 0.40613187736245276
18 1.36 3.007 374.91621887560547 12.7295620754253 15.611057778844422 0.22130557388852223
18 1.36 4.006 371.4329861402935 13.804633907322764 16.29732405351893 0.10457790844183117
18 1.36 5.005 368.8818935621167 14.59200815983791 16.72454550908982 0.049469010619787604
18 1.36 6.004 366.6664798703705 15.275777817774397 16.945641087178256 0.020909581808363834
18 1.36 8.002 363.6033695326105 16.221182243016038 16.99985000299994 0.00251994960100798
18 1.36 9.001 363.18782624350183 16.3494363446027 17.0 0.001739965200695986
18 1.42 0.01 403.3693406131351 8.514969700605768 12.116937661246775 0.9932801343973121
18 1.48 0.5095 411.4489434211041 9.608251168307683 13.114867702645947 0.756644867102658
18 1.48 1.5085 403.24523909521724 11.489610207795508 14.709785804283914 0.4018419631607368
18 1.48 2.5075 396.42178196435026 13.069031952693425 15.829813403731926 0.1737265254694906
18 1.48 3.5065 390.86054118919776 14.35635620620902 16.58297834043319 0.06143877122457551
18 1.48 4.5055 387.2034607307282 15.202902608611451 16.928571428571427 0.02207955840883182
18 1.48 5.5045 384.30066598666315 15.874845836416947 16.99403011939761 0.006839863202735945
18 1.48 6.5035 382.8325145496805 16.214695706074696 17.0 0.0020699586008279835
18 1.48 7.5025 381.1761300775057 16.598118037653006 17.0 5.399892002159956E-4
18 1.48 8.5015 380.7219631607825 16.703249268375075 17.0 1.499970000599988E-4
18 1.48 9.5005 379.4399999999441 17.0 17.0 0.0
18 1.54 1.009 418.7173294534079 10.808160503455369 14.128937421251575 0.5228295434091318
18 1.54 2.008 409.30147837043376 12.744551775631724 15.622937541249176 0.21944561108777824
18 1.54 3.007 402.38586908261374 14.167516649667242 16.513139737205258 0.07679846403071938
18 1.54 4.006 397.45196616066784 15.182723012203214 16.913181736365274 0.021029579408411832
18 1.54 5.005 394.2137157256431 15.849029686073614 16.994540109197818 0.006839863202735945
18 1.54 6.004 392.0463448731743 16.294990766845586 17.0 0.0020399592008159837
18 1.54 8.002 390.2256794864541 16.6696132744194 17.0 2.3999520009599807E-4
18 1.54 9.001 389.1550590987727 16.889905535234142 17.0 5.999880002399952E-5
18 1.66 0.5095 448.89571068577925 9.951464304043986 13.437991240175197 0.6904961900761984
18 1.66 1.5085 434.1473138537074 12.42637813910416 15.40040199196016 0.2583248335033299
18 1.66 2.5075 422.8981292374309 14.320180263062074 16.598338033239337 0.06701865962680746
18 1.66 3.5065 416.4253020939879 15.409881802365364 16.955030899382013 0.015449691006179876
18 1.66 4.5055 412.3802033958502 16.090874849165967 16.99685006299874 0.0036899262014759705
18 1.66 5.5045 409.1746475072769 16.630530722746823 17.0 3.2999340013199736E-4
18 1.66 6.5035 409.08871722564646 16.64499710006657 17.0 1.7999640007199856E-4
18 1.66 7.5025 407.88848503049326 16.847056392218583 17.0 0.0
18 1.66 8.5015 407.1661756765693 16.968657293521517 17.0 0.0
18 1.66 9.5005 407.6296052080322 16.89063885388931 17.0 2.999940001199976E-5
18 1.72 1.009 452.25288414231 11.430198062705227 14.658606827863442 0.40997180056398874
18 1.72 2.008 437.03075538488844 13.77920441591337 16.276984460310793 0.10742785144297114
18 1.72 3.007 427.6229339413406 15.231028712754455 16.92347153056939 0.023219535609287814
18 1.72 4.006 422.79519289613654 15.976050478989965 17.0 0.004679906401871963
18 1.72 5.005 420.1516001679815 16.384012319755456 17.0 0.0010799784004319913
18 1.72 6.004 418.19543529135 16.685889615565358 17.0 8.999820003599928E-5
18 1.72 8.002 416.88000000026614 16.88888888888882 17.0 0.0
18 1.72 9.001 416.8714681708948 16.890205529222833 17.0 2.999940001199976E-5
18 1.84 0.5095 485.0817423651521 10.31510036465676 13.722955540889183 0.6165476690466191
18 1.84 1.5085 462.76142797145405 13.264361379438181 15.971140577188455 0.15719685606287875
18 1.84 2.5075 448.7834187316605 15.113304400576276 16.89470210595788 0.024419511609767804
18 1.84 3.5065 440.19477530452207 16.249368345966165 17.0 0.002639947201055979
18 1.84 4.5055 436.6177068455584 16.722525549504827 17.0 3.899922001559969E-4
18 1.84 5.5045 435.3599999998331 16.88888888888882 17.0 0.0
18 1.84 6.5035 434.5199999996874 17.0 17.0 0.0
18 1.84 7.5025 434.5199999996874 17.0 17.0 0.0
18 1.84 8.5015 434.5199999996874 17.0 17.0 0.0
18 1.84 9.5005 434.5199999996874 17.0 17.0 0.0
18 1.9 0.01 513.4072058558853 8.557188856222705 12.154886902261955 0.9884502309953801
20 0.02 1.009 60.53710805783889 5.3376762464749845 8.997240055198896 0.28247435051298975
20 0.02 2.008 42.37249295014211 3.311579768404616 6.51439971200576 0.07049859002819944
20 0.02 3.007 36.769617807645325 2.6243895122098224 6.099928001439971 0.020639587208255834
20 0.02 4.006 34.66794204115973 2.3760514789705383 6.647567048659027 0.007919841603167936
20 0.02 5.005 31.80186296273518 2.099817003659388 8.527659446811064 8.399832003359933E-4
20 0.02 6.004 26.219999999980764 1.9000000000010122 19.0 0.0
20 0.02 8.002 26.219999999980764 1.9000000000010122 19.0 0.0
20 0.02 9.001 26.219999999980764 1.9000000000010122 19.0 0.0
20 0.14 0.5095 119.48812803743806 7.640094198116059 11.569358612827743 0.6391072178556428
20 0.14 1.5085 103.61181376372461 5.497603047938982 9.202465950680986 0.28505429891402173
20 0.14 2.5075 98.14376072478636 4.623171536569262 8.503539929201416 0.14387712245755085
20 0.14 3.5065 78.01099718005666 2.8345113097735903 18.778514429711407 0.00248995020099598
20 0.14 4.5055 74.5391060178942 2.4334133317335023 18.8142437151257 4.499910001799964E-4
20 0.14 5.5045 71.189970600541 2.0405081898365243 18.814453710925783 5.999880002399952E-5
20 0.14 6.5035 70.60415131692825 2.0237385252295503 19.0 0.0
20 0.14 7.5025 69.54000000002675 1.9000000000010122 19.0 0.0
20 0.14 8.5015 69.54000000002675 1.9000000000010122 19.0 0.0
20 0.14 9.5005 69.54000000002675 1.9000000000010122 19.0 0.0
20 0.2 0.01 151.79518809623804 9.460292794144138 13.386962260754785 0.9934001319973601
20 0.32 0.5095 177.2064750704994 8.068470630587356 11.990940181196375 0.7193556128877422
20 0.32 1.5085 168.38559548809462 6.563652726945485 10.390472190556189 0.377302453950921
20 0.32 2.5075 164.7771440571153 5.945188096238033 9.767384652306953 0.19391612167756644
20 0.32 3.5065 144.75661126778508 3.4050818983618383 18.99940001199976 0.007559848803023939
20 0.32 4.5055 139.12398392029488 2.5770564588705493 19.0 0.00125997480050399
20 0.32 5.5045 137.48238795225026 2.335645287094673 19.0 2.999940001199976E-4
20 0.32 6.5035 135.36531829364597 2.024311513769371 19.0 2.999940001199976E-5
20 0.32 7.5025 134.51999999998716 1.9000000000010122 19.0 0.0
20 0.32 8.5015 135.2000000000843 2.0 19.0 0.0
20 0.32 9.5005 134.51999999998716 1.9000000000010122 19.0 0.0
20 0.5 1.009 229.97876042479152 7.804985900281953 11.689596208075839 0.6109977800443991
20 0.5 2.008 226.1520519589608 6.985000299993931 10.798314033719326 0.3353932921341573
20 0.5 3.007 223.6792764144717 6.493970120597643 10.402711945761085 0.1640067198656027
20 0.5 4.006 210.05360892782144 4.007700845983006 18.970930581388373 0.019829603407931842
20 0.5 5.005 205.54213415731687 3.1084268314630483 19.0 0.004529909401811963
20 0.5 6.004 203.3215035699286 2.664300713985477 19.0 0.001109977800443991
20 0.5 8.002 200.0867132657347 2.017342653146685 19.0 5.999880002399952E-5
20 0.5 9.001 200.0 2.0 19.0 0.0
20 0.68 0.01 289.1076906461862 9.483866322673556 13.38702225955481 0.997120057598848
20 0.8 0.5095 322.7223075538479 9.18101337973235 13.075268494630107 0.8806623867522649
20 0.8 1.5085 321.5319133617319 8.622487550248943 12.526669466610668 0.6589368212635748
20 0.8 2.5075 320.47019259615166 8.131922361552823 11.998410031799365 0.45836083278334433
20 0.8 3.5065 319.69391012179847 7.780272394552128 11.586308273834524 0.3101637967240655
20 0.8 4.5055 318.95779084418905 7.439692206155908 11.249115017699646 0.19820603587928243
20 0.8 5.5045 318.4120297594089 7.179063418731563 10.987640247195056 0.124257514849703
20 0.8 6.5035 317.94058318833686 6.9536239275215985 10.820273594528109 0.07811843763124737
20 0.8 7.5025 317.4297414051693 6.705390892182271 10.43265134697306 0.04580908381832363
20 0.8 8.5015 315.2913781724337 5.641597168056647 14.92962140757185 0.035789284214315716
20 0.8 9.5005 312.3574848502917 4.178550428991314 18.912611747765045 0.022979540409191816
20 0.86 0.01 340.5572502549996 9.498014039719246 13.422841543169136 0.9980500389992201
20 0.98 1.009 374.4528667426805 9.588882222355517 13.46295074098518 0.9196616067678647
20 0.98 2.008 374.3553098938141 9.546793064138695 13.43670126597468 0.874302513949721
20 0.98 3.007 374.31308993821364 9.475781484370325 13.33437331253375 0.8437031259374812
20 0.98 4.006 374.29265134698215 9.419304613907691 13.302543949121018 0.8189236215275695
20 0.98 5.005 374.27454970901226 9.358930821383586 13.239335213295734 0.7972040559188817
20 0.98 6.004 374.2575988480227 9.28167336653266 13.166526669466611 0.7689746205075898
20 0.98 8.002 374.22678586427503 9.13187136257284 13.000689986200276 0.7239155216895662
20 0.98 9.001 374.2114909701675 9.055984880302429 12.940961180776384 0.6988060238795224
20 1.04 0.5095 391.52470030598823 9.695551088978247 13.589908201835962 0.9428211435771284
20 1.04 1.5085 391.2782228355414 9.923312533749302 13.78097438051239 0.8897222055558889
20 1.04 2.5075 391.17557808843424 10.096544069118634 13.972220555588889 0.8551028979420412
20 1.04 3.5065 391.1001919961557 10.258099838003218 14.124227515449691 0.8300233995320093
20 1.04 4.5055 391.02851742965123 10.430422391552202 14.25052498950021 0.8003239935201296
20 1.04 5.5045 390.9591624167521 10.60271794564109 14.462740745185096 0.7675046499070018
20 1.04 6.5035 390.88367312653565 10.790817183656273 14.5757484850303 0.7404151916961661
20 1.04 7.5025 390.82175196495933 10.94585408291836 14.724785504289914 0.7120657586848264
20 1.04 8.5015 390.75176936461764 11.120576588468223 14.888012239755206 0.6840463190736186
20 1.04 9.5005 390.69361852763274 11.26595368092633 15.043079138417232 0.6532669346613068
20 1.1 0.01 409.0784904301894 9.505663886722273 13.419481610367793 0.998230035399292
20 1.22 0.5095 441.5070996580007 10.097459050818971 13.970360592788143 0.872412551748965
20 1.22 1.5085 439.2199796004105 11.085171296574105 14.87130257394852 0.6915761684766305
20 1.22 2.5075 437.0798230035336 12.054808903821865 15.695506089878203 0.5235495290094198
20 1.22 3.5065 434.9812893742107 13.008504829903394 16.438531229375414 0.373582528349433
20 1.22 4.5055 433.28619907602473 13.779000419991588 17.04529909401812 0.26990460190796184
20 1.22 5.5045 431.2520933581305 14.703593928121462 17.730245395092098 0.16709665806683865
20 1.22 6.5035 429.73759524809003 15.39200215995714 18.13247735045299 0.10442791144177116
20 1.22 7.5025 428.54438531230755 15.934370312593616 18.432681346373073 0.06737865242695146
20 1.22 8.5015 427.2249925001575 16.534094318113702 18.742995140097197 0.03842923141537169
20 1.22 9.5005 426.4552366952718 16.88398332033374 18.893082138357233 0.024269514609707808
20 1.4 1.009 486.38144837103556 11.406464870702552 15.154436911261774 0.634307313853723
20 1.4 2.008 479.5526729465392 13.111831763364648 16.538519229615407 0.3614027719445611
20 1.4 3.007 473.4294834103345 14.642629147417074 17.660466790664188 0.1725265494690106
20 1.4 4.006 468.4493190136228 15.887670246595343 18.41933161336773 0.07073858522829543
20 1.4 5.005 465.279678406428 16.680080398392313 18.822253554928903 0.032879342413151734
20 1.4 6.004 462.4600347992963 17.38499130017415 18.976510469790604 0.011669766604667906
20 1.4 8.002 459.0684586309345 18.23288534229797 19.0 0.0019499610007799844
20 1.4 9.001 458.01885162308974 18.49528709426439 19.0 1.499970000599988E-4
20 1.58 0.01 545.977825043531 9.521857562848735 13.441741165176696 0.99280014399712
20 1.7 0.5095 567.7884202315951 11.17659446811062 14.933101337973241 0.6700965980680387
20 1.7 1.5085 547.5254304913918 14.067795644087036 17.27194456110878 0.23300533989320213
20 1.7 2.5075 532.612032759343 16.19828103437944 18.567768644627108 0.054508909821803564
20 1.7 3.5065 523.5364342712983 17.494795104098294 18.990790184196317 0.010409791804163918
20 1.7 4.5055 519.1118437631679 18.126879462408716 19.0 0.002129957400851983
20 1.7 5.5045 517.1206425871369 18.41133677326872 19.0 6.599868002639947E-4
20 1.7 6.5035 514.8487820245201 18.735888282222064 19.0 2.999940001199976E-5
20 1.7 7.5025 513.6999999996843 18.900000000011882 19.0 0.0
20 1.7 8.5015 513.8045569086751 18.885063298749387 19.0 0.0
20 1.7 9.5005 513.0 19.0 19.0 0.0
20 1.76 0.01 597.0253278934289 9.554871902561976 13.469220615587687 0.990670186596268
20 1.88 1.009 596.2339305214008 13.427962440751212 16.79792404151917 0.30929381412371754
20 1.88 2.008 572.2051574968682 16.158504829902736 18.54487910241795 0.05585888282234355
20 1.88 3.007 557.3074338512891 17.851427971441296 18.99502009959801 0.005339893202135957
20 1.88 4.006 550.461549169215 18.629369412622665 19.0 2.0999580008399833E-4
20 1.88 5.005 548.0799999999169 18.900000000011882 19.0 0.0
20 1.88 6.004 547.1999999996581 19.0 19.0 0.0
20 1.88 8.002 547.1999999996581 19.0 19.0 0.0
20 1.88 9.001 548.0799999999169 18.900000000011882 19.0 0.0
20 1.94 0.01 648.2407745845096 9.55836383272342 13.456680866382673 0.989140217195656
20 2.0 0.01 665.5038099238016 9.547045059098828 13.447591048179037 0.9884502309953801
