10 0.04 0.01 25.286545869084744 4.4995080098398 6.633647327053459 0.991660166796664
10 0.04 10.0 12.968979420411884 1.800641987161288 6.21947561048779 5.699886002279955E-4
10 0.16 1.009 29.76000719985594 3.386872262554742 5.567378652426951 0.49814003719925604
10 0.16 2.008 28.252869742604872 2.9160196796065976 5.2269154616907665 0.2627047459050819
10 0.16 3.007 26.94874302513993 2.5753104937901323 5.677116457670847 0.11036779264414712
10 0.16 4.006 24.863887922241684 2.193562128757222 7.308513829723405 0.020519589608207836
10 0.16 5.005 22.52767864642648 1.884976300474268 8.792944141117177 5.399892002159956E-4
10 0.16 6.004 21.9957664846694 1.807475850483922 8.99610007799844 8.999820003599928E-5
10 0.16 7.003 22.13334733304914 1.8410331793369277 8.99910001799964 1.7999640007199856E-4
10 0.16 8.002 21.959999999995976 1.8000000000010403 9.0 0.0
10 0.16 9.001 21.959999999995976 1.8000000000010403 9.0 0.0
10 0.22 0.01 37.84968500630267 4.505261894762112 6.631547369052619 0.9942401151976961
10 0.22 10.0 26.819999999982382 1.8000000000010403 9.0 0.0
10 0.28 0.5095 40.64204475910282 4.027923441531183 6.192206155876883 0.7589548209035819
10 0.28 1.5085 39.14828943421263 3.504313913721667 5.784364312713746 0.4268914621707566
10 0.28 2.5075 38.1654454910943 3.1995200095996865 5.815533689326213 0.2260754784904302
10 0.28 3.5065 35.20776984460877 2.582948341033131 7.75937481250375 0.0494990100197996
10 0.28 4.5055 32.4940637187328 2.012959740805082 8.969190616187676 0.0011699766004679907
10 0.28 5.5045 32.278888822237924 1.9649487010265945 8.996820063598728 6.29987400251995E-4
10 0.28 6.5035 31.89565008701784 1.8599028019448962 9.0 2.0999580008399833E-4
10 0.28 7.5025 31.83752564950525 1.8437571248579383 9.0 1.7999640007199856E-4
10 0.28 8.5015 31.68000000002195 1.8000000000010403 9.0 0.0
10 0.28 9.5005 31.68000000002195 1.8000000000010403 9.0 8.999820003599928E-5
10 0.34 1.009 44.46422271554569 3.862182756344895 6.058618827623447 0.6062278754424911
10 0.34 2.008 43.45368392632065 3.522163556728833 5.926771464570709 0.3344033119337613
10 0.34 3.007 41.9140319193632 3.1434751304972033 6.725595488090238 0.13883722325553488
10 0.34 4.006 38.78422811544168 2.4204775904480864 8.614837703245936 0.016709665806683868
10 0.34 5.005 37.25779504409907 2.0175136497278516 9.0 9.89980200395992E-4
10 0.34 6.004 37.04273174536397 1.952342953141425 9.0 4.7999040019199615E-4
10 0.34 7.003 36.72841303174221 1.8570948581033742 9.0 5.999880002399952E-5
10 0.34 8.002 36.597577248467935 1.817447651047887 9.0 5.999880002399952E-5
10 0.34 9.001 36.86762404753027 1.8992800144007809 9.0 8.999820003599928E-5
10 0.46 0.5095 53.91870702586091 4.274182516349667 6.437331253374932 0.7960340793184136
10 0.46 1.5085 53.0219559608827 3.9597468050640066 6.207175856482871 0.4777104457910842
10 0.46 2.5075 52.182708345835366 3.7133437331255434 6.285984280314394 0.25202495950081
10 0.46 3.5065 50.83215275694667 3.3229735405292318 7.020759584808304 0.09653806923861523
10 0.46 4.5055 47.807808843824304 2.3683866322670335 8.962830743385132 0.006899862002759945
10 0.46 5.5045 47.409820603589864 2.225859482810427 9.0 0.003209935801283974
10 0.46 6.5035 46.83144357114012 2.0116457670847505 9.0 0.001619967600647987
10 0.46 7.5025 46.422741945173755 1.8602747945048184 9.0 2.699946001079978E-4
10 0.46 8.5015 46.307999640018835 1.8177776444478928 9.0 5.999880002399952E-5
10 0.46 9.5005 46.34802903942912 1.8326033479341655 9.0 1.499970000599988E-4
10 0.52 1.009 57.75647087057577 4.200533989320195 6.403911921761565 0.633017339653207
10 0.52 2.008 57.04385432289958 3.977104457910931 6.315953680926381 0.36608267834643304
10 0.52 3.007 56.29435291292329 3.742947141057443 6.476120477590448 0.19280614387712247
10 0.52 4.006 54.51970480590545 3.1351652966941503 7.7975340493190135 0.05234895302093958
10 0.52 5.005 53.013913721749994 2.5752924941500956 8.692506149877003 0.011399772004559909
10 0.52 6.004 52.0015935681596 2.167330653387322 9.0 0.0032999340013199737
10 0.52 7.003 51.6704289914508 2.029345413092501 9.0 0.0014099718005639887
10 0.52 8.002 51.37052618951167 1.9043859122825588 9.0 2.999940001199976E-4
10 0.52 9.001 51.536108477862 1.9733785324295423 9.0 4.7999040019199615E-4
10 0.64 0.5095 66.56763184735917 4.481142377152454 6.633047339053219 0.7990340193196136
10 0.64 1.5085 65.92107517849041 4.318377632447295 6.5534589308213835 0.4902801943961121
10 0.64 2.5075 65.41593568128037 4.135705285894217 6.4805003899922005 0.28448431031379373
10 0.64 3.5065 64.94893502129509 3.94841903161951 6.472790544189116 0.15416691666166676
10 0.64 4.5055 63.984633107338574 3.492374152517137 7.361552768944621 0.06017879642407152
10 0.64 5.5045 62.913703725928734 2.9382552348955016 8.310463790724185 0.022889542209155816
10 0.64 6.5035 62.28207955840916 2.597966040679163 8.779654406911861 0.01103977920441591
10 0.64 7.5025 61.49700485991259 2.165002699945923 9.0 0.00251994960100798
10 0.64 8.5015 61.588446631069125 2.215803683926174 9.0 0.0032999340013199737
10 0.64 9.5005 61.27088978219291 2.0393832123351996 9.0 0.0014399712005759885
10 0.7 0.01 71.28757124857518 4.510949781004381 6.642767144657107 0.9948701025979481
10 0.7 10.0 66.11619667606193 2.07746445071095 9.0 0.0012299754004919902
10 0.82 0.5095 78.76527149456886 4.6741345173096365 6.825073498530029 0.7936941261174777
10 0.82 1.5085 78.29468530629032 4.654484910301806 6.816133677326453 0.5570288594228116
10 0.82 2.5075 78.05037559248402 4.549787004259872 6.754454910901782 0.3991420171596568
10 0.82 3.5065 77.86700245994531 4.428529429411313 6.682246355072898 0.2874542509149817
10 0.82 4.5055 77.70911501769388 4.297624047518914 6.630497390052199 0.20489590208195835
10 0.82 5.5045 77.54650386991798 4.139467210655686 6.709665806683867 0.14210715785684286
10 0.82 6.5035 77.41775124497148 4.006767864642709 6.6727665446691065 0.10178796424071519
10 0.82 7.5025 77.28609767804461 3.867510649787237 6.756434871302574 0.06857862842743145
10 0.82 8.5015 76.97113037739453 3.521209575808638 7.426261474770505 0.045479090418191634
10 0.82 9.5005 76.93397012059997 3.4809863802726517 7.3830923381532365 0.0372592548149037
10 1.06 1.009 94.12964000719244 5.040859182816366 7.159236815263695 0.7020459590808183
10 1.06 2.008 93.90911741764316 5.175880482390339 7.270504589908202 0.6383272334553309
10 1.06 3.007 93.83322793543378 5.278646427071468 7.358882822343553 0.6071878562428752
10 1.06 4.006 93.79315893681571 5.371506569868618 7.4300413991720164 0.5851682966340673
10 1.06 5.005 93.76157676846147 5.4653326933461175 7.523309533809324 0.5674086518269634
10 1.06 6.004 93.73917261654721 5.537787244255127 7.563778724425512 0.5401691966160677
10 1.06 7.003 93.70624107518047 5.646499070018626 7.656206875862483 0.5198896022079559
10 1.06 8.002 93.6800173996569 5.7332753344933405 7.713835723285534 0.49181016379672404
10 1.06 9.001 93.65098338033665 5.8301613967720645 7.805783884322314 0.4666106677866443
10 1.12 0.01 100.37017699645237 4.53835123297533 6.673846523069539 0.9903101937961241
10 1.12 10.0 96.65099658008599 6.915005699886051 8.550638987220255 0.1896562068758625
10 1.18 0.5095 102.17832543349675 5.019379612407729 7.123027539449211 0.745815083698326
10 1.18 1.5085 101.40772364552805 5.393544129117433 7.438111237775244 0.5914981700365992
10 1.18 2.5075 101.09591408171572 5.682534349312997 7.676156476870463 0.506929861402772
10 1.18 3.5065 100.82650146996376 5.972166556668898 7.9065818683626325 0.4276714465710686
10 1.18 4.5055 100.56067138656479 6.266274674506581 8.129717405651887 0.3489530209395812
10 1.18 5.5045 100.2885954280833 6.568266634667265 8.334043319133617 0.27110457790844184
10 1.18 6.5035 99.99535669286409 6.894048119037673 8.535189296214076 0.19688606227875444
10 1.18 7.5025 99.74066538669622 7.177038459230801 8.675676486470271 0.13997720045599088
10 1.18 8.5015 99.51291954161816 7.430089398211944 8.803593928121437 0.0990880182396352
10 1.18 9.5005 99.3402957940911 7.621893562128794 8.87805243895122 0.07235855282894342
10 1.24 1.009 105.33915161697034 5.331451370972518 7.3959020819583605 0.6334973300533989
10 1.24 2.008 104.72703545928859 5.74151316973661 7.719175616487671 0.499820003599928
10 1.24 3.007 104.2534061318729 6.124083518329641 8.007829843403131 0.38642227155456893
10 1.24 4.006 103.7559116817678 6.537019259614794 8.301433971320574 0.2775244495110098
10 1.24 5.005 103.31950320994181 6.900413991720191 8.534139317213656 0.19121617567648647
10 1.24 6.004 102.86751784965314 7.277068458630952 8.728685426291474 0.12014759704805904
10 1.24 7.003 102.51994480111884 7.566712665746501 8.861462770744586 0.07874842503149937
10 1.24 8.002 102.18124197516346 7.848965020699726 8.933911321773564 0.047969040619187615
10 1.24 9.001 101.94870822583195 8.042743145137294 8.973510529789404 0.029399412011759767
10 1.36 0.5095 113.47658726824939 5.175772484550324 7.260904781904362 0.6969760604787905
10 1.36 1.5085 111.94522109558326 5.820903581928416 7.789164216715665 0.4729105417891642
10 1.36 2.5075 110.7826615467733 6.454892902142044 8.251034979300414 0.30581388372232554
10 1.36 3.5065 109.76270594588154 7.020741585168268 8.60637787244255 0.16928661426771466
10 1.36 4.5055 108.87298974020912 7.51500569988593 8.837493250134997 0.0874182516349673
10 1.36 5.5045 108.10057838843153 7.944123117537618 8.954580908381832 0.038009239815203696
10 1.36 6.5035 107.68972220554174 8.172376552468888 8.99115017699646 0.019169616607667847
10 1.36 7.5025 107.22272874541319 8.431817363651641 8.997810043799124 0.00881982360352793
10 1.36 8.5015 106.82152756943509 8.654706905861103 8.999940001199976 0.003629927401451971
10 1.36 9.5005 106.76502309954036 8.686098278033828 9.0 0.002219955600887982
10 1.42 1.009 116.08849763004737 5.614291714165704 7.6295074098518025 0.5440991180176397
10 1.42 2.008 114.50150416991555 6.334199316013682 8.165446691066178 0.33251334973300534
10 1.42 3.007 113.0385762284767 7.02924941501171 8.609767804643907 0.16748665026699466
10 1.42 4.006 111.82955480889247 7.604973900522085 8.869592608147837 0.0749085018299634
10 1.42 5.005 111.02100377993331 7.989998200036549 8.96415071698566 0.03305933881322374
10 1.42 6.004 110.31326333475306 8.327017459650587 8.995110097798044 0.012689746205075899
10 1.42 7.003 109.8179798403954 8.562866742662914 9.0 0.005339893202135957
10 1.42 8.002 109.57031919360108 8.680800383988526 9.0 0.001979960400791984
10 1.42 9.001 109.3304829903201 8.795008099836492 9.0 0.0014699706005879883
10 1.54 0.5095 124.50157076859321 5.331919361612752 7.39530209395812 0.6427071458570829
10 1.54 1.5085 121.60174296512513 6.297858042839129 8.149427011459771 0.3404931901361973
10 1.54 2.5075 119.22734625310804 7.175142497150037 8.675406491870163 0.14363712725745484
10 1.54 3.5065 117.4227629447558 7.843421131577472 8.941891162176756 0.04778904421911562
10 1.54 4.5055 116.46401751962702 8.19851202975979 8.988870222595548 0.01877962440751185
10 1.54 5.5045 115.42757844839615 8.582378352432922 8.999040019199615 0.004499910001799964
10 1.54 6.5035 115.07534889296107 8.712833743322735 9.0 0.0021599568008639825
10 1.54 7.5025 114.69660046793236 8.85311093777863 9.0 8.999820003599928E-4
10 1.54 8.5015 114.57217075653489 8.899196016076816 9.0 2.699946001079978E-4
10 1.54 9.5005 114.40486050272968 8.961162776742555 9.0 8.999820003599928E-5
10 1.6 0.01 133.59642407151847 4.549757004859934 6.671896562068759 0.9834103317933641
10 1.6 10.0 117.07696646068159 8.974344513109546 9.0 2.999940001199976E-5
10 1.72 0.5095 135.22197036059225 5.496892062158763 7.524029519409612 0.5907481850362992
10 1.72 1.5085 130.51750524988202 6.745725085498233 8.445101097978041 0.23297534049319013
10 1.72 2.5075 127.1481682366323 7.681064378712557 8.894492110157797 0.06341873162536749
10 1.72 3.5065 124.93168536628879 8.296754064918849 8.995410091798163 0.01385972280554389
10 1.72 4.5055 123.40803023937305 8.719991600167775 9.0 0.0020699586008279835
10 1.72 5.5045 122.90748185036544 8.8590328193416 9.0 5.099898002039959E-4
10 1.72 6.5035 122.73684526310934 8.906431871359947 9.0 3.2999340013199736E-4
10 1.72 7.5025 122.50086998256327 8.971980560387488 9.0 1.499970000599988E-4
10 1.72 8.5015 122.58413631725416 8.948851022977308 9.0 5.999880002399952E-5
10 1.72 9.5005 122.4504997899536 8.985972280553572 9.0 0.0
10 1.9 1.009 142.04118617627552 6.436875262494845 8.23327533449331 0.3030839383212336
10 1.9 2.008 136.2838243235139 7.71470570588589 8.911471770564589 0.05840883182336353
10 1.9 3.007 133.2184946301127 8.395890082198907 8.998740025199496 0.009419811603767925
10 1.9 4.006 131.49652306949935 8.778550428989744 9.0 8.099838003239935E-4
10 1.9 5.005 131.12201355970856 8.861774764501833 9.0 1.7999640007199856E-4
10 1.9 6.004 130.6693136137151 8.962374752503946 9.0 5.999880002399952E-5
10 1.9 7.003 130.50515689686208 8.998854022919542 9.0 0.0
10 1.9 8.002 130.51017879642302 8.997738045239128 9.0 2.999940001199976E-5
10 1.9 9.001 130.5 9.0 9.0 0.0
12 0.02 0.01 34.90980380392338 5.4817203655926905 8.012599748005039 0.990790184196316
12 0.02 10.0 14.335205495889296 1.8333333333293262 6.221605567888642 2.999940001199976E-5
12 0.08 0.5095 35.39545929081388 4.403951920961558 6.95035099298014 0.629597408051839
12 0.08 1.5085 29.714806503870026 3.1851562968740628 5.6764564708705825 0.2601547969040619
12 0.08 2.5075 27.479326813464045 2.669751604967849 5.44960100797984 0.10571788564228715
12 0.08 3.5065 25.57221815563648 2.307413851722813 6.230395392092158 0.03332933341333173
12 0.08 4.5055 23.87231655366564 2.058003839922476 7.660466790664187 0.006539869202615948
12 0.08 5.5045 22.178122037563917 1.8930421391543777 9.287184256314873 3.599928001439971E-4
12 0.08 6.5035 22.0570624587573 1.8416881662324498 9.084958300833984 1.1999760004799904E-4
12 0.08 7.5025 21.17948041041041 1.836133277330139 10.327743445131098 2.999940001199976E-5
12 0.08 8.5015 20.8419967600731 1.833333333328946 10.775004499910002 0.0
12 0.08 9.5005 20.68000000000764 1.833333333328946 11.0 2.999940001199976E-5
12 0.14 1.009 40.03468050638945 3.9192016159676832 6.460760784784305 0.46751064978700424
12 0.14 2.008 37.453157736845384 3.254369912601748 5.911351772964541 0.22832543349133017
12 0.14 3.007 35.561369772605026 2.8343183136336805 6.499460010799784 0.09308813823723526
12 0.14 4.006 31.947937841249434 2.3336833263339405 9.07664846703066 0.015899682006359873
12 0.14 5.005 27.942399351989742 1.8337983240291411 11.0 0.0
12 0.14 6.004 28.04371392569811 1.8534329313373559 11.0 2.999940001199976E-5
12 0.14 7.003 27.939999999976784 1.833333333328946 11.0 5.999880002399952E-5
12 0.14 8.002 27.939999999976784 1.833333333328946 11.0 0.0
12 0.14 9.001 27.939999999976784 1.833333333328946 11.0 8.999820003599928E-5
12 0.26 0.5095 56.548932621358 4.785719285614294 7.336203275934482 0.7381652366952661
12 0.26 1.5085 53.94495590088005 4.038489230215423 6.664696706065879 0.4106917861642767
12 0.26 2.5075 52.4045527089345 3.6374972500549996 6.661426771464571 0.2113457730845383
12 0.26 3.5065 47.25180476388904 2.7543899122017494 9.798434031319374 0.03437931241375172
12 0.26 4.5055 43.38252474947896 2.0405241895155104 10.998380032399352 4.499910001799964E-4
12 0.26 5.5045 43.768895422065206 2.127307453852336 10.998440031199376 5.099898002039959E-4
12 0.26 6.5035 42.459999999979935 1.833333333328946 11.0 2.999940001199976E-5
12 0.26 7.5025 42.596460670764806 1.8640677186421344 11.0 2.999940001199976E-5
12 0.26 8.5015 42.55710085796156 1.8552028959383304 11.0 0.0
12 0.26 9.5005 42.459999999979935 1.833333333328946 11.0 0.0
12 0.32 1.009 61.90692266154576 4.499620007599822 7.075628487430252 0.5747885042299155
12 0.32 2.008 60.373157736845286 4.048094038119266 6.784994300113998 0.3164636707265855
12 0.32 3.007 57.5450986980279 3.4798904021919235 8.378172436551269 0.10562788744225116
12 0.32 4.006 52.00360952781154 2.38507229855377 10.969310613787725 0.005069898602027959
12 0.32 5.005 51.312976540467574 2.2234205315907247 10.999160016799664 0.0011999760004799903
12 0.32 6.004 49.792989740177205 1.8512229755367466 11.0 5.999880002399952E-5
12 0.32 7.003 49.88386992256922 1.8734975300460488 11.0 5.999880002399952E-5
12 0.32 8.002 49.875016499646264 1.8713275734448245 11.0 2.999940001199976E-5
12 0.32 9.001 49.71999999997665 1.833333333328946 11.0 2.999940001199976E-5
12 0.44 0.5095 76.15702405951488 5.082263354732911 7.625817483650327 0.7908141837163257
12 0.44 1.5085 74.63405411890973 4.595508089838227 7.200065998680026 0.4604307913841723
12 0.44 2.5075 73.49281454370399 4.284209315813694 7.131577368452631 0.2350152996940061
12 0.44 3.5065 70.82644027119142 3.6391072178557193 8.757364852702946 0.07358852822943542
12 0.44 4.5055 66.53315533689849 2.514024719505541 10.976930461390772 0.006059878802423951
12 0.44 5.5045 65.64120957582931 2.250359992800156 11.0 0.0016499670006599868
12 0.44 6.5035 65.05108777825238 2.0747285054291877 11.0 7.199856002879943E-4
12 0.44 7.5025 64.8029567408699 2.0008799823984695 11.0 2.999940001199976E-4
12 0.44 8.5015 64.42976900461618 1.8898122037529081 11.0 5.999880002399952E-5
12 0.44 9.5005 64.48097438052434 1.905051898959428 11.0 2.999940001199976E-5
12 0.5 0.01 83.40281694366112 5.49109517809643 8.021479570408593 0.9957700845983081
12 0.5 10.0 71.76039479210415 1.9201315973653532 11.0 2.999940001199976E-5
12 0.62 0.5095 94.87571488570454 5.319223615527658 7.866112677746445 0.8116937661246775
12 0.62 1.5085 93.95593628128658 5.028429431411331 7.603467930641387 0.5013199736005279
12 0.62 2.5075 93.19136317275468 4.77171456570874 7.479510409791804 0.2754244915101698
12 0.62 3.5065 92.41095038100731 4.499495010099823 7.612017759644807 0.1360472790544189
12 0.62 4.5055 90.54887202257366 3.764134717305753 9.259884802303954 0.049019019619607605
12 0.62 5.5045 88.7876234475209 3.035154296914291 10.483590328193436 0.016499670006599867
12 0.62 6.5035 87.47230815382697 2.4703105937879157 11.0 0.00509989800203996
12 0.62 7.5025 87.10915701685555 2.311033779324722 11.0 0.0020399592008159837
12 0.62 8.5015 86.54075298492224 2.0617337653240106 11.0 6.29987400251995E-4
12 0.62 9.5005 86.88702105957027 2.2136057278849313 11.0 0.001139977200455991
12 0.8 1.009 112.69892602147974 5.514839703205935 8.056158876822463 0.6919361612767745
12 0.8 2.008 112.27912041759149 5.355977880442408 7.921011579768405 0.4845203095938081
12 0.8 3.007 111.94783104337901 5.170661586768329 7.76312473750525 0.3258534829303414
12 0.8 4.006 111.68768824623538 5.007634847303107 7.68647627047459 0.21596568068638627
12 0.8 5.005 111.42776744465235 4.821213575728512 7.623627527449451 0.14222715545689085
12 0.8 6.004 111.23123537529312 4.6733165336693165 7.5518989620207595 0.09293814123717525
12 0.8 7.003 110.95455090898487 4.4509059818803625 7.999520009599808 0.06416871662566749
12 0.8 8.002 110.54047519049276 4.111782764344788 8.523429531409372 0.04061918761624767
12 0.8 9.001 110.14455510890255 3.786249275014464 9.217255654886902 0.027899442011159778
12 0.98 0.01 131.7725571488584 5.505139897202065 8.037079258414831 0.995110097798044
12 0.98 10.0 130.04464690708554 5.70514589708206 8.240805183896322 0.5328193436131278
12 1.04 1.009 136.0751352972651 5.978610427791409 8.49445011099778 0.7690946181076378
12 1.04 2.008 135.88273714522396 6.0894632107357545 8.575208495830083 0.7114657706845863
12 1.04 3.007 135.81301613964422 6.184451310973759 8.68029639407212 0.6910061798764024
12 1.04 4.006 135.78082678343404 6.269564608707821 8.731505369892602 0.6740865182696346
12 1.04 5.005 135.75818803621232 6.348163036739258 8.817753644927102 0.6584268314633708
12 1.04 6.004 135.74257034856913 6.409336813263729 8.859902801943962 0.6406671866562669
12 1.04 7.003 135.7217819643418 6.493225135497275 8.93655126897462 0.624227515449691
12 1.04 8.002 135.7033395331938 6.569548609027784 8.990670186596269 0.6115377692446151
12 1.04 9.001 135.67819163615547 6.674201515969685 9.08339833203336 0.5871182576348473
12 1.16 0.5095 147.7989668206672 5.989950200995966 8.484760304793904 0.7977140457190857
12 1.16 1.5085 147.03648647027856 6.395572088558182 8.855012899742006 0.6612767744645107
12 1.16 2.5075 146.66048599029065 6.738955220895505 9.137337253254936 0.5742485150296994
12 1.16 3.5065 146.30431511370347 7.1014479710405585 9.43085138297234 0.4846103077938441
12 1.16 4.5055 145.9504457910833 7.468430631387346 9.708585828283434 0.3998620027599448
12 1.16 5.5045 145.65693646126482 7.774024519509621 9.947771044579108 0.31844363112737745
12 1.16 6.5035 145.3192296153987 8.125802483950357 10.17489650206996 0.24176516469670606
12 1.16 7.5025 145.01929801403188 8.438231235375339 10.391942161156777 0.18683626327473452
12 1.16 8.5015 144.71495530088507 8.755254894902176 10.571968560628788 0.1370672586548269
12 1.16 9.5005 144.47497930041396 9.005229895402477 10.694486110277795 0.0990580188396232
12 1.22 1.009 152.78786344273436 6.343893122137578 8.811063778724426 0.6871362572748545
12 1.22 2.008 152.06384712306013 6.810568788624225 9.194336113277734 0.5578688426231475
12 1.22 3.007 151.37564348713076 7.322563548729088 9.609137817243655 0.43016139677206455
12 1.22 4.006 150.75449271014602 7.7921341573168466 9.950020999580008 0.31559368812623745
12 1.22 5.005 150.12446511069666 8.269344613107709 10.276414471710567 0.21827563448731024
12 1.22 6.004 149.56282954340702 8.694826103477956 10.530029399412012 0.14678706425871482
12 1.22 7.003 149.1141111177752 9.034764304713946 10.71407571848563 0.09704805903881922
12 1.22 8.002 148.68553548928926 9.359442811144678 10.858492830143398 0.06167876642467151
12 1.22 9.001 148.27074698505874 9.673676526470823 10.933431331373372 0.03842923141537169
12 1.34 0.5095 164.55429591408011 6.191596168076631 8.675016499670006 0.7395752084958301
12 1.34 1.5085 162.70845803083444 6.956095878082432 9.320033599328013 0.5217195656086878
12 1.34 2.5075 161.09515089698684 7.738065238695211 9.932501349973 0.32903341933161334
12 1.34 3.5065 159.6866016679715 8.428136437271254 10.368662626747465 0.19007619847603047
12 1.34 4.5055 158.39864282714163 9.05948881022398 10.718395632087358 0.09878802423951522
12 1.34 5.5045 157.4342215155807 9.532244355113713 10.90310193796124 0.04508909821803564
12 1.34 6.5035 156.7808531829357 9.85252294954336 10.971260574788504 0.02381952360952781
12 1.34 7.5025 155.93679966400404 10.266274674506901 10.992440151196977 0.01007979840403192
12 1.34 8.5015 155.42903341931853 10.515179696407657 10.999940001199976 0.00374992500149997
12 1.34 9.5005 155.3838177236673 10.5373442531145 11.0 0.002639947201055979
12 1.4 0.01 173.85026099478068 5.5426341473170595 8.061498770024599 0.9887202255954881
12 1.4 10.0 158.90288594228056 10.790464190707823 11.0 2.0999580008399833E-4
12 1.52 0.5095 181.0281322373496 6.3651126977460954 8.809623807523849 0.6820663586728265
12 1.52 1.5085 177.0028823423574 7.577548449031028 9.800143997120058 0.370552588948221
12 1.52 2.5075 173.55042299154334 8.682571348573084 10.513829723405532 0.14864702705945881
12 1.52 3.5065 171.1967744645194 9.43693126137554 10.877272454550909 0.05408891822163557
12 1.52 4.5055 169.3595212095844 10.025794484110943 10.985090298194036 0.015779684406311875
12 1.52 5.5045 168.2898818023419 10.368627627448275 10.997690046199075 0.005729885402291954
12 1.52 6.5035 167.43235135292932 10.643477130456004 10.999580008399832 0.0015599688006239876
12 1.52 7.5025 166.6667654647104 10.888857222846692 11.0 2.999940001199976E-4
12 1.52 8.5015 166.7003047939347 10.878107437843406 11.0 2.3999520009599807E-4
12 1.52 9.5005 166.83923561520825 10.833578328414333 11.0 5.999880002399952E-5
12 1.7 1.009 193.27656146876961 7.413001739965168 9.672016559668807 0.4110817783644327
12 1.7 2.008 187.18080638387315 8.861712765744867 10.61264774704506 0.12299754004919902
12 1.7 3.007 183.18811423771658 9.812353752926233 10.960160796784065 0.027929441411171776
12 1.7 4.006 180.7942461150905 10.38232235355495 10.997690046199075 0.006809863802723946
12 1.7 5.005 179.21169676610052 10.75911981759858 11.0 7.799844003119938E-4
12 1.7 6.004 179.29206215871002 10.739985200290786 11.0 5.999880002399952E-4
12 1.7 7.003 178.6188996220672 10.90026199475417 11.0 8.999820003599928E-5
12 1.7 8.002 178.20453590939192 10.998920021599442 11.0 0.0
12 1.7 9.001 178.2666106678986 10.984140317190441 11.0 0.0
12 1.88 0.01 221.9990124197578 5.546504069918648 8.076168476630468 0.9835603287934241
12 1.88 10.0 190.08000000005913 11.0 11.0 0.0
14 0.06 0.5095 44.84272274554476 5.0893467844929186 7.996160076798464 0.6063478730425391
14 0.06 1.5085 35.401569568608835 3.4569337184684246 6.20417591648167 0.21413571728565428
14 0.06 2.5075 31.93222835543253 2.7857442851146184 5.735105297894042 0.08306833863322734
14 0.06 3.5065 30.003300533989837 2.451568111494571 6.322523549529009 0.029129417411651766
14 0.06 4.5055 28.37057478850219 2.169153759781146 6.775634487310254 0.008489830203395932
14 0.06 5.5045 24.61928961420134 1.898413460299517 11.061858762824743 2.999940001199976E-5
14 0.06 6.5035 25.433710325805013 1.895314950841158 9.880962380752385 2.999940001199976E-4
14 0.06 7.5025 25.773358732821777 1.928288577083985 9.514039719205616 3.599928001439971E-4
14 0.06 8.5015 23.800000000010364 1.8571428571391961 12.0 2.999940001199976E-5
14 0.06 9.5005 23.140000000011504 1.8571428571391961 13.0 0.0
14 0.12 1.009 50.43506449870947 4.403243363704173 7.283524329513409 0.42923141537169257
14 0.12 2.008 46.459530809383736 3.5565660115368796 6.496730065398692 0.20561588768224637
14 0.12 3.007 44.23687886242208 3.0983508901250256 6.822493550128997 0.08795824083518329
14 0.12 4.006 37.58229675406574 2.3036667838073397 11.461420771584569 0.004889902201955961
14 0.12 5.005 35.669568608634044 2.1312688031952853 12.439821203575928 8.999820003599928E-4
14 0.12 6.004 33.541460370815045 1.8995877225291466 13.0 0.0
14 0.12 7.003 33.28000000002108 1.8571428571391961 13.0 0.0
14 0.12 8.002 33.28000000002108 1.8571428571391961 13.0 0.0
14 0.12 9.001 33.28000000002108 1.8571428571391961 13.0 0.0
14 0.24 0.5095 74.03381412372283 5.529639407211862 8.442911141777165 0.7171356572868542
14 0.24 1.5085 69.82008639826762 4.532493635841588 7.47615047699046 0.3854922901541969
14 0.24 2.5075 67.40960820783665 4.010675500775659 7.719865602687946 0.1863862722745545
14 0.24 3.5065 58.40006719868962 2.693251849248412 12.394192116157678 0.013169736605267894
14 0.24 4.5055 55.13260454793177 2.151479827545935 12.99745005099898 5.399892002159956E-4
14 0.24 5.5045 54.92965980682508 2.1145977080471265 13.0 1.7999640007199856E-4
14 0.24 6.5035 53.73152096959708 1.8893836408952382 13.0 5.999880002399952E-5
14 0.24 7.5025 53.799007619889096 1.9020691014729667 13.0 2.999940001199976E-5
14 0.24 8.5015 53.977778844436706 1.9356727151147861 13.0 2.999940001199976E-5
14 0.24 9.5005 53.56000000003883 1.8571428571391961 13.0 0.0
14 0.3 0.01 86.78671626567444 6.480401820535043 9.375862482750344 0.9936101277974441
14 0.3 10.0 63.69999999996983 1.8571428571391961 13.0 0.0
14 0.42 0.5095 101.23729105417908 5.870462590748139 8.778634427311454 0.7801343973120538
14 0.42 1.5085 98.80288114237797 5.186566268674613 8.0997480050399 0.44480110397792044
14 0.42 2.5075 97.15090358192744 4.788808509544228 8.028409431811363 0.21842563148737026
14 0.42 3.5065 91.06737385252374 3.525880910953217 11.839263214735706 0.037109257814843706
14 0.42 4.5055 86.1964720705516 2.40307193856074 13.0 0.00254994900101998
14 0.42 5.5045 84.72748905023508 2.0412534606431407 13.0 5.399892002159956E-4
14 0.42 6.5035 85.04917381655765 2.120486161705149 13.0 2.699946001079978E-4
14 0.42 7.5025 84.56238375236939 2.0005871311145267 13.0 2.999940001199976E-5
14 0.42 8.5015 83.97999999998355 1.8571428571391961 13.0 0.0
14 0.42 9.5005 84.45577608450769 1.9743290848464528 13.0 2.999940001199976E-5
14 0.6 1.009 126.49632807343808 5.89330927667159 8.800503989920202 0.6471770564588708
14 0.6 2.008 125.29137217255574 5.511721194147468 8.454280914381712 0.36989260214795705
14 0.6 3.007 124.2778484430313 5.201651681251999 8.246145077098458 0.19259614807703845
14 0.6 4.006 123.30859782804323 4.910537503535736 8.419841603167937 0.09083818323633527
14 0.6 5.005 118.87568248635232 3.437524106660735 12.193916121677567 0.01970960580788384
14 0.6 6.004 116.84780704385905 2.7313596585212174 13.0 0.00623987520249595
14 0.6 7.003 115.75155696886583 2.3398417745927036 13.0 0.001499970000599988
14 0.6 8.002 115.27325853486421 2.169020905295645 13.0 5.699886002279955E-4
14 0.6 9.001 115.36150476992985 2.200537417823318 13.0 6.29987400251995E-4
14 0.78 0.01 153.07810583788321 6.499618579056992 9.397072058558829 0.996880062398752
14 0.78 10.0 146.56673426532322 2.991385886568298 13.0 0.0124797504049919
14 0.9 0.5095 168.99436911261836 6.599319442182632 9.48530029399412 0.862032759344813
14 0.9 1.5085 168.5936431271363 6.543237706674424 9.430281394372113 0.6879762404751905
14 0.9 2.5075 168.38626027479515 6.408703254506302 9.30272394552109 0.5575988480230395
14 0.9 3.5065 168.2390382192365 6.2731745365092655 9.16862662746745 0.46166076678466433
14 0.9 4.5055 168.12067858642962 6.137915813112239 9.06479870402592 0.375982480350393
14 0.9 5.5045 168.02915341693276 6.024059518809577 8.943061138777225 0.31823363532729343
14 0.9 6.5035 167.9263004739923 5.887695103240733 8.780104397912043 0.2600347993040139
14 0.9 7.5025 167.84036419271507 5.768053210364345 8.779984400311994 0.2124557508849823
14 0.9 8.5015 167.75168296633947 5.643294276971717 8.625427491450171 0.16784664306713865
14 0.9 9.5005 167.67940241194685 5.541193461845043 8.51889962200756 0.1360472790544189
14 0.96 0.01 177.8614795703996 6.515286837120418 9.427011459770805 0.996430071398572
14 0.96 10.0 176.45959680808434 6.212640032913586 9.096028079438412 0.40913181736365273
14 1.02 1.009 184.8928145437147 6.875532489350207 9.74977500449991 0.8245935081298374
14 1.02 2.008 184.72407931842164 6.987730245395102 9.857832843343132 0.7892842143157137
14 1.02 3.007 184.68024059519573 7.027655161182571 9.901991960160796 0.7613247735045299
14 1.02 4.006 184.6565596688157 7.079215558545985 9.945971080578389 0.7545449091018179
14 1.02 5.005 184.64292374152816 7.135087298254071 9.969940601187977 0.748305033899322
14 1.02 6.004 184.63416631667792 7.189116217675668 10.024959500809985 0.7346853062938741
14 1.02 7.003 184.62924161517273 7.224511224061279 10.061588768224636 0.7359752804943901
14 1.02 8.002 184.6195122097592 7.290291337030342 10.117687646247076 0.7208255834883303
14 1.02 9.001 184.61268074638676 7.337994668678097 10.163466730665387 0.7159956800863982
14 1.14 0.5095 201.06670186596705 6.932518492487281 9.794384112317754 0.8364132717345653
14 1.14 1.5085 200.2942563148773 7.385260866211226 10.21377572448551 0.7130257394852103
14 1.14 2.5075 199.90128817423602 7.7425922910113005 10.517489650206995 0.631757364852703
14 1.14 3.5065 199.5132147357036 8.131431657081162 10.865992680146396 0.5460790784184316
14 1.14 4.5055 199.14471410571653 8.505498461459386 11.151466970660588 0.4578508429831403
14 1.14 5.5045 198.76264294713528 8.895332093358569 11.440271194576109 0.37715245695086097
14 1.14 6.5035 198.37667006659126 9.289147074202731 11.74407511849763 0.3006539869202616
14 1.14 7.5025 198.02363292733355 9.64935415577658 11.995440091198176 0.23852522949541008
14 1.14 8.5015 197.71916001679827 9.960040799187317 12.199736005279894 0.18335633287334252
14 1.14 9.5005 197.39818563629703 10.287565677260764 12.406761864762705 0.1383272334553309
14 1.2 0.01 210.92240955180716 6.516281102949325 9.423321533569329 0.993190136197276
14 1.2 10.0 202.3491450170934 11.464896416356737 12.90967180656387 0.03524929501409972
14 1.32 0.5095 224.38592908139537 7.193148994162977 10.033929321413572 0.7807043859122818
14 1.32 1.5085 222.1112269754577 8.099478010439809 10.817933641327173 0.5540889182216355
14 1.32 2.5075 220.16122037561126 8.963970720586206 11.505579888402233 0.3625127497450051
14 1.32 3.5065 218.24009119817816 9.821387857960026 12.12029759404812 0.20903581928361434
14 1.32 4.5055 216.6857670846337 10.515282551493309 12.512389752204957 0.11498770024599508
14 1.32 5.5045 215.47351292971692 11.056467442081699 12.778844423111538 0.05882882342353153
14 1.32 6.5035 214.41726525468388 11.528006582726062 12.945341093178136 0.02981940361192776
14 1.32 7.5025 213.58407871845105 11.899964857846305 12.992590148197037 0.014729705405891882
14 1.32 8.5015 212.88336953263115 12.21278145865753 12.99880002399952 0.005429891402171956
14 1.32 9.5005 212.33193736130906 12.458956535153325 12.999370012599748 0.002969940601187976
14 1.5 1.009 244.51652966940662 8.144511395486422 10.868182636347273 0.5512089758204836
14 1.5 2.008 239.7032159356813 9.513482587493462 11.899382012359753 0.25724485510289796
14 1.5 3.007 235.84284814303714 10.616329101991028 12.582318353632928 0.0993280134397312
14 1.5 4.006 232.99454010919783 11.430131397371035 12.911471770564589 0.03320933581328373
14 1.5 5.005 230.70695086098277 12.083728325432421 12.988720225595488 0.00881982360352793
14 1.5 6.004 229.70207595848083 12.370835440435858 13.0 0.0034499310013799724
14 1.5 7.003 228.9804553908922 12.57701274545892 13.0 0.0010799784004319913
14 1.5 8.002 227.97144057118857 12.865302693925367 13.0 2.699946001079978E-4
14 1.5 9.001 228.06833863322734 12.83761753334926 13.0 1.1999760004799904E-4
14 1.68 0.01 276.8585228295462 6.537717817072197 9.435471290574188 0.987760244795104
14 1.68 10.0 243.87999999990322 13.0 13.0 0.0
14 1.8 0.5095 283.627395452089 7.867466936375551 10.631547369052619 0.6163076738465231
14 1.8 1.5085 271.2306533869283 10.06596439500135 12.281964360712786 0.17465650686986262
14 1.8 2.5075 263.79065218695297 11.39452639518631 12.908711825763485 0.03260934781304374
14 1.8 3.5065 258.54390112196035 12.331446228216715 13.0 0.004439911201775964
14 1.8 4.5055 256.199340013248 12.750117854780163 13.0 4.499910001799964E-4
14 1.8 5.5045 255.7977320452077 12.82183356329635 13.0 5.999880002399952E-5
14 1.8 6.5035 255.32729345402882 12.905840454611182 13.0 8.999820003599928E-5
14 1.8 7.5025 254.90967780629168 12.980414677414998 13.0 2.999940001199976E-5
14 1.8 8.5015 254.79999999987933 13.0 13.0 0.0
14 1.8 9.5005 254.79999999987933 13.0 13.0 0.0
14 1.86 0.01 301.68908501830043 6.528362289897084 9.428691426171477 0.9856602867942641
14 1.86 10.0 260.2599999998326 13.0 13.0 0.0
14 1.98 1.009 295.5437745244911 9.448593885267092 11.873342533149337 0.26636467270654585
14 1.98 2.008 282.33848803027786 11.373398246319736 12.903131937361254 0.03878922421551569
14 1.98 3.007 275.4715497689411 12.374409654663664 13.0 0.0036899262014759705
14 1.98 4.006 272.7762116756804 12.767316082250787 13.0 5.099898002039959E-4
14 1.98 5.005 271.1799999998742 13.0 13.0 0.0
14 1.98 6.004 271.3438723225025 12.97611190632635 13.0 0.0
14 1.98 7.003 271.1799999998742 13.0 13.0 0.0
14 1.98 8.002 271.1799999998742 13.0 13.0 0.0
14 1.98 9.001 271.1799999998742 13.0 13.0 0.0
16 0.04 0.5095 54.267241855162794 5.776530719385613 9.003389932201356 0.5830083398332033
16 0.04 1.5085 39.12579708405831 3.6196188576228474 6.5961480770384595 0.1759764804703906
16 0.04 2.5075 33.891441771164686 2.776905711885762 5.9034619307613845 0.05837883242335153
16 0.04 3.5065 31.427499850001045 2.4057118857622846 6.392692146157077 0.019229615407691848
16 0.04 4.5055 29.454226915460886 2.132537349253015 7.164336713265735 0.004559908801823964
16 0.04 5.5045 27.960571188567492 1.9745492590148197 8.414261714765704 6.899862002759944E-4
16 0.04 6.5035 24.520000000011184 1.875 14.0 0.0
16 0.04 7.5025 26.141445971070794 1.8869510109797805 10.967930641387172 1.1999760004799904E-4
16 0.04 8.5015 24.520000000011184 1.875 14.0 0.0
16 0.04 9.5005 24.0 1.875 15.0 0.0
16 0.1 0.01 77.804352912942 7.457235855282894 10.720045599088019 0.9912701745965081
16 0.1 10.0 37.5 1.875 15.0 0.0
16 0.22 0.5095 92.70489710206034 6.25547489050219 9.515929681406371 0.6896862062758745
16 0.22 1.5085 86.28789044218968 4.9865940181196375 8.215635687286253 0.35801283974320514
16 0.22 2.5075 83.1355438891231 4.3581365872682545 8.207955840883182 0.17918641627167456
16 0.22 3.5065 70.28915281694545 2.7855680386392274 14.934331313373733 0.005279894402111958
16 0.22 4.5055 67.6919535609498 2.3865310193796123 15.0 0.001109977800443991
16 0.22 5.5045 65.90128097441703 2.0995642587148255 15.0 5.999880002399952E-5
16 0.22 6.5035 64.53519289614334 1.880639887202256 15.0 0.0
16 0.22 7.5025 64.5 1.875 15.0 0.0
16 0.22 8.5015 64.92804763905906 1.943597378052439 15.0 5.999880002399952E-5
16 0.22 9.5005 64.5 1.875 15.0 0.0
16 0.4 1.009 126.48879822403556 6.080758384832303 9.295794084118318 0.5723285534289314
16 0.4 2.008 123.95200695986105 5.490726435471291 8.78802423951521 0.30815383692326154
16 0.4 3.007 120.4382732345357 4.825137247255055 10.033869322613548 0.1132777344453111
16 0.4 4.006 110.12265554688653 2.941609917801644 14.997120057598847 0.006959860802783944
16 0.4 5.005 108.14999100019213 2.531248125037499 15.0 0.0021899562008759824
16 0.4 6.004 105.64708705825687 2.009809803803924 15.0 1.1999760004799904E-4
16 0.4 7.003 106.33425931481135 2.152970690586188 15.0 2.0999580008399833E-4
16 0.4 8.002 105.1679186416278 1.9099830503389932 15.0 2.999940001199976E-5
16 0.4 9.001 105.60000000006049 2.0 15.0 0.0
16 0.58 0.01 164.9723063538775 7.488678976420472 10.754394912101757 0.99670006599868
16 0.58 10.0 146.30119277607704 2.11345023099538 15.0 5.999880002399952E-5
16 0.7 0.5095 185.91755864882626 7.198963520729586 10.456260874782505 0.8382732345353093
16 0.7 1.5085 184.58316733665265 6.692806143877123 9.934451310973781 0.5470990580188396
16 0.7 2.5075 183.56452270954486 6.322418551628967 9.582828343433132 0.33119337613247735
16 0.7 3.5065 182.72124257514892 6.019552108957821 9.243115137697247 0.17990640187196255
16 0.7 4.5055 181.91734565308585 5.729892902141957 9.331943361132778 0.08876822463550729
16 0.7 5.5045 180.9653656926864 5.361785264294714 9.958570828583428 0.047099058018839624
16 0.7 6.5035 176.48449031019004 3.534941801163977 14.987760244795105 0.019559608807823845
16 0.7 7.5025 175.67738645226962 3.198911021779564 15.0 0.01121977560448791
16 0.7 8.5015 174.51648167039505 2.71520069598608 15.0 0.004619907601847963
16 0.7 9.5005 173.9707955841386 2.4878314933701327 15.0 0.0019499610007799844
16 0.76 0.01 197.589196616055 7.501372472550549 10.761534769304614 0.997180056398872
16 0.76 10.0 188.14744345116438 2.9934601307973843 15.0 0.006479870402591948
16 0.88 1.009 218.64517789642562 7.425702735945281 10.657316853662927 0.7807943841123177
16 0.88 2.008 218.28025079496692 7.2089720705585885 10.438471230575388 0.6165776684466311
16 0.88 3.007 218.0277134457202 7.027393202135957 10.289164216715665 0.498620027599448
16 0.88 4.006 217.8132081358284 6.842394402111958 10.061138777224455 0.39677206455870884
16 0.88 5.005 217.59288534229205 6.636816013679726 9.854382912341753 0.30470390592188157
16 0.88 6.004 217.43367732646328 6.479664156716866 9.688906221875563 0.24119517609647806
16 0.88 7.003 217.27260094799666 6.319246115077698 9.560148797024059 0.18398632027359452
16 0.88 8.002 217.1318329633593 6.176572718545629 9.395842083158337 0.14264714705705886
16 0.88 9.001 216.9906593868194 6.030891882162357 9.357172856542869 0.10925781484370313
16 0.94 0.01 230.19056698865353 7.502478700425992 10.750194996100078 0.996940061198776
16 0.94 10.0 228.77707025859462 6.618778874422511 9.880542389152216 0.2849643007139857
16 1.0 0.01 241.00209995800083 7.53017564648707 10.786434271314574 0.996580068398632
16 1.0 10.0 240.0 7.843568128637427 11.051238975220496 0.8312533749325014
16 1.12 0.5095 261.55422331554166 7.874752504949901 11.1034979300414 0.870582588348233
16 1.12 1.5085 260.8425931481304 8.335164546709066 11.520669586608268 0.7667846643067139
16 1.12 2.5075 260.44436551267233 8.713340733185337 11.859482810343794 0.6845263094738105
16 1.12 3.5065 260.0661222775401 9.09887427251455 12.186866262674746 0.6093778124437511
16 1.12 4.5055 259.67408411831076 9.506442371152577 12.537739245215096 0.5220195596088079
16 1.12 5.5045 259.2920633587394 9.90417066658667 12.835513289734205 0.44372112557748844
16 1.12 6.5035 258.9609647807183 10.248995020099597 13.126747465050698 0.37292254154916904
16 1.12 7.5025 258.56068518631093 10.665952930941382 13.437271254574908 0.3005039899202016
16 1.12 8.5015 258.21660046799946 11.02437451250975 13.696496070078599 0.250584988300234
16 1.12 9.5005 257.93612647747074 11.316534919301613 13.90610187796244 0.20381592368152637
16 1.3 1.009 291.2114627707434 8.681796364072719 11.830923381532369 0.6935561288774225
16 1.3 2.008 288.7002969940613 9.708762074758505 12.70387592248155 0.4850902981940361
16 1.3 3.007 286.3734865302733 10.677746445071099 13.455480890382193 0.3030839383212336
16 1.3 4.006 284.3355972880496 11.526834463310733 14.044999100018 0.1753464930701386
16 1.3 5.005 282.61645167096975 12.243145137097258 14.464420711585769 0.0996280074398512
16 1.3 6.004 281.04087118257536 12.899637007259855 14.785594288114238 0.04844903101937961
16 1.3 7.003 279.9903941921183 13.337335753284934 14.90745185096298 0.02609947801043979
16 1.3 8.002 278.9389272214522 13.775446991060178 14.986740265194696 0.011939761204775905
16 1.3 9.001 278.45439491212096 13.977335453290934 14.99370012599748 0.007199856002879942
16 1.48 0.01 327.7589428211625 7.5300106497870045 10.788804223915522 0.9918401631967361
16 1.48 10.0 298.5914777704353 14.741802663946721 15.0 1.7999640007199856E-4
16 1.6 0.5095 342.3870582588311 8.689712455750884 11.830053398932021 0.6961360772784544
16 1.6 1.5085 332.60316193675897 10.707704595908082 13.471380572388552 0.30311393772124556
16 1.6 2.5075 325.0931901362021 12.272252054958901 14.497240055198896 0.09827803443931121
16 1.6 3.5065 319.63850722984654 13.408644327113457 14.943241135177296 0.02375952480950381
16 1.6 4.5055 316.15705285891596 14.13394732105358 14.996910061798763 0.004919901601967961
16 1.6 5.5045 314.7717465650695 14.422552798944022 15.0 0.0012899742005159896
16 1.6 6.5035 314.32672346554324 14.515265944681106 15.0 7.799844003119938E-4
16 1.6 7.5025 312.3267294652283 14.931931361372772 15.0 2.999940001199976E-5
16 1.6 8.5015 312.0 15.0 15.0 0.0
16 1.6 9.5005 312.0 15.0 15.0 0.0
16 1.66 0.01 360.20523189537255 7.542130407391852 10.787004259914802 0.9906401871962561
16 1.66 10.0 319.199999999946 15.0 15.0 0.0
16 1.78 1.009 362.60848203036636 10.351341723165536 13.224515509689807 0.36608267834643304
16 1.78 2.008 349.6405429891436 12.42940016199676 14.561018779624408 0.08255834883302333
16 1.78 3.007 341.65486770264346 13.709155816883662 14.977680446391073 0.01493970120597588
16 1.78 4.006 337.108900222023 14.437676246475071 15.0 0.0016499670006599868
16 1.78 5.005 335.51906581881013 14.692457400851984 15.0 3.899922001559969E-4
16 1.78 6.004 334.6103683927136 14.838081988360234 15.0 8.999820003599928E-5
16 1.78 7.003 333.5999999997928 15.0 15.0 0.0
16 1.78 8.002 334.4603773925918 14.862119007619848 15.0 8.999820003599928E-5
16 1.78 9.001 333.5999999997928 15.0 15.0 0.0
16 1.84 0.01 392.7352948940892 7.5404391912161755 10.798734025319494 0.9866802663946721
16 1.84 10.0 340.88363712734065 14.987553998920022 15.0 0.0
16 1.96 1.009 386.81641567168975 10.883309833803324 13.599088018239636 0.27035459290814184
16 1.96 2.008 369.8214387712304 13.096166826663467 14.8635027299454 0.03863922721545569
16 1.96 3.007 360.3908657827632 14.324106017879643 15.0 0.0024599508009839803
16 1.96 4.006 356.3751892963093 14.846980560388792 15.0 8.999820003599928E-5
16 1.96 5.005 356.62750105007706 14.814127467450652 15.0 5.999880002399952E-5
16 1.96 6.004 355.19999999987596 15.0 15.0 0.0
16 1.96 7.003 355.19999999987596 15.0 15.0 0.0
16 1.96 8.002 355.19999999987596 15.0 15.0 0.0
16 1.96 9.001 355.19999999987596 15.0 15.0 0.0
18 0.02 0.5095 63.20104337913242 6.4540909181816755 10.01304973900522 0.5726285474290514
18 0.02 1.5085 39.936133077338404 3.686799597341291 6.8615827683446335 0.13235735285294295
18 0.02 2.5075 32.613382132357074 2.7234821970235283 5.737445251094978 0.03956920861582768
18 0.02 3.5065 30.034432111357656 2.359489476875353 5.547489050218996 0.014309713805723885
18 0.02 4.5055 28.05066418671435 2.111214442376449 6.036749265014699 0.002609947801043979
18 0.02 5.5045 26.79434571309084 1.998126704132603 6.666106677866443 8.399832003359933E-4
18 0.02 6.5035 25.038155036882348 1.8888888888904165 10.0 0.0
18 0.02 7.5025 23.380000000004166 1.8888888888904165 15.0 0.0
18 0.02 8.5015 22.780000000017925 1.8888888888904165 17.0 0.0
18 0.02 9.5005 22.780000000017925 1.8888888888904165 17.0 0.0
18 0.2 1.009 106.35264294714078 6.030462724078848 9.530269394612107 0.46853062938741225
18 0.2 2.008 100.70488990220083 5.017539649207117 8.614777704445912 0.24224515509689806
18 0.2 3.007 94.32390352193056 4.15721685566288 11.109887802243955 0.09191816163676726
18 0.2 4.006 78.30493190134816 2.374472510548594 16.996220075598487 0.0010799784004319913
18 0.2 5.005 75.65282294352134 2.0073365199362896 17.0 1.499970000599988E-4
18 0.2 6.004 75.87993040138673 2.038879222414986 17.0 2.999940001199976E-5
18 0.2 7.003 74.79999999999805 1.8888888888904165 17.0 0.0
18 0.2 8.002 75.24691906161014 1.9509609807810666 17.0 0.0
18 0.2 9.001 74.79999999999805 1.8888888888904165 17.0 0.0
18 0.38 0.01 163.85546709065198 8.473920521589378 12.04397912041759 0.9947501049979001
18 0.5 0.5095 188.18227635447292 7.6533335999947 11.246595068098639 0.7921941561168777
18 0.5 1.5085 184.35916781664366 6.717052325620161 10.254694906101879 0.46760064798704026
18 0.5 2.5075 181.98437031259374 6.177156456870758 9.757004859902802 0.24131517369652608
18 0.5 3.5065 172.57880842383153 4.311847096391329 15.968980620387592 0.039059218815623686
18 0.5 4.5055 168.07559848803024 3.350132997339533 17.0 0.010409791804163918
18 0.5 5.5045 165.282534349313 2.7294520776253495 17.0 0.0030299394012119757
18 0.5 6.5035 164.20482090358192 2.489960200794911 17.0 8.69982600347993E-4
18 0.5 7.5025 162.3817423651527 2.0848316366998954 17.0 8.999820003599928E-5
18 0.5 8.5015 163.09991300173996 2.2444251114946434 17.0 3.2999340013199736E-4
18 0.5 9.5005 162.5292494150117 2.1176109811119996 17.0 0.0
18 0.56 0.01 205.33485930281898 8.466634000653164 12.054928901421972 0.996310073798524
18 0.68 1.009 230.6916457670816 7.6530569388612415 11.23462530749385 0.6814963700725986
18 0.68 2.008 229.04453590925763 7.104227915441726 10.64054718905622 0.42347153056938863
18 0.68 3.007 227.71650566987 6.682333020006324 10.305753884922302 0.23453530929381414
18 0.68 4.006 226.65923921521215 6.354729572075194 10.00239995200096 0.11678766424671506
18 0.68 5.005 225.13791684168032 5.8618094304779325 10.728595428091438 0.05216895662086758
18 0.68 6.004 219.49147297052062 3.9614174383177976 16.94708105837883 0.023609527809443812
18 0.68 8.002 217.14599148020292 3.1479137083921716 17.0 0.00623987520249595
18 0.68 9.001 215.48167276654607 2.570025266161939 17.0 0.0014399712005759885
18 0.74 0.01 246.86919181617318 8.487556915528131 12.06989860202796 0.997330053398932
18 0.86 1.009 273.80465410691795 8.211622434217892 11.785564288714225 0.7903041939161217
18 0.86 2.008 273.28139257215156 7.9030552722278715 11.460730785384293 0.6100677986440272
18 0.86 3.007 272.88554988900484 7.640513856389604 11.22787544249115 0.4753104937901242
18 0.86 4.006 272.4810853782956 7.35003966587336 10.900641987160256 0.3526129477410452
18 0.86 5.005 272.17257934841496 7.126160810117161 10.69322613547729 0.2617447651046979
18 0.86 6.004 271.89807283854367 6.923921521569478 10.48455030899382 0.19250614987700246
18 0.86 8.002 271.4518803623822 6.576598468030488 10.218035639287214 0.10535789284214316
18 0.86 9.001 271.2544147116994 6.421681566368715 10.109857802843942 0.07328853422931542
18 0.92 0.01 288.33002579946225 8.490433524662677 12.077938441231176 0.99760004799904
18 0.98 0.5095 301.75060058800403 8.60996780064377 12.183116337673246 0.9284814303713925
18 0.98 1.5085 301.5343385132513 8.645247095057876 12.202195956080878 0.865932681346373
18 0.98 2.5075 301.46925901483877 8.625544155783352 12.174146517069659 0.8275334493310134
18 0.98 3.5065 301.4359734805521 8.56753198269353 12.12194756104878 0.8045539089218215
18 0.98 4.5055 301.4137979240661 8.485820283594258 12.055108897822043 0.7717045659086819
18 0.98 5.5045 301.3986206276128 8.424531509369716 12.002339953200936 0.743145137097258
18 0.98 6.5035 301.38804583910695 8.373132537349205 11.92980140397192 0.7242155156896862
18 0.98 7.5025 301.3805375892735 8.333706659200104 11.915791684166317 0.7025559488810224
18 0.98 8.5015 301.36836683264517 8.267561315440327 11.867192656146877 0.6842563148737025
18 0.98 9.5005 301.36236155279533 8.235341959827434 11.774014519709606 0.6648167036659267
18 1.1 1.009 328.54258114837813 9.062428751424035 12.627887442251154 0.8500029999400012
18 1.1 2.008 328.09068818623655 9.472207222520233 13.016409671806564 0.7721245575088498
18 1.1 3.007 327.7529939401216 9.832720012263495 13.316553668926622 0.6996160076798464
18 1.1 4.006 327.42224455510825 10.198239368543062 13.639287214255715 0.631277374452511
18 1.1 5.005 327.04175016499295 10.62038759224636 13.991060178796424 0.5534889302213956
18 1.1 6.004 326.69314213715535 11.007619847602445 14.307763844723105 0.48161036779264416
18 1.1 8.002 326.02420951581115 11.750878315766812 14.899382012359753 0.35828283434331315
18 1.1 9.001 325.69931901361605 12.111867762644874 15.161006779864403 0.3009239815203696
18 1.28 0.01 371.1003023939545 8.53251268307948 12.115617687646248 0.9957700845983081
18 1.4 0.5095 394.61940961180767 9.413095071429963 12.909071818563628 0.7859542809143817
18 1.4 1.5085 388.84183716325435 10.988716892327608 14.297414051718965 0.48329033419331613
18 1.4 2.5075 383.55980080398655 12.45561088778198 15.420981580368393 0.25568488630227393
18 1.4 3.5065 379.15666886662336 13.678703092604387 16.21080578388432 0.11636767264654707
18 1.4 4.5055 375.5714285714208 14.674603174602803 16.7442551148977 0.04718905621887562
18 1.4 5.5045 373.77136857260217 15.174619840934634 16.932591348173037 0.021569568608627826
18 1.4 6.5035 371.40818383628374 15.831060045465305 16.99613007739845 0.00746985060298794
18 1.4 7.5025 369.7049739004803 16.304173916515282 17.0 0.0023099538009239817
18 1.4 8.5015 369.6464150717728 16.320440257856006 17.0 0.0014399712005759885
18 1.4 9.5005 368.72166556659937 16.577315120359803 17.0 7.49985000299994E-4
18 1.46 0.01 412.4864450711066 8.53080938381211 12.131367372652546 0.99355012899742
18 1.58 1.009 426.4883182337169 10.918391632166362 14.23252534949301 0.49757004859902804
18 1.58 2.008 415.84917081654606 12.956097544715782 15.784094318113638 0.18980620387592248
18 1.58 3.007 408.1319031619706 14.434501309972552 16.648707025859483 0.057028859422811544
18 1.58 4.006 402.38062218742084 15.536279274412776 16.98170036599268 0.013019739605207897
18 1.58 5.005 400.10177236454234 15.97284054319072 17.0 0.004139917201655967
18 1.58 6.004 398.09272154573944 16.35771617898713 17.0 0.0010799784004319913
18 1.58 8.002 396.22897522069456 16.71475570491471 17.0 1.1999760004799904E-4
18 1.58 9.001 395.32000000017985 16.88888888888882 17.0 0.0
18 1.64 0.01 453.8993412131559 8.52799277347766 12.098488030239395 0.9920201595968081
18 1.76 1.009 459.2275442491033 11.59842803143931 14.780914381712366 0.37751244975100495
18 1.76 2.008 442.7759008819488 14.00352326286767 16.39362212755745 0.09125817483650327
18 1.76 3.007 432.69654166923823 15.477113791056244 16.957640847183058 0.015149697006059878
18 1.76 4.006 427.90070318584105 16.178259768128033 17.0 0.002249955000899982
18 1.76 5.005 423.87423531541725 16.766924661531696 17.0 1.1999760004799904E-4
18 1.76 6.004 423.7108765824993 16.790807517205298 17.0 1.499970000599988E-4
18 1.76 8.002 422.2799999997799 17.0 17.0 0.0
18 1.76 9.001 422.2799999997799 17.0 17.0 0.0
18 1.82 0.01 494.93365092698906 8.564288714225466 12.140307193856122 0.9902501949961001
18 1.88 0.5095 492.8220123597524 10.413968387296487 13.81547369052619 0.5990580188396232
18 1.88 1.5085 468.9167384652128 13.429704739238925 16.066628667426652 0.13817723645527089
18 1.88 2.5075 454.63230095404896 15.23329533408965 16.936371272574547 0.02000959980800384
18 1.88 3.5065 446.26340433184606 16.289974200520362 17.0 0.0018299634007319853
18 1.88 4.5055 442.2115869681598 16.801567302002958 17.0 5.999880002399952E-5
18 1.88 5.5045 442.46758264834074 16.769244615120837 17.0 5.999880002399952E-5
18 1.88 6.5035 440.8110685785977 16.978400431988845 17.0 0.0
18 1.88 7.5025 440.64000000017205 17.0 17.0 0.0
18 1.88 8.5015 440.64000000017205 17.0 17.0 0.0
18 1.88 9.5005 440.64000000017205 17.0 17.0 0.0
18 1.94 1.009 489.6289200215937 12.29446077745064 15.30992380152397 0.2773744525109498
18 1.94 2.008 468.9096646066998 14.743538462565295 16.784184316313674 0.04136917261654767
18 1.94 3.007 454.59125997483903 16.436021279568344 17.0 0.0018599628007439852
18 1.94 4.006 452.6289176217313 16.667976640492437 17.0 2.3999520009599807E-4
18 1.94 5.005 452.829500209933 16.644267114670157 17.0 1.499970000599988E-4
18 1.94 6.004 450.7599999998089 16.88888888888882 17.0 0.0
18 1.94 8.002 449.8200000001942 17.0 17.0 0.0
18 1.94 9.001 449.8200000001942 17.0 17.0 0.0
18 2.0 1.009 499.8377932441351 12.462480750385238 15.429411411771765 0.251304973900522
18 2.0 2.008 476.80854382912344 15.021272907876574 16.859062818743624 0.02972940541189176
18 2.0 3.007 465.9064618707626 16.232615347675274 17.0 0.0027299454010919783
18 2.0 4.006 460.7760544789104 16.802660613463154 17.0 2.999940001199976E-5
18 2.0 5.005 460.74230515389695 16.80641053846645 17.0 2.999940001199976E-5
18 2.0 6.004 459.0 17.0 17.0 0.0
18 2.0 8.002 459.0 17.0 17.0 0.0
18 2.0 9.001 459.0 17.0 17.0 0.0
20 0.06 1.009 77.96863802723898 5.7257904841903065 9.47495050098998 0.33026339473210536
20 0.06 2.008 64.50472430551416 4.012779744405089 7.608297834043319 0.12101757964840704
20 0.06 3.007 59.815551088976875 3.360385792284119 7.562218755624888 0.053158936821263575
20 0.06 4.006 47.95146697066709 2.3107697846042545 15.052918941621167 0.001979960400791984
20 0.06 5.005 40.65999999998927 1.9000000000010122 19.0 0.0
20 0.06 6.004 40.65999999998927 1.9000000000010122 19.0 0.0
20 0.06 8.002 40.65999999998927 1.9000000000010122 19.0 0.0
20 0.06 9.001 40.65999999998927 1.9000000000010122 19.0 0.0
20 0.12 0.01 128.85915161696997 9.453650926981563 13.367582648347033 0.9912101757964841
20 0.18 0.5095 132.65845383092434 7.756332873342514 11.692896142077158 0.6614267714645707
20 0.18 1.5085 118.93443451131004 5.796988060238814 9.528079438411233 0.3129537409251815
20 0.18 2.5075 113.95215995680127 4.981529369412591 9.21392572148557 0.16367672646547068
20 0.18 3.5065 91.76188216234694 2.8408831823363863 18.968710625787484 0.0027899442011159775
20 0.18 4.5055 87.34238375231155 2.3100467990643754 19.0 3.2999340013199736E-4
20 0.18 5.5045 86.75566088675382 2.2384952300951677 19.0 5.999880002399952E-5
20 0.18 6.5035 84.79999999997631 2.0 19.0 0.0
20 0.18 7.5025 83.97999999998355 1.9000000000010122 19.0 0.0
20 0.18 8.5015 83.97999999998355 1.9000000000010122 19.0 0.0
20 0.18 9.5005 83.97999999998572 1.9000000000005695 19.0 0.0
20 0.24 1.009 144.72550908981754 6.815926681466411 10.674116517669647 0.48146037079258414
20 0.24 2.008 138.21013379732634 5.743232135357252 9.528109437811244 0.248965020699586
20 0.24 3.007 134.30364912701373 5.15838483230327 10.07844843103138 0.11675766484670307
20 0.24 4.006 111.49533329333823 2.670438591228018 19.0 0.0013799724005519889
20 0.24 5.005 107.38981940360051 2.1302393952116536 19.0 5.999880002399952E-5
20 0.24 6.004 106.39999999993927 2.0 19.0 0.0
20 0.24 8.002 105.64000000002585 1.9000000000010122 19.0 0.0
20 0.24 9.001 106.78583668320567 2.050767984639969 19.0 5.999880002399952E-5
20 0.36 0.5095 189.98641147177094 8.199166016679694 12.161066778664427 0.7329153416931662
20 0.36 1.5085 181.90589548209076 6.750980980380376 10.560388792224156 0.3958720825583488
20 0.36 2.5075 178.11973480530003 6.092767144657082 10.08729825403492 0.18500629987400252
20 0.36 3.5065 159.87168296634925 3.601124977500443 18.98293034139317 0.010979780404391912
20 0.36 4.5055 152.3220255594556 2.4253164936705223 19.0 5.099898002039959E-4
20 0.36 5.5045 152.5687982239984 2.4638747225057442 19.0 2.699946001079978E-4
20 0.36 6.5035 149.7658462831782 2.025913481730196 19.0 0.0
20 0.36 7.5025 149.70805543888827 2.01688366232679 19.0 0.0
20 0.36 8.5015 148.95999999996766 1.9000000000010122 19.0 0.0
20 0.36 9.5005 148.95999999996766 1.9000000000010122 19.0 0.0
20 0.42 1.009 204.55590988179745 7.549688006239872 11.432711345773084 0.5683986320273594
20 0.42 2.008 199.8935105297934 6.64434811303772 10.475220495590088 0.2934841303173937
20 0.42 3.007 197.2065932681483 6.167993640127127 10.218485630287395 0.1397072058558829
20 0.42 4.006 179.91111837767826 3.50191696166085 19.0 0.009569808603827924
20 0.42 5.005 175.00753104928316 2.656470870583506 19.0 0.0013499730005399892
20 0.42 6.004 173.34877002461153 2.3704775904479565 19.0 4.7999040019199615E-4
20 0.42 8.002 171.29199196027847 2.0158606827863315 19.0 0.0
20 0.42 9.001 170.62000000009036 1.9000000000010122 19.0 0.0
20 0.54 0.5095 245.32905381889364 8.596487070258569 12.533389332213355 0.7995440091198176
20 0.54 1.5085 240.70371572574052 7.5036449271014325 11.326693466130678 0.47225055498890023
20 0.54 2.5075 237.82833503328473 6.867750644987046 10.677326453470931 0.24341513169736606
20 0.54 3.5065 234.4168092637863 6.180362392752075 11.983560328793423 0.09680806383872323
20 0.54 4.5055 223.10915641680185 3.892527149456937 18.991090178196437 0.01601967960640787
20 0.54 5.5045 219.53625727484288 3.1165776684469666 19.0 0.00494990100197996
20 0.54 6.5035 218.68346193077085 2.9311873762525136 19.0 0.002609947801043979
20 0.54 7.5025 216.8699436012632 2.536944261113852 19.0 6.899862002759944E-4
20 0.54 8.5015 215.11209335823386 2.1548029039417 19.0 1.1999760004799904E-4
20 0.54 9.5005 214.5778508431172 2.03866322673576 19.0 0.0
20 0.6 0.01 266.2351412971748 9.476855462890734 13.389782204355912 0.9957700845983081
20 0.72 0.5095 299.2176540469202 8.993136137277265 12.91090178196436 0.8584028319433611
20 0.72 1.5085 297.0747009059822 8.227209455810922 12.136887262254755 0.5894882102357952
20 0.72 2.5075 295.52022919541935 7.698971020579584 11.525079498410031 0.3621827563448731
20 0.72 3.5065 294.3125829483437 7.295239095218099 11.080428391432172 0.2131457370852583
20 0.72 4.5055 293.17545089098024 6.926009479810285 10.847483050338994 0.10817783644327114
20 0.72 5.5045 292.3286278274384 6.645311093777949 10.647087058258835 0.05705885882282354
20 0.72 6.5035 286.16714345711165 4.486005279894334 18.1542569148617 0.026789464210715784
20 0.72 7.5025 284.1922721545652 3.782954340913204 19.0 0.01490970180596388
20 0.72 8.5015 282.94429231416575 3.3372472550551353 19.0 0.007439851202975941
20 0.72 9.5005 281.9155396892188 2.9698356032879345 19.0 0.0034499310013799724
20 0.9 1.009 351.4712815743675 9.2628457430851 13.138297234055319 0.8446931061378773
20 0.9 2.008 351.07531649367183 8.963727725445498 12.848383032339353 0.7078958420831584
20 0.9 3.007 350.7730665386733 8.713775724485458 12.606287874242515 0.5952480950380993
20 0.9 4.006 350.4560508789834 8.423813523729482 12.306983860322793 0.4858702825943481
20 0.9 5.005 350.2199856002922 8.203650926981451 12.02354952900942 0.4038219235615288
20 0.9 6.004 350.00209395812317 7.991888162236705 11.81667366652667 0.33176336473270535
20 0.9 8.002 349.62042959141104 7.618404631907347 11.381322373552528 0.21527569448611028
20 0.9 9.001 349.45576288474274 7.454385912281775 11.273654526909462 0.17195656086878264
20 1.02 0.01 386.22621947560367 9.509629807403808 13.410181796364073 0.9981700365992681
20 1.08 0.5095 402.7527965441263 9.795965080698457 13.68962620747585 0.9274014519709606
20 1.08 1.5085 402.2929249415449 10.174140517189674 14.040829183416331 0.8491630167396652
20 1.08 2.5075 402.0005147897009 10.509197816043606 14.342233155336894 0.7863442731145377
20 1.08 3.5065 401.71714405707127 10.855027899441984 14.661996760064799 0.7271854562908742
20 1.08 4.5055 401.42302753938895 11.221620567588708 14.981880362392753 0.6654466910661787
20 1.08 5.5045 401.13093778122237 11.586449271014516 15.317333653326934 0.6010379792404152
20 1.08 6.5035 400.85725565491344 11.928430431391416 15.607037859242816 0.5465290694186117
20 1.08 7.5025 400.58581148382297 12.26773564528697 15.875952480950382 0.4899502009959801
20 1.08 8.5015 400.35195776089813 12.560052798944001 16.105357892842143 0.4382912341753165
20 1.08 9.5005 400.0231067378579 12.971116577668344 16.429381412371754 0.38078238435231293
20 1.14 1.009 418.92248155035753 10.237190256194843 14.113337733245334 0.8372232555348893
20 1.14 2.008 418.0172670546565 10.849475010499809 14.661516769664606 0.7250854982900342
20 1.14 3.007 417.10419811605055 11.497441051178978 15.240505189896203 0.6137577248455031
20 1.14 4.006 416.2464594707969 12.109671806563798 15.757634847303054 0.5154796904061919
20 1.14 5.005 415.38126837462 12.727665446691121 16.26354472910542 0.41312173756524867
20 1.14 6.004 414.58574548510927 13.2958960820783 16.689086218275634 0.3387232255354893
20 1.14 8.002 413.1995170096466 14.286059278814514 17.420441591168178 0.20336593268134637
20 1.14 9.001 412.5174926501193 14.773219535609382 17.761834763304734 0.15740685186296274
20 1.26 0.5095 452.4438771224457 10.17908741825164 14.035069298614028 0.8562128757424852
20 1.26 1.5085 449.2872910541939 11.3527719445611 15.093598128037438 0.6408771824563508
20 1.26 2.5075 446.341360772767 12.484208315833826 16.05939881202376 0.45521089578208435
20 1.26 3.5065 443.661804163939 13.5146907061859 16.82657346853063 0.29774404511909763
20 1.26 4.5055 441.0177818443513 14.531622367552636 17.591708165836682 0.1857562848743025
20 1.26 5.5045 439.14812803742154 15.250719985600092 18.043439131217376 0.1120177596448071
20 1.26 6.5035 437.03851982963135 16.062107757844913 18.494240115197695 0.0632687346253075
20 1.26 7.5025 435.6054700906151 16.61328073438611 18.745035099298015 0.03464930701385972
20 1.26 8.5015 434.6144843102931 16.994429111417485 18.906461870762584 0.021539569208615827
20 1.26 9.5005 433.1425289493894 17.560565788683707 18.99040019199616 0.009629807403851923
20 1.32 1.009 466.21818923620793 11.060676786464258 14.828703425931481 0.7013859722805544
20 1.32 2.008 461.6587388252233 12.481718365632664 16.046559068818624 0.4603707925841483
20 1.32 3.007 457.4937781244303 13.783194336113112 17.037259254814902 0.26549469010619786
20 1.32 4.006 454.14220675587376 14.830560388792216 17.785594288114236 0.15395692086158277
20 1.32 5.005 451.0849367012475 15.7859572808545 18.35642287154257 0.07961840763184737
20 1.32 6.004 448.4178508429674 16.619421611568427 18.747315053698927 0.03587928241435171
20 1.32 8.002 445.2554532909984 17.607670846583662 18.9872502549949 0.008009839803203935
20 1.32 9.001 443.8177476450639 18.056953860925507 19.0 0.002999940001199976
20 1.44 0.5095 500.4760472790526 10.632501349972976 14.461570768584629 0.7870942581148377
20 1.44 1.5085 491.9505453890963 12.556821863562744 16.10484790304194 0.44381112377752446
20 1.44 2.5075 484.6482858342835 14.216298674026332 17.3860022799544 0.2151256974860503
20 1.44 3.5065 478.46286314274056 15.622076558468832 18.28484430311394 0.09299814003719925
20 1.44 4.5055 473.2225019499526 16.813067738645362 18.821113577728447 0.028109437811243775
20 1.44 5.5045 470.64675826484194 17.398464030719353 18.975310493790126 0.012119757604847903
20 1.44 6.5035 468.13740925175904 17.968770624587666 18.995290094198115 0.004289914201715966
20 1.44 7.5025 466.46147837041616 18.349664006719504 19.0 0.001109977800443991
20 1.44 8.5015 465.594546109073 18.54669406611974 19.0 2.0999580008399833E-4
20 1.44 9.5005 465.67045779089466 18.52944141117121 19.0 3.2999340013199736E-4
20 1.5 0.01 523.1133827323454 9.526837463250686 13.431331373372533 0.9942401151976961
20 1.62 0.5095 547.2364858702765 11.031319373612513 14.82222355552889 0.7017159656806864
20 1.62 1.5085 531.141655966859 13.622313553728812 16.966880662386753 0.2838243235135297
20 1.62 2.5075 518.2948743025034 15.694375112497925 18.322583548329032 0.08438831223375533
20 1.62 3.5065 509.90709305815625 17.047243055137827 18.90487190256195 0.020999580008399833
20 1.62 4.5055 504.4325529489511 17.930233395330873 19.0 0.004349913001739965
20 1.62 5.5045 502.33944381101287 18.267831643371135 19.0 0.0010199796004079918
20 1.62 6.5035 500.0104727904845 18.643472130552272 19.0 1.1999760004799904E-4
20 1.62 7.5025 499.2287490250154 18.76955660888124 19.0 5.999880002399952E-5
20 1.62 8.5015 498.41999999993135 18.900000000011882 19.0 0.0
20 1.62 9.5005 498.6977482445993 18.855201895968 19.0 0.0
20 1.8 1.009 578.6831763364698 13.164636707265876 16.595548089038218 0.35228295434091317
20 1.8 2.008 557.2751424971319 15.840607187855829 18.423861522769545 0.0749085018299634
20 1.8 3.007 544.8186716265475 17.397666046678445 18.97177056458871 0.0122997540049199
20 1.8 4.006 537.3776444471223 18.327794444110584 19.0 0.0011699766004679907
20 1.8 5.005 536.0237595247137 18.497030059391317 19.0 5.699886002279955E-4
20 1.8 6.004 533.120729585327 18.85990880182942 19.0 2.999940001199976E-5
20 1.8 8.002 532.3602567951996 18.954967900652473 19.0 0.0
20 1.8 9.001 532.0 19.0 19.0 0.0
20 1.98 0.01 659.9402375952669 9.5339323213536 13.453260934781305 0.9889302213955721
