10 0.08 0.01 28.07893322133446 4.500515989680223 6.637217255654887 0.991930161396772
10 0.08 10.0 15.479999999993158 1.8000000000010403 9.0 0.0
10 0.2 0.5095 34.42495350092991 3.8964540709185744 6.0559788804223915 0.7280254394912101
10 0.2 1.5085 32.42938141237188 3.252084958300747 5.502219955600888 0.39557208855822884
10 0.2 2.5075 31.31029579408381 2.9078838423232414 5.533869322613548 0.19751604967900643
10 0.2 3.5065 29.14361912761773 2.4731745365090076 6.965590688186237 0.06011879762404752
10 0.2 4.5055 26.094660106792357 1.9713685726292614 8.829243415131698 0.001979960400791984
10 0.2 5.5045 25.57513649727112 1.8863142737146597 8.97645047099058 3.2999340013199736E-4
10 0.2 6.5035 25.701985960264587 1.9194036119286084 8.980440391192175 3.2999340013199736E-4
10 0.2 7.5025 25.2759164816573 1.8160916781672505 8.9917501649967 2.0999580008399833E-4
10 0.2 8.5015 25.423651526955453 1.8559128817436052 9.0 8.999820003599928E-5
10 0.2 9.5005 25.19999999998763 1.8000000000010403 9.0 5.999880002399952E-5
10 0.26 0.01 40.67312653746131 4.515887682246354 6.650926981460371 0.9941201175976481
10 0.26 10.0 30.06000000002552 1.8000000000010403 9.0 2.999940001199976E-5
10 0.38 1.009 47.50489710205931 3.944621107577857 6.152726945461091 0.6110577788444231
10 0.38 2.008 46.55566568668706 3.6331073378532994 6.0326993460130796 0.34175316493670127
10 0.38 3.007 45.03191816163439 3.235723285534168 6.774284514309714 0.1398272034559309
10 0.38 4.006 42.10562788744253 2.4994000119996618 8.645317093658127 0.01751964960700786
10 0.38 5.005 40.917785444287304 2.165464690705793 8.997270054598909 0.0016499670006599868
10 0.38 6.004 40.31994720106038 1.9741765164701264 9.0 5.099898002039959E-4
10 0.38 7.003 40.12370252596146 1.910871782564721 9.0 3.599928001439971E-4
10 0.38 8.002 39.90714705708012 1.8410151796976786 9.0 1.499970000599988E-4
10 0.38 9.001 39.897996040100566 1.8380632387364744 9.0 0.0
10 0.44 0.01 53.17808483830774 4.511369772604509 6.6432771344573105 0.995680086398272
10 0.44 10.0 44.64671986558095 1.802399952002002 9.0 2.999940001199976E-5
10 0.56 1.009 60.60827743444368 4.269166616667636 6.46085078298434 0.6351472970540589
10 0.56 2.008 59.93937121256577 4.056500869982655 6.339923201535969 0.3636227275454491
10 0.56 3.007 59.338917621636156 3.8585168296636074 6.407001859962801 0.19367612647747046
10 0.56 4.006 57.94014039718843 3.3316013679728926 7.391972160556789 0.06968860622787544
10 0.56 5.005 56.11221215576543 2.5872202555949464 8.737955240895182 0.01355972880542389
10 0.56 6.004 55.44520309594813 2.2932741345169707 9.0 0.003869922601547969
10 0.56 7.003 55.062452750968546 2.119235615287859 8.999760004799905 0.0020999580008399833
10 0.56 8.002 54.955875682516016 2.0708525829486026 9.0 0.001139977200455991
10 0.56 9.001 54.687129057441005 1.9486950260992326 9.0 3.599928001439971E-4
10 0.62 0.01 65.70397072058189 4.520357592848126 6.652756944861102 0.994960100797984
10 0.62 10.0 59.64934961303237 2.0259734805304386 9.0 6.599868002639947E-4
10 0.68 0.5095 69.31654046918945 4.524509509809839 6.6850062998740025 0.7922841543169137
10 0.68 1.5085 68.72116997659984 4.393016139677146 6.613097738045239 0.5182696346073079
10 0.68 2.5075 68.24988660226926 4.212497750044946 6.4865002699946 0.2969040619187616
10 0.68 3.5065 67.82710625787539 4.026951460970836 6.636887262254755 0.1652966940661187
10 0.68 4.5055 67.31411651766967 3.7591168176637852 6.828163436731265 0.08276834463310734
10 0.68 5.5045 66.6605219895617 3.383476330473706 7.457850842983141 0.0374992500149997
10 0.68 6.5035 65.85560208796512 2.9028919421613235 8.326213475730485 0.017909641807163857
10 0.68 7.5025 64.93275094497794 2.3329693406133116 8.997330053398931 0.006689866202675946
10 0.68 8.5015 64.69498290034207 2.184364312713574 9.0 0.0030899382012359753
10 0.68 9.5005 64.63069298613863 2.1441831163379503 9.0 0.0021899562008759824
10 0.74 1.009 73.09791084180101 4.571290574188474 6.73267534649307 0.6548569028619428
10 0.74 2.008 72.67372412553686 4.436575268494579 6.652906941861163 0.43172136557268853
10 0.74 3.007 72.33952300955823 4.278268434631188 6.598848023039539 0.27155456890862184
10 0.74 4.006 72.07277974442275 4.126411471770502 6.531019379612408 0.16946661066778665
10 0.74 5.005 71.75547249057026 3.923039539209244 6.673186536269275 0.1011579768404632
10 0.74 6.004 71.28158216836641 3.5816643667128916 7.180356392872143 0.05186896262074758
10 0.74 7.003 70.59383512330758 3.0685606287876186 8.22607547849043 0.026789464210715784
10 0.74 8.002 69.88728745424156 2.52840943181156 8.908441831163376 0.011549769004619908
10 0.74 9.001 69.91648947020259 2.5503089938204364 8.82102357952841 0.010139797204055919
10 0.86 0.5095 81.43765224695497 4.712875742485151 6.844183116337673 0.7948341033179337
10 0.86 1.5085 80.9732831343371 4.733251334973305 6.882072358552829 0.5746085078298434
10 0.86 2.5075 80.77520309593827 4.64889902201952 6.839983200335993 0.44537109257814844
10 0.86 3.5065 80.63570708585893 4.537853242935063 6.739155216895662 0.3376132477350453
10 0.86 4.5055 80.53695446091439 4.439863202735839 6.728805423891522 0.2633047339053219
10 0.86 5.5045 80.44865482690658 4.334397312053587 6.647657046859063 0.2012959740805184
10 0.86 6.5035 80.36632567349287 4.228541429171333 6.598458030839383 0.15554688906221875
10 0.86 7.5025 80.30019379613061 4.137937241255056 6.634667306653867 0.12161756764864702
10 0.86 8.5015 80.19481130378159 3.9914081718367798 6.6721965560688785 0.09170816583668327
10 0.86 9.5005 80.12916601668282 3.897924041519219 6.703845923081539 0.06956860862782745
10 0.92 1.009 85.09462650746634 4.8312353752925326 6.967630647387052 0.6914861702765944
10 0.92 2.008 84.86650626987188 4.838729225415501 6.987790244195116 0.5613787724245515
10 0.92 3.007 84.766759464808 4.778832423351613 6.9432411351772965 0.48263034739305216
10 0.92 4.006 84.7113217735635 4.717585648287051 6.8863922721545565 0.4199016019679606
10 0.92 5.005 84.66977980440394 4.64581508369832 6.8417831643367135 0.36527269454610906
10 0.92 6.004 84.63224695505954 4.568128637427259 6.815293694126117 0.3173336533269335
10 0.92 7.003 84.60620147597034 4.509707805843866 6.731295374092518 0.27830443391132176
10 0.92 8.002 84.57635567288578 4.438681226375378 6.702675946481071 0.24323513529729404
10 0.92 9.001 84.54596268074255 4.363664726705398 6.711705765884682 0.21116577668446632
10 1.1 0.5095 97.09525709485868 4.935687286254243 7.055318893622127 0.7638147237055259
10 1.1 1.5085 96.49161216775596 5.214837703245932 7.30377392452151 0.6452270954580909
10 1.1 2.5075 96.33526729465417 5.376258474830472 7.442971140577188 0.5867882642347153
10 1.1 3.5065 96.24108417831637 5.530305393892142 7.561768764624707 0.5489890202195956
10 1.1 4.5055 96.1564348713026 5.6891762164756985 7.686986260274795 0.5057298854022919
10 1.1 5.5045 96.07358552828968 5.85381892362148 7.81217375652487 0.45989080218395634
10 1.1 6.5035 95.99656506869795 6.007067858642799 7.927281454370912 0.41534169316613667
10 1.1 7.5025 95.90555588888262 6.188888222235548 8.067408651826964 0.37292254154916904
10 1.1 8.5015 95.82817843643032 6.343643127137434 8.175856482870342 0.3250134997300054
10 1.1 9.5005 95.74581508369913 6.5083698326033534 8.285744285114298 0.28424431511369774
10 1.16 0.01 103.14179156417791 4.540445191096198 6.669046619067618 0.9898602027959441
10 1.16 10.0 98.42042839142157 7.474464510710039 8.827113457730846 0.08981820363592728
10 1.28 1.009 107.77966400671771 5.3885582288354215 7.455840883182336 0.6104877902441951
10 1.28 2.008 107.01544129118014 5.855438891222179 7.805903881922362 0.46754064918701627
10 1.28 3.007 106.3293574128626 6.337133257334807 8.167726645467091 0.3306533869322614
10 1.28 4.006 105.69665806684927 6.788156236875317 8.462410751784965 0.21752564948701025
10 1.28 5.005 105.04289794204965 7.2550728985419966 8.736095278094439 0.13157736845263096
10 1.28 6.004 104.60072238555352 7.570912581748235 8.863262734745305 0.0754184916301674
10 1.28 7.003 104.14589668206933 7.895788084238689 8.948731025379493 0.043199136017279656
10 1.28 8.002 103.83181856362836 8.120129597408303 8.984610307793844 0.025169496610067798
10 1.28 9.001 103.49533809323532 8.360472790544996 8.995170096598068 0.013019739605207897
10 1.34 0.01 115.63755624886326 4.541453170936556 6.6708465830683386 0.9877302453950921
10 1.34 10.0 105.8870492589979 8.654676906460365 8.999340013199737 0.0027299454010919783
10 1.46 1.009 118.42886722266272 5.668206635867279 7.670096598068039 0.5240295194096118
10 1.46 2.008 116.4961918761671 6.480716385672268 8.26942461150777 0.2962140757184856
10 1.46 3.007 114.85399532005911 7.1939341213176276 8.686716265674686 0.1354472910541789
10 1.46 4.006 113.55256854861057 7.759752804943947 8.917171656566868 0.05606887862242755
10 1.46 5.005 112.59652366954504 8.175424491510078 8.980770384592308 0.020219595608087837
10 1.46 6.004 111.99249595011261 8.438045239095219 8.994960100797984 0.008099838003239936
10 1.46 7.003 111.45716325679261 8.670798584026592 8.999970000599989 0.0029399412011759767
10 1.46 8.002 111.13300773990777 8.811735765283524 9.0 0.0014699706005879883
10 1.46 9.001 111.11716565673443 8.818623627524442 9.0 9.89980200395992E-4
10 1.52 0.01 127.98928781420781 4.554142917141603 6.681106377872442 0.9850602987940241
10 1.52 10.0 113.57206455865119 8.933821323571136 9.0 3.2999340013199736E-4
10 1.58 0.5095 126.92725685486332 5.363418731625345 7.420621587568249 0.626837463250735
10 1.58 1.5085 123.64383932321505 6.400473990520214 8.222685546289075 0.3125637487250255
10 1.58 2.5075 121.10729705406692 7.273378532429327 8.729255414891702 0.12116757664846703
10 1.58 3.5065 119.14147657047022 7.951214975700622 8.952930941381172 0.0376192476150477
10 1.58 4.5055 117.70297774041191 8.44724905501882 8.996340073198535 0.009719805603887922
10 1.58 5.5045 116.99618647626204 8.690970180594652 9.0 0.0024299514009719805
10 1.58 6.5035 116.91583488330978 8.718677626445944 9.0 0.0016799664006719867
10 1.58 7.5025 116.4098530030006 8.893154136916761 9.0 5.399892002159956E-4
10 1.58 8.5015 116.2337163257235 8.953890922180282 9.0 1.499970000599988E-4
10 1.58 9.5005 116.19796004086443 8.966220675586 9.0 1.1999760004799904E-4
10 1.64 1.009 128.43098098037382 5.999820003599939 7.921191576168477 0.4301313973720526
10 1.64 2.008 125.02601787963997 7.0544309113817505 8.63262734745305 0.16580668386632266
10 1.64 3.007 122.54369472610898 7.8300953980918395 8.933311333773325 0.04685906281874363
10 1.64 4.006 121.0169412611968 8.30720585588314 8.995620087598247 0.013379732405351893
10 1.64 5.005 120.02793064139955 8.616271674563922 8.998110037799243 0.003209935801283974
10 1.64 6.004 119.22989860198943 8.865656686864767 9.0 6.599868002639947E-4
10 1.64 7.003 119.38867942637853 8.816037679243408 9.0 7.799844003119938E-4
10 1.64 8.002 118.8917933640812 8.971314573706856 9.0 5.999880002399952E-5
10 1.64 9.001 119.02319553606002 8.930251394968653 9.0 1.7999640007199856E-4
10 1.76 0.5095 137.55151856962644 5.53636527269457 7.556428871422572 0.5781784364312714
10 1.76 1.5085 132.46676666464842 6.824743505129867 8.49190016199676 0.20936581268374632
10 1.76 2.5075 128.66264594707195 7.825619487610236 8.933191336173277 0.04712905741885162
10 1.76 3.5065 126.46659386814257 8.403527929441317 8.999430011399772 0.01004979900401992
10 1.76 4.5055 125.17319853606851 8.743895122096305 9.0 0.001979960400791984
10 1.76 5.5045 124.68387472254341 8.872664546706838 9.0 4.7999040019199615E-4
10 1.76 6.5035 124.48973660530473 8.923753524927124 9.0 1.7999640007199856E-4
10 1.76 7.5025 124.22366592675692 8.993772124557509 9.0 2.999940001199976E-5
10 1.76 8.5015 124.33549769012336 8.964342713146241 9.0 8.999820003599928E-5
10 1.76 9.5005 124.20000000007526 9.0 9.0 0.0
10 1.82 1.009 137.98130437391518 6.3000659986800365 8.14834703305934 0.3399832003359933
10 1.82 2.008 132.84658666825806 7.549613007739916 8.848653026939461 0.08093838123237536
10 1.82 3.007 129.69135537290109 8.31918161636743 8.995320093598128 0.01382972340553189
10 1.82 4.006 128.58691126181847 8.588558228834529 9.0 0.0030599388012239755
10 1.82 5.005 127.49137217256146 8.855762884740345 9.0 7.199856002879943E-4
10 1.82 6.004 127.21898182032741 8.922199556008636 9.0 1.7999640007199856E-4
10 1.82 7.003 127.09706665865144 8.951934961298806 9.0 2.0999580008399833E-4
10 1.82 8.002 127.01244435108413 8.972574548507756 9.0 0.0
10 1.82 9.001 126.89999999993796 9.0 9.0 0.0
10 1.94 0.5095 147.94225655486474 5.70077398452033 7.692596148077039 0.5216595668086639
10 1.94 1.5085 140.64912521747763 7.223627527449416 8.696766064678707 0.13211735765284693
10 1.94 2.5075 136.0422625547811 8.203773924521759 8.988780224395512 0.01853962920741585
10 1.94 3.5065 133.64401331979616 8.714039719204015 9.0 0.0019499610007799844
10 1.94 4.5055 133.12345173096526 8.824797504048256 9.0 8.099838003239935E-4
10 1.94 5.5045 132.45833983316786 8.966310673784909 9.0 0.0
10 1.94 6.5035 132.3246745064263 8.994750104997976 9.0 2.999940001199976E-5
10 1.94 7.5025 132.29999999991796 9.0 9.0 0.0
10 1.94 8.5015 132.29999999991796 9.0 9.0 0.0
10 1.94 9.5005 132.29999999991796 9.0 9.0 0.0
10 2.0 0.5095 151.39158216835662 5.747423051539015 7.730905381892362 0.5098098038039239
10 2.0 1.5085 143.01007979840404 7.397996040079157 8.795764084718305 0.10466790664186716
10 2.0 2.5075 138.58108837823244 8.283782324354021 8.992980140397192 0.016199676006479872
10 2.0 3.5065 135.90538189236216 8.818923621526306 9.0 0.0012299754004919902
10 2.0 4.5055 135.46916061678766 8.906167876640103 9.0 2.0999580008399833E-4
10 2.0 5.5045 135.0 9.0 9.0 0.0
10 2.0 6.5035 135.07538849223016 8.984922301554187 9.0 2.999940001199976E-5
10 2.0 7.5025 135.002489950201 8.999502009959809 9.0 2.999940001199976E-5
10 2.0 8.5015 135.007499850003 8.998500029999313 9.0 0.0
10 2.0 9.5005 135.0 9.0 9.0 0.0
12 0.0 0.5095 25.100647987040258 4.183441331173343 6.699766004679907 0.5592488150236995
12 0.0 1.5085 15.152846943061139 2.5254744905102093 4.675256494870102 0.10853782924341514
12 0.0 2.5075 12.360052798944022 2.060008799823433 3.9773804523909524 0.024719505609887803
12 0.0 3.5065 11.49460010799784 1.9157666846638994 3.632417351652967 0.008849823003539928
12 0.0 4.5055 11.121737565248695 1.8536229275375922 3.634487310253795 0.003989920201595968
12 0.0 5.5045 11.040889182216356 1.840148197031851 3.490460190796184 0.003149937001259975
12 0.0 6.5035 11.017309653806924 1.836218275630173 3.5706185876282475 0.0026699466010679787
12 0.0 7.5025 11.003989920201596 1.8339983200292278 3.5384292314153716 0.002579948401031979
12 0.0 8.5015 11.0 1.833333333328946 3.4857502849943 0.002969940601187976
12 0.0 9.5005 11.004769904601908 1.8341283174292873 3.496880062398752 0.0024299514009719805
12 0.06 0.01 38.98225175496439 5.4876902461950685 8.016739665206696 0.99115017699646
12 0.06 10.0 18.800000000000736 1.833333333328946 10.0 0.0
12 0.18 1.009 45.21889782204376 4.076868462630757 6.621587568248635 0.5013199736005279
12 0.18 2.008 42.993585528289614 3.478460430791398 6.16847663046739 0.2580848383032339
12 0.18 3.007 41.52830443391098 3.1132677346453606 6.4595608087838245 0.12263754724905501
12 0.18 4.006 34.597742845150286 2.0930481390354903 10.48815023699526 0.004799904001919961
12 0.18 5.005 32.80964240717519 1.8393582128315313 11.0 0.0
12 0.18 6.004 32.82420531591507 1.842318153632696 11.0 0.0
12 0.18 7.003 32.78000000001402 1.8333333333293844 11.0 0.0
12 0.18 8.002 32.780000000020976 1.833333333328946 11.0 0.0
12 0.18 9.001 32.81586608269966 1.8406231875319874 11.0 2.999940001199976E-5
12 0.24 0.01 57.134960100799276 5.483885322293584 8.009119817603647 0.993820123597528
12 0.24 10.0 40.04000000001902 1.833333333328946 11.0 0.0
12 0.36 1.009 66.47794924101358 4.614257714845619 7.176906461870763 0.5865182696346073
12 0.36 2.008 65.05234415311453 4.197906041879191 6.890682186356273 0.3265134697306054
12 0.36 3.007 63.16967420651447 3.7727945441090656 7.695596088078238 0.1354772904541909
12 0.36 4.006 56.967679846403215 2.440061198776219 10.80107397852043 0.008009839803203935
12 0.36 5.005 55.87290814184029 2.1752364952700245 11.0 0.0014399712005759885
12 0.36 6.004 55.34710745786679 2.0383092338144513 11.0 5.399892002159956E-4
12 0.36 7.003 55.144743505115756 1.9856102877935966 11.0 1.1999760004799904E-4
12 0.36 8.002 55.122990340187584 1.9799454010912927 11.0 5.999880002399952E-5
12 0.36 9.001 54.56000000003915 1.833333333328946 11.0 0.0
12 0.42 0.01 75.34363292734143 5.501049979000412 8.039629207415851 0.995320093598128
12 0.42 10.0 61.820000000020535 1.833333333328946 11.0 0.0
12 0.48 0.5095 80.38981100376948 5.146302073958468 7.7028559428811425 0.7992440151196976
12 0.48 1.5085 79.00258714823451 4.688636227275425 7.288864222715546 0.4748605027899442
12 0.48 2.5075 77.88707505847675 4.379422411551737 7.229945401091978 0.24428511429771405
12 0.48 3.5065 75.39144417110444 3.7217055658887728 8.897582048359032 0.07808843823123537
12 0.48 4.5055 71.51986440270844 2.6117827643448734 10.947141057178856 0.008579828403431931
12 0.48 5.5045 70.56618227636598 2.3096738065239624 11.0 0.002639947201055979
12 0.48 6.5035 70.00523309537634 2.129882402352876 11.0 9.89980200395992E-4
12 0.48 7.5025 69.18247435054589 1.8661776764427545 11.0 1.1999760004799904E-4
12 0.48 8.5015 69.88801703969986 2.092313153738364 11.0 4.7999040019199615E-4
12 0.48 9.5005 69.08000000003224 1.833333333328946 11.0 0.0
12 0.54 1.009 86.00592008160676 5.007569848603046 7.554088918221636 0.631547369052619
12 0.54 2.008 85.00410631788492 4.696151076978435 7.34082318353633 0.36338273234535307
12 0.54 3.007 84.0241441171222 4.408731825363428 7.532609347813044 0.1757664846703066
12 0.54 4.006 82.00740565188802 3.7851292974141226 8.876282474350512 0.060988780224395515
12 0.54 5.005 78.81922001561001 2.7298054038922652 10.975340493190137 0.009749805003899922
12 0.54 6.004 77.865269694614 2.3859672806541483 11.0 0.0027299454010919783
12 0.54 7.003 77.5210355792719 2.2612447751047213 11.0 0.0020399592008159837
12 0.54 8.002 76.88500629989977 2.0307993840107033 11.0 5.999880002399952E-4
12 0.54 9.001 76.54811363771479 1.9087368252610604 11.0 5.999880002399952E-5
12 0.66 0.5095 98.95799724005494 5.384207315853713 7.926111477770444 0.8129837403251935
12 0.66 1.5085 98.1320609587754 5.116817663646723 7.710445791084179 0.5048599028019439
12 0.66 2.5075 97.47929141416316 4.879447411051668 7.551928961420772 0.29672406551868963
12 0.66 3.5065 96.85414411710492 4.63897222055563 7.482780344393112 0.15476690466190676
12 0.66 4.5055 95.82172196555061 4.198076038479193 8.323843523129538 0.06983860322793545
12 0.66 5.5045 93.55496850062535 3.1477770444590245 10.721515569688606 0.023519529609407813
12 0.66 6.5035 92.87823543529464 2.822198556028906 10.915221695566089 0.012809743805123898
12 0.66 7.5025 92.15590448193194 2.468580628387681 11.0 0.005579888402231955
12 0.66 8.5015 92.01614687705812 2.4000719985596266 11.0 0.0026999460010799785
12 0.66 9.5005 91.47740385194602 2.1359822803540136 11.0 7.799844003119938E-4
12 0.72 1.009 104.63756764864605 5.355287894242102 7.908351832963341 0.6673066538669227
12 0.72 2.008 104.05787724245293 5.148227035459319 7.725415491690166 0.4288114237715246
12 0.72 3.007 103.55179936400924 4.928541429171497 7.556578868422632 0.254604907901842
12 0.72 4.006 103.11188696225449 4.722590548189041 7.5554988900222 0.14705705885882284
12 0.72 5.005 102.68320153595917 4.499910001800051 7.667516649667006 0.07985840283194336
12 0.72 6.004 101.73136737264474 3.9627457450850927 8.926081478370433 0.04136917261654767
12 0.72 7.003 100.84891942161488 3.4524959500809156 9.622067558648826 0.020129597408051838
12 0.72 8.002 99.70669826604609 2.7777194456108187 10.959500809983801 0.010679786404271915
12 0.72 9.001 99.16653506931769 2.4562708745828123 11.0 0.004349913001739965
12 0.84 0.5095 116.96352312953474 5.610627787444312 8.13784724305514 0.8246535069298614
12 0.84 1.5085 116.4859182816313 5.5270244595108515 8.071158576828463 0.6004679906401872
12 0.84 2.5075 116.19742125157504 5.393112137757271 7.951250974980501 0.44405111897762045
12 0.84 3.5065 115.99835003300211 5.250004999899987 7.847543049139017 0.3278034439311214
12 0.84 4.5055 115.81811843763732 5.100377992440173 7.73747525049499 0.23609527809443812
12 0.84 5.5045 115.6534373312647 4.949021019579743 7.573138537229255 0.16979660406791863
12 0.84 6.5035 115.53928241436196 4.842473150536957 7.6079978400432 0.12782744345113098
12 0.84 7.5025 115.38038399233254 4.682886342273155 7.71872562548749 0.09410811783764325
12 0.84 8.5015 115.23615647688693 4.534854302913887 7.737385252294954 0.06608867822643547
12 0.84 9.5005 114.83785204297614 4.122132557348836 8.83317333653327 0.04538909221815564
12 0.9 0.01 123.69464210715743 5.51493970120597 8.052888942221156 0.994930101397972
12 0.9 10.0 121.71479270414707 4.857222855542853 7.668776624467511 0.13067738645227095
12 1.08 1.009 139.8701745964928 6.044434111317814 8.530179396412072 0.751484970300594
12 1.08 2.008 139.6087754244806 6.2475400491989825 8.718155636887262 0.6889962200755985
12 1.08 3.007 139.49178976419904 6.4166066678666205 8.86347273054539 0.6471170576588469
12 1.08 4.006 139.41065578688085 6.568693626127493 9.003419931601368 0.6061978760424791
12 1.08 5.005 139.32013079738573 6.750739985200327 9.146727065458691 0.5704985900281995
12 1.08 6.004 139.24372472550982 6.90904181916367 9.282384352312954 0.5273594528109438
12 1.08 7.003 139.16302873942837 7.077023459530779 9.418521629567408 0.4844603107937841
12 1.08 8.002 139.07539929201576 7.259584808303784 9.563868722625548 0.44222115557688846
12 1.08 9.001 138.9855234895297 7.446826063478693 9.70477590448191 0.3975520489590208
12 1.14 0.01 147.82210835783283 5.521059578808431 8.046829063418732 0.9917201655966881
12 1.14 10.0 143.05731205375787 8.836533269334796 10.603587928241435 0.125097498050039
12 1.26 1.009 156.3878772424748 6.43061638767227 8.882372352552949 0.6648767024659507
12 1.26 2.008 155.43212755745532 6.98539029219415 9.344243115137697 0.5135597288054239
12 1.26 3.007 154.50602627947222 7.573738525229525 9.780044399112018 0.36812263754724905
12 1.26 4.006 153.65318233634227 8.119827603447874 10.175346493070139 0.24239515209695806
12 1.26 5.005 152.80410271792337 8.664036719265608 10.532219355612888 0.14705705885882284
12 1.26 6.004 152.148143637111 9.084523309533841 10.734595308093839 0.09461810763784724
12 1.26 7.003 151.4584892302171 9.526609467811205 10.896382072358552 0.050188996220075596
12 1.26 8.002 151.0016211676042 9.819473610529382 10.966280674386512 0.028259434811303774
12 1.26 9.001 150.67323993523024 10.029974400513847 10.984760304793904 0.016109677806443873
12 1.32 0.01 165.95439011219872 5.5173196536069025 8.047189056218876 0.9901301973960521
12 1.32 10.0 153.80607907844157 10.6426671466575 11.0 0.002609947801043979
12 1.38 0.5095 168.25555648888886 6.230790384192314 8.69667606647867 0.7279654406911862
12 1.38 1.5085 165.95360232795974 7.113897722045504 9.447381052378953 0.48425031499370014
12 1.38 2.5075 164.00609707804765 7.962310753784984 10.068308633827323 0.28355432891342175
12 1.38 3.5065 162.25745725082956 8.729185416291704 10.553728925421492 0.14279714405711885
12 1.38 4.5055 161.06901961959431 9.250429991400575 10.803593928121437 0.07181856362872742
12 1.38 5.5045 159.77639947203807 9.817368652627417 10.958510829783405 0.02891942161156777
12 1.38 6.5035 159.06724245519297 10.128402431950759 10.992740145197097 0.012389752204955902
12 1.38 7.5025 158.36301013979332 10.437276254470293 10.999730005399892 0.00509989800203996
12 1.38 8.5015 158.21360472792932 10.502804943900708 11.0 0.003269934601307974
12 1.38 9.5005 157.54377692443796 10.796589068217834 11.0 4.1999160016799666E-4
12 1.44 1.009 172.15459650808342 6.807188856222923 9.20162596748065 0.5647687046259074
12 1.44 2.008 169.5644315113613 7.7713595728085 9.939191216175676 0.31625367492650147
12 1.44 3.007 167.11573288532122 8.69858602827943 10.540139197216055 0.14693706125877481
12 1.44 4.006 165.24451190976038 9.407381852363764 10.86095278094438 0.059548809023819524
12 1.44 5.005 163.96976060478704 9.890242195156608 10.971440571188577 0.02276954460910782
12 1.44 6.004 162.89944681109185 10.295664086719807 10.997510049799004 0.008129837403251934
12 1.44 7.003 162.33569928600602 10.5092048159042 10.998110037799243 0.0027599448011039777
12 1.44 8.002 161.8060202796083 10.70984080318255 11.0 0.0010199796004079918
12 1.44 9.001 161.6431883363022 10.771519569602743 11.0 5.999880002399952E-4
12 1.56 0.5095 184.5278778424283 6.433461330773401 8.870912581748366 0.6703665926681467
12 1.56 1.5085 180.01231655367744 7.711455770884607 9.891612167756644 0.3374332513349733
12 1.56 2.5075 176.28836623268901 8.818938621227762 10.605867882642347 0.12674746505069898
12 1.56 3.5065 173.26919781603064 9.71750064998778 10.941711165776685 0.03650926981460371
12 1.56 4.5055 171.97317093656824 10.103222935542714 10.989110217795645 0.013049739005219895
12 1.56 5.5045 170.4705081898435 10.550443991114717 10.99985000299994 0.0027299454010919783
12 1.56 6.5035 170.05540529185743 10.673986520270857 11.0 8.399832003359933E-4
12 1.56 7.5025 169.1593280133952 10.94067618647263 11.0 1.7999640007199856E-4
12 1.56 8.5015 169.38188996216448 10.874437511238265 11.0 8.999820003599928E-5
12 1.56 9.5005 169.1591936160903 10.940716185671008 11.0 8.999820003599928E-5
12 1.62 1.009 186.9930047399022 7.221480570388675 9.513619727605448 0.4532309353812924
12 1.62 2.008 182.160073198554 8.51617467650642 10.41882162356753 0.1742365152696946
12 1.62 3.007 178.53184256314694 9.491440171197015 10.886182276354473 0.05105897882042359
12 1.62 4.006 176.29966400666993 10.09148817023686 10.992320153596928 0.012809743805123898
12 1.62 5.005 174.46216955664087 10.585438291232068 11.0 0.00251994960100798
12 1.62 6.004 173.6903407931695 10.792919141612105 11.0 8.099838003239935E-4
12 1.62 7.003 173.78973720528222 10.766199675994898 11.0 3.2999340013199736E-4
12 1.62 8.002 172.9199999999424 11.0 11.0 0.0
12 1.62 9.001 173.04389212211345 10.966695666081703 11.0 5.999880002399952E-5
12 1.74 0.5095 200.3989524209297 6.628442431151339 9.048029039419212 0.6124977500449991
12 1.74 1.5085 192.9151556969109 8.28046439071201 10.275514489710206 0.21431571368572627
12 1.74 2.5075 187.41559728805314 9.519009619808033 10.89395212095758 0.047819043619127616
12 1.74 3.5065 184.60053818918675 10.15303193936196 10.996940061198776 0.011699766004679906
12 1.74 4.5055 182.82488450229783 10.552953940923572 11.0 0.00251994960100798
12 1.74 5.5045 181.63325673484542 10.821338573213573 11.0 4.1999160016799666E-4
12 1.74 6.5035 181.85252174957256 10.77195456090623 11.0 5.099898002039959E-4
12 1.74 7.5025 181.0550248994825 10.951570968574991 11.0 5.999880002399952E-5
12 1.74 8.5015 180.83999999991556 11.0 11.0 0.0
12 1.74 9.5005 180.8616223674682 10.995130097397077 11.0 0.0
12 1.8 0.01 213.84987700246046 5.557128857422848 8.08864822703546 0.9832603347933041
12 1.8 10.0 184.79999999988834 11.0 11.0 0.0
12 1.92 0.5095 215.78731025378917 6.838878222435571 9.210685786284275 0.5621887562248755
12 1.92 1.5085 204.77472130552792 8.816173676526406 10.595008099838003 0.12902741945161098
12 1.92 2.5075 197.8245731086056 10.075258494831793 10.985060298794025 0.015839683206335872
12 1.92 3.5065 195.24165116691154 10.543179136418223 11.0 0.0021599568008639825
12 1.92 4.5055 193.91168896614255 10.784114317703843 11.0 2.999940001199976E-4
12 1.92 5.5045 193.30955180891442 10.893197136051878 11.0 8.999820003599928E-5
12 1.92 6.5035 192.7546097077714 10.993730125396297 11.0 0.0
12 1.92 7.5025 192.71999999996845 11.0 11.0 0.0
12 1.92 8.5015 192.71999999996845 11.0 11.0 0.0
12 1.92 9.5005 192.71999999996845 11.0 11.0 0.0
14 0.04 0.01 50.83657166856654 6.4728205435891555 9.37385252294954 0.990910181796364
14 0.04 10.0 19.760000000007004 1.8571428571391961 13.0 2.999940001199976E-5
14 0.16 1.009 57.78735465290751 4.613136308702362 7.505579888402232 0.47225055498890023
14 0.16 2.008 54.3261450770974 3.8338590371051757 6.846133077338453 0.23519529609407813
14 0.16 3.007 51.77997240055231 3.3360189939057925 7.628007439851203 0.10229795404091918
14 0.16 4.006 42.322296754066606 2.1915418834475755 12.814783704325913 0.0012299754004919902
14 0.16 5.005 40.76680386392261 1.980748956448763 13.0 2.999940001199976E-5
14 0.16 6.004 40.04000000001902 1.8571428571391961 13.0 0.0
14 0.16 7.003 40.86041999158344 1.9966700665993975 13.0 8.999820003599928E-5
14 0.16 8.002 40.04000000001374 1.8571428571395503 13.0 0.0
14 0.16 9.001 40.04000000001902 1.8571428571391961 13.0 0.0
14 0.22 0.01 75.72564048718965 6.477003317076515 9.362662746745064 0.993070138597228
14 0.22 10.0 50.179999999989825 1.8571428571391961 13.0 0.0
14 0.28 0.5095 80.13067498649846 5.589659635378787 8.516139677206455 0.7298554028919422
14 0.28 1.5085 76.51514129717572 4.7022902399094315 7.640037199256015 0.39602207955840885
14 0.28 2.5075 74.44185756285162 4.225964052147242 7.709605807883842 0.2008759824803504
14 0.28 3.5065 65.16634667306683 2.7841886019427298 12.869262614747704 0.007769844603107937
14 0.28 4.5055 62.69140577186814 2.3269848888724254 12.9985000299994 0.0013499730005399892
14 0.28 5.5045 61.28651586970826 2.048911878904434 13.0 1.1999760004799904E-4
14 0.28 6.5035 61.321463970743004 2.0558460259379525 13.0 2.999940001199976E-5
14 0.28 7.5025 60.32000000001942 1.8571428571391961 13.0 0.0
14 0.28 8.5015 60.32000000001942 1.8571428571391961 13.0 0.0
14 0.28 9.5005 60.32000000001942 1.8571428571391961 13.0 0.0
14 0.34 1.009 87.53796724065313 5.2595762370466925 8.16694666106678 0.5744885102297954
14 0.34 2.008 85.33247855043193 4.691499027162454 7.675466490670186 0.3090238195236095
14 0.34 3.007 82.07459110818147 4.076241332316332 9.137937241255175 0.11489770204595907
14 0.34 4.006 74.33791084178205 2.696517498221639 13.0 0.004829903401931962
14 0.34 5.005 72.1375214495759 2.22024273800246 13.0 0.0011699766004679907
14 0.34 6.004 72.38929321413457 2.2747387909370826 13.0 9.299814003719926E-4
14 0.34 7.003 70.82076858463024 1.935231295372259 13.0 2.999940001199976E-5
14 0.34 8.002 70.4599999999731 1.8571428571391961 13.0 0.0
14 0.34 9.001 70.4599999999731 1.8571428571391961 13.0 0.0
14 0.46 0.5095 107.09013739725371 5.932454208058629 8.86617267654647 0.7906341873162537
14 0.46 1.5085 104.96870642588061 5.314350855839999 8.24677506449871 0.4592308153836923
14 0.46 2.5075 103.46373252535459 4.931845648801436 8.017459650806984 0.23090538189236215
14 0.46 3.5065 98.10052978941114 3.7153099795147226 11.435141297174056 0.04889902201955961
14 0.46 4.5055 94.07023219536303 2.7381566654388427 13.0 0.006839863202735945
14 0.46 5.5045 92.54987640244146 2.335946138219698 13.0 0.0013799724005519889
14 0.46 6.5035 91.77378232432669 2.1306302445383807 13.0 3.899922001559969E-4
14 0.46 7.5025 91.60972820544535 2.087229683977944 13.0 2.699946001079978E-4
14 0.46 8.5015 91.5450752985055 2.070125740341883 13.0 1.499970000599988E-4
14 0.46 9.5005 90.79566208682483 1.8718682769170505 13.0 5.999880002399952E-5
14 0.52 1.009 114.84117357649394 5.726984031747963 8.663406731865363 0.628487430251395
14 0.52 2.008 113.35666766661552 5.298579742690876 8.273084538309234 0.3586128277434451
14 0.52 3.007 111.83891522168398 4.900830554817544 8.415881682366352 0.1622667546649067
14 0.52 4.006 107.37525889483652 3.7224712648604728 11.297624047519049 0.03944921101577968
14 0.52 5.005 103.79556728864715 2.724871216862162 13.0 0.005369892602147957
14 0.52 6.004 103.12924941500596 2.526562325896145 13.0 0.0026699466010679787
14 0.52 7.003 102.5095722085027 2.34213458587831 13.0 0.0011699766004679907
14 0.52 8.002 101.91652006956336 2.165630973095119 13.0 6.899862002759944E-4
14 0.52 9.001 101.4771848562393 2.034876445328173 13.0 2.0999580008399833E-4
14 0.64 0.5095 132.9758048839023 6.23213964292146 9.14612707745845 0.8190736185276295
14 0.64 1.5085 131.75826483470775 5.805749599293707 8.718935621287574 0.5122097558048839
14 0.64 2.5075 130.76113037739464 5.478181864934125 8.44330113397732 0.27974440511189774
14 0.64 3.5065 129.95387772244948 5.207655846882898 8.36587268254635 0.14426711465770684
14 0.64 4.5055 128.96653506930136 4.869939744062426 8.797624047519049 0.06746865062698747
14 0.64 5.5045 126.71994480110679 4.03254506338472 10.690196196076078 0.025919481610367792
14 0.64 6.5035 123.64332393351211 2.842588862508765 13.0 0.007589848203035939
14 0.64 7.5025 122.69490850183468 2.466233532471947 13.0 0.0028199436011279774
14 0.64 8.5015 122.68268314639593 2.461382200926361 13.0 0.002129957400851983
14 0.64 9.5005 121.98809503804469 2.1857519992469574 13.0 5.699886002279955E-4
14 0.7 0.01 142.03026339473243 6.496871491141682 9.387382252354953 0.996220075598488
14 0.7 10.0 132.42069358612693 2.3908064695846583 13.0 0.0016499670006599868
14 0.82 0.5095 158.04548389032172 6.490593045282016 9.392152156956861 0.8497330053398932
14 0.82 1.5085 157.4875334493342 6.293145565660117 9.190136197276054 0.6202375952480951
14 0.82 2.5075 157.0777548449089 6.084928301433957 8.988720225595488 0.43943121137577246
14 0.82 3.5065 156.7388930221468 5.875536774978822 8.776804463910722 0.2990040199196016
14 0.82 4.5055 156.45915221696205 5.686339130360377 8.67672646547069 0.21062578748425032
14 0.82 5.5045 156.20539809204368 5.501795678372206 8.5209995800084 0.1403671926561469
14 0.82 6.5035 155.9938237235335 5.347135914424591 8.468830623387532 0.09428811423771524
14 0.82 7.5025 155.78398212037342 5.18598342318841 8.442911141777165 0.0629687406251875
14 0.82 8.5015 155.4044093118357 4.889713634298711 9.068098638027239 0.04244915101697966
14 0.82 9.5005 154.93642407154653 4.5197610333513065 9.682636347273055 0.03104937901241975
14 1.06 1.009 190.1838087238384 6.966443528272296 9.824863502729945 0.8070738585228295
14 1.06 2.008 189.96007859844497 7.1534297885470535 9.996220075598488 0.746685066298674
14 1.06 3.007 189.85253734926857 7.329830546246196 10.160556788864223 0.7216355672886542
14 1.06 4.006 189.7890694186267 7.46247075058493 10.283134337313253 0.6931361372772544
14 1.06 5.005 189.72075058500081 7.619380469533429 10.423951520969581 0.6568968620627588
14 1.06 6.004 189.6514855702961 7.782555777455868 10.56719865602688 0.624167516649667
14 1.06 7.003 189.58766784664843 7.9342756002022705 10.679996400071998 0.5892482150356992
14 1.06 8.002 189.51450230995403 8.108327833443305 10.843043139137217 0.5495590088198236
14 1.06 9.001 189.4414525709474 8.282255783455799 10.986410271794565 0.5167996640067198
14 1.12 0.01 199.91570888582402 6.511138348661568 9.41240175196496 0.9951400971980561
14 1.12 10.0 195.44410031799612 9.995118669058764 12.22577548449031 0.18149637007259856
14 1.18 0.5095 206.30558768826396 6.984083175479392 9.854262914741705 0.8268434631307374
14 1.18 1.5085 205.3003197936205 7.536929261414786 10.342263154736905 0.6840463190736186
14 1.18 2.5075 204.6616487670293 8.018132494492978 10.753914921701567 0.5668086638267235
14 1.18 3.5065 204.02056218874662 8.5238409517525 11.167246655066899 0.4568908621827563
14 1.18 4.5055 203.40353332931429 9.013096880920108 11.536539269214616 0.35513289734205317
14 1.18 5.5045 202.78872022557985 9.501015693973743 11.90157196856063 0.2622247555048899
14 1.18 6.5035 202.22591108178221 9.947689617639083 12.197966040679187 0.1889362212755745
14 1.18 7.5025 201.74857142858588 10.326530612247183 12.411801763964721 0.13631727365452692
14 1.18 8.5015 201.21106077880552 10.753126366045423 12.63802723945521 0.09278814423711526
14 1.18 9.5005 200.7933143337342 11.084671163719804 12.790994180116398 0.05783884322313554
14 1.24 1.009 213.29743085140643 7.421238718082812 10.241315173696526 0.7036059278814424
14 1.24 2.008 212.08426711466228 8.096949489581577 10.823393532129357 0.5526189476210476
14 1.24 3.007 210.97342293152 8.75418063067335 11.34742305153897 0.4064018719625607
14 1.24 4.006 209.84179996398626 9.427500021429912 11.833593328133437 0.2723945521089578
14 1.24 5.005 208.9339917201669 9.967862071333684 12.20657586848263 0.18251634967300653
14 1.24 6.004 208.05882762346639 10.488793081283447 12.530629387412251 0.11372772544549109
14 1.24 7.003 207.2697954041214 10.958455116612638 12.739935201295975 0.06872862542749145
14 1.24 8.002 206.66019799606414 11.321310716642007 12.894762104757906 0.03821923561528769
14 1.24 9.001 206.0316289674125 11.69545894796262 12.960760784784304 0.021719565608687826
14 1.36 0.5095 229.48447471049957 7.250679272128847 10.085618287634247 0.7697246055078898
14 1.36 1.5085 226.73714045719265 8.251343544557772 10.95785084298314 0.5141597168056639
14 1.36 2.5075 224.1496442071229 9.274031662225024 11.743655126897462 0.3023339533209336
14 1.36 3.5065 221.90582828343204 10.164353855782991 12.327083458330833 0.15374692506149876
14 1.36 4.5055 220.0505333893304 10.90058198836118 12.73177536449271 0.07307853842923141
14 1.36 5.5045 218.7672490550231 11.409821803564295 12.905291894162117 0.034199316013679724
14 1.36 6.5035 217.61215815684082 11.868191207604404 12.983290334193317 0.015779684406311875
14 1.36 7.5025 216.87780524385133 12.159601093690556 12.999730005399892 0.00626987460250795
14 1.36 8.5015 216.37733245334988 12.358201407399768 13.0 0.0030899382012359753
14 1.36 9.5005 215.68037919246567 12.634770161733549 13.0 0.0014099718005639887
14 1.42 1.009 235.10349313013003 7.949121017579662 10.706065878682427 0.5962080758384832
14 1.42 2.008 231.732667546656 9.084242600863131 11.608687826243475 0.3425331493370133
14 1.42 3.007 228.57601607969406 10.157861128494826 12.312143757124858 0.15908681826363472
14 1.42 4.006 226.17305333891483 10.975151925533396 12.760304793904123 0.06749865002699947
14 1.42 5.005 224.42955060895986 11.568180064969626 12.949211015779685 0.028409431811363774
14 1.42 6.004 223.05830743392602 12.034589308216697 12.992380152396953 0.010889782204355913
14 1.42 7.003 222.28749265024007 12.296771207434807 12.998410031799365 0.004259914801703966
14 1.42 8.002 221.37059638798064 12.608640684328156 13.0 8.999820003599928E-4
14 1.42 9.001 220.741793364067 12.82251926389215 13.0 2.3999520009599807E-4
14 1.54 0.5095 252.12379912408866 7.49161731051087 10.298944021119578 0.7080158396832064
14 1.54 1.5085 246.19256014871502 9.018256777722186 11.560988780224395 0.3571728565428691
14 1.54 2.5075 241.21425451498553 10.334853302937088 12.42320153596928 0.13136737265254694
14 1.54 3.5065 237.7335435291941 11.255676315045882 12.87280254394912 0.04535909281814364
14 1.54 4.5055 234.78311273767835 12.036213561443807 12.987430251394972 0.010529789404211915
14 1.54 5.5045 233.19376252467958 12.456676580747127 12.9992500149997 0.0036899262014759705
14 1.54 6.5035 232.67166316664375 12.594798104030136 13.0 0.001109977800443991
14 1.54 7.5025 231.71178376414662 12.848734453869092 13.0 2.999940001199976E-4
14 1.54 8.5015 232.0207601846753 12.766994660094749 13.0 2.3999520009599807E-4
14 1.54 9.5005 231.2215491688889 12.978426145756464 13.0 0.0
14 1.6 0.01 265.8342893142134 6.5400963409303206 9.432921341573168 0.9884202315953681
14 1.6 10.0 236.59999999986053 13.0 13.0 0.0
14 1.72 0.5095 274.064294714111 7.753259220529842 10.533089338213236 0.6424671506569869
14 1.72 1.5085 264.05505249894543 9.719235615290458 12.030959380812384 0.2247555048899022
14 1.72 2.5075 256.93412851743324 11.132117357653442 12.828313433731326 0.05486890262194756
14 1.72 3.5065 252.0784592308235 12.095543803406922 12.9992500149997 0.009359812803743926
14 1.72 4.5055 249.07624887504167 12.691220461298292 13.0 8.69982600347993E-4
14 1.72 5.5045 248.93989080218418 12.718275634477228 13.0 5.399892002159956E-4
14 1.72 6.5035 247.59797444037275 12.984528880846451 13.0 0.0
14 1.72 7.5025 247.51999999978895 13.0 13.0 0.0
14 1.72 8.5015 247.51999999978895 13.0 13.0 0.0
14 1.72 9.5005 247.51999999978895 13.0 13.0 0.0
14 1.9 1.009 287.7373162536755 9.216479956116302 11.68212635747285 0.3113337733245335
14 1.9 2.008 275.78308333834633 11.113796295503278 12.824383512329753 0.05471890562188756
14 1.9 3.007 269.51032579349123 12.10947209627629 12.999310013799724 0.00740985180296394
14 1.9 4.006 265.50063598724876 12.745930795649265 13.0 4.1999160016799666E-4
14 1.9 5.005 264.4990370191869 12.904914758835677 13.0 2.0999580008399833E-4
14 1.9 6.004 263.9000000001636 13.0 13.0 0.0
14 1.9 7.003 263.9000000001636 13.0 13.0 0.0
14 1.9 8.002 264.2101427971592 12.950770984565981 13.0 0.0
14 1.9 9.001 263.9000000001636 13.0 13.0 0.0
16 0.02 0.01 63.40637067258951 7.472441801163977 10.727695446091078 0.9909401811963761
16 0.02 10.0 20.02000000000951 1.875 13.0 0.0
16 0.08 0.5095 63.243401931962524 5.914895452090958 9.1642467150657 0.616877662446751
16 0.08 1.5085 51.23638927221417 4.03647552048959 7.132387352252955 0.2369352612947741
16 0.08 2.5075 47.05289974200438 3.288241735165297 6.677116457670847 0.10163796724065519
16 0.08 3.5065 44.56828343433277 2.8654564408711827 7.111027779444411 0.04061918761624767
16 0.08 4.5055 37.61944321113002 2.171585318293634 12.300053998920022 0.001139977200455991
16 0.08 5.5045 34.02317033661066 1.95122472550549 14.555618887622247 2.999940001199976E-5
16 0.08 6.5035 33.95585168297639 1.9626544969100619 14.701235975280495 2.999940001199976E-5
16 0.08 7.5025 33.0 1.875 15.0 0.0
16 0.08 8.5015 33.0 1.875 15.0 0.0
16 0.08 9.5005 33.0 1.875 15.0 0.0
16 0.14 1.009 70.39530749384996 5.104859152816943 8.285594288114238 0.4361312773744525
16 0.14 2.008 65.39843583128365 4.158693076138477 7.451820963580729 0.21614567708645827
16 0.14 3.007 62.3847585048304 3.5963880722385553 7.889752204955901 0.09653806923861523
16 0.14 4.006 49.26230755383638 2.2337365752684946 14.804433911321773 5.999880002399952E-4
16 0.14 5.005 47.282653146954175 1.988757724845503 15.0 0.0
16 0.14 6.004 46.5 1.875 15.0 0.0
16 0.14 7.003 46.5 1.875 15.0 0.0
16 0.14 8.002 46.5 1.875 15.0 0.0
16 0.14 9.001 46.5 1.875 15.0 2.999940001199976E-5
16 0.26 0.5095 100.98890082198406 6.366210175796484 9.641717165656686 0.7114357712845744
16 0.26 1.5085 95.26994840103332 5.18657376852463 8.413961720765585 0.377092458150837
16 0.26 2.5075 92.5107991840166 4.62260004799904 8.373432531349373 0.1875862482750345
16 0.26 3.5065 79.24520249594094 2.8429568908621827 14.993070138597227 0.004769904601907962
16 0.26 4.5055 76.29179396411074 2.346586818263635 15.0 0.0010499790004199917
16 0.26 5.5045 74.8299088018423 2.0996467570648587 15.0 1.7999640007199856E-4
16 0.26 6.5035 74.57619007622358 2.0567888642227157 15.0 1.1999760004799904E-4
16 0.26 7.5025 73.55776324475255 1.884757304853903 15.0 0.0
16 0.26 8.5015 73.5 1.875 15.0 0.0
16 0.26 9.5005 73.5 1.875 15.0 0.0
16 0.32 1.009 110.13953920921469 5.860146547069059 9.059098818023639 0.5411291774164517
16 0.32 2.008 107.00591708165994 5.17152531949361 8.512329753404932 0.2876042479150417
16 0.32 3.007 100.57238855222843 4.148257034859303 11.774554508909821 0.08003839923201536
16 0.32 4.006 91.45003659926046 2.6922361552768943 14.99835003299934 0.002999940001199976
16 0.32 5.005 89.66496190075051 2.364882702345953 15.0 7.49985000299994E-4
16 0.32 6.004 88.35728685431435 2.1245012599748003 15.0 5.999880002399952E-5
16 0.32 7.003 88.29009059818344 2.1121490070198594 15.0 1.7999640007199856E-4
16 0.32 8.002 87.91349373014134 2.0429216415671685 15.0 0.0
16 0.32 9.001 87.11597168056537 1.8963183236335273 15.0 0.0
16 0.44 0.5095 136.64347513049643 6.7350752984940305 9.977980440391192 0.7768044639107218
16 0.44 1.5085 133.26390592188818 5.879552408951821 9.153386932261355 0.4429411411771765
16 0.44 2.5075 131.21211855763087 5.412934241315174 8.848713025739485 0.21821563568728625
16 0.44 3.5065 122.48293634127322 3.7268479630407394 14.155186896262075 0.027029459410811783
16 0.44 4.5055 118.11979360412708 2.794537859242815 14.99940001199976 0.004199916001679967
16 0.44 5.5045 116.15181856366661 2.3553166436671265 15.0 0.001109977800443991
16 0.44 6.5035 115.62351952968285 2.2373927521449573 15.0 4.7999040019199615E-4
16 0.44 7.5025 115.379638807285 2.182955090898182 15.0 2.999940001199976E-4
16 0.44 8.5015 115.67497690051665 2.2488787724245514 15.0 4.499910001799964E-4
16 0.44 9.5005 115.04991180184422 2.1093553128937423 15.0 0.0
16 0.5 0.01 150.54285414291715 7.506554868902622 10.767534649307013 0.9962500749985
16 0.5 10.0 127.67948641027179 1.9198716025679485 15.0 0.0
16 0.62 0.5095 170.97160916782536 7.052292704145917 10.317003659926801 0.8216535669286614
16 0.62 1.5085 169.10741525168933 6.445397342053159 9.680986380272394 0.50779984400312
16 0.62 2.5075 167.76428751423524 6.041665416691666 9.346643067138658 0.28355432891342175
16 0.62 3.5065 166.60592608146135 5.710318293634128 9.23372532549349 0.1381172376552469
16 0.62 4.5055 163.9305993879924 4.907091858162837 11.322763544729105 0.0505789884202316
16 0.62 5.5045 159.09262794743015 3.3853535429291415 14.998860022799544 0.01640967180656387
16 0.62 6.5035 157.7936335273318 2.9584320813583727 15.0 0.005939881202375952
16 0.62 7.5025 156.72069838600777 2.605492890142197 15.0 0.0023099538009239817
16 0.62 8.5015 156.27894582110682 2.460179546409072 15.0 0.001109977800443991
16 0.62 9.5005 155.20203215926117 2.1059316313673726 15.0 1.7999640007199856E-4
16 0.8 1.009 203.93313733725353 7.195851082978341 10.453590928181436 0.7361252774944501
16 0.8 2.008 203.2482930341415 6.8722963040739184 10.152966940661187 0.5159896802063959
16 0.8 3.007 202.70147597048046 6.586679516409672 9.848143037139257 0.3509329813403732
16 0.8 4.006 202.27280254395083 6.358522829543409 9.609407811843763 0.23486530269394612
16 0.8 5.005 201.8678046439114 6.133493580128397 9.519589608207836 0.1525169496610068
16 0.8 6.004 201.449505009896 5.8872510049799 9.47720045599088 0.09428811423771524
16 0.8 7.003 201.1765644687183 5.725092998140037 9.279294414111718 0.05870882582348353
16 0.8 8.002 200.66454070917698 5.410628037439251 9.739635207295855 0.038069238615227693
16 0.8 9.001 198.18824623507078 3.8676238975220496 14.918941621167576 0.028319433611327775
16 0.98 0.01 237.4334265314797 7.501151226975461 10.75712485750285 0.997060058798824
16 0.98 10.0 236.37986260276276 7.3741412671746565 10.615557688846224 0.6089878202435951
16 1.04 1.009 247.23220255598315 7.896607067858643 11.09977800443991 0.8622127557448851
16 1.04 2.008 247.07219415613224 8.038132987340253 11.226765464690706 0.8114237715245695
16 1.04 3.007 246.99829243414771 8.171090328193436 11.359002819943601 0.7848143037139257
16 1.04 4.006 246.9506545868935 8.290514189716205 11.478580428391432 0.7662446751064979
16 1.04 5.005 246.91497210052617 8.394319613607728 11.571368572628547 0.742365152696946
16 1.04 6.004 246.86963700721319 8.53277434451311 11.688456230875383 0.7172256554868902
16 1.04 7.003 246.82926141470944 8.659728055438892 11.811603767924641 0.6993460130797384
16 1.04 8.002 246.79639287208147 8.761369772604548 11.906041879162418 0.6714465710685786
16 1.04 9.001 246.7461246774398 8.918360382792343 12.027059458810824 0.6422571548569028
16 1.16 0.5095 268.51919841603296 7.944756104877903 11.165086698266034 0.8603227935441291
16 1.16 1.5085 267.4979624407437 8.541657916841663 11.713595728085439 0.7272154556908862
16 1.16 2.5075 266.8218455630803 9.048287784244316 12.141087178256434 0.615647687046259
16 1.16 3.5065 266.1239851202959 9.590935681286375 12.614117717645646 0.50719985600288
16 1.16 4.5055 265.48051598968516 10.093346883062338 13.018509629807404 0.4040619187616248
16 1.16 5.5045 264.785009899811 10.636711015779685 13.421791564168716 0.3132837343253135
16 1.16 6.5035 264.2578940421264 11.048520279594408 13.704205915881682 0.24509509809803803
16 1.16 7.5025 263.71671926560316 11.471313073738525 13.989470210595789 0.18260634787304253
16 1.16 8.5015 263.0795320093515 11.969115617687645 14.297264054718905 0.126207475850483
16 1.16 9.5005 262.7281214375669 12.243655126897462 14.469670606587869 0.09749805003899922
16 1.22 1.009 278.0023063538704 8.446833563328733 11.621707565848682 0.752084958300834
16 1.22 2.008 276.65087598247743 9.178196436071278 12.265854682906342 0.5850482990340193
16 1.22 3.007 275.3980956380898 9.887715995680086 12.849433011339773 0.44474110517789645
16 1.22 4.006 274.13305213896354 10.606220375592487 13.38852222955541 0.31667366652666945
16 1.22 5.005 272.9219301613981 11.294357862842743 13.874062518749625 0.21173576528469432
16 1.22 6.004 271.95392752144267 11.844359362812744 14.241555168896623 0.13985720285594289
16 1.22 7.003 271.00332873342495 12.38447231055379 14.536059278814424 0.0880482390352193
16 1.22 8.002 270.25152456951315 12.811633767324654 14.737055258894822 0.055378892422151556
16 1.22 9.001 269.72488810223416 13.110859032819343 14.88342233155337 0.03644927101457971
16 1.34 0.5095 299.3359434811381 8.254229915401693 11.455540889182217 0.7980140397192056
16 1.34 1.5085 296.04460730785246 9.397818293634128 12.441591168176636 0.5473990520189597
16 1.34 2.5075 292.91248035037364 10.546926561468771 13.3567528649427 0.32798344033119337
16 1.34 3.5065 290.2754574908573 11.51637592248155 14.053698926021479 0.1763664726705466
16 1.34 4.5055 288.1391204175977 12.301793964120717 14.499040019199615 0.09326813463730725
16 1.34 5.5045 286.27453650928624 12.98730275394492 14.827233455330893 0.04208915821683566
16 1.34 6.5035 284.82988840224857 13.518423381532369 14.967990640187196 0.020609587808243835
16 1.34 7.5025 283.94588228230043 13.84342563148737 14.98635027299454 0.009509809803803924
16 1.34 8.5015 282.85326993456573 14.245121347573049 15.0 0.0033899322013559727
16 1.34 9.5005 282.9177122456766 14.221429321413572 15.0 0.002909941801163977
16 1.4 0.01 313.35036299273776 7.520170846583069 10.766544669106619 0.99295014099718
16 1.4 10.0 288.49886602273597 14.844104367912642 15.0 2.999940001199976E-5
16 1.52 0.5095 329.2359764804922 8.576644717105658 11.743385132297353 0.7292254154916902
16 1.52 1.5085 322.0080590387918 10.286809263814723 13.156686866262675 0.37190256194876103
16 1.52 2.5075 315.69984160320416 11.802922691546168 14.212875742485151 0.14312713745725086
16 1.52 3.5065 310.938785624278 12.947407301853962 14.790064198716026 0.04670906581868363
16 1.52 4.5055 308.07992440147166 13.634633557328854 14.964810703785924 0.014129717405651887
16 1.52 5.5045 306.0270522588573 14.128112437751245 14.99745005099898 0.005309893802123957
16 1.52 6.5035 304.81166496676803 14.42027284454311 15.0 0.0015599688006239876
16 1.52 7.5025 303.8391180177788 14.654058168836624 15.0 3.899922001559969E-4
16 1.52 8.5015 302.84346793079806 14.893397132057359 15.0 2.999940001199976E-5
16 1.52 9.5005 303.5794456109932 14.716479420411591 15.0 2.999940001199976E-5
16 1.7 1.009 351.9152096958026 10.015678436431271 12.957790844183116 0.4221815563688726
16 1.7 2.008 340.36511969760977 12.077657196856062 14.369682606347872 0.11468770624587508
16 1.7 3.007 332.958777824438 13.400218245635088 14.935981280374392 0.0251394972100558
16 1.7 4.006 328.729735405257 14.155404391912162 15.0 0.004919901601967961
16 1.7 5.005 324.4674716505568 14.91652291954161 15.0 2.0999580008399833E-4
16 1.7 6.004 325.08985720293566 14.805382642347153 15.0 2.3999520009599807E-4
16 1.7 7.003 325.2685846281977 14.773467030659386 15.0 1.1999760004799904E-4
16 1.7 8.002 324.2471650565564 14.955863382732346 15.0 0.0
16 1.7 9.001 324.0 15.0 15.0 0.0
16 1.88 0.01 399.92988900220536 7.542209155816884 10.784064318713625 0.9871902561948761
16 1.88 10.0 345.5999999997871 15.0 15.0 0.0
18 0.06 0.5095 74.43357172856578 6.581285040965865 10.123087538249235 0.5952180956380873
18 0.06 1.5085 56.80614147717077 4.260298127370633 7.617117657646847 0.20690586188276233
18 0.06 2.5075 50.655911081778534 3.3278167769971554 6.918641627167457 0.08171836563268735
18 0.06 3.5065 46.926625067498485 2.8082871675908243 7.891282174356513 0.026519469610607787
18 0.06 4.5055 44.1348665026692 2.4900135330613744 9.354802903941922 0.005699886002279954
18 0.06 5.5045 35.998680026400905 1.9943434464644865 16.124587508249835 2.999940001199976E-5
18 0.06 6.5035 36.591036179287904 1.9450410991787475 14.997690046199075 8.999820003599928E-5
18 0.06 7.5025 35.23999999999328 1.8888888888903272 16.0 0.0
18 0.06 8.5015 34.339999999997275 1.8888888888904165 17.0 0.0
18 0.06 9.5005 34.339999999997275 1.8888888888904165 17.0 0.0
18 0.12 1.009 82.6124473510521 5.578318433631338 9.056728865422691 0.40397192056158876
18 0.12 2.008 75.15605327893378 4.366682666346592 7.860502789944201 0.19412611747765043
18 0.12 3.007 71.39366052679071 3.7385852282959458 8.23417531649367 0.08402831943361133
18 0.12 4.006 55.62609707806197 2.3486196942700626 16.790814183716325 9.89980200395992E-4
18 0.12 5.005 53.18363472732004 2.0787417584972907 17.0 1.1999760004799904E-4
18 0.12 6.004 51.73044939100057 1.8952587614928718 17.0 2.999940001199976E-5
18 0.12 7.003 52.404929501427155 1.980420391592453 17.0 2.999940001199976E-5
18 0.12 8.002 51.679999999988226 1.8888888888904165 17.0 0.0
18 0.12 9.001 51.679999999988226 1.8888888888904165 17.0 0.0
18 0.24 0.5095 122.73062818743426 7.08568828623434 10.671056578868424 0.6943361132777345
18 0.24 1.5085 114.4840055198903 5.641693832789994 9.141987160256795 0.3616427671446571
18 0.24 2.5075 111.02536749264777 5.001886628934146 8.894522109557808 0.18443631127377452
18 0.24 3.5065 93.06788504230683 2.8668159970146054 16.992620147597048 0.003119937601247975
18 0.24 4.5055 88.68655666886528 2.2290287527558386 17.0 2.0999580008399833E-4
18 0.24 5.5045 86.3599999999975 1.8888888888904165 17.0 0.0
18 0.24 6.5035 86.3599999999975 1.8888888888904165 17.0 0.0
18 0.24 7.5025 86.3599999999975 1.8888888888904165 17.0 0.0
18 0.24 8.5015 86.3599999999975 1.8888888888904165 17.0 0.0
18 0.24 9.5005 86.3599999999975 1.8888888888904165 17.0 0.0
18 0.3 0.01 145.40044099117995 8.46955727552095 12.058768824623508 0.9924701505969881
18 0.42 0.5095 168.5166898662043 7.511243108471142 11.101667966640667 0.7617747645047099
18 0.42 1.5085 163.51501649966877 6.419184949634298 9.941681166376673 0.4238915221695566
18 0.42 2.5075 160.78575688485557 5.865432691346301 9.5239995200096 0.20621587568248634
18 0.42 3.5065 147.51243535129646 3.636517269654398 16.98902021959561 0.015899682006359873
18 0.42 4.5055 143.70145737083968 2.9083251668301426 17.0 0.0038099238015239694
18 0.42 5.5045 141.54971200577168 2.4961134110654943 17.0 0.0011699766004679907
18 0.42 6.5035 140.2991990160374 2.256551535635634 17.0 5.999880002399952E-4
18 0.42 7.5025 140.11925181503148 2.222078891752528 17.0 8.999820003599928E-5
18 0.42 8.5015 138.37999999991465 1.8888888888904165 17.0 0.0
18 0.42 9.5005 138.37999999991465 1.8888888888904165 17.0 0.0
18 0.6 1.009 211.01001979960444 7.408448497696695 10.974440511189776 0.6509269814603708
18 0.6 2.008 208.82330953380892 6.7937141257175 10.319733605327894 0.379252414951701
18 0.6 3.007 207.04180716385858 6.331366705999119 9.971860562788745 0.1876762464750705
18 0.6 4.006 205.68694426111304 6.001009979800381 10.10082798344033 0.08591828163436731
18 0.6 5.005 196.9155636887175 3.697632714012484 16.98863022739545 0.018029639407211855
18 0.6 6.004 194.88176636466827 3.1338239901863627 17.0 0.007199856002879942
18 0.6 8.002 192.7521089578028 2.542252488282877 17.0 0.001139977200455991
18 0.6 9.001 191.7213535728858 2.255931548034476 17.0 2.999940001199976E-4
18 0.78 0.01 256.12331853362497 8.516766331339834 12.09302813943721 0.997720045599088
18 0.9 0.5095 283.3867852642927 8.446624400845142 12.026459470810584 0.9022019559608808
18 0.9 1.5085 282.99747105058213 8.247868375965764 11.819133617327653 0.752804943901122
18 0.9 2.5075 282.70277494450477 8.016516336339924 11.562638747225055 0.626507469850603
18 0.9 3.5065 282.4682636347282 7.8005573221869335 11.38735225295494 0.5156896862062759
18 0.9 4.5055 282.2908441831142 7.629524076185028 11.206785864282715 0.43235135297294053
18 0.9 5.5045 282.0777674446485 7.4071118577628825 10.950680986380272 0.3472130557388852
18 0.9 6.5035 281.92132957340726 7.239951867629357 10.833413331733365 0.2832543349133017
18 0.9 7.5025 281.7465770684595 7.049592341486498 10.63937721245575 0.22388552228955422
18 0.9 8.5015 281.63935021299625 6.931081378372619 10.456140877182456 0.18482630347393053
18 0.9 9.5005 281.50913181736365 6.787504249914992 10.340433191336173 0.14486710265794683
18 0.96 0.01 297.5390592187981 8.49038685892927 12.094018119637607 0.998140037199256
18 1.02 1.009 310.6777158456722 8.780904381912016 12.354412911741765 0.8992320153596928
18 1.02 2.008 310.5592116157571 8.893232135356756 12.448521029579409 0.8672826543469131
18 1.02 3.007 310.52063538729004 8.950297660712875 12.4940001199976 0.8510529789404212
18 1.02 4.006 310.497337853242 9.038419231614649 12.568278634427312 0.8401931961360772
18 1.02 5.005 310.4860196796088 9.086338273233595 12.635057298854022 0.8260034799304014
18 1.02 6.004 310.4652882942399 9.194202782609974 12.729735405291894 0.8206935861282775
18 1.02 8.002 310.4380050399168 9.344586441602932 12.883512329753405 0.7922541549169017
18 1.02 9.001 310.4258126837657 9.41215175696297 12.944321113577729 0.7783944321113577
18 1.14 0.5095 337.81023159536625 8.924238181902458 12.496070078598429 0.8867222655546889
18 1.14 1.5085 336.8789776204603 9.511413105069062 13.023249535009299 0.7663346733065338
18 1.14 2.5075 336.1997162056886 10.034142650477575 13.486260274794503 0.6682366352672946
18 1.14 3.5065 335.53690766183826 10.558335499954843 13.924491510169796 0.5633287334253315
18 1.14 4.5055 334.83942881141405 11.111564435377682 14.398362032759344 0.4651706965860683
18 1.14 5.5045 334.2018311633743 11.617594314780481 14.769214615707686 0.376222475550489
18 1.14 6.5035 333.5529315413837 12.132594014786891 15.191756164876702 0.2989740205195896
18 1.14 7.5025 332.98407391853385 12.584068318634001 15.499160016799664 0.23381532369352612
18 1.14 8.5015 332.3935237295177 13.05275894482049 15.841693166136677 0.18047639047219055
18 1.14 9.5005 331.91454850901147 13.432898008706928 16.097768044639107 0.13760724785504289
18 1.2 0.01 352.6568308633821 8.549809003819783 12.136137277254456 0.9958900821983561
18 1.32 0.5095 377.31660406792037 9.283874322512135 12.828613427731446 0.8207835843283134
18 1.32 1.5085 373.66254514910037 10.507463184067367 13.901811963760725 0.5740685186296274
18 1.32 2.5075 370.1023663526737 11.742275154496632 14.871212575748485 0.3625727485450291
18 1.32 3.5065 366.9728925421527 12.828856756198107 15.681256374872502 0.20288594228115436
18 1.32 4.5055 364.24160316793194 13.777221122244546 16.28142437151257 0.10604787904241915
18 1.32 5.5045 362.0768656626912 14.528866089345454 16.676306473870522 0.05264894702105958
18 1.32 6.5035 360.23525769486434 15.168313300400971 16.89965200695986 0.0249295014099718
18 1.32 7.5025 358.8288474230699 15.6566502003333 16.971320573588528 0.011789764204715905
18 1.32 8.5015 358.02455630890114 15.935917948304448 16.99040019199616 0.00497990040199196
18 1.32 9.5005 357.4442575147833 16.137410585125707 17.0 0.0035699286014279717
18 1.5 1.009 411.08206335873285 10.649460344124828 14.0029999400012 0.5526789464210716
18 1.5 2.008 403.05560388792225 12.432088024906008 15.405921881562369 0.25496490070198596
18 1.5 3.007 396.5067198656027 13.887395585421604 16.331643367132656 0.0986980260394792
18 1.5 4.006 391.59736305273896 14.978363766057056 16.86440271194576 0.03257934841303174
18 1.5 5.005 388.1588618227635 15.742475150499954 16.989170216595667 0.008459830803383932
18 1.5 6.004 385.5782084358313 16.31595368092079 17.0 0.0020999580008399833
18 1.5 8.002 382.5 17.0 17.0 0.0
18 1.5 9.001 383.7222055558889 16.72839876537291 17.0 2.3999520009599807E-4
18 1.68 0.01 462.9078238435196 8.552752278287617 12.146067078658428 0.9913901721965561
18 1.8 0.5095 477.09430611387893 10.240561855426419 13.674536509269815 0.628757424851503
18 1.8 1.5085 456.5587088258258 13.089068218635092 15.869802603947921 0.17282654346913062
18 1.8 2.5075 443.3785564288716 14.91964494043367 16.817393652126956 0.03125937481250375
18 1.8 3.5065 435.9460250794469 15.951940961189745 16.999280014399712 0.005249895002099958
18 1.8 4.5055 431.44333113335 16.57731512036364 17.0 7.199856002879943E-4
18 1.8 5.5045 431.5845923083094 16.557695512761562 17.0 2.3999520009599807E-4
18 1.8 6.5035 428.4000000002438 17.0 17.0 0.0
18 1.8 7.5025 428.4000000002438 17.0 17.0 0.0
18 1.8 8.5015 428.4000000002438 17.0 17.0 0.0
18 1.8 9.5005 428.4000000002438 17.0 17.0 0.0
18 1.86 0.01 504.11200515991396 8.56291540835824 12.133137337253254 0.9889902201955961
18 1.98 1.009 496.7601721965126 12.371862562747896 15.359212815743685 0.25943481130377394
18 1.98 2.008 473.95396052074653 14.957600847981887 16.83860322793544 0.03233935321293574
18 1.98 3.007 463.4185930281679 16.15208695825502 17.0 0.0023099538009239817
18 1.98 4.006 456.1463250734586 16.976607134521252 17.0 0.0
18 1.98 5.005 456.05312893733884 16.987173589860042 17.0 0.0
18 1.98 6.004 457.2686476269998 16.849359679476084 17.0 0.0
18 1.98 8.002 455.93999999986596 17.0 17.0 0.0
18 1.98 9.001 455.93999999986596 17.0 17.0 0.0
20 0.1 0.5095 105.77181856362948 7.473522529549442 11.353812923741526 0.614357712845743
20 0.1 1.5085 87.27745545089023 5.129864402711982 8.865662686746266 0.24764504709905802
20 0.1 2.5075 80.6608207835853 4.136713265734641 8.03584928301434 0.11417771644567108
20 0.1 3.5065 61.6877452450907 2.4798884022323358 18.130587388252234 0.0015899682006359872
20 0.1 4.5055 58.39306113878707 2.209845803083476 18.69697606047879 8.999820003599928E-5
20 0.1 5.5045 55.78224935503543 1.975805483890637 19.0 2.999940001199976E-5
20 0.1 6.5035 55.10000000003058 1.9000000000010122 19.0 0.0
20 0.1 7.5025 55.10000000003058 1.9000000000010122 19.0 2.999940001199976E-5
20 0.1 8.5015 55.10000000003058 1.9000000000010122 19.0 0.0
20 0.1 9.5005 55.10000000003058 1.9000000000010122 19.0 0.0
20 0.16 0.01 140.36484550308845 9.461342773144567 13.390142197156058 0.991780164396712
20 0.28 1.009 158.35098818023562 6.989548209035819 10.818533629327414 0.501589968200636
20 0.28 2.008 152.53494810103732 6.0034259314812735 9.81727365452691 0.25892482150356994
20 0.28 3.007 144.3960664786819 4.945494090118231 13.144387112257755 0.0868782624347513
20 0.28 4.006 127.32036959260735 2.905606887862179 19.0 0.003119937601247975
20 0.28 5.005 124.69265254693582 2.5406461870762915 19.0 6.599868002639947E-4
20 0.28 6.004 121.69849883003546 2.124791504169357 19.0 2.999940001199976E-5
20 0.28 8.002 120.79999999992786 2.0 19.0 0.0
20 0.28 9.001 120.0800000000502 1.9000000000010122 19.0 0.0
20 0.34 0.01 191.93631067378672 9.478226435471367 13.380212395752086 0.99385012299754
20 0.46 1.009 217.24529429408335 7.6612527749445025 11.546949061018779 0.5816883662326754
20 0.46 2.008 213.11538429233872 6.818989620207526 10.596568068638627 0.3140637187256255
20 0.46 3.007 210.46286494276347 6.331076378472373 10.253494930101398 0.14432711345773083
20 0.46 4.006 194.5943259135444 3.664363712725511 18.993340133197336 0.012869742605147897
20 0.46 5.005 191.2360454791318 3.0437121257574375 19.0 0.003839923201535969
20 0.46 6.004 188.93677686438502 2.6179216415669795 19.0 0.0010199796004079918
20 0.46 8.002 185.69689026212603 2.017942641146916 19.0 2.999940001199976E-5
20 0.46 9.001 186.5241591167639 2.1711405771875536 19.0 0.0
20 0.52 0.01 243.4553812923706 9.496025079498338 13.407991840163197 0.996130077398452
20 0.58 0.5095 257.44277734444415 8.687376252474953 12.608357832843343 0.8116037679246415
20 0.58 1.5085 253.42721485571437 7.660601787964284 11.524509509809803 0.49334013319733605
20 0.58 2.5075 250.8357892842098 7.0451160976780125 10.876132477350453 0.2629147417051659
20 0.58 3.5065 248.86593628128276 6.6083218335634175 10.75547489050219 0.12020759584808303
20 0.58 4.5055 237.7950062998935 4.139377212455631 18.95980080398392 0.022919541609167815
20 0.58 5.5045 234.68211675761734 3.400503989920014 19.0 0.008009839803203935
20 0.58 6.5035 232.8994414111499 2.976057478850662 19.0 0.002609947801043979
20 0.58 7.5025 231.9027509450436 2.738750224995755 19.0 0.001619967600647987
20 0.58 8.5015 229.38322973536168 2.138864222715226 19.0 2.999940001199976E-5
20 0.58 9.5005 229.22755984872893 2.1017999639997957 19.0 5.999880002399952E-5
20 0.64 1.009 273.69807883842697 8.300923981520349 12.20027599448011 0.6738165236695266
20 0.64 2.008 271.0859278814416 7.566046679066467 11.358432831343373 0.4000119997600048
20 0.64 3.007 269.2631775364561 7.087913241735156 10.919601607967842 0.20777584448311034
20 0.64 4.006 267.7921113577674 6.715773684526357 10.68932621347573 0.09776804463910722
20 0.64 5.005 259.30214435710997 4.468812623747464 18.807643847123057 0.03113937721245575
20 0.64 6.004 256.77470210595857 3.7707505849884506 19.0 0.01379972400551989
20 0.64 8.002 253.66918101632695 2.9081058378835687 19.0 0.002369952600947981
20 0.64 9.001 252.18465350685744 2.495737085257758 19.0 7.49985000299994E-4
20 0.76 0.5095 311.00657586848916 9.079957400851882 12.993910121797564 0.871752564948701
20 0.76 1.5085 309.33630047400476 8.408993820123579 12.30407391852163 0.620147597048059
20 0.76 2.5075 308.0526357472733 7.907952840943131 11.732465350692987 0.4098818023639527
20 0.76 3.5065 307.01598968017515 7.5047729045418015 11.327893442131158 0.25577488450230995
20 0.76 4.5055 306.11748005036867 7.161258774824571 11.008519829603408 0.14798704025919482
20 0.76 5.5045 305.42555468889765 6.892260154796817 10.838903221935562 0.08732825343493131
20 0.76 6.5035 304.95085498291564 6.709164816703471 10.446421071578568 0.05117897642047159
20 0.76 7.5025 299.4111045779062 4.420723585528392 18.9437511249775 0.03011939761204776
20 0.76 8.5015 297.98479150420496 3.8269964600708053 19.0 0.015599688006239875
20 0.76 9.5005 297.1551736965611 3.481322373552571 19.0 0.009059818803623927
20 0.82 1.009 328.04586908261916 8.971476570468532 12.885522289554208 0.7840043199136018
20 0.82 2.008 327.0571896562127 8.470780584388265 12.327953440931182 0.5845683086338274
20 0.82 3.007 326.263985120298 8.068896622067557 11.909221815563688 0.40832183356332874
20 0.82 4.006 325.57875022499445 7.71757964840695 11.527779444411111 0.27521449571008577
20 0.82 5.005 325.0074536509206 7.4178496430072425 11.336893262134756 0.18218635627287455
20 0.82 6.004 324.5974920501501 7.204196916061716 10.985180296394072 0.124797504049919
20 0.82 8.002 323.77367072659735 6.759323813523864 10.67747645047099 0.05216895662086758
20 0.82 9.001 323.5306335873448 6.625724485510458 10.555978880422392 0.0367492650146997
20 0.94 0.5095 363.14406311873915 9.456473870522533 13.351142977140457 0.9318413631727366
20 0.94 1.5085 362.90725685486177 9.33255834883301 13.219655606887862 0.8337433251334974
20 0.94 2.5075 362.733959920802 9.142005159896694 13.0217495650087 0.750854982900342
20 0.94 3.5065 362.6071326573441 8.971233575328458 12.863112737745245 0.6730365392692146
20 0.94 4.5055 362.4945773084518 8.803098938021263 12.67942641147177 0.6079378412431752
20 0.94 5.5045 362.37963640727077 8.622199556008859 12.5082498350033 0.5503689926201476
20 0.94 6.5035 362.27993280134075 8.46180776384472 12.330053398932021 0.4883902321953561
20 0.94 7.5025 362.19060658786384 8.315656686866262 12.193166136677267 0.4408111837763245
20 0.94 8.5015 362.12201295974313 8.202555948881011 12.048509029819403 0.3930821383572329
20 0.94 9.5005 362.01649847003483 8.026933461330751 11.880182396352073 0.34142317153656926
20 1.0 0.5095 380.2252654946901 9.624284514309739 13.528289434211315 0.9553908921821563
20 1.0 1.5085 380.0677986440271 9.673876522469559 13.57559848803024 0.9256914861702766
20 1.0 2.5075 380.0247495050099 9.707859842803126 13.605717885642287 0.9172316553668927
20 1.0 3.5065 380.0093898122038 9.696220075598502 13.580818383632327 0.9101217975640488
20 1.0 4.5055 380.00311993760124 9.718908621827572 13.599418011639766 0.9134217315653687
20 1.0 5.5045 380.0012299754005 9.698857022859556 13.567108657826843 0.9118917621647568
20 1.0 6.5035 380.00038999220016 9.715569688606255 13.612227755444891 0.9097618047639047
20 1.0 7.5025 380.00011999760005 9.698092038159187 13.574818503629928 0.9106317873642528
20 1.0 8.5015 380.0 9.724827503449998 13.621437571248576 0.9120117597648048
20 1.0 9.5005 380.0 9.724218515629714 13.610487790244195 0.9167516649667007
20 1.06 0.01 397.6757244855121 9.477056458870837 13.38720225595488 0.998110037799244
20 1.18 1.009 429.676181676365 10.423144537109279 14.254694906101879 0.8060838783224336
20 1.18 2.008 428.2176954460977 11.214672706545942 14.990670186596269 0.6650866982660347
20 1.18 3.007 426.77214855702533 12.015551688966237 15.662386752264954 0.5287094258114837
20 1.18 4.006 425.3623759524752 12.798680026399467 16.28445431091378 0.40439191216175674
20 1.18 5.005 424.0997894042199 13.500116997659912 16.84397312053759 0.3056038879222416
20 1.18 6.004 422.9068776624476 14.162845743085159 17.30332393352133 0.21926561468770625
20 1.18 8.002 420.73685006299564 15.36841663166727 18.112437751244975 0.10973780524389512
20 1.18 9.001 419.81068218637 15.882954340912917 18.409851802963942 0.07007859842803144
20 1.24 0.01 448.968368632634 9.523636527269488 13.425301493970121 0.9967900641987161
20 1.36 1.009 476.4189776204257 11.219772604547877 14.97660046799064 0.6644867102657946
20 1.36 2.008 470.84891462171834 12.76420171596579 16.282984340313195 0.40871182576348475
20 1.36 3.007 465.8393832123316 14.155726885462082 17.330743385132298 0.21818563628727425
20 1.36 4.006 461.4592068158686 15.372442551149065 18.130017399652008 0.10643787124257514
20 1.36 5.005 458.1799604007492 16.283344333112915 18.611387772244555 0.051688966220675585
20 1.36 6.004 455.8096238075794 16.941771164576366 18.870942581148377 0.02357952840943181
20 1.36 8.002 452.26905501890064 17.925262494750477 18.998710025799483 0.0038099238015239694
20 1.36 9.001 451.1187700245123 18.24478610427951 19.0 0.0014399712005759885
20 1.42 0.01 500.29380812380214 9.528496430071433 13.440001199976 0.994210115797684
20 1.48 0.5095 511.20927821442706 10.675352492950115 14.51184976300474 0.7718245635087299
20 1.48 1.5085 500.962809143833 12.799424011519726 16.286404271914563 0.4077818443631127
20 1.48 2.5075 492.09556608869855 14.64675706485862 17.641087178256434 0.17087658246835064
20 1.48 3.5065 485.32552708940796 16.05718185636291 18.527779444411113 0.0619787604247915
20 1.48 4.5055 480.4019775604865 17.082921341573176 18.925961480770386 0.019079618407631848
20 1.48 5.5045 476.88137757249035 17.8163796724055 19.0 0.005939881202375952
20 1.48 6.5035 474.8588372232211 18.23774224515325 19.0 0.001499970000599988
20 1.48 7.5025 474.11051298958404 18.393643127138525 19.0 5.399892002159956E-4
20 1.48 8.5015 471.85678526412835 18.863169736614598 19.0 8.999820003599928E-5
20 1.48 9.5005 471.7885162294726 18.877392452163644 19.0 0.0
20 1.54 1.009 520.1119325613283 12.053824923501635 15.674146517069659 0.5257694846103078
20 1.54 2.008 508.2614207715829 14.247885042299073 17.421611567768643 0.2119757604847903
20 1.54 3.007 499.48208735828564 15.873687526249412 18.402741945161097 0.07253854922901543
20 1.54 4.006 493.57594468112626 16.967417651646898 18.878292434151316 0.019829603407931842
20 1.54 5.005 488.77074818498545 17.85726885462543 18.997390052198956 0.00503989920201596
20 1.54 6.004 486.5675760485901 18.265263694723714 19.0 0.0014399712005759885
20 1.54 8.002 484.3575514490384 18.674527509443333 19.0 5.999880002399952E-5
20 1.54 9.001 482.5999999997417 19.0 19.0 0.0
20 1.66 0.5095 557.3108855822605 11.138366232675267 14.893292134157317 0.6872562548749025
20 1.66 1.5085 539.0297858042588 13.904577908441896 17.13892722145557 0.25481490370192594
20 1.66 2.5075 525.3664156716328 15.974785504289589 18.479360412791745 0.06836863262734745
20 1.66 3.5065 517.3220939580808 17.193622127558175 18.938831223375534 0.01616967660646787
20 1.66 4.5055 511.68564168718837 18.047630047396524 18.995560088798225 0.0026699466010679787
20 1.66 5.5045 509.3258258832498 18.40517789644626 19.0 8.099838003239935E-4
20 1.66 6.5035 507.2615191695624 18.717951640962163 19.0 1.1999760004799904E-4
20 1.66 7.5025 507.40692746163114 18.69592008159676 19.0 0.0
20 1.66 8.5015 505.40000000025566 19.0 19.0 0.0
20 1.66 9.5005 506.06000000016223 18.900000000011882 19.0 0.0
20 1.72 1.009 561.2333065338668 12.828793424131563 16.332003359932802 0.4011219775604488
20 1.72 2.008 542.6439047219194 15.410568788624259 18.13376732465351 0.10406791864162716
20 1.72 3.007 531.0393424131443 17.02231355372889 18.911141777164456 0.02276954460910782
20 1.72 4.006 524.2257154856908 17.96865062699054 19.0 0.003599928001439971
20 1.72 5.005 521.1400659986988 18.39721305572918 19.0 6.899862002759944E-4
20 1.72 6.004 518.4411351775511 18.772064558702095 19.0 8.999820003599928E-5
20 1.72 8.002 516.8000000002663 19.0 19.0 0.0
20 1.72 9.001 516.8000000002596 19.0 19.0 0.0
20 1.84 0.5095 602.7125085498758 11.488045239095252 15.199436011279774 0.626327473450531
20 1.84 1.5085 574.443620327572 14.851949961000793 17.804253914921702 0.15479690406191876
20 1.84 2.5075 556.3596808063949 17.004799904001526 18.88405231895362 0.022139557208855822
20 1.84 3.5065 546.9769508610635 18.121791564168216 19.0 0.0024299514009719805
20 1.84 4.5055 541.7358840822134 18.745728085445712 19.0 8.999820003599928E-5
20 1.84 5.5045 540.3028391431743 18.916328673434613 19.0 5.999880002399952E-5
20 1.84 6.5035 539.8005123895857 18.976129477409774 19.0 0.0
20 1.84 7.5025 540.7810499788991 18.85939881203537 19.0 0.0
20 1.84 8.5015 539.599999999855 19.0 19.0 0.0
20 1.84 9.5005 539.599999999855 19.0 19.0 0.0
20 1.9 0.01 636.8324353512902 9.56330473390538 13.467480650386992 0.9909401811963761
