10 0.02 1.009 16.05234175316499 2.8435291294174014 4.875982480350393 0.31964360712785744
10 0.02 2.008 13.181886362272557 2.2000599987999547 4.142797144057119 0.09110817783644327
10 0.02 3.007 12.157166256674113 1.9638867222658876 3.9295014099718006 0.03245935081298374
10 0.02 4.006 11.774445911081692 1.8800563988728471 3.990430191396172 0.013259734805303893
10 0.02 5.005 11.58700065998703 1.8373612527757683 3.9132117357652847 0.006689866202675946
10 0.02 6.004 11.377947441051584 1.813163736726242 4.4187916241675165 0.003149937001259975
10 0.02 7.003 11.396658666826852 1.8077458450841093 4.219655606887862 0.002849943001139977
10 0.02 8.002 11.388863022738866 1.8047819043629065 4.074518509629807 0.001769964600707986
10 0.02 9.001 11.307245455092099 1.800449991001215 4.184196316073678 0.002009959800803984
10 0.14 0.5095 29.59075238495176 3.786734265314692 5.939581208375833 0.6942461150776984
10 0.14 1.5085 27.05758804824 3.042155156896929 5.231655366892662 0.3485030299394012
10 0.14 2.5075 25.727028859422635 2.64571908561836 5.188606227875442 0.1640367192656147
10 0.14 3.5065 24.518549829005025 2.3613907721843916 5.803983920321594 0.05990880182396352
10 0.14 4.5055 22.379813403727884 2.0285834283316757 7.554568908621827 0.008009839803203935
10 0.14 5.5045 20.573419931598412 1.8428931421376296 8.950020999580008 2.0999580008399833E-4
10 0.14 6.5035 20.684655306897685 1.829081418372772 8.775814483710326 1.1999760004799904E-4
10 0.14 7.5025 20.73582168356435 1.8503209935808294 8.80542389152217 5.399892002159956E-4
10 0.14 8.5015 20.340000000001336 1.8000000000010403 9.0 0.0
10 0.14 9.5005 20.340000000001336 1.8000000000010403 9.0 0.0
10 0.2 0.01 36.47448251034972 4.5094978100437935 6.643157136857263 0.9936401271974561
10 0.2 10.0 25.19999999998763 1.8000000000010403 9.0 2.999940001199976E-5
10 0.32 0.5095 43.6756728865423 4.0928901421971675 6.262644747105058 0.7703845923081538
10 0.32 1.5085 42.36784424311554 3.6224575508489756 5.866472670546589 0.4567708645827083
10 0.32 2.5075 41.48792104157881 3.3504229915399386 5.900791984160317 0.24206515869682607
10 0.32 3.5065 38.78805063898641 2.758876822463331 7.751664966700666 0.05726885462290754
10 0.32 4.5055 36.07046979060388 2.1292254154911086 8.9760004799904 0.00254994900101998
10 0.32 5.5045 35.23388852223306 1.892320153598069 9.0 3.2999340013199736E-4
10 0.32 6.5035 35.412690946188135 1.9449091018175109 9.0 4.1999160016799666E-4
10 0.32 7.5025 35.160857982851056 1.8708405831887949 9.0 2.0999580008399833E-4
10 0.32 8.5015 35.09105057900014 1.850308993820432 9.0 1.499970000599988E-4
10 0.32 9.5005 34.92000000000909 1.8000000000010403 9.0 0.0
10 0.5 1.009 56.332468350632986 4.170996580068399 6.370192596148077 0.6338573228535429
10 0.5 2.008 55.568653626927464 3.9255654886903444 6.262554748905022 0.36749265014699706
10 0.5 3.007 54.72495050098998 3.67739245215134 6.486560268794624 0.18611627767444652
10 0.5 4.006 53.02693946121077 3.11688966220665 7.631937361252775 0.059668806623867525
10 0.5 5.005 51.02579948401032 2.4065818683622715 8.973330533389332 0.007739845203095938
10 0.5 6.004 50.36692266154677 2.146769064619111 9.0 0.002609947801043979
10 0.5 7.003 50.12884742305154 2.051538969221094 9.0 0.001499970000599988
10 0.5 8.002 49.72708045839083 1.890832183357349 9.0 2.3999520009599807E-4
10 0.5 9.001 49.96541069178616 1.9861642767145968 9.0 5.999880002399952E-4
10 0.68 0.01 69.87873882522297 4.520879582408382 6.651256974860503 0.9951400971980561
10 0.68 10.0 64.41960280795335 2.012251754965403 9.0 0.001499970000599988
10 0.8 0.5095 77.42517549649003 4.654934901301984 6.792944141117178 0.7953440931181376
10 0.8 1.5085 76.94809503809931 4.619373612527741 6.791414171716566 0.5490190196196076
10 0.8 2.5075 76.66187676246456 4.495104097918026 6.709215815683686 0.379642407151857
10 0.8 3.5065 76.4725685486278 4.381634367312575 6.6384172316553665 0.27086458270834585
10 0.8 4.5055 76.26544069118489 4.217009659806634 6.574428511429772 0.17810643787124258
10 0.8 5.5045 76.12257754844751 4.095026099477943 6.579318413631728 0.12158756824863502
10 0.8 6.5035 75.91386572268766 3.9016499670008455 6.753854922901542 0.07937841243175137
10 0.8 7.5025 75.78567828643587 3.779918401632187 6.717285654286914 0.054628907421851565
10 0.8 8.5015 75.39966400672407 3.3975280494393423 7.493610127797444 0.035639287214255716
10 0.8 9.5005 75.04170516589453 3.0406731865363255 8.29582408351833 0.02375952480950381
10 0.86 0.01 82.37400071998498 4.523813523729486 6.661606767864643 0.9934901301973961
10 0.86 10.0 80.05711765765189 3.7949241015180943 6.948131037379253 0.06413871722565549
10 0.98 1.009 88.9954826903714 4.9181616367673255 7.042179156416871 0.7154256914861703
10 0.98 2.008 88.79420891584563 4.974554508909846 7.107367852642947 0.6448971020579588
10 0.98 3.007 88.7333137337489 4.975934481310372 7.112077758444831 0.6060478790424192
10 0.98 4.006 88.71163316736005 4.9734505309894566 7.101427971440571 0.5860382792344153
10 0.98 5.005 88.69883722327995 4.934571308573841 7.072058558828823 0.5554688906221875
10 0.98 6.004 88.69346733067837 4.918797624047547 7.057628847423052 0.5432291354172917
10 0.98 7.003 88.69091558171303 4.897984040319219 7.047609047819043 0.5291594168116638
10 0.98 8.002 88.6889224215775 4.886284274314563 7.055828883422332 0.5172796544069118
10 0.98 9.001 88.68668026641946 4.866214675706492 7.0208495830083395 0.502159956800864
10 1.04 0.5095 93.23363172737459 4.876432471350581 7.007919841603168 0.7862842743145138
10 1.04 1.5085 92.70809263816312 5.093664126717474 7.200455990880182 0.6796964060718785
10 1.04 2.5075 92.60280194397643 5.1733425331493565 7.280764384712306 0.6417471650566988
10 1.04 3.5065 92.56493430132798 5.236479270414559 7.325133497330054 0.6202375952480951
10 1.04 4.5055 92.5460490790297 5.291126177476485 7.380032399352013 0.6042779144417112
10 1.04 5.5045 92.53019739606118 5.352912941741139 7.423591528169436 0.5913781724365512
10 1.04 6.5035 92.51740205196424 5.415797684046263 7.48515029699406 0.5821383572328553
10 1.04 7.5025 92.50664306714158 5.466940661186792 7.516709665806684 0.5678586428271435
10 1.04 8.5015 92.49564408712017 5.522091558168859 7.561168776624467 0.5435591288174236
10 1.04 9.5005 92.4837763244732 5.58127437451247 7.5957580848383035 0.5324593508129838
10 1.1 0.01 99.01198776024384 4.527095458090861 6.653056938861223 0.9906401871962561
10 1.1 10.0 95.70024599508233 6.599508009839762 8.34247315053699 0.2621347573048539
10 1.22 0.5095 104.70100857983482 5.057868842623188 7.162896742065159 0.7367552648947021
10 1.22 1.5085 103.81857382852368 5.485006299874058 7.52189956200876 0.5711585768284634
10 1.22 2.5075 103.39810163796312 5.826861462770749 7.812533749325014 0.46754064918701627
10 1.22 3.5065 102.96861342772284 6.211615767684687 8.080908381832364 0.3639227215455691
10 1.22 4.5055 102.57157436850305 6.571362572748604 8.311093778124437 0.27137457250854985
10 1.22 5.5045 102.14014699705268 6.963502729945319 8.585888282234356 0.18482630347393053
10 1.22 6.5035 101.82599987999663 7.249091018179705 8.721215575688486 0.12776744465110698
10 1.22 7.5025 101.51810943780835 7.528991420171552 8.852282954340913 0.08345833083338333
10 1.22 8.5015 101.1994546109079 7.818677626447427 8.932591348173036 0.0497090058198836
10 1.22 9.5005 101.00292374152183 7.997342053159174 8.96235075298494 0.03440931181376373
10 1.4 1.009 114.89331613367658 5.592800143997171 7.605867882642348 0.5491390172196556
10 1.4 2.008 113.46733665326701 6.2682006359872116 8.1102477950441 0.35051298974020517
10 1.4 3.007 112.09462410751749 6.952792944141204 8.566118677626447 0.18341633167336654
10 1.4 4.006 111.01665566688717 7.49167216655656 8.841693166136677 0.09128817423651527
10 1.4 5.005 110.14441711165945 7.927791444171005 8.950380992380152 0.04019919601607968
10 1.4 6.004 109.44238315233741 8.278808423831686 8.990580188396232 0.015359692806143877
10 1.4 7.003 108.98394432109642 8.508027839442724 8.999190016199677 0.007049859002819943
10 1.4 8.002 108.61784364309669 8.691078178433951 9.0 0.00254994900101998
10 1.4 9.001 108.63182336350005 8.68408831823084 9.0 0.0019199616007679846
10 1.58 0.01 132.17919901601817 4.548389032219363 6.67987640247195 0.9846703065938681
10 1.58 10.0 116.14558708832206 8.984280314393239 9.0 0.0
10 1.7 0.5095 134.08387832243233 5.46829663406735 7.498530029399412 0.5952180956380873
10 1.7 1.5085 129.56497570048646 6.696202075958429 8.41270174596508 0.2356152876942461
10 1.7 2.5075 126.07559848803434 7.692686146276828 8.886662266754666 0.06458870822583548
10 1.7 3.5065 124.18479630407151 8.23291534169314 8.98830023399532 0.01727965440691186
10 1.7 4.5055 122.68609827803779 8.661114777703219 9.0 0.00374992500149997
10 1.7 5.5045 122.4188786224443 8.737463250733148 9.0 0.0014099718005639887
10 1.7 6.5035 121.79120117601137 8.916799664003921 9.0 2.0999580008399833E-4
10 1.7 7.5025 121.6018479630436 8.970900581988182 9.0 2.999940001199976E-5
10 1.7 8.5015 121.54624107519072 8.986788264233951 9.0 5.999880002399952E-5
10 1.7 9.5005 121.5 9.0 9.0 0.0
10 1.76 0.01 144.56722025560362 4.558114837703239 6.691246175076499 0.9820603587928242
10 1.76 10.0 124.20000000007526 9.0 9.0 0.0
10 1.88 1.009 141.04800743983935 6.400371992560181 8.217945641087178 0.3113937721245575
10 1.88 2.008 135.35394972098914 7.692284154316866 8.890262194756104 0.06332873342533149
10 1.88 3.007 132.13722685550277 8.423357532850448 8.99490010199796 0.01127977440451191
10 1.88 4.006 130.78174596511005 8.731421371571669 9.0 0.0020699586008279835
10 1.88 5.005 129.83973360535254 8.945515089697293 9.0 2.3999520009599807E-4
10 1.88 6.004 129.66240835188012 8.98581628367419 9.0 2.999940001199976E-5
10 1.88 7.003 129.76431031385346 8.96265674686306 9.0 5.999880002399952E-5
10 1.88 8.002 129.70543949124936 8.97603647926902 9.0 0.0
10 1.88 9.001 129.65095098104703 8.988420231594693 9.0 2.999940001199976E-5
10 1.94 0.01 156.82203155938066 4.57152456950861 6.70282594348113 0.9788804223915522
10 1.94 10.0 132.29999999991796 9.0 9.0 0.0
10 2.0 0.01 161.0820183596328 4.5648407031858955 6.69817603647927 0.9771404571908562
10 2.0 10.0 135.0 9.0 9.0 0.0
12 0.0 0.01 32.892362152756945 5.482060358792863 8.009239815203696 0.990910181796364
12 0.0 10.0 11.0 1.833333333328946 3.4484610307793844 0.0024599508009839803
12 0.12 0.5095 40.3134229315401 4.504754904901865 7.047939041219176 0.6662566748665026
12 0.12 1.5085 35.66733545329151 3.421451570968567 5.952000959980801 0.30830383392332156
12 0.12 2.5075 33.68903461930605 2.9294764104718602 5.830083398332033 0.1390472190556189
12 0.12 3.5065 31.244222715543884 2.479440411191726 7.137517249655007 0.03857922841543169
12 0.12 4.5055 27.943459530806912 2.0746435071297307 9.722145557088858 0.002969940601187976
12 0.12 5.5045 26.12470630587876 1.905561888759679 10.789614207715847 2.3999520009599807E-4
12 0.12 6.5035 25.52000000001148 1.833333333328946 11.0 0.0
12 0.12 7.5025 25.652155756897038 1.8583628327396864 11.0 0.0
12 0.12 8.5015 25.52000000001148 1.833333333328946 11.0 0.0
12 0.12 9.5005 25.52000000001148 1.833333333328946 11.0 2.999940001199976E-5
12 0.3 1.009 59.585084298314165 4.435656286874293 7.006569868602628 0.5657286854262915
12 0.3 2.008 58.006662866742666 3.9787104257915527 6.716985660286794 0.30803383932321354
12 0.3 3.007 55.23969520609741 3.416821663566823 8.184496310073799 0.10583788324233516
12 0.3 4.006 49.484928301426315 2.347308053839193 10.979030419391613 0.003929921401571969
12 0.3 5.005 48.085027299455234 2.0202445951068317 11.0 3.2999340013199736E-4
12 0.3 6.004 48.052519949617405 2.0125047499039908 11.0 4.1999160016799666E-4
12 0.3 7.003 47.871230575379414 1.969340613187307 11.0 8.999820003599928E-5
12 0.3 8.002 47.37948341036156 1.8522579548369713 11.0 0.0
12 0.3 9.001 47.30000000002835 1.833333333328946 11.0 0.0
12 0.48 0.01 81.39196976060754 5.497160056798816 8.02384952300954 0.995740085198296
12 0.48 10.0 69.40528469434018 1.9375912481729305 11.0 1.499970000599988E-4
12 0.6 0.5095 92.84261114777658 5.312008759824771 7.852852942941142 0.8133437331253375
12 0.6 1.5085 91.85585288294172 4.983530329393384 7.555408891822164 0.499370012599748
12 0.6 2.5075 91.0563088738225 4.725775484490265 7.387862242755145 0.2755444891102178
12 0.6 3.5065 90.22420351593134 4.447696046079133 7.451460970780585 0.13094738105237896
12 0.6 4.5055 87.5604547909067 3.4485660286794517 9.980080398392031 0.033569328613427735
12 0.6 5.5045 85.75999880002144 2.7326953460930423 10.97465050698986 0.010439791204175916
12 0.6 6.5035 85.05834283312689 2.4409761804764862 11.0 0.004139917201655967
12 0.6 7.5025 84.95543289132702 2.3980970380595332 11.0 0.0021899562008759824
12 0.6 8.5015 84.30199796002765 2.1258324833509885 11.0 5.699886002279955E-4
12 0.6 9.5005 83.87215455691701 1.9467310653770198 11.0 8.999820003599928E-5
12 0.66 0.01 99.53166016679828 5.506454870902586 8.029369412611748 0.9955300893982121
12 0.66 10.0 91.4871242575571 2.140747185056719 11.0 7.199856002879943E-4
12 0.78 1.009 110.68820003599917 5.472185556288861 8.015419691606168 0.6842563148737025
12 0.78 2.008 110.2388432231349 5.300913981720359 7.871752564948701 0.4726705465890682
12 0.78 3.007 109.86885402291992 5.111912761744688 7.762314753704926 0.30815383692326154
12 0.78 4.006 109.57714225715641 4.940891182176478 7.582648347033059 0.20321593568128637
12 0.78 5.005 109.29805903882644 4.760734785304331 7.582858342833143 0.125217495650087
12 0.78 6.004 109.07113157737966 4.607982840343181 7.622517549649007 0.08135837283254335
12 0.78 7.003 108.63163316734571 4.287314253714931 8.009509809803804 0.05114897702045959
12 0.78 8.002 108.1447429051536 3.9236165276692794 8.967960640787185 0.03323933521329574
12 0.78 9.001 106.81256554867996 2.91852162956732 10.937781244375113 0.015959680806383873
12 0.84 0.01 117.63644807103591 5.522794544109099 8.047939041219175 0.995590088198236
12 0.84 10.0 114.68940421192647 3.9674206515869126 9.167966640667187 0.03968920621587568
12 0.96 1.009 128.4100137997473 5.822668546629076 8.32477350452991 0.759284814303714
12 0.96 2.008 128.22475790486902 5.820313593728137 8.335453290934181 0.6681166376672466
12 0.96 3.007 128.1515401692258 5.801793964120692 8.319733605327894 0.6165776684466311
12 0.96 4.006 128.11579168419414 5.74536009279819 8.273144537109259 0.5672286554268915
12 0.96 5.005 128.0944993100397 5.691681166376636 8.22112557748845 0.5291294174116518
12 0.96 6.004 128.07692086160546 5.641477170456541 8.184766304673907 0.496520069598608
12 0.96 7.003 128.06533749327008 5.601012979740375 8.153566928661427 0.46835063298734025
12 0.96 8.002 128.04753464932355 5.530194396112064 8.085498290034199 0.4293814123717526
12 0.96 9.001 128.03604487911306 5.4832803343932905 8.044819103617927 0.4075418491630167
12 1.02 0.5095 134.47916061676747 5.822628547428997 8.340433191336173 0.8371932561348773
12 1.02 1.5085 134.0526075478176 5.991925161496783 8.49805003899922 0.746265074698506
12 1.02 2.5075 133.95237115254233 6.054593908121848 8.5554988900222 0.7188156236875263
12 1.02 3.5065 133.9184652306575 6.112747745045142 8.597348053038939 0.6973660526789465
12 1.02 4.5055 133.90885642283385 6.135702285954265 8.613607727845443 0.6902561948761025
12 1.02 5.5045 133.8992872142165 6.181531369372624 8.653386932261355 0.6854562908741825
12 1.02 6.5035 133.8935783283937 6.223495530089442 8.707955840883182 0.6832063358732825
12 1.02 7.5025 133.88942101153748 6.256609867802595 8.728565428691427 0.6751664966700666
12 1.02 8.5015 133.8858018839217 6.285239295214143 8.740445191096178 0.6657466850662986
12 1.02 9.5005 133.88070378588156 6.32746845063091 8.789704205915882 0.6605267894642107
12 1.2 1.009 150.97935441291017 6.290879182416308 8.744195116097679 0.6914561708765825
12 1.2 2.008 150.34948101037946 6.722205555888893 9.136707265854684 0.5779384412311753
12 1.2 3.007 149.78540229195417 7.1806913861722785 9.49790004199916 0.4665506689866203
12 1.2 4.006 149.23707925841475 7.636007279854408 9.8357532849343 0.3513529729405412
12 1.2 5.005 148.74274914501535 8.047709045819115 10.125547489050218 0.2622547549049019
12 1.2 6.004 148.24687706245567 8.460935781284418 10.39110217795644 0.18509629807403852
12 1.2 7.003 147.81321173576663 8.82232355352904 10.5997480050399 0.125907481850363
12 1.2 8.002 147.36571668567134 9.195236095278464 10.781604367912642 0.08072838543229136
12 1.2 9.001 147.14053518929958 9.382887342253682 10.85435291294174 0.054658906821863563
12 1.38 0.01 171.94846103078405 5.524564508709794 8.056068878622428 0.9885702285954281
12 1.38 10.0 157.46297534049444 10.832028359430431 11.0 5.999880002399952E-4
12 1.5 0.5095 179.15889182216355 6.360662786744216 8.809953800923982 0.6919061618767625
12 1.5 1.5085 175.5120597588048 7.497585048298975 9.738045239095218 0.3842623147537049
12 1.5 2.5075 172.3739575208496 8.542029159416828 10.444471110577789 0.16922661546769063
12 1.5 3.5065 170.0054898902022 9.331503369932994 10.843103137937241 0.06371872562548749
12 1.5 4.5055 167.91204175916482 10.029319413614067 10.98140037199256 0.01898962020759585
12 1.5 5.5045 166.87142257154858 10.376192476152791 10.999340013199737 0.006449871002579949
12 1.5 6.5035 166.357487850243 10.547504049920217 11.0 0.0021599568008639825
12 1.5 7.5025 165.8592278154437 10.713590728176863 11.0 6.599868002639947E-4
12 1.5 8.5015 165.6207025859483 10.79309913800933 11.0 3.599928001439971E-4
12 1.5 9.5005 165.03344933101337 10.988850222994243 11.0 0.0
12 1.56 0.01 189.93728445430858 5.539224215515655 8.064768704625907 0.9872802543949121
12 1.56 10.0 169.4321377571612 10.859482810337406 11.0 1.7999640007199856E-4
12 1.68 1.009 191.73957760844533 7.361417771644548 9.640517189656206 0.42935141297174056
12 1.68 2.008 186.00265674686776 8.764054718905689 10.572268554628907 0.1349073018539629
12 1.68 3.007 181.90521509570178 9.768329633408953 10.943751124977501 0.03125937481250375
12 1.68 4.006 179.74110397790432 10.298749025020134 10.99895002099958 0.007349853002939942
12 1.68 5.005 178.75819043621644 10.539659206817038 11.0 0.002219955600887982
12 1.68 6.004 177.62293274129829 10.81790864182091 11.0 3.899922001559969E-4
12 1.68 7.003 177.26885702282016 10.904691906152943 11.0 3.2999340013199736E-4
12 1.68 8.002 177.12818143630096 10.939171216570998 11.0 5.999880002399952E-5
12 1.68 9.001 176.87999999990888 11.0 11.0 0.0
12 1.74 0.01 208.10479090417707 5.530014399712038 8.055408891822163 0.9850002999940001
12 1.74 10.0 180.83999999991556 11.0 11.0 0.0
12 1.86 1.009 205.36250374991474 7.783109337813241 9.939641207175857 0.32381352372952543
12 1.86 2.008 197.1059524809545 9.38256734865332 10.85045299094018 0.060298794024119515
12 1.86 3.007 192.40409971799008 10.293779124416787 10.99520009599808 0.008159836803263935
12 1.86 4.006 190.8060796784155 10.603472930543676 11.0 0.001739965200695986
12 1.86 5.005 189.73454970904294 10.811133777315867 11.0 2.999940001199976E-4
12 1.86 6.004 189.04289134208875 10.945176096469677 11.0 2.999940001199976E-5
12 1.86 7.003 188.75999999985385 11.0 11.0 0.0
12 1.86 8.002 188.93378532420627 10.966320673582057 11.0 5.999880002399952E-5
12 1.86 9.001 188.75999999985385 11.0 11.0 0.0
12 1.92 0.01 226.10887142258204 5.538309233815313 8.062668746625068 0.9820003599928001
12 1.92 10.0 192.71999999996845 11.0 11.0 0.0
12 1.98 0.5095 220.70631787363996 6.928266434671297 9.297804043919122 0.5421491570168596
12 1.98 1.5085 208.64629567410603 8.96491570168637 10.662086758264834 0.10562788744225116
12 1.98 2.5075 201.64144477107342 10.156216875663103 10.99340013199736 0.011849763004739906
12 1.98 3.5065 198.28723645524425 10.726660466789923 11.0 0.0010199796004079918
12 1.98 4.5055 197.47196136074967 10.86531269373859 11.0 3.2999340013199736E-4
12 1.98 5.5045 196.91419571605795 10.960170796577511 11.0 2.999940001199976E-5
12 1.98 6.5035 196.67999999993947 11.0 11.0 0.0
12 1.98 7.5025 196.67999999993947 11.0 11.0 0.0
12 1.98 8.5015 196.67999999993947 11.0 11.0 0.0
12 1.98 9.5005 196.67999999993947 11.0 11.0 0.0
14 0.1 1.009 46.76941861162819 4.318075067070091 7.179906401871962 0.4139917201655967
14 0.1 2.008 42.23901121977524 3.3924478653282564 6.29717405651887 0.18239635207295854
14 0.1 3.007 39.961636767264594 2.9240115197696066 6.4900101997960045 0.07802843943121138
14 0.1 4.006 34.47612047759114 2.238422374409405 10.353212935741285 0.005999880002399952
14 0.1 5.005 33.314702705950204 2.1656909718950406 11.48185036299274 0.0015899682006359872
14 0.1 6.004 29.900000000016078 1.8571428571391961 13.0 0.0
14 0.1 7.003 29.900000000016078 1.8571428571391961 13.0 0.0
14 0.1 8.002 29.900000000016078 1.8571428571391961 13.0 0.0
14 0.1 9.001 29.900000000016078 1.8571428571391961 13.0 2.999940001199976E-5
14 0.28 0.01 83.98640187196351 6.471209147245656 9.37382252354953 0.9931001379972401
14 0.28 10.0 61.031036179302056 1.9982214641420812 13.0 5.999880002399952E-5
14 0.4 0.5095 98.28808423831556 5.838684654878355 8.738735225295494 0.7735345293094138
14 0.4 1.5085 95.67685246295069 5.114919130188783 8.074998500029999 0.4320213595728085
14 0.4 2.5075 93.85468290634114 4.6845434519882705 8.057538849223015 0.2115257694846103
14 0.4 3.5065 85.97137457250734 3.1070764299001503 12.596958060838784 0.02117957640847183
14 0.4 4.5055 83.76368272634784 2.6067292939863513 12.98590028199436 0.004079918401631967
14 0.4 5.5045 81.37119457612506 2.040760613359191 13.0 2.699946001079978E-4
14 0.4 6.5035 80.74401511974796 1.8914321713536404 13.0 0.0
14 0.4 7.5025 80.60000000005037 1.8571428571391961 13.0 0.0
14 0.4 8.5015 80.79643007144954 1.9039119217587122 13.0 5.999880002399952E-5
14 0.4 9.5005 80.60000000005037 1.8571428571391961 13.0 0.0
14 0.46 0.01 108.92278574428668 6.492384438025542 9.405171896562068 0.9954100917981641
14 0.46 10.0 90.7400000000626 1.8571428571391961 13.0 0.0
14 0.58 1.009 123.59785444290709 5.846608782110096 8.743745125097497 0.6381472370552589
14 0.58 2.008 122.33902381951884 5.462993597270918 8.432621347573049 0.36521269574608506
14 0.58 3.007 121.26336293273198 5.147078487001566 8.288234235315294 0.18221635567288655
14 0.58 4.006 119.28412791743658 4.560281651509918 9.447621047579048 0.06686866262674747
14 0.58 5.005 114.76753944920799 3.1306088163951036 12.991810163796725 0.014849703005939881
14 0.58 6.004 113.00438471229167 2.532103643641511 13.0 0.0036899262014759705
14 0.58 7.003 112.84833683326045 2.4790261337637465 13.0 0.00254994900101998
14 0.58 8.002 112.28713145738244 2.2881399514869925 13.0 0.00125997480050399
14 0.58 9.001 111.778215035645 2.1150391277902587 13.0 2.699946001079978E-4
14 0.64 0.01 133.74710145797087 6.492877285311456 9.394642107157857 0.995860082798344
14 0.64 10.0 122.20306473873309 2.271057435994 13.0 7.799844003119938E-4
14 0.76 1.009 149.3545173096572 6.264564708705819 9.184046319073618 0.7007259854802904
14 0.76 2.008 148.71717885642985 5.999031447942451 8.900941981160377 0.4754304913901722
14 0.76 3.007 148.17012419753004 5.740445191096167 8.701385972280555 0.3017339653206936
14 0.76 4.006 147.7217783644519 5.523365246980792 8.45845083098338 0.18380632387352253
14 0.76 5.005 147.35107457853533 5.329144845674358 8.316193676126478 0.1123777524449511
14 0.76 6.004 146.73811123779393 4.987451679537881 9.113187736245274 0.06122877542449151
14 0.76 7.003 146.0408423831708 4.583715468547793 9.62464750704986 0.03860922781544369
14 0.76 8.002 143.78022079558048 3.2500364278427734 12.980020399592009 0.01874962500749985
14 0.76 9.001 143.45783884320963 3.058237406680833 12.99370012599748 0.01367972640547189
14 0.82 0.01 158.5844483110344 6.50499275728774 9.411921761564768 0.99610007799844
14 0.82 10.0 154.2621785564228 3.985446005365721 11.622067558648826 0.02882942341153177
14 0.88 0.5095 166.25334973300406 6.563264448996703 9.452840943181137 0.8533329333413332
14 0.88 1.5085 165.84787184255984 6.491818735053912 9.374452510949782 0.6716565668686626
14 0.88 2.5075 165.59223015539868 6.329003419931574 9.239635207295855 0.5263694726105478
14 0.88 3.5065 165.3931385372354 6.155662601033691 9.062908741825163 0.4082318353632927
14 0.88 4.5055 165.25321773565824 6.026678037867871 8.96295074098518 0.32954340913181734
14 0.88 5.5045 165.1117201656096 5.879128131723166 8.82747345053099 0.25892482150356994
14 0.88 6.5035 164.9730161396836 5.720384163745339 8.668266634667306 0.19595608087838243
14 0.88 7.5025 164.8821143577206 5.617541934875537 8.58444831103378 0.1634367312653747
14 0.88 8.5015 164.7824839503328 5.500977123314828 8.468590628187437 0.12302753944921102
14 0.88 9.5005 164.68172436552015 5.3816223675525166 8.333233335333293 0.09194816103677926
14 0.94 1.009 174.1819541609093 6.682902056244583 9.557838843223136 0.7922241555168896
14 0.94 2.008 173.97943481129653 6.645257094858056 9.531709365812684 0.6848563028739425
14 0.94 3.007 173.88034799303605 6.556308873822494 9.4685006299874 0.6045479090418192
14 0.94 4.006 173.81436551268638 6.4649392726431545 9.37295254094918 0.5454490910181796
14 0.94 5.005 173.7673012539768 6.3727554020348345 9.27377452450951 0.4884502309953801
14 0.94 6.004 173.71220195596442 6.256203447359665 9.158606827863442 0.43136137277254455
14 0.94 7.003 173.67703005940834 6.179443553986139 9.07307853842923 0.39110217795644087
14 0.94 8.002 173.64482810344933 6.104920758727685 9.013829723405532 0.3525529489410212
14 0.94 9.001 173.61058378833414 6.0239909487524645 8.963070738585229 0.31415371692566146
14 1.0 1.009 182.23306533869322 6.827109172102286 9.706005879882403 0.8340733185336293
14 1.0 2.008 182.07013859722807 6.899154874045393 9.756104877902441 0.7981340373192536
14 1.0 3.007 182.0257694846103 6.9074347084486645 9.762014759704806 0.7810343793124137
14 1.0 4.006 182.0087598248035 6.919344470253385 9.773954520909582 0.7842443151136977
14 1.0 5.005 182.00344993100137 6.915890253623535 9.779114417711646 0.7792344153116938
14 1.0 6.004 182.00182996340072 6.907974697648911 9.789314213715725 0.7756044879102418
14 1.0 7.003 182.00062998740026 6.9110989208787466 9.788144237115258 0.7761444771104578
14 1.0 8.002 182.0002699946001 6.920385877996734 9.785054298914021 0.7777944441111178
14 1.0 9.001 182.0 6.916091678166469 9.801763964720706 0.7776444471110577
14 1.18 0.01 208.18879642407524 6.5172325124926 9.417081658366833 0.9936101277974441
14 1.18 10.0 200.71473510531717 11.147035630716685 12.842893142137157 0.05126897462050759
14 1.3 0.5095 221.8164336713249 7.169920887296533 10.012419751604968 0.7854142917141658
14 1.3 1.5085 219.7389512209764 8.034790732756841 10.769694606107878 0.5683686326273475
14 1.3 2.5075 218.042575148496 8.837240398049467 11.42017159656807 0.3835423291534169
14 1.3 3.5065 216.37485150297178 9.631041664883355 11.998380032399352 0.2389452210955781
14 1.3 4.5055 214.9033419331605 10.331741936592243 12.446511069778605 0.1355972880542389
14 1.3 5.5045 213.79798404031638 10.858102837944303 12.714315713685727 0.0759884802303954
14 1.3 6.5035 212.60769484609455 11.424907216140337 12.910961780764385 0.035069298614027716
14 1.3 7.5025 211.84315113696803 11.788975649058187 12.970210595788084 0.01877962440751185
14 1.3 8.5015 210.96746865063483 12.205967309227912 12.997780044399112 0.007199856002879942
14 1.3 9.5005 210.91064378711422 12.23302676803866 12.998830023399533 0.004649907001859963
14 1.36 0.01 232.9142149156995 6.524179516409634 9.419781604367913 0.9911201775964481
14 1.36 10.0 215.49715005705062 12.707480136093384 13.0 3.599928001439971E-4
14 1.48 1.009 242.08430911381745 8.124887502249932 10.851532969340614 0.5566988660226796
14 1.48 2.008 237.7144057118787 9.418384489454848 11.841933161336772 0.2763244735105298
14 1.48 3.007 234.3175808483931 10.429291414173592 12.501589968200635 0.11891762164756704
14 1.48 4.006 230.87643847124704 11.453440931182422 12.911531769364613 0.0374692506149877
14 1.48 5.005 229.26240355188452 11.933808466687143 12.992890142197156 0.013049739005219895
14 1.48 6.004 228.13941321169276 12.268031782222222 13.0 0.004469910601787965
14 1.48 7.003 226.66240595184937 12.707617276225626 13.0 8.999820003599928E-4
14 1.48 8.002 226.70929141416053 12.693663269583194 13.0 4.7999040019199615E-4
14 1.48 9.001 226.73451970952723 12.686154848330583 13.0 6.899862002759944E-4
14 1.54 0.01 257.56212095759537 6.542899142017136 9.444831103377933 0.9901301973960521
14 1.54 10.0 231.5418815622569 12.89368212634208 13.0 1.7999640007199856E-4
14 1.66 1.009 262.34864522708614 8.610329221987145 11.236995260094798 0.4379312413751725
14 1.66 2.008 254.55158996820654 10.296192647578566 12.410571788564228 0.1387172256554869
14 1.66 3.007 249.75521509571854 11.33436902690617 12.903941921161577 0.03839923201535969
14 1.66 4.006 245.77854382912793 12.195120383304754 12.99940001199976 0.006449871002579949
14 1.66 5.005 244.56399652014056 12.458009411239626 13.0 0.0019199616007679846
14 1.66 6.004 243.10492410143425 12.773825952028032 13.0 3.899922001559969E-4
14 1.66 7.003 242.0599999998285 13.0 13.0 0.0
14 1.66 8.002 242.758193436054 12.848875879587188 13.0 0.0
14 1.66 9.001 242.96648527027148 12.803791067016169 13.0 2.999940001199976E-5
14 1.72 0.01 282.3253878922398 6.542363438445528 9.44417111657767 0.9879102417951641
14 1.72 10.0 247.51999999978895 13.0 13.0 0.0
14 1.78 0.5095 281.1958900821972 7.848010182653455 10.598668026639467 0.6214975700485991
14 1.78 1.5085 269.68179036419576 9.941064035865224 12.183386332273354 0.19064618707625847
14 1.78 2.5075 261.84954580907225 11.375541060607484 12.907631847363053 0.038309233815323696
14 1.78 3.5065 257.37904181917986 12.19431468513892 12.99940001199976 0.006119877602447951
14 1.78 4.5055 254.65975880483057 12.692351867237102 13.0 6.899862002759944E-4
14 1.78 5.5045 253.60516529687496 12.885500861402434 13.0 8.999820003599928E-5
14 1.78 6.5035 253.09739545220617 12.978499001442286 13.0 2.999940001199976E-5
14 1.78 7.5025 253.43973060531957 12.915800255398958 13.0 0.0
14 1.78 8.5015 252.98000000021614 13.0 13.0 0.0
14 1.78 9.5005 253.6476822462131 12.877713874258353 13.0 0.0
14 1.84 1.009 281.2443451131093 9.122076129906967 11.622787544249116 0.33542329153416933
14 1.84 2.008 270.4768920621308 10.952909513238678 12.744015119697606 0.06809863802723945
14 1.84 3.007 263.67854682907387 12.109090675331966 12.99205015899682 0.009359812803743926
14 1.84 4.006 261.7439563208869 12.438102666518727 13.0 0.00248995020099598
14 1.84 5.005 259.08062158773174 12.891050750398291 13.0 1.1999760004799904E-4
14 1.84 6.004 258.45776564484913 12.996978631855029 13.0 0.0
14 1.84 7.003 259.32747585053744 12.84906873287365 13.0 2.999940001199976E-5
14 1.84 8.002 258.4400000001621 13.0 13.0 0.0
14 1.84 9.001 258.4400000001621 13.0 13.0 0.0
14 1.96 0.5095 302.2169232615353 8.118600485133165 10.842533149337013 0.5552288954220915
14 1.96 1.5085 285.8881622366888 10.540452048103193 12.55057898842023 0.1127077458450831
14 1.96 2.5075 276.5397252055098 11.931588511091055 12.985330293394131 0.012809743805123898
14 1.96 3.5065 272.660730785457 12.508819823602561 13.0 0.0015899682006359872
14 1.96 4.5055 270.5289398212912 12.826050621831541 13.0 1.7999640007199856E-4
14 1.96 5.5045 270.5104505911006 12.828801995382964 13.0 2.0999580008399833E-4
14 1.96 6.5035 269.80397192070313 12.933932749897203 13.0 2.999940001199976E-5
14 1.96 7.5025 269.3600000000975 13.0 13.0 0.0
14 1.96 8.5015 269.3600000000975 13.0 13.0 0.0
14 1.96 9.5005 269.3600000000975 13.0 13.0 0.0
16 0.08 0.01 74.25282534349061 7.467878142437152 10.724035519289615 0.9908501829963401
16 0.08 10.0 33.0 1.875 15.0 0.0
16 0.2 0.5095 88.59940001199968 6.210108297834044 9.483860322793545 0.6866862662746746
16 0.2 1.5085 81.77468050638988 4.900968230635387 8.103227935441291 0.35258294834103315
16 0.2 2.5075 78.75093898122182 4.269255864882703 7.80182396352073 0.17852642947141056
16 0.2 3.5065 65.5710325793566 2.7100595488090238 14.876252474950501 0.004319913601727965
16 0.2 4.5055 61.45230695386057 2.1019229615407693 15.0 2.3999520009599807E-4
16 0.2 5.5045 60.94183716328393 2.022162056758865 15.0 2.999940001199976E-5
16 0.2 6.5035 60.45253494932736 1.9457085858282834 15.0 0.0
16 0.2 7.5025 60.0 1.875 15.0 0.0
16 0.2 8.5015 60.05714285714618 1.8839285714285714 15.0 0.0
16 0.2 9.5005 60.0 1.875 15.0 0.0
16 0.26 0.01 106.82743265134377 7.455904631907361 10.710835783284335 0.9937301253974921
16 0.26 10.0 73.5 1.875 15.0 0.0
16 0.38 1.009 122.46982180357251 6.037353002939941 9.275934481310374 0.5689986200275995
16 0.38 2.008 119.65217315653508 5.387434751304974 8.671926561468771 0.2979240415191696
16 0.38 3.007 117.71254934899858 5.003209935801284 8.802693946121078 0.13475730485390292
16 0.38 4.006 105.88160976780829 2.9598158036839264 14.999640007199856 0.005519889602207955
16 0.38 5.005 102.55812323756531 2.289944201115978 15.0 0.0010199796004079918
16 0.38 6.004 101.83887562251515 2.1449346013079738 15.0 4.1999160016799666E-4
16 0.38 7.003 101.56990640193341 2.0907069358612826 15.0 5.999880002399952E-5
16 0.38 8.002 100.5 1.875 15.0 0.0
16 0.38 9.001 100.5 1.875 15.0 0.0
16 0.44 0.01 139.5805195896036 7.476416721665567 10.730485390292195 0.994990100197996
16 0.44 10.0 114.15275934482834 1.9090980680386391 15.0 0.0
16 0.56 1.009 158.3434463310691 6.555952630947381 9.803053938921222 0.6345773084538309
16 0.56 2.008 156.45143817122462 6.025919481610368 9.268524629507409 0.3512329753404932
16 0.56 3.007 155.0431343373025 5.654984400311994 9.113247735045299 0.18104637907241855
16 0.56 4.006 149.46685066298426 4.233335333293335 13.24377512449751 0.04436911261774765
16 0.56 5.005 145.8720237595089 3.2581860862782746 14.96190076198476 0.012689746205075899
16 0.56 6.004 144.23314333713478 2.7935066298674025 15.0 0.004169916601667966
16 0.56 7.003 143.05707325848434 2.4593958120837582 15.0 0.0014099718005639887
16 0.56 8.002 142.44434151311725 2.2853242935141296 15.0 3.2999340013199736E-4
16 0.56 9.001 141.0 1.875 15.0 0.0
16 0.62 0.01 172.25383752325823 7.499842503149937 10.747885042299155 0.995920081598368
16 0.62 10.0 155.74817243654405 2.285583038339233 15.0 4.1999160016799666E-4
16 0.68 0.5095 182.19038219236586 7.152644447111058 10.403731925361493 0.8363532729345413
16 0.68 1.5085 180.75553608927476 6.640742185156297 9.876462470750585 0.5357292854142918
16 0.68 2.5075 179.63150056997696 6.246760064798704 9.514669706605869 0.31490370192596145
16 0.68 3.5065 178.7685702285796 5.964015719685606 9.312413751724966 0.17165656686866262
16 0.68 4.5055 177.96722265552785 5.687859992800144 9.087868242635148 0.08105837883242335
16 0.68 5.5045 174.66217075657565 4.459114567708646 12.61822763544729 0.030239395212095756
16 0.68 6.5035 171.70683146336683 3.3229810403791924 15.0 0.013889722205555888
16 0.68 7.5025 170.94783224333653 3.026496970060599 15.0 0.007829843403131937
16 0.68 8.5015 170.4260346793102 2.822669796604068 15.0 0.004289914201715966
16 0.68 9.5005 169.5862722745444 2.494637607247855 15.0 0.0015899682006359872
16 0.74 1.009 192.71318953621838 7.012892242155157 10.275964480710385 0.7069358612827743
16 0.74 2.008 191.79042539149268 6.649419511609768 9.891342173156536 0.47219055618887623
16 0.74 3.007 190.98188876221758 6.316294924101518 9.548809023819524 0.29054418911621765
16 0.74 4.006 190.33508069836103 6.043986620267595 9.401451970960581 0.16799664006719867
16 0.74 5.005 189.7241435170995 5.781218125637487 9.201295974080518 0.0876882462350753
16 0.74 6.004 189.0260688785775 5.465061948761025 9.595188096238076 0.049469010619787604
16 0.74 7.003 185.23830083399017 3.6720465590688187 14.951340973180537 0.0248395032099358
16 0.74 8.002 184.3003851922885 3.220848083038339 14.969490610187796 0.012659746805063899
16 0.74 9.001 184.08538309233063 3.117972640547189 15.0 0.009419811603767925
16 0.86 0.5095 215.26111717765198 7.45489965200696 10.701055978880422 0.872892542149157
16 0.86 1.5085 214.73560928780685 7.224088018239636 10.485990280194397 0.6757664846703066
16 0.86 2.5075 214.39309953799983 7.0215658186836265 10.258264834703306 0.5229795404091918
16 0.86 3.5065 214.08353812922925 6.795734085318293 10.03044939101218 0.3949121017579648
16 0.86 4.5055 213.81713265734692 6.5882094858102835 9.820663586728266 0.28853422931541367
16 0.86 5.5045 213.5747177056574 6.386763514729705 9.619067618647627 0.21608567828643427
16 0.86 6.5035 213.39750284995694 6.236414021719566 9.645917081658366 0.1628967420651587
16 0.86 7.5025 213.21711945763008 6.081692116157677 9.445071098578028 0.12110757784844303
16 0.86 8.5015 213.06065638688935 5.944388612227756 9.21392572148557 0.08831823363532729
16 0.86 9.5005 212.8934535309493 5.796712815743685 9.357982840343194 0.06653866922661547
16 0.92 1.009 225.87945641085994 7.5103685426291475 10.729945401091978 0.8086338273234536
16 0.92 2.008 225.6631763364619 7.42052408951821 10.634967300653987 0.6937361252774944
16 0.92 3.007 225.5036095278106 7.257751094978101 10.484970300593988 0.5890682186356273
16 0.92 4.006 225.36650866983555 7.092045659086819 10.310943781124378 0.504319913601728
16 0.92 5.005 225.26683986321711 6.96007454850903 10.228775424491511 0.43913121737565247
16 0.92 6.004 225.16806863863826 6.81622367552649 10.057808843823123 0.36890262194756107
16 0.92 7.003 225.09828283435508 6.712444501109978 9.985510289794204 0.3245635087298254
16 0.92 8.002 225.01008939821244 6.5760222295554085 9.765104697906041 0.2732945341093178
16 0.92 9.001 224.93790244193363 6.46482570348593 9.703005939881203 0.22937541249175017
16 1.1 0.5095 258.0319013619731 7.856527869442611 11.083128337433251 0.8793724125517489
16 1.1 1.5085 257.4586368272606 8.239691456170876 11.4362512749745 0.7846643067138658
16 1.1 2.5075 257.15341093178034 8.569827353452931 11.739635207295855 0.7108357832843343
16 1.1 3.5065 256.8991690166189 8.878678676426471 11.99715005699886 0.6481970360592788
16 1.1 4.5055 256.62301553968985 9.221643067138658 12.296754064918701 0.5822883542329154
16 1.1 5.5045 256.347468050638 9.565706185876282 12.585228295434092 0.5128397432051359
16 1.1 6.5035 256.087796244074 9.890254694906101 12.858162836743265 0.44903101937961243
16 1.1 7.5025 255.8372082558322 10.203489680206395 13.082138357232855 0.38384232315353695
16 1.1 8.5015 255.59481010379614 10.506487370252595 13.338033239335214 0.33485330293394133
16 1.1 9.5005 255.31186176276344 10.860172796544068 13.558708825823484 0.2776444471110578
16 1.16 0.01 269.94345113098547 7.5249182516349675 10.77632447351053 0.9951400971980561
16 1.16 10.0 262.3677110457772 12.52522574548509 14.629057418851623 0.0754484910301794
16 1.28 1.009 287.8773348533039 8.646280824383512 11.809353812923742 0.7124857502849943
16 1.28 2.008 285.7447135057285 9.5792471650567 12.597708045839083 0.5104097918041639
16 1.28 3.007 283.7425679486367 10.472119307613848 13.302993940121198 0.33599328013439733
16 1.28 4.006 281.91462410752143 11.288114237715245 13.89902201955961 0.20717585648287035
16 1.28 5.005 280.2430911381807 12.034334313313733 14.340763184736305 0.12053758924821503
16 1.28 6.004 278.888668626625 12.638987220255595 14.668836623267534 0.06686866262674747
16 1.28 7.003 277.7756992860261 13.135848533029339 14.86587268254635 0.0370492590148197
16 1.28 8.002 276.9053002939802 13.524419511609768 14.953380932381352 0.019769604607907842
16 1.28 9.001 276.243880722375 13.819696106077878 14.987460250794983 0.010679786404271915
16 1.34 0.01 302.40554688905456 7.544140367192656 10.798644027119458 0.9919601607967841
16 1.34 10.0 282.0908045839713 14.525439491210175 15.0 0.0011699766004679907
16 1.46 1.009 316.33589368214723 9.260597288054239 12.332123357532849 0.5749685006299874
16 1.46 2.008 310.9197234055099 10.72834793304134 13.479060418791624 0.2956440871182576
16 1.46 3.007 306.1827587448613 12.015554688906223 14.360142797144057 0.12221755564888702
16 1.46 4.006 302.8675544488923 12.91642542149157 14.786044279114417 0.04598908021839563
16 1.46 5.005 300.1159170815958 13.66415296694066 14.984310313793724 0.015659686806263874
16 1.46 6.004 298.4516427671593 14.116401421971561 14.999160016799664 0.00503989920201596
16 1.46 7.003 297.45762104756506 14.386516019679606 15.0 0.0018899622007559848
16 1.46 8.002 296.77539029223965 14.571904811903762 15.0 6.899862002759944E-4
16 1.46 9.001 295.7433089339144 14.852361702765945 15.0 2.999940001199976E-5
16 1.52 0.01 335.0422055558678 7.5216820663586725 10.763964720705586 0.9916301673966521
16 1.52 10.0 303.2259254814997 14.801460220795583 15.0 1.1999760004799904E-4
16 1.58 0.5095 339.1384088317994 8.654639407211857 11.811063778724426 0.7123957520849583
16 1.58 1.5085 330.2277632448084 10.554422661546768 13.372142557148857 0.3230035399292014
16 1.58 2.5075 322.7329963400106 12.169612857742845 14.425001499970001 0.10721785564288715
16 1.58 3.5065 317.69381352378 13.255643637127257 14.900191996160077 0.02978940421191576
16 1.58 4.5055 314.1598224036344 14.017279654406911 14.99790004199916 0.007259854802903942
16 1.58 5.5045 312.0205873882889 14.478321683566328 15.0 0.001619967600647987
16 1.58 6.5035 310.5370930579779 14.798040289194216 15.0 2.699946001079978E-4
16 1.58 7.5025 310.6799616006756 14.7672496550069 15.0 1.7999640007199856E-4
16 1.58 8.5015 311.066164276567 14.684016319673606 15.0 2.0999580008399833E-4
16 1.58 9.5005 310.16801163961264 14.877583698326033 15.0 5.999880002399952E-5
16 1.64 1.009 343.3025091498116 9.824439761204776 12.78907421851563 0.4589908201835963
16 1.64 2.008 333.58190436193803 11.722284304313913 14.13697726045479 0.15482690346193076
16 1.64 3.007 326.49327173455555 13.106782864342714 14.862182756344874 0.036959260814783707
16 1.64 4.006 322.30929141412764 13.923966520669586 14.994870102597949 0.008339833203335933
16 1.64 5.005 319.84240955175824 14.405779384412313 15.0 0.001769964600707986
16 1.64 6.004 317.6842575148574 14.827293454130917 15.0 1.7999640007199856E-4
16 1.64 7.003 316.8000000000488 15.0 15.0 0.0
16 1.64 8.002 316.8000000000488 15.0 15.0 0.0
16 1.64 9.001 317.0232531350926 14.956395872082558 15.0 0.0
16 1.76 0.5095 368.0653158937114 8.947107307853843 12.053308933821324 0.6390472190556189
16 1.76 1.5085 353.19424131518844 11.38252609947801 13.916721665566689 0.19763604727905443
16 1.76 2.5075 343.19725685484724 13.026766964660707 14.831463370732585 0.04325913481730365
16 1.76 3.5065 337.5546661065878 13.95482465350693 14.998020039599208 0.007559848803023939
16 1.76 4.5055 333.82368032659247 14.56847363052739 15.0 0.0011999760004799903
16 1.76 5.5045 332.64708705836915 14.761992260154797 15.0 2.0999580008399833E-4
16 1.76 6.5035 332.1143529127877 14.849613007739846 15.0 1.1999760004799904E-4
16 1.76 7.5025 331.8793808122747 14.888259734805304 15.0 5.999880002399952E-5
16 1.76 8.5015 331.54523069528335 14.943218635627288 15.0 0.0
16 1.76 9.5005 331.199999999921 15.0 15.0 0.0
16 1.82 1.009 368.4575802483913 10.41817663646727 13.246415071698566 0.34250314993700126
16 1.82 2.008 354.1123945521117 12.604817903641926 14.633767324653506 0.07058858822823544
16 1.82 3.007 346.31535909284645 13.793390382192356 14.980110397792044 0.010409791804163918
16 1.82 4.006 342.0628913421589 14.441632417351652 15.0 0.0014699706005879883
16 1.82 5.005 339.24275454499633 14.871531319373613 15.0 8.999820003599928E-5
16 1.82 6.004 339.1619451611649 14.88384982300354 15.0 0.0
16 1.82 7.003 338.40000000020956 15.0 15.0 0.0
16 1.82 8.002 338.40000000020956 15.0 15.0 0.0
16 1.82 9.001 338.40000000020956 15.0 15.0 0.0
16 1.94 0.5095 395.954540109193 9.266147177056459 12.322163556728865 0.5776084478310434
16 1.94 1.5085 374.99044639106495 12.049142767144657 14.356842863142736 0.11759764804703907
16 1.94 2.5075 362.1494384112335 13.75672361552769 14.981820363592728 0.013259734805303893
16 1.94 3.5065 356.88578808419885 14.456677116457671 15.0 0.00125997480050399
16 1.94 4.5055 353.514771104673 14.904950650986981 15.0 2.999940001199976E-5
16 1.94 5.5045 352.80000000011984 15.0 15.0 0.0
16 1.94 6.5035 352.80000000011984 15.0 15.0 0.0
16 1.94 7.5025 352.80000000011984 15.0 15.0 0.0
16 1.94 8.5015 352.80000000011984 15.0 15.0 0.0
16 1.94 9.5005 352.80000000011984 15.0 15.0 0.0
16 2.0 0.5095 404.7883242335153 9.404729405411892 12.451610967780644 0.5494090118197636
16 2.0 1.5085 381.87367252654946 12.265790934181316 14.455810883782325 0.09464810703785924
16 2.0 2.5075 368.6484670306594 13.918941621167576 14.986590268194636 0.009359812803743926
16 2.0 3.5065 363.8547129057419 14.518160886782264 15.0 0.0010799784004319913
16 2.0 4.5055 362.6586668266635 14.667666646667067 15.0 5.999880002399952E-5
16 2.0 5.5045 360.0 15.0 15.0 0.0
16 2.0 6.5035 360.0 15.0 15.0 0.0
16 2.0 7.5025 360.0 15.0 15.0 0.0
16 2.0 8.5015 360.0 15.0 15.0 0.0
16 2.0 9.5005 360.0 15.0 15.0 0.0
18 0.0 0.5095 57.2159956800864 6.357332853342909 9.933251334973301 0.5539389212215756
18 0.0 1.5085 29.852702945941083 3.316966993993453 6.2955840883182335 0.09584808303833924
18 0.0 2.5075 20.345083098338034 2.2605647887026703 4.694396112077759 0.012749745005099898
18 0.0 3.5065 17.73645527089458 1.9707172523220913 3.9839503209935803 0.0023099538009239817
18 0.0 4.5055 17.395392092158158 1.9328213435740196 4.0866382672346555 9.89980200395992E-4
18 0.0 5.5045 17.060868782624347 1.8956520869596938 3.886992260154797 3.899922001559969E-4
18 0.0 6.5035 17.002069958600828 1.8891188842905062 3.714795704085918 5.399892002159956E-4
18 0.0 7.5025 17.0 1.8888888888904165 4.007529849403012 2.0999580008399833E-4
18 0.0 8.5015 17.0 1.8888888888904165 3.541489170216596 5.699886002279955E-4
18 0.0 9.5005 17.0 1.8888888888904165 3.9797804043919123 4.1999160016799666E-4
18 0.06 0.01 89.97064978700773 8.458920821583396 12.034589308213835 0.9915101697966041
18 0.06 10.0 35.23999999999199 1.8888888888904165 16.0 0.0
18 0.18 1.009 100.54115197696154 5.920064932034688 9.44270114597708 0.4632507349853003
18 0.18 2.008 94.61254394912092 4.871475903815373 8.359662806743865 0.2350452990940181
18 0.18 3.007 90.27950620987625 4.205072565214972 9.639827203455932 0.10133797324053519
18 0.18 4.006 74.62902021959725 2.6221475570498165 16.907631847363053 0.001619967600647987
18 0.18 5.005 72.57108777823558 2.3699592674784093 16.99970000599988 4.1999160016799666E-4
18 0.18 6.004 70.81807643848045 2.13253068271805 17.0 5.999880002399952E-5
18 0.18 7.003 69.02000000001597 1.8888888888904165 17.0 0.0
18 0.18 8.002 69.02000000001597 1.8888888888904165 17.0 0.0
18 0.18 9.001 69.02000000001597 1.8888888888904165 17.0 0.0
18 0.24 0.01 131.56244435111847 8.469673939854387 12.067408651826964 0.9930101397972041
18 0.36 1.009 149.8998488030235 6.658573495196722 10.228895422091558 0.5527389452210956
18 0.36 2.008 145.98295914081564 5.869262614747819 9.428481430371393 0.2862842743145137
18 0.36 3.007 138.66349193015967 4.722055558888464 12.480620387592248 0.08645827083458331
18 0.36 4.006 127.22903461930274 2.9633740658526655 17.0 0.004829903401931962
18 0.36 5.005 123.22695146097827 2.268567961972359 17.0 6.899862002759944E-4
18 0.36 6.004 121.54423951525956 1.976430471390915 17.0 2.999940001199976E-5
18 0.36 8.002 121.3120393592292 1.9361179443087102 17.0 0.0
18 0.36 9.001 121.04000000003121 1.8888888888904165 17.0 0.0
18 0.42 0.01 173.1330179396383 8.483143670459793 12.057358852822944 0.994840103197936
18 0.48 0.5095 183.42337913241687 7.653543595794785 11.277194456110879 0.7829243415131697
18 0.48 1.5085 179.20144837103462 6.6479837069925765 10.176336473270535 0.45566088678226435
18 0.48 2.5075 176.63166016679327 6.08915155030227 9.779954400911981 0.2265554688906222
18 0.48 3.5065 172.74678826422752 5.345559755471931 11.622367552648948 0.08414831703365933
18 0.48 4.5055 161.65490130196847 3.1570301927292435 17.0 0.006929861402771945
18 0.48 5.5045 160.01838483230281 2.8073471863903796 17.0 0.002879942401151977
18 0.48 6.5035 158.50761744758964 2.4845336426603435 17.0 8.099838003239935E-4
18 0.48 7.5025 157.09575208492413 2.182853009604694 17.0 5.999880002399952E-5
18 0.48 8.5015 156.84508069827223 2.129290747516581 17.0 5.999880002399952E-5
18 0.48 9.5005 156.24000000013007 2.0 17.0 0.0
18 0.54 1.009 196.00262554745487 7.210712452417664 10.764114717705645 0.627227455450891
18 0.54 2.008 193.4479720405418 6.569538609227839 10.139737205255894 0.35516289674206514
18 0.54 3.007 191.55299094022462 6.137040592521364 9.858432831343373 0.16997660046799065
18 0.54 4.006 185.1404613908213 4.729515409692148 14.016169676606468 0.043199136017279656
18 0.54 5.005 178.60880002401956 3.2291787497584687 17.0 0.00875982480350393
18 0.54 6.004 176.84743085146718 2.8037272587893964 17.0 0.0023999520009599807
18 0.54 8.002 175.2579096418389 2.419784937633675 17.0 9.299814003719926E-4
18 0.54 9.001 175.0943691126799 2.380282394348861 17.0 2.0999580008399833E-4
18 0.66 0.5095 226.9940427191484 7.99329346746397 11.582948341033179 0.8327833443331133
18 0.66 1.5085 224.815887682242 7.268841289840855 10.82765344693106 0.5314993700125997
18 0.66 2.5075 223.27935621286986 6.79306747198395 10.314153716925661 0.3044639107217856
18 0.66 3.5065 222.03896322072868 6.44055452224287 10.048959020819584 0.15221695566088678
18 0.66 4.5055 220.8930149397014 6.095528089438366 9.97870042599148 0.07154856902861943
18 0.66 5.5045 213.6044951100822 3.8053905588557497 17.0 0.021899562008759824
18 0.66 6.5035 212.03737805242977 3.293260801451045 17.0 0.009569808603827924
18 0.66 7.5025 211.31661966763426 3.057718845622679 17.0 0.005339893202135957
18 0.66 8.5015 210.5461678766813 2.805937214590037 17.0 0.002849943001139977
18 0.66 9.5005 209.7693922121763 2.5520889582210677 17.0 9.89980200395992E-4
18 0.72 1.009 240.4188660226798 7.771624567508664 11.333983320333592 0.7095158096838063
18 0.72 2.008 239.03887442250465 7.265588021572919 10.828253434931302 0.46103077938441234
18 0.72 3.007 237.92205795883274 6.864226048812375 10.382702345953081 0.27389452210955784
18 0.72 4.006 236.99259014818955 6.535005966547333 10.149667006659866 0.14729705405891882
18 0.72 5.005 236.26056398871899 6.27118457630826 10.05594888102238 0.08135837283254335
18 0.72 6.004 233.16699826004515 5.083478330433319 14.02609947801044 0.03677926441471171
18 0.72 8.002 228.82680026401025 3.3755258228161886 16.99778004439911 0.011129777404451912
18 0.72 9.001 227.9014363713012 3.0085064965367203 17.0 0.005309893802123957
18 0.84 0.5095 269.458437631243 8.326543469130508 11.901361972760546 0.882222355552889
18 0.84 1.5085 268.790823783518 7.990600187996244 11.586308273834524 0.6840763184736305
18 0.84 2.5075 268.2164000719947 7.65966347339726 11.210835783284335 0.5103797924041519
18 0.84 3.5065 267.75118497629785 7.377389118884312 10.921821563568729 0.376222475550489
18 0.84 4.5055 267.32450710985813 7.10600454657572 10.643607127857443 0.2622547549049019
18 0.84 5.5045 266.9760928781547 6.879712405751927 10.38630227395452 0.18458630827383452
18 0.84 6.5035 266.65955000902403 6.668483297000759 10.19502609947801 0.13100737985240296
18 0.84 7.5025 266.4016919661823 6.494910101797825 9.909071818563628 0.08966820663586728
18 0.84 8.5015 266.13078298435715 6.310803783924511 9.887862242755144 0.05972880542389152
18 0.84 9.5005 265.97837163258333 6.205242561815454 9.924071518569628 0.04367912641747165
18 0.9 0.01 283.7159596808054 8.499300013999493 12.074698506029879 0.9976600467990641
18 1.08 1.009 324.1098830023461 8.987106924527454 12.52729945401092 0.8615527689446211
18 1.08 2.008 323.79208855819803 9.314730372057745 12.83287334253315 0.7984640307193857
18 1.08 3.007 323.56655666881665 9.608754491574498 13.095848083038339 0.744135117297654
18 1.08 4.006 323.3587136256812 9.892115491020673 13.365272694546109 0.6853662926741465
18 1.08 5.005 323.1274314513466 10.212125757481772 13.630317393652128 0.630677386452271
18 1.08 6.004 322.913233335345 10.509443144468445 13.903731925361493 0.5733785324293514
18 1.08 8.002 322.45247255060116 11.14934367979241 14.415911681766366 0.45572088558228835
18 1.08 9.001 322.23332093361387 11.453720925581415 14.664966700665987 0.4051418971620568
18 1.14 0.01 338.9645197095966 8.514666373339026 12.116007679846403 0.99670006599868
18 1.26 1.009 363.0298578028621 9.644597108055487 13.154466910661787 0.7373852522949541
18 1.26 2.008 360.5159080818259 10.703152603612864 14.050818983620328 0.5426591468170636
18 1.26 3.007 358.3111669766503 11.644800437324742 14.81997360052799 0.370102597948041
18 1.26 4.006 356.16847183058167 12.560482123690596 15.502519949601007 0.2367852642947141
18 1.26 5.005 354.30537769243733 13.35667619980958 16.02279954400912 0.14363712725745484
18 1.26 6.004 352.72368632623403 14.032612681079328 16.41258174836503 0.08567828643427132
18 1.26 8.002 350.4585960281258 15.000599988000179 16.869682606347872 0.029189416211675766
18 1.26 9.001 349.17825943483336 15.547752378286182 16.972580548389033 0.012059758804823904
18 1.32 0.01 380.3503797924026 8.51753298267346 12.118167636647268 0.994810103797924
18 1.38 0.5095 390.2603611927895 9.396882062356893 12.923261534769305 0.7975640487190256
18 1.38 1.5085 385.0496562068616 10.886392272153204 14.21857562848743 0.503389932201356
18 1.38 2.5075 380.2996328073679 12.27496116744343 15.274494510109799 0.2766544669106618
18 1.38 3.5065 376.2734157316683 13.452217622313697 16.09902801943961 0.1366172676546469
18 1.38 4.5055 372.84433011338234 14.454874235848841 16.60889782204356 0.059248815023699525
18 1.38 5.5045 370.46403491932705 15.150866982661467 16.91117177656447 0.025499490010199796
18 1.38 6.5035 368.4767126657765 15.731955360898537 16.988840223195535 0.009179816403671926
18 1.38 7.5025 367.4607307853621 16.02902608613913 16.99790004199916 0.004289914201715966
18 1.38 8.5015 366.79443691119565 16.223848856346567 17.0 0.001769964600707986
18 1.38 9.5005 365.67674626499155 16.550658986823862 17.0 8.399832003359933E-4
18 1.44 1.009 399.4878538429217 10.394628774088634 13.787364252714946 0.5948881022379553
18 1.44 2.008 393.0244771104566 12.02413285067624 15.123027539449211 0.3152036959260815
18 1.44 3.007 387.74567468651145 13.357152856943406 16.014309713805723 0.1470270594588108
18 1.44 4.006 383.3475094498033 14.467800643987392 16.65965680686386 0.055258894822103555
18 1.44 5.005 379.916092878136 15.334319980266292 16.951880962380752 0.017939641207175856
18 1.44 6.004 377.2578640427215 16.00558988820006 16.99607007859843 0.004409911801763965
18 1.44 8.002 375.422348352999 16.46910395124907 17.0 7.799844003119938E-4
18 1.44 9.001 374.61305933882267 16.673469863963536 17.0 3.2999340013199736E-4
18 1.56 0.5095 428.19142017160465 9.767314653704116 13.248665026699467 0.7238555228895422
18 1.56 1.5085 417.15898482030366 11.944664440044406 15.045419091618168 0.33329333413331735
18 1.56 2.5075 408.48109197814927 13.666450004333337 16.241045179096417 0.11675766484670307
18 1.56 3.5065 402.42632507351317 14.86779264414472 16.839113217735644 0.03413931721365573
18 1.56 4.5055 397.51378412433024 15.842503149934169 16.99520009599808 0.007109857802843943
18 1.56 5.5045 395.24640067199437 16.29238081904061 17.0 0.002609947801043979
18 1.56 6.5035 394.4119445610545 16.45794750771398 17.0 8.099838003239935E-4
18 1.56 7.5025 392.453154137137 16.846596401411997 17.0 1.1999760004799904E-4
18 1.56 8.5015 391.67999999982123 17.0 17.0 0.0
18 1.56 9.5005 392.9988072240976 16.73833190004995 17.0 5.999880002399952E-5
18 1.62 1.009 433.9889278214574 11.063438731224677 14.354142917141656 0.4722205555888882
18 1.62 2.008 422.084798104039 13.196272741211157 15.938201235975281 0.15821683566328673
18 1.62 3.007 413.5095884082115 14.733048672359752 16.769964600707986 0.04112917741645167
18 1.62 4.006 409.06483530324647 15.529599408011851 16.976060478790423 0.011969760604787905
18 1.62 5.005 405.5229267414664 16.164350046326827 17.0 0.002999940001199976
18 1.62 6.004 402.8205123897603 16.648653693616186 17.0 4.499910001799964E-4
18 1.62 8.002 402.2208789823994 16.756114877725242 17.0 8.999820003599928E-5
18 1.62 9.001 400.85999999986996 17.0 17.0 0.0
18 1.74 0.5095 465.3296820063491 10.08267501316347 13.521899562008759 0.6575568488630228
18 1.74 1.5085 447.1793862122652 12.801893962120493 15.667936641267175 0.20951580968380631
18 1.74 2.5075 434.54566328673656 14.698849356345297 16.763514729705406 0.04403911921761565
18 1.74 3.5065 426.29855042897583 15.937154590246548 16.99820003599928 0.005879882402351953
18 1.74 4.5055 423.4899292014964 16.35886948927051 17.0 0.0012299754004919902
18 1.74 5.5045 421.19265254715305 16.7038059238956 17.0 2.3999520009599807E-4
18 1.74 6.5035 419.2200000002169 17.0 17.0 0.0
18 1.74 7.5025 419.990790784522 16.884265648020744 17.0 0.0
18 1.74 8.5015 419.2200000002169 17.0 17.0 0.0
18 1.74 9.5005 419.2200000002169 17.0 17.0 0.0
18 1.8 0.01 490.4249115017691 8.55306560535432 12.13127737445251 0.9891702165956681
18 1.92 0.5095 500.88113517729 10.465704019250497 13.871062578748425 0.5822283554328913
18 1.92 1.5085 474.5303989919026 13.646087078258793 16.186986260274793 0.12077758444831103
18 1.92 2.5075 459.2198536031513 15.495186762932757 16.97003059938801 0.013889722205555888
18 1.92 3.5065 453.15644807085994 16.227482117009504 17.0 0.0020399592008159837
18 1.92 4.5055 450.8903953919229 16.501159976803446 17.0 4.7999040019199615E-4
18 1.92 5.5045 446.9509881800301 16.97693379465612 17.0 0.0
18 1.92 6.5035 446.75999999980917 17.0 17.0 0.0
18 1.92 7.5025 446.75999999980917 17.0 17.0 0.0
18 1.92 8.5015 446.75999999980917 17.0 17.0 0.0
18 1.92 9.5005 446.75999999980917 17.0 17.0 0.0
20 0.04 0.5095 85.57716445671258 7.3044579108417675 11.204085918281635 0.5824383512329754
20 0.04 1.5085 59.51967360652749 4.381604367912629 7.867132657346853 0.16619667606647867
20 0.04 2.5075 51.01666406671826 3.290931181376296 6.8679726405471895 0.058948821023579526
20 0.04 3.5065 47.44970780584277 2.8228625427492067 7.054658906821864 0.021539569208615827
20 0.04 4.5055 40.24238075239374 2.1600677986439942 11.964930701385972 7.799844003119938E-4
20 0.04 5.5045 34.184906701888636 1.9662386752266912 18.839683206335874 0.0
20 0.04 6.5035 33.43999999997142 1.9000000000010122 19.0 0.0
20 0.04 7.5025 34.120000000004765 1.9000000000010122 18.0 0.0
20 0.04 8.5015 33.43999999997142 1.9000000000010122 19.0 0.0
20 0.04 9.5005 33.43999999997142 1.9000000000010122 19.0 0.0
20 0.1 0.01 123.39219415611643 9.482087358252901 13.412671746565069 0.9920801583968321
20 0.22 0.5095 145.34927521449472 7.824467510649741 11.705735885282294 0.6777764444711106
20 0.22 1.5085 133.45756284874233 6.03368332633346 9.840403191936161 0.3364432711345773
20 0.22 2.5075 129.1690838183256 5.3119517609647815 9.329453410931782 0.17138657226855464
20 0.22 3.5065 108.51395932081422 3.1895392092162407 18.98593028139437 0.004559908801823964
20 0.22 4.5055 103.31822403552044 2.527977440451385 19.0 5.699886002279955E-4
20 0.22 5.5045 101.34283554325424 2.2747225055495264 19.0 1.7999640007199856E-4
20 0.22 6.5035 98.41999999995515 1.9000000000010122 19.0 0.0
20 0.22 7.5025 98.41999999995515 1.9000000000010122 19.0 0.0
20 0.22 8.5015 98.73374092523196 1.9402231955365163 19.0 0.0
20 0.22 9.5005 98.41999999995515 1.9000000000010122 19.0 0.0
20 0.4 1.009 198.00014999700127 7.4543199136017595 11.317513649727005 0.5607187856242876
20 0.4 2.008 193.24916301673997 6.5594648107037274 10.341933161336772 0.28373432531349374
20 0.4 3.007 190.36481670366396 6.061102777944409 10.169136617267654 0.13268734625307493
20 0.4 4.006 172.48070438591424 3.4133587328251345 18.99970000599988 0.008399832003359933
20 0.4 5.005 167.26756464870525 2.5445941081179 19.0 0.0010199796004079918
20 0.4 6.004 166.92332153362352 2.4872202555938214 19.0 4.499910001799964E-4
20 0.4 8.002 163.69429411409135 1.9490490190199181 19.0 0.0
20 0.4 9.001 163.40000000003505 1.9000000000010122 19.0 0.0
20 0.58 0.01 260.49982900342513 9.470750584988249 13.401211975760484 0.9966700665986681
20 0.7 0.5095 293.27830743385056 8.940445191096117 12.855642887142258 0.8497630047399052
20 0.7 1.5085 290.8924041519192 8.134679306413831 12.00089998200036 0.5665386692266154
20 0.7 2.5075 289.21256074878534 7.601274974500571 11.501859962800744 0.3399532009359813
20 0.7 3.5065 287.6995530089381 7.131259374812557 10.96667066658667 0.18002639947201057
20 0.7 4.5055 286.8225685486289 6.864186716265614 10.661156776864463 0.09674806503869923
20 0.7 5.5045 285.06724965500115 6.318902621947495 11.45845083098338 0.042059158816823664
20 0.7 6.5035 277.89150116996416 3.9635957280854095 18.996220075598487 0.019649607007859844
20 0.7 7.5025 276.63152336954147 3.543841123177624 19.0 0.00989980200395992
20 0.7 8.5015 275.54313913723126 3.1810463790726318 19.0 0.005249895002099958
20 0.7 9.5005 274.3058348832839 2.7686116277675725 19.0 0.0024299514009719805
20 0.76 0.01 312.0053422931477 9.495122097558045 13.392722145557089 0.9974200515989681
20 0.88 1.009 345.64437871242905 9.179183416331613 13.081508369832603 0.8264234715305694
20 0.88 2.008 345.13649727006833 8.834949301014024 12.708195836083279 0.6758864822703546
20 0.88 3.007 344.69977920443284 8.519988600227942 12.373492530149397 0.5395992080158397
20 0.88 4.006 344.34438591229156 8.252690946181039 12.139767204655907 0.4308813823723526
20 0.88 5.005 343.9888750224942 7.972073558528872 11.779894402111958 0.32792344153116937
20 0.88 6.004 343.68771824561315 7.728655426891432 11.533359332813344 0.252534949301014
20 0.88 8.002 343.24214795701556 7.366256674866607 11.192446151076979 0.15230695386092277
20 0.88 9.001 342.9931925361263 7.160091798164072 11.024509509809803 0.10901781964360713
20 0.94 0.01 363.40190916181785 9.49166016679669 13.405981880362393 0.998320033599328
20 1.0 0.01 380.5302093958121 9.511861762764802 13.434211315773684 0.998410031799364
20 1.12 0.5095 413.9599448011124 9.847015059698753 13.742605147897041 0.9125517489650207
20 1.12 1.5085 413.1178064438705 10.420783584328259 14.275784484310314 0.8074338513229735
20 1.12 2.5075 412.4533233335195 10.957859842803133 14.735645287094258 0.7103857922841543
20 1.12 3.5065 411.8612479750259 11.44926801463966 15.167006659866802 0.622397552048959
20 1.12 4.5055 411.2124377512531 11.98963520729572 15.623777524449512 0.5289194216115678
20 1.12 5.5045 410.5392296154204 12.550641987160365 16.103107937841244 0.43988120237595246
20 1.12 6.5035 409.9606779864401 13.032768344633139 16.484760304793905 0.375802483950321
20 1.12 7.5025 409.3853050938859 13.512245755084889 16.853632927341454 0.30350392992140157
20 1.12 8.5015 408.8147309053695 13.987724245514967 17.190466190676187 0.24347513049739006
20 1.12 9.5005 408.29369532610013 14.421920561588793 17.50419991600168 0.19766604667906643
20 1.3 1.009 461.1848983020387 10.943970120597694 14.729285414291715 0.7143757124857503
20 1.3 2.008 457.1154106917877 12.294993100138074 15.883692326153477 0.4855402891942161
20 1.3 3.007 453.514993700121 13.495002099957897 16.823633527329452 0.3001739965200696
20 1.3 4.006 450.1507439851214 14.61641867162665 17.64831703365933 0.17342653146937062
20 1.3 5.005 447.31447771044657 15.561840763184788 18.24152516949661 0.09332813343733125
20 1.3 6.004 444.7872742545198 16.404241915161585 18.682606347873044 0.04631907361852763
20 1.3 8.002 441.7150686985964 17.428310433789576 18.974800503989922 0.011789764204715905
20 1.3 9.001 440.9301673966725 17.689944201116425 18.997060058798823 0.006899862002759945
20 1.48 0.01 517.5097990040297 9.514912701745985 13.442401151976961 0.994540109197816
20 1.6 0.5095 542.3037319253609 10.955273894522175 14.736755264894702 0.7168956620867583
20 1.6 1.5085 526.8893742125189 13.518437631247393 16.857922841543168 0.30191396172076557
20 1.6 2.5075 515.1311813763742 15.47813643727115 18.18926621467571 0.09752804943901122
20 1.6 3.5065 506.7255114897662 16.879081418371257 18.882162356752865 0.024569508609827803
20 1.6 4.5055 500.6315173696545 17.8947471050569 18.9947501049979 0.004889902201955961
20 1.6 5.5045 498.5402471950793 18.243292134156466 19.0 0.0015299694006119878
20 1.6 6.5035 495.8326333470705 18.694561108784907 19.0 1.1999760004799904E-4
20 1.6 7.5025 494.599999999739 18.900000000011882 19.0 0.0
20 1.6 8.5015 495.3108597824682 18.781523369533044 19.0 2.999940001199976E-5
20 1.6 9.5005 494.0150116997567 18.99749805003958 19.0 2.999940001199976E-5
20 1.66 0.01 568.6789728205727 9.536095278094399 13.434181316373673 0.9918701625967481
20 1.78 1.009 574.4488972220507 13.070681586368332 16.537559248815025 0.3627227455450891
20 1.78 2.008 553.818158636854 15.715620687586414 18.337883242335153 0.08054838903221935
20 1.78 3.007 540.1204235915025 17.471740565189325 18.98422031559369 0.010799784004319914
20 1.78 4.006 534.966278874395 18.132528349429855 19.0 0.002009959800803984
20 1.78 5.005 533.0049067019407 18.3839863202728 19.0 6.899862002759944E-4
20 1.78 6.004 529.7269130615236 18.804241915156204 19.0 0.0
20 1.78 8.002 528.5910529792106 18.94986500271162 19.0 0.0
20 1.78 9.001 528.1999999996726 19.0 19.0 0.0
20 1.84 0.01 620.0109173816106 9.534331313373743 13.425661486770265 0.9896202075958481
20 1.96 1.009 612.3069250614665 13.801361972760649 17.064738705225896 0.26840463190736186
20 1.96 2.008 584.8913133737136 16.657154856902604 18.781904361912762 0.03386932261354773
20 1.96 3.007 571.902341153039 18.01017279654676 19.0 0.0034199316013679725
20 1.96 4.006 564.8935981281502 18.740250194997554 19.0 1.7999640007199856E-4
20 1.96 5.005 564.8510613787533 18.744681106384846 19.0 8.999820003599928E-5
20 1.96 6.004 562.4000000000788 19.0 19.0 0.0
20 1.96 7.003 563.0430335391867 18.933017339657404 19.0 2.999940001199976E-5
20 1.96 8.002 562.4000000000788 19.0 19.0 0.0
20 1.96 9.001 562.4000000000788 19.0 19.0 0.0
