10 0.0 0.5095 17.341363172736546 3.468272634547335 5.581568368632627 0.5698986020279594
10 0.0 1.5085 11.617537649247016 2.3235075298493206 4.161546769064619 0.13079738405231894
10 0.0 2.5075 9.799844003119938 1.9599688006244071 3.6799064018719627 0.034589308213835726
10 0.0 3.5065 9.262134757304853 1.8524269514618266 3.492890142197156 0.013469730605387892
10 0.0 4.5055 9.101427971440572 1.8202855942890566 3.393592128157437 0.00878982420351593
10 0.0 5.5045 9.039239215215696 1.8078478430441525 3.4470510589788206 0.007769844603107937
10 0.0 6.5035 9.009539809203815 1.8019079618418008 3.386782264354713 0.006929861402771945
10 0.0 7.5025 9.000809983800323 1.8001619967611058 3.374962500749985 0.005909881802363953
10 0.0 8.5015 9.000029999400011 1.8000059998810427 3.4230815383692326 0.005819883602327954
10 0.0 9.5005 9.0 1.8000000000010403 3.370522589548209 0.006419871602567948
10 0.06 0.01 26.681142977140137 4.499250014999665 6.628367432651347 0.9912101757964841
10 0.06 10.0 14.372135957289228 1.8003839923211884 7.737265254694906 2.0999580008399833E-4
10 0.18 1.009 31.491091378171657 3.444561108777794 5.622967540649187 0.5152396952060959
10 0.18 2.008 30.060847783043123 2.985762284754361 5.338303233935322 0.27005459890802186
10 0.18 3.007 28.74380872382601 2.641465170696665 5.778334433311334 0.11594768104637908
10 0.18 4.006 25.01748665025695 2.023669526610544 8.355792884142318 0.010439791204175916
10 0.18 5.005 24.419199616013742 1.9659326813460376 8.854532909341813 9.599808003839923E-4
10 0.18 6.004 23.632815143690923 1.8128817423660057 9.0 5.999880002399952E-5
10 0.18 7.003 23.72342533148728 1.8256794864111163 8.969730605387893 5.999880002399952E-5
10 0.18 8.002 23.5799999999896 1.8000000000010403 9.0 0.0
10 0.18 9.001 23.5799999999896 1.8000000000010403 9.0 2.999940001199976E-5
10 0.24 0.01 39.23027779445101 4.49845803083936 6.632057358852823 0.994180116397672
10 0.24 10.0 28.43999999997621 1.8000000000010403 9.0 2.999940001199976E-5
10 0.36 1.009 46.0015959680821 3.9084898302034405 6.103737925241496 0.6023279534409312
10 0.36 2.008 45.028479030419355 3.583800323993538 5.97090058198836 0.3393832123357533
10 0.36 3.007 43.46914741705028 3.1920501589966483 6.771434571308574 0.1355372892542149
10 0.36 4.006 40.071566568667606 2.3646007079854994 8.749655006899863 0.012089758204835903
10 0.36 5.005 39.08766184676059 2.0889122217556046 8.998290034199316 0.0015299694006119878
10 0.36 6.004 38.610960580781565 1.9409251814969823 9.0 5.999880002399952E-4
10 0.36 7.003 38.418561228770386 1.8808003839929632 9.0 2.3999520009599807E-4
10 0.36 8.002 38.28427911442113 1.8388372232563113 9.0 1.1999760004799904E-4
10 0.36 9.001 38.1758780824327 1.80496190076304 9.0 5.999880002399952E-5
10 0.42 0.01 51.78359032818907 4.508519829603428 6.6428871422571545 0.995440091198176
10 0.42 10.0 43.06882342354238 1.816835663287554 9.0 2.999940001199976E-5
10 0.48 0.5095 55.36384112317969 4.300263994720121 6.46280074398512 0.8038039239215216
10 0.48 1.5085 54.48607907842901 4.003779924401547 6.24812503749925 0.4864702705945881
10 0.48 2.5075 53.70983380333789 3.766616667666862 6.315713685726285 0.25955480890382193
10 0.48 3.5065 52.266897462056384 3.3376552468950678 7.164606707865842 0.09614807703845923
10 0.48 4.5055 49.800434391290295 2.5217975640487365 8.75682486350273 0.013529729405411892
10 0.48 5.5045 48.981771164547354 2.218125637487263 8.893382132357353 0.003989920201595968
10 0.48 6.5035 48.30665146694074 1.9640967180660036 9.0 0.0010199796004079918
10 0.48 7.5025 48.46701625965196 2.0257754844903024 9.0 9.299814003719926E-4
10 0.48 8.5015 48.15380572385316 1.9053098938035025 9.0 1.7999640007199856E-4
10 0.48 9.5005 47.87999999996449 1.8000000000010403 9.0 2.999940001199976E-5
10 0.54 1.009 59.19606347872756 4.2424491510169675 6.424341513169737 0.6314573708525829
10 0.54 2.008 58.49722505549678 4.017315653686959 6.317813643727125 0.3642527149457011
10 0.54 3.007 57.68820363592544 3.7542569148619607 6.601427971440571 0.18182636347273054
10 0.54 4.006 56.204602507945296 3.2219415611689612 7.570858582828343 0.058348833023339534
10 0.54 5.005 54.07474770504451 2.3748665026702636 8.874662506749864 0.008729825403491931
10 0.54 6.004 53.695975880476176 2.21564168716643 9.0 0.003119937601247975
10 0.54 7.003 53.23604487908326 2.015671686566018 9.0 0.0014099718005639887
10 0.54 8.002 53.05742125155257 1.9380092398154478 9.0 5.399892002159956E-4
10 0.54 9.001 53.05108717824055 1.9352552948948132 9.0 4.499910001799964E-4
10 0.66 0.5095 67.94149697006041 4.504157916841632 6.6535669286614265 0.7962740745185096
10 0.66 1.5085 67.33353992920019 4.358030839383137 6.557028859422812 0.503119937601248
10 0.66 2.5075 66.82801223975414 4.172424551508886 6.510439791204176 0.2907841843163137
10 0.66 3.5065 66.33357052859125 3.959458810823795 6.605147897042059 0.15545689086218276
10 0.66 4.5055 65.65761744765535 3.621389572208673 7.165416691666167 0.0753284934301314
10 0.66 5.5045 64.7274776504474 3.1144417111660765 8.039329213415732 0.030239395212095756
10 0.66 6.5035 63.90508309833277 2.6472070558586718 8.70642587148257 0.012659746805063899
10 0.66 7.5025 63.85803143936282 2.618143637126895 8.373042539149218 0.007739845203095938
10 0.66 8.5015 62.99626447470545 2.1154496910061775 9.0 0.0023999520009599807
10 0.66 9.5005 62.822347753049904 2.013145737085442 9.0 0.0010799784004319913
10 0.72 1.009 71.72431631367863 4.530611387772252 6.698146037079258 0.6450170996580068
10 0.72 2.008 71.27907961841024 4.391306173876471 6.612077758444831 0.42221155576888464
10 0.72 3.007 70.90871302574159 4.219343613127615 6.563988720225596 0.250434991300174
10 0.72 4.006 70.58440991180369 4.05050698986018 6.566538669226616 0.14915701685966282
10 0.72 5.005 70.10639467210954 3.7478850422992354 6.998710025799484 0.08183836323273534
10 0.72 6.004 69.66452750945489 3.4568428631427484 7.26747465050699 0.04094918101637967
10 0.72 7.003 68.86948221035499 2.90269994600124 8.466280674386512 0.021089578208435832
10 0.72 8.002 68.43383452328449 2.5954880902380983 8.791264174716506 0.010739785204295913
10 0.72 9.001 68.05401931959089 2.3242995140091773 8.998440031199376 0.005699886002279954
10 0.84 0.5095 80.11094978100004 4.6869022619547875 6.829873402531949 0.7902141957160856
10 0.84 1.5085 79.64225595487723 4.692152156956819 6.855852882942341 0.5725085498290035
10 0.84 2.5075 79.40914501709715 4.590862182756355 6.797564048719026 0.41957160856782866
10 0.84 3.5065 79.25742245154908 4.4853122937540855 6.732285354292914 0.3138237235255295
10 0.84 4.5055 79.12876582468219 4.367708645826993 6.664186716265674 0.22625547489050218
10 0.84 5.5045 79.01734085318141 4.2477050458989405 6.661936761264775 0.1748965020699586
10 0.84 6.5035 78.90999700005734 4.126723465530628 6.624017519649607 0.12386752264954701
10 0.84 7.5025 78.81499730004808 4.0143997120057096 6.638777224455511 0.09362812743745125
10 0.84 8.5015 78.6961684766232 3.8679426411472018 6.924521509569809 0.07211855762884742
10 0.84 9.5005 78.59415371691723 3.741495170096841 6.932741345173096 0.05264894702105958
10 0.9 0.01 85.16114477710462 4.523573528529454 6.659506809863803 0.993430131397372
10 0.9 10.0 83.08231235375713 4.164192716145541 6.619967600647987 0.13202735945281094
10 1.08 1.009 95.40876822463808 5.065560688786223 7.171116577668447 0.6900461990760185
10 1.08 2.008 95.15965080698649 5.2383272334553075 7.313103737925242 0.629237415251695
10 1.08 3.007 95.06671266574855 5.370234595308057 7.430281394372113 0.5897282054358913
10 1.08 4.006 95.00845863082894 5.487844243115079 7.531079378412432 0.5567588648227035
10 1.08 5.005 94.95409971800615 5.6179096418072065 7.630617387652247 0.5275694486110277
10 1.08 6.004 94.90493670126382 5.738063238735251 7.729285414291714 0.49088018239635206
10 1.08 7.003 94.85271854562706 5.868446631067423 7.829723405531889 0.45611087778244436
10 1.08 8.002 94.80164036719023 5.996304073918535 7.9151016979660405 0.41945161096778066
10 1.08 9.001 94.7518185636264 6.120453590928188 8.009869802603948 0.3880422391552169
10 1.14 0.01 101.76329753405183 4.536953260934809 6.674086518269634 0.9895902081958361
10 1.14 10.0 97.53872322553309 7.230395392092154 8.711165776684465 0.12944741105177895
10 1.26 1.009 106.58845803083766 5.342287154256933 7.410481790364193 0.619757604847903
10 1.26 2.008 105.88470990580402 5.79271014579714 7.76732465350693 0.47882042359152815
10 1.26 3.007 105.26985900282173 6.254826903461925 8.11792764144717 0.3548329033419332
10 1.26 4.006 104.76964240714825 6.6389692206155795 8.372052558948821 0.25370492590148197
10 1.26 5.005 104.17353332932124 7.0972820543588755 8.641387172256556 0.15146697066058679
10 1.26 6.004 103.75936941259764 7.415869682606322 8.796004079918402 0.1002879942401152
10 1.26 7.003 103.2976030479321 7.771074578508335 8.911711765764684 0.05747885042299154
10 1.26 8.002 102.99897822043368 8.000785984280526 8.96115077698446 0.033119337613247736
10 1.26 9.001 102.74717585649523 8.194480110397748 8.980440391192175 0.020579588408231837
10 1.32 0.01 114.2439035219244 4.5356992860143155 6.665326693466131 0.9875802483950321
10 1.32 10.0 104.94756344875572 8.657772844541721 9.0 0.0033299334013319735
10 1.38 0.5095 114.71419751605431 5.1889122217555546 7.276594468110638 0.6869262614747705
10 1.38 1.5085 113.06211975760041 5.872544549109082 7.826183476330473 0.4637907241855163
10 1.38 2.5075 111.8355606887737 6.50799184016317 8.29312413751725 0.28160436791264176
10 1.38 3.5065 110.69028979418309 7.110373792524161 8.651646967060659 0.1525469490610188
10 1.38 4.5055 109.67445611086438 7.645023099537878 8.88192236155277 0.06977860442791144
10 1.38 5.5045 108.97903581929059 8.011033779324539 8.964900701985961 0.033419331613367735
10 1.38 6.5035 108.3164126717612 8.359782804343354 8.9910001799964 0.012779744405111898
10 1.38 7.5025 108.05142497152244 8.499250014999916 8.997180056398872 0.006689866202675946
10 1.38 8.5015 107.795374692513 8.634013319732775 9.0 0.0035699286014279717
10 1.38 9.5005 107.55429231417916 8.760898782021998 9.0 0.0017999640007199855
10 1.44 1.009 117.21983440330966 5.658372832543307 7.6504469910601784 0.5325193496130077
10 1.44 2.008 115.52073678525763 6.400587988240198 8.223165536689267 0.3189236215275694
10 1.44 3.007 113.90293394130005 7.135069298613911 8.675706485870283 0.1494570108597828
10 1.44 4.006 112.71914801702073 7.673114537709269 8.88987220255595 0.06521869562608748
10 1.44 5.005 111.77226495472371 8.103515929681686 8.975730485390292 0.02771944561108778
10 1.44 6.004 111.34130677390867 8.299406011880473 8.996280074398513 0.0124497510049799
10 1.44 7.003 110.5853314934008 8.643031139376456 9.0 0.003989920201595968
10 1.44 8.002 110.27685366295866 8.783248335032026 9.0 8.69982600347993E-4
10 1.44 9.001 110.08255354889343 8.871566568668266 9.0 6.899862002759944E-4
10 1.56 0.5095 125.73662566748149 5.340061198775987 7.389902201955961 0.6427971440571189
10 1.56 1.5085 122.70564468711214 6.321869562608718 8.152036959260816 0.3361732765344693
10 1.56 2.5075 120.24164876704573 7.199478010439744 8.696976060478791 0.13439731205375893
10 1.56 3.5065 118.31556488871205 7.887298254034777 8.943571128577428 0.04433911321773565
10 1.56 4.5055 117.22582108353568 8.276492470150616 8.991690166196676 0.015179696406071879
10 1.56 5.5045 116.36969340610604 8.582252354952667 8.999610007799845 0.004319913601727965
10 1.56 6.5035 116.08052078951492 8.685528289433154 9.0 0.0015599688006239876
10 1.56 7.5025 115.61186056275666 8.852906941859324 9.0 4.1999160016799666E-4
10 1.56 8.5015 115.22782024364912 8.99006419871567 9.0 5.999880002399952E-5
10 1.56 9.5005 115.41679966402688 8.922571548567438 9.0 1.499970000599988E-4
10 1.62 1.009 127.33271314574324 5.966736665266694 7.897192056158877 0.44108117837643246
10 1.62 2.008 124.10656386874442 6.998008039839284 8.58642827143457 0.1745065098698026
10 1.62 3.007 121.82554448912961 7.733695326093281 8.91102177956441 0.05336893262134757
10 1.62 4.006 120.13852102955467 8.277896442072324 8.99490010199796 0.01493970120597588
10 1.62 5.005 119.099378412415 8.613103737925082 9.0 0.0027299454010919783
10 1.62 6.004 118.81363232732805 8.705279894400539 9.0 0.0018899622007559848
10 1.62 7.003 118.08214615703028 8.941243175134971 9.0 2.3999520009599807E-4
10 1.62 8.002 118.10074578504512 8.935243295131865 9.0 1.7999640007199856E-4
10 1.62 9.001 118.02670066594388 8.959128817423228 9.0 1.1999760004799904E-4
10 1.74 0.5095 136.4623231535381 5.501049979000406 7.525259494810104 0.5844483110337794
10 1.74 1.5085 131.51942761146256 6.778970420591632 8.46820063598728 0.21998560028799424
10 1.74 2.5075 127.7664840703299 7.792842143157347 8.924911501769964 0.0507289854202916
10 1.74 3.5065 125.86025259491525 8.308039839203174 8.994180116397672 0.0124497510049799
10 1.74 4.5055 124.59312413749826 8.650506989857796 9.0 0.00254994900101998
10 1.74 5.5045 123.90049799000424 8.837703245933657 9.0 5.399892002159956E-4
10 1.74 6.5035 123.40820063591126 8.970756584868498 9.0 2.0999580008399833E-4
10 1.74 7.5025 123.38329273408462 8.977488450230302 9.0 8.999820003599928E-5
10 1.74 8.5015 123.54410631786114 8.934025319490436 9.0 0.0
10 1.74 9.5005 123.30725925474034 8.998038039239244 9.0 2.999940001199976E-5
10 1.8 0.01 147.3299034019332 4.556548869022578 6.684706305873883 0.9811003779924401
10 1.8 10.0 126.0 9.0 9.0 0.0
10 1.92 0.5095 146.84034799304527 5.675382492350145 7.680026399472011 0.5288894222115558
10 1.92 1.5085 139.57214615705954 7.223471530569366 8.706215875682487 0.13295734085318295
10 1.92 2.5075 135.0283062339073 8.211237775245019 8.987220255594888 0.019469610607787843
10 1.92 3.5065 132.59483530328467 8.740253194933313 9.0 0.00251994960100798
10 1.92 4.5055 132.57868962620438 8.743763124735127 9.0 0.0010799784004319913
10 1.92 5.5045 131.65645407088397 8.944249115016586 9.0 2.0999580008399833E-4
10 1.92 6.5035 131.39999999995285 9.0 9.0 0.0
10 1.92 7.5025 131.43483050334007 8.992428151436531 9.0 5.999880002399952E-5
10 1.92 8.5015 131.39999999995285 9.0 9.0 0.0
10 1.92 9.5005 131.39999999995285 9.0 9.0 0.0
12 0.04 0.01 36.821444771104545 5.462615747685059 7.994840103197936 0.9912401751964961
12 0.04 10.0 16.307088258236263 1.833333333328946 9.648047039059218 2.999940001199976E-5
12 0.16 1.009 42.6390436191277 3.997235055298876 6.542569148617027 0.48659026819463613
12 0.16 2.008 40.23995440091244 3.364362712745751 6.065218695626087 0.24662506749865
12 0.16 3.007 38.447418251634865 2.957240855182928 6.592518149637007 0.10583788324233516
12 0.16 4.006 32.02001559967892 2.0586988260224186 10.551028979420412 0.0019199616007679846
12 0.16 5.005 31.252285354283046 1.9816403671908793 10.885702285954281 6.29987400251995E-4
12 0.16 6.004 30.363679126405238 1.8340633187292594 11.0 2.999940001199976E-5
12 0.16 7.003 30.904888702218457 1.9414461710748743 11.0 2.999940001199976E-5
12 0.16 8.002 30.35999999998791 1.833333333328946 11.0 0.0
12 0.16 9.001 30.35999999998791 1.833333333328946 11.0 0.0
12 0.22 0.01 55.14981700366102 5.492740145197065 8.029759404811903 0.993310133797324
12 0.22 10.0 37.62000000001472 1.833333333328946 11.0 0.0
12 0.28 0.5095 58.78253794924442 4.824138517229659 7.375832483350333 0.7432951340973181
12 0.28 1.5085 56.358909221815765 4.114037719245573 6.722505549889002 0.42002159956800866
12 0.28 2.5075 54.72155516889368 3.6933811323773504 6.8516829663406735 0.20558588828223437
12 0.28 3.5065 49.80421551568925 2.8339183216335826 9.886782264354713 0.032879342413151734
12 0.28 4.5055 46.30238675227551 2.161391772165954 10.997360052798944 0.0010799784004319913
12 0.28 5.5045 45.458198836005614 1.9671756564852017 11.0 2.999940001199976E-4
12 0.28 6.5035 45.33400131999643 1.9384262314734446 11.0 1.7999640007199856E-4
12 0.28 7.5025 45.13921641563597 1.893337133254263 11.0 5.999880002399952E-5
12 0.28 8.5015 44.87999999996958 1.833333333328946 11.0 2.999940001199976E-5
12 0.28 9.5005 45.20187676249175 1.9078418431609179 11.0 2.999940001199976E-5
12 0.34 1.009 64.19942881142343 4.556968860622768 7.126777464450711 0.5834583308333834
12 0.34 2.008 62.68904481910263 4.117427651446988 6.865752684946301 0.3171536569268615
12 0.34 3.007 60.99708645827075 3.735410291794215 7.448701025979481 0.1383572328553429
12 0.34 4.006 54.48733245336274 2.422691546169261 10.990730185396291 0.0036599268014639707
12 0.34 5.005 54.1203347933233 2.3332633347331937 10.99970000599988 0.0021899562008759824
12 0.34 6.004 52.82263094737137 2.005714885701073 11.0 3.599928001439971E-4
12 0.34 7.003 53.014192116163564 2.0540889182229147 11.0 2.999940001199976E-4
12 0.34 8.002 52.13999999996669 1.833333333328946 11.0 2.999940001199976E-5
12 0.34 9.001 52.13999999996669 1.833333333328946 11.0 2.999940001199976E-5
12 0.46 0.5095 78.26767864642383 5.110162796744066 7.673846523069539 0.7923741525169496
12 0.46 1.5085 76.82914861702064 4.651051978960373 7.26987460250795 0.4638207235855283
12 0.46 2.5075 75.67693346133237 4.3262834743306176 7.181796364072719 0.23303533929321413
12 0.46 3.5065 73.1689434211298 3.6847963040738385 8.73477530449391 0.08009839803203936
12 0.46 4.5055 69.45697546048622 2.69243615127692 10.963910721785565 0.00878982420351593
12 0.46 5.5045 68.15153656925506 2.2936841263172365 11.0 0.00254994900101998
12 0.46 6.5035 67.51524569509881 2.0972980540396957 11.0 6.899862002759944E-4
12 0.46 7.5025 67.28634427310568 2.0266494670106443 11.0 3.599928001439971E-4
12 0.46 8.5015 66.83429231414009 1.887127257451947 11.0 8.999820003599928E-5
12 0.46 9.5005 67.03678826420835 1.9496260074785101 11.0 1.499970000599988E-4
12 0.52 1.009 83.88179396414085 4.968720625587466 7.5276294474110514 0.631877362452751
12 0.52 2.008 82.8398848023323 4.648172036559207 7.314783704325913 0.35921281574368513
12 0.52 3.007 81.8413943721379 4.3557478850423115 7.389392212155757 0.17981640367192656
12 0.52 4.006 78.49423531530397 3.3643727125456753 9.966640667186656 0.03977920441591168
12 0.52 5.005 76.1854778904366 2.619957600847981 11.0 0.008189836203275935
12 0.52 6.004 75.74807223855235 2.468080638387116 11.0 0.003479930401391972
12 0.52 7.003 74.85423891519586 2.157721845563416 11.0 7.799844003119938E-4
12 0.52 8.002 74.5857130856984 2.064483710325303 11.0 5.999880002399952E-4
12 0.52 9.001 74.28991420167748 1.9617757644832594 11.0 1.1999760004799904E-4
12 0.64 0.5095 96.9172844543101 5.364747705045908 7.90595188096238 0.8078838423231536
12 0.64 1.5085 96.03620207595591 5.066383672326559 7.6341573168536625 0.500929981400372
12 0.64 2.5075 95.3233815323727 4.818683626327493 7.5142497150056995 0.2845143097138057
12 0.64 3.5065 94.69010499790312 4.591943161136775 7.4581808363832724 0.14000719985600288
12 0.64 4.5055 93.11310133797504 3.941376172476646 8.850242995140098 0.05717885642287154
12 0.64 5.5045 90.92656626868086 2.9826103477931545 10.971260574788504 0.01754964900701986
12 0.64 6.5035 90.3276042479135 2.70717085658294 10.99865002699946 0.008579828403431931
12 0.64 7.5025 89.71314333713111 2.4227515449691572 11.0 0.0033299334013319735
12 0.64 8.5015 89.46054718905962 2.3058088838229245 11.0 0.002129957400851983
12 0.64 9.5005 89.2124653506648 2.190956180876276 11.0 0.0014399712005759885
12 0.7 0.01 103.56859062818833 5.506594868102641 8.041819163616728 0.995560088798224
12 0.7 10.0 96.48277734446333 2.268209635807313 11.0 0.001979960400791984
12 0.82 0.5095 114.97926861462943 5.579498410031781 8.121347573048538 0.8260034799304014
12 0.82 1.5085 114.48048599027976 5.47804543909124 8.023159536809263 0.5874182516349673
12 0.82 2.5075 114.15544129117225 5.324743505129911 7.873882522349553 0.4140217195656087
12 0.82 3.5065 113.90452990939514 5.161911761764825 7.784544309113818 0.2966940661186776
12 0.82 4.5055 113.6902237955144 5.000014999700123 7.702945941081178 0.20453590928181437
12 0.82 5.5045 113.50006179875633 4.846648067038714 7.622757544849103 0.14084718305633886
12 0.82 6.5035 113.33757544848274 4.707950840983217 7.6091378172436555 0.0993880122397552
12 0.82 7.5025 113.06386812263318 4.460690786184241 8.127437451250975 0.06428871422571548
12 0.82 8.5015 112.80589788204921 4.224790504190059 8.40730185396292 0.04778904421911562
12 0.82 9.5005 112.33577788445001 3.7913391732165502 9.210955780884383 0.03098938021239575
12 1.06 1.009 137.9694864102587 6.012829743405139 8.502279954400912 0.759284814303714
12 1.06 2.008 137.7531427371319 6.169211615767701 8.638357232855343 0.6991060178796424
12 1.06 3.007 137.6688054238787 6.2985440291194 8.771134577308453 0.6658966820663587
12 1.06 4.006 137.61602327952252 6.410976780464375 8.85402291954161 0.6453170936581268
12 1.06 5.005 137.5697978040335 6.530989380212371 8.973630527389453 0.6159776804463911
12 1.06 6.004 137.52182756343927 6.662826743465074 9.08609827803444 0.5844483110337794
12 1.06 7.003 137.47875802482997 6.781404371912548 9.192356152876943 0.5577188456230875
12 1.06 8.002 137.43175856482074 6.9117817643647514 9.29222415551689 0.5282894342113158
12 1.06 9.001 137.3902999939928 7.026944461110749 9.379102417951641 0.499160016799664
12 1.12 0.01 145.81666166676342 5.524084518309669 8.051058978820423 0.9931301373972521
12 1.12 10.0 141.74742785145637 8.461905761884779 10.404481910361794 0.18008639827203457
12 1.18 0.5095 149.6652582948276 6.024739505209891 8.519889602207956 0.7857142857142857
12 1.18 1.5085 148.83743745124562 6.4577658446831645 8.90295194096118 0.6458570828583429
12 1.18 2.5075 148.3817069658573 6.839488210235786 9.217195656086878 0.5526789464210716
12 1.18 3.5065 147.9407367852638 7.240845183096323 9.527869442611149 0.4464210715785684
12 1.18 4.5055 147.5109701805989 7.638187236255247 9.841693166136677 0.3548929021419572
12 1.18 5.5045 147.11140337193723 8.00795984080324 10.101907961840762 0.2661546769064619
12 1.18 6.5035 146.69690226195763 8.391757164856712 10.356842863142736 0.19415611687766246
12 1.18 7.5025 146.3483770324669 8.714465710685758 10.542269154616907 0.14111717765644688
12 1.18 8.5015 146.02799064019126 9.011119777604595 10.696016079678406 0.10172796544069118
12 1.18 9.5005 145.68696586068916 9.326883462331338 10.826843463130738 0.06677866442671146
12 1.24 1.009 154.61469250612916 6.373832523349591 8.826543469130618 0.6776264474710506
12 1.24 2.008 153.72086398271236 6.9236615267694255 9.295764084718305 0.5310193796124077
12 1.24 3.007 152.95814003719983 7.4465110697786 9.698356032879342 0.39476210475790485
12 1.24 4.006 152.21894642108018 7.959090818183624 10.071458570828584 0.27875442491150176
12 1.24 5.005 151.5393796124278 8.430986380272376 10.37667246655067 0.1869562608747825
12 1.24 6.004 150.91806803866186 8.862452750944932 10.63547729045419 0.11675766484670307
12 1.24 7.003 150.38774824504415 9.23073038539259 10.790544189116218 0.07280854382912341
12 1.24 8.002 149.88285114296372 9.58135337293348 10.920411591768165 0.04340913181736365
12 1.24 9.001 149.41835243292655 9.903921921562825 10.982570348593027 0.023399532009359812
12 1.36 0.5095 166.42202555948901 6.210810783784303 8.68557628847423 0.7355252894942101
12 1.36 1.5085 164.37508129837815 7.018449631007393 9.359182816343672 0.501169976600468
12 1.36 2.5075 162.60151916961092 7.8329133417331285 9.992530149397012 0.30419391612167757
12 1.36 3.5065 160.97844483110634 8.584053318933444 10.46955060898782 0.1627467450650987
12 1.36 4.5055 159.71928721426133 9.166996660067339 10.773654526909462 0.08267834643307134
12 1.36 5.5045 158.43435051298377 9.761874762506114 10.945041099178017 0.03437931241375172
12 1.36 6.5035 157.7966232675327 10.057118857623625 10.98665026699466 0.016349673006539868
12 1.36 7.5025 157.37252654947724 10.253459930804338 10.996610067798644 0.007799844003119938
12 1.36 8.5015 156.86539029222027 10.488245235098232 10.999880002399951 0.003239935201295974
12 1.36 9.5005 156.14199915998532 10.823148537026059 11.0 7.49985000299994E-4
12 1.42 1.009 170.42688666226164 6.772264554708948 9.167816643667127 0.5737085258294834
12 1.42 2.008 168.0770660586894 7.684346313073747 9.870012599748005 0.3384232315353693
12 1.42 3.007 165.8764888702065 8.556948861022594 10.454820903581929 0.1633767324653507
12 1.42 4.006 164.18361192773847 9.228725425492112 10.795314093718126 0.0748485030299394
12 1.42 5.005 162.68318353637866 9.82413351732957 10.964420711585769 0.029249415011699767
12 1.42 6.004 161.8281646367721 10.163426731465432 10.993460130797384 0.012119757604847903
12 1.42 7.003 161.03485930283838 10.478230435390575 11.0 0.0033299334013319735
12 1.42 8.002 160.9278496430383 10.520694586108785 11.0 0.0024299514009719805
12 1.42 9.001 160.00874842504666 10.885417291654358 11.0 2.999940001199976E-4
12 1.54 0.5095 182.7490766184054 6.405646887062201 8.864132717345653 0.6742365152696946
12 1.54 1.5085 178.4969058619048 7.650086998260101 9.851442971140576 0.3543829123417532
12 1.54 2.5075 174.92687346259677 8.750964980700317 10.56914861702766 0.13628727425451492
12 1.54 3.5065 172.32538369231494 9.553893922122544 10.913421731565368 0.04478910421791564
12 1.54 4.5055 170.43771644560752 10.136507269857624 10.993370132597349 0.012029759404811904
12 1.54 5.5045 169.18164216711304 10.524184516310262 11.0 0.0030599388012239755
12 1.54 6.5035 168.57392752141646 10.71175076497852 11.0 9.299814003719926E-4
12 1.54 7.5025 168.5341411171339 10.724030519388796 11.0 7.199856002879943E-4
12 1.54 8.5015 167.84079498405944 10.938026239465248 11.0 1.1999760004799904E-4
12 1.54 9.5005 167.67581748359876 10.988945221093614 11.0 8.999820003599928E-5
12 1.6 0.01 193.8589188216234 5.552298954020914 8.084628307433851 0.9864102717945641
12 1.6 10.0 171.59999999994884 11.0 11.0 0.0
12 1.72 0.5095 198.680659986795 6.602357952840943 9.031739365212696 0.624737505249895
12 1.72 1.5085 191.46368152637228 8.235390292194133 10.243985120297594 0.21956560868782624
12 1.72 2.5075 186.4833335333354 9.388117237655779 10.855492890142196 0.061888762224755506
12 1.72 3.5065 182.92882222355814 10.210920781586752 10.995290094198117 0.009479810403791923
12 1.72 4.5055 181.34842503150108 10.576753464927664 11.0 0.002369952600947981
12 1.72 5.5045 180.50301793962043 10.772449551008027 11.0 5.399892002159956E-4
12 1.72 6.5035 179.8415959680446 10.925556488857103 11.0 5.999880002399952E-5
12 1.72 7.5025 179.5199999998783 11.0 11.0 0.0
12 1.72 8.5015 179.5199999998783 11.0 11.0 0.0
12 1.72 9.5005 179.70912581735593 10.956220875577733 11.0 0.0
12 1.9 1.009 208.26425571488787 7.877517449650971 10.001739965200697 0.3002339953200936
12 1.9 2.008 199.87448251034945 9.430651386972645 10.872142557148857 0.05507889842203156
12 1.9 3.007 194.926048479017 10.347028059439376 10.998290034199316 0.006689866202675946
12 1.9 4.006 193.26965860678254 10.65376692465711 11.0 0.001109977800443991
12 1.9 5.005 191.41544369121067 10.997140057198285 11.0 0.0
12 1.9 6.004 191.79583908316542 10.926696466066845 11.0 0.0
12 1.9 7.003 191.40000000008442 11.0 11.0 0.0
12 1.9 8.002 191.40000000008442 11.0 11.0 0.0
12 1.9 9.001 191.41609167824086 10.99702005959846 11.0 2.999940001199976E-5
14 0.02 0.01 48.0918017639639 6.475546203361655 9.379012419751605 0.9904601907961841
14 0.02 10.0 17.601932561355067 1.8571428571391961 7.124017519649607 2.999940001199976E-5
14 0.08 0.5095 48.183808723825535 5.136835834711889 8.035729285414291 0.622907541849163
14 0.08 1.5085 39.74830383392361 3.606660723928393 6.389572208555829 0.24563508729825403
14 0.08 2.5075 36.72987940241208 2.988741653738522 5.965740685186296 0.10604787904241915
14 0.08 3.5065 34.818522829542616 2.6257874842504694 6.408981820363593 0.04058918821623567
14 0.08 4.5055 30.037691246174262 2.069307185284275 10.191366172676547 0.0016799664006719867
14 0.08 5.5045 27.750413391746836 1.904991900159314 11.946631067378652 2.999940001199976E-5
14 0.08 6.5035 27.139260814776897 1.908086123989811 12.669106617867643 2.999940001199976E-5
14 0.08 7.5025 27.07144177116836 1.8890450762383708 12.606827863442732 2.999940001199976E-5
14 0.08 8.5015 26.520000000011745 1.8571428571391961 13.0 0.0
14 0.08 9.5005 27.41222175555612 1.9007919841582437 12.305543889122218 0.0
14 0.14 1.009 54.12687406251935 4.503201364544132 7.3856122877542445 0.4542509149817004
14 0.14 2.008 50.394122517549356 3.6877233883894776 6.709785804283914 0.21974560508789825
14 0.14 3.007 47.04608507829751 3.096413786009757 7.913541729165416 0.08414831703365933
14 0.14 4.006 39.9875478490408 2.280768670340013 12.393232135357293 0.0019499610007799844
14 0.14 5.005 36.79782084357914 1.880036684977352 13.0 2.999940001199976E-5
14 0.14 6.004 37.66243895122449 2.023660955352605 13.0 1.7999640007199856E-4
14 0.14 7.003 36.65999999999725 1.8571428571391961 13.0 0.0
14 0.14 8.002 36.65999999999725 1.8571428571391961 13.0 0.0
14 0.14 9.001 36.79317693646515 1.879265271834006 13.0 2.999940001199976E-5
14 0.26 0.5095 77.15561288773742 5.573849951572388 8.49010019799604 0.7242155156896862
14 0.26 1.5085 73.22306053879352 4.626516041107746 7.563208735825284 0.39338213235735286
14 0.26 2.5075 71.2103521929589 4.156789721348197 7.490760184796304 0.20261594768104638
14 0.26 3.5065 60.59478670424427 2.556377443879722 12.983560328793423 0.003989920201595968
14 0.26 4.5055 59.687617447628675 2.3862594176675525 12.99670006599868 0.0010499790004199917
14 0.26 5.5045 58.66204175913806 2.1895833511901617 13.0 2.999940001199976E-4
14 0.26 6.5035 57.430299393979226 1.951795249808563 13.0 8.999820003599928E-5
14 0.26 7.5025 57.930677386431654 2.048393317849575 13.0 1.1999760004799904E-4
14 0.26 8.5015 56.95067798640029 1.8592042444829526 13.0 0.0
14 0.26 9.5005 56.93999999996015 1.8571428571391961 13.0 0.0
14 0.32 1.009 84.31720765584676 5.179717834214758 8.091378172436551 0.5655186896262074
14 0.32 2.008 82.0669418611632 4.612699174587966 7.649817003659927 0.30536389272214554
14 0.32 3.007 77.88651346973107 3.8579142702857845 9.755504889902202 0.10436791264174716
14 0.32 4.006 70.70364312714736 2.6171176576468014 12.996490070198597 0.004499910001799964
14 0.32 5.005 69.44215035700321 2.353392932140895 13.0 8.999820003599928E-4
14 0.32 6.004 67.6262194756304 1.971894847815702 13.0 1.7999640007199856E-4
14 0.32 7.003 67.56334793305936 1.9586865405535534 13.0 2.999940001199976E-5
14 0.32 8.002 67.08000000003099 1.8571428571391961 13.0 0.0
14 0.32 9.001 67.08000000003099 1.8571428571391961 13.0 2.999940001199976E-5
14 0.44 0.5095 104.15142737145754 5.893814980843217 8.810913781724366 0.7843643127137457
14 0.44 1.5085 101.84953860923265 5.2392966426385685 8.210535789284215 0.4478610427791444
14 0.44 2.5075 100.33022259554778 4.8589556780293774 8.047729045419091 0.22958540829183416
14 0.44 3.5065 94.75003059938518 3.658718254206299 11.54004919901602 0.04058918821623567
14 0.44 4.5055 90.38108357834297 2.6278274434513453 13.0 0.004139917201655967
14 0.44 5.5045 89.05209575809951 2.288799938287211 13.0 9.599808003839923E-4
14 0.44 6.5035 88.56685426291493 2.1650138425813883 13.0 2.0999580008399833E-4
14 0.44 7.5025 87.97095338090581 2.012998311462877 13.0 1.1999760004799904E-4
14 0.44 8.5015 88.04337673242783 2.0314736562418614 13.0 5.999880002399952E-5
14 0.44 9.5005 87.35999999999602 1.8571428571391961 13.0 0.0
14 0.5 0.01 114.40146697066059 6.481014665421013 9.380872382552349 0.9955000899982
14 0.5 10.0 97.5 1.8571428571391961 13.0 0.0
14 0.62 0.5095 130.14603707925446 6.198561743050814 9.110847783044338 0.8140637187256254
14 0.62 1.5085 128.79488870221365 5.7386066564382565 8.66034679306414 0.503359932801344
14 0.62 2.5075 127.75349433009421 5.406581868362679 8.412491750164996 0.27023459530809385
14 0.62 3.5065 126.87956140875612 5.130583102623523 8.434841303173936 0.14180716385672287
14 0.62 4.5055 125.54855342891757 4.69216329959122 9.076048479030419 0.059668806623867525
14 0.62 5.5045 121.54260814784124 3.2616161962474886 12.34187316253675 0.014519709605807883
14 0.62 6.5035 120.14085858281219 2.7446836777543906 13.0 0.006629867402651947
14 0.62 7.5025 119.37267354651149 2.4558923107252273 13.0 0.001979960400791984
14 0.62 8.5015 119.16715845681566 2.378630998808399 13.0 0.0015599688006239876
14 0.62 9.5005 118.38971680565365 2.0863597013776145 13.0 2.999940001199976E-4
14 0.8 1.009 154.96298674026565 6.3711225775485065 9.28142437151257 0.7163556728865422
14 0.8 2.008 154.4325733485315 6.124784647164222 9.034439311213776 0.499070018599628
14 0.8 3.007 154.0182816343687 5.9012376895319525 8.799154016919662 0.34040319193616125
14 0.8 4.006 153.6683266334666 5.694794675534965 8.624377512449751 0.2272154556908862
14 0.8 5.005 153.3469430611381 5.498200035999191 8.475220495590088 0.14564708705825882
14 0.8 6.004 153.1011819763613 5.338341804592481 8.353842923141537 0.09698806023879522
14 0.8 7.003 152.63909521809276 5.01777678732113 9.007919841603169 0.05948881022379553
14 0.8 8.002 152.22059758804528 4.724969786318491 9.4220015599688 0.03878922421551569
14 0.8 9.001 150.30005399891996 3.357010002656928 12.964960700785984 0.023369532609347814
14 0.98 0.01 180.62561708765705 6.512042616290522 9.419511609767804 0.99655006899862
14 0.98 10.0 179.2744039119183 6.531246517926729 9.4152516949661 0.5688486230275395
14 1.04 1.009 187.53800443996016 6.92217298511164 9.794234115317694 0.8170636587268255
14 1.04 2.008 187.35719445616706 7.056921718708549 9.909071818563628 0.7655546889062219
14 1.04 3.007 187.28296394078353 7.180073541386351 10.017189656206876 0.74587508249835
14 1.04 4.006 187.24154076924737 7.294696963203584 10.125547489050218 0.7254154916901662
14 1.04 5.005 187.21652726951385 7.373222535549275 10.194816103677926 0.7035759284814304
14 1.04 6.004 187.18780104403476 7.474256229161177 10.29402411951761 0.6816463670726586
14 1.04 7.003 187.1613367733145 7.566765807540988 10.368062638747226 0.6648467030659386
14 1.04 8.002 187.13443691130877 7.6627253169222636 10.473510529789404 0.6472370552588949
14 1.04 9.001 187.09867762648256 7.790437048401923 10.560268794624108 0.620447591048179
14 1.16 0.5095 203.66384112317922 6.968800623987567 9.84880302393952 0.8316133677326454
14 1.16 1.5085 202.83462050759456 7.435659858231393 10.241735165296694 0.7016259674806504
14 1.16 2.5075 202.28206515870076 7.89558065981529 10.657736845263095 0.6013679726405472
14 1.16 3.5065 201.79430731385062 8.327443451131083 11.016679666406672 0.49940001199976003
14 1.16 4.5055 201.33462770744177 8.737063830152119 11.322763544729105 0.40913181736365273
14 1.16 5.5045 200.83064258714631 9.187050544704459 11.678046439071219 0.3211435771284574
14 1.16 6.5035 200.32441591167753 9.638914364572416 12.008009839803204 0.24158516829663407
14 1.16 7.5025 199.90082918341955 10.017116800524432 12.25172496550069 0.17768644627107458
14 1.16 8.5015 199.5355036899233 10.343300276853752 12.415191696166076 0.13388732225355493
14 1.16 9.5005 199.1841603167929 10.65699971714962 12.605087898242035 0.09455810883782324
14 1.22 1.009 210.76814843703622 7.384240886610898 10.209215815683686 0.7187556248875022
14 1.22 2.008 209.72124857502945 8.004251343544563 10.735255294894102 0.5753584928301434
14 1.22 3.007 208.81845383092067 8.585871139720242 11.213295734085317 0.44366112677746444
14 1.22 4.006 207.895727485442 9.184616307674977 11.690526189476211 0.32186356272874544
14 1.22 5.005 207.04105417891495 9.739575208498934 12.04679906401872 0.2223555528889422
14 1.22 6.004 206.20648107038141 10.281505798458138 12.407571848563029 0.14174716505669888
14 1.22 7.003 205.6511021779653 10.642141442886867 12.600617987640247 0.09563808723825523
14 1.22 8.002 204.91941441171198 11.1172633690188 12.820213595728086 0.05591888162236755
14 1.22 9.001 204.42064918701968 11.441136891546535 12.918221635567289 0.03524929501409972
14 1.34 0.5095 226.96257334852825 7.213372875399641 10.064018719625608 0.7760244795104098
14 1.34 1.5085 224.4548905021908 8.165712400037764 10.895332093358133 0.5372892542149157
14 1.34 2.5075 222.14595488090717 9.132053073225284 11.637217255654887 0.3292134157316854
14 1.34 3.5065 220.09227035459392 9.994844388829558 12.227065458690825 0.18419631607367853
14 1.34 4.5055 218.43174356512233 10.692544720535121 12.631967360652787 0.09245815083698326
14 1.34 5.5045 216.93699406011365 11.3205907310433 12.887952240955181 0.04247915041699166
14 1.34 6.5035 216.00780284393505 11.71100720842649 12.971860562788745 0.020789584208315833
14 1.34 7.5025 215.20688426231914 12.047527620877299 12.993070138597227 0.009779804403911923
14 1.34 8.5015 214.62572028561902 12.291714165715325 12.998110037799243 0.004859902801943961
14 1.34 9.5005 213.93047159057764 12.583835466145064 12.999910001799964 0.0015599688006239876
14 1.4 0.01 238.48564828703394 6.514395426377211 9.414741705165897 0.990790184196316
14 1.4 10.0 218.49503809936172 12.966057821695383 13.0 1.1999760004799904E-4
14 1.52 0.5095 249.62531349370803 7.468894907816199 10.293634127317453 0.7156656866862663
14 1.52 1.5085 244.17224215517373 8.920064455854222 11.468830623387532 0.374482510349793
14 1.52 2.5075 239.40980020399132 10.228076867037121 12.371152576948461 0.14585708285834284
14 1.52 3.5065 236.03842683143506 11.154278343005387 12.836743265134697 0.052258954820903585
14 1.52 4.5055 233.44873822524096 11.865731256802878 12.984010319793605 0.014759704805903882
14 1.52 5.5045 231.64784784306093 12.360481361799536 12.998020039599208 0.004229915401691966
14 1.52 6.5035 231.03579408410533 12.528627998868235 13.0 0.0016799664006719867
14 1.52 7.5025 230.55803803928177 12.659879659550704 13.0 5.999880002399952E-4
14 1.52 8.5015 230.22437631248448 12.751544969094933 13.0 8.999820003599928E-5
14 1.52 9.5005 230.0724665506478 12.793278420130418 13.0 1.1999760004799904E-4
14 1.7 1.009 266.5898962020753 8.737796672638236 11.349523009539809 0.41759164816703664
14 1.7 2.008 258.12505249895446 10.464275000217011 12.502459950800985 0.11738765224695506
14 1.7 3.007 252.56289374211198 11.599409440382079 12.9482510349793 0.025799484010319795
14 1.7 4.006 249.42553548926975 12.239686634840524 12.998980020399593 0.004859902801943961
14 1.7 5.005 247.4910751784871 12.63447445336021 13.0 0.0010799784004319913
14 1.7 6.004 246.7314573708937 12.789498495739696 13.0 1.1999760004799904E-4
14 1.7 7.003 246.47379252422283 12.842083158304225 13.0 1.1999760004799904E-4
14 1.7 8.002 246.5494540110841 12.826642038557068 13.0 2.999940001199976E-5
14 1.7 9.001 245.70000000013013 13.0 13.0 0.0
14 1.88 0.01 304.0901349972965 6.5621287574248175 9.46910061798764 0.9869202615947681
14 1.88 10.0 262.0800000000633 13.0 13.0 0.0
16 0.06 0.5095 58.85349853002809 5.856689116217676 9.10709785804284 0.6038879222415552
16 0.06 1.5085 45.41856542869108 3.8482442851142977 6.934541309173817 0.20477590448191035
16 0.06 2.5075 40.96309353812911 3.0832558348833023 6.273414531709366 0.08975820483590329
16 0.06 3.5065 38.06577728445693 2.617530149397012 6.952780944381113 0.027329453410931782
16 0.06 4.5055 34.06078898422204 2.1737040259194815 9.795254094918102 0.0034199316013679725
16 0.06 5.5045 32.08056998860484 2.030929381412372 11.757484850302994 4.499910001799964E-4
16 0.06 6.5035 28.828576828459784 1.896517069658607 14.786194276114477 2.999940001199976E-5
16 0.06 7.5025 28.5 1.875 15.0 0.0
16 0.06 8.5015 28.5 1.875 15.0 0.0
16 0.06 9.5005 28.5 1.875 15.0 0.0
16 0.12 1.009 65.57918761624782 4.996692566148677 8.184646307073859 0.4167516649667007
16 0.12 2.008 59.964994300114085 3.9602582948341034 7.161696766064678 0.19439611207775845
16 0.12 3.007 56.21638687226313 3.322939791204176 8.166436671266574 0.0756284874302514
16 0.12 4.006 46.17343613128062 2.35292419151617 14.386842263154737 0.0017099658006839863
16 0.12 5.005 42.0 1.875 15.0 0.0
16 0.12 6.004 42.63921041576471 1.9657969340613188 15.0 0.0
16 0.12 7.003 42.0 1.875 15.0 0.0
16 0.12 8.002 42.0 1.875 15.0 0.0
16 0.12 9.001 42.0 1.875 15.0 0.0
16 0.24 0.5095 96.75218575628485 6.287979240415192 9.547939041219175 0.7057058858822823
16 0.24 1.5085 90.83279414411685 5.094666856662867 8.329423411531769 0.374062518749625
16 0.24 2.5075 88.10109917801657 4.536033029339413 8.176546469070619 0.19037619247615048
16 0.24 3.5065 74.1251190976405 2.7110232795344094 14.9805003899922 0.0037799244015119695
16 0.24 4.5055 71.90427431452721 2.352676696466071 15.0 7.799844003119938E-4
16 0.24 5.5045 70.88098518030684 2.184372562548749 15.0 3.899922001559969E-4
16 0.24 6.5035 69.8072178556291 2.0077660946781064 15.0 8.999820003599928E-5
16 0.24 7.5025 69.0 1.875 15.0 0.0
16 0.24 8.5015 69.0 1.875 15.0 0.0
16 0.24 9.5005 69.0 1.875 15.0 0.0
16 0.3 0.01 114.2194906101871 7.481801613967721 10.73132537349253 0.9936101277974441
16 0.3 10.0 83.20000000002055 2.0 15.0 0.0
16 0.42 0.5095 132.75164756705027 6.697718545629088 9.958390832183357 0.7682846343073139
16 0.42 1.5085 129.16573588528541 5.81157376852463 9.052228955420892 0.43370132597348054
16 0.42 2.5075 127.14756824863413 5.356336623267534 8.721485570288595 0.21827563448731024
16 0.42 3.5065 116.67169496610093 3.4150979480410393 14.945191096178077 0.015629687406251876
16 0.42 4.5055 113.58021839562127 2.754357412851743 15.0 0.003869922601547969
16 0.42 5.5045 112.33757004859078 2.486545269094618 15.0 0.0014399712005759885
16 0.42 6.5035 110.89426891466877 2.1754889902201957 15.0 3.599928001439971E-4
16 0.42 7.5025 110.11436431276195 2.0074061018779625 15.0 0.0
16 0.42 8.5015 110.39195836084033 2.067232405351893 15.0 8.999820003599928E-5
16 0.42 9.5005 109.5 1.875 15.0 0.0
16 0.6 1.009 166.0544489110208 6.6415784184316315 9.906221875562489 0.6414171716565669
16 0.6 2.008 164.43263934721406 6.157178106437871 9.382522349553009 0.376462470750585
16 0.6 3.007 163.1375712485755 5.799780254394912 9.126867462650747 0.19055618887622247
16 0.6 4.006 161.87639047219167 5.455357142857143 9.519259614807703 0.08855822883542329
16 0.6 5.005 154.88644627107712 3.401586968260635 14.99910001799964 0.01592968140637187
16 0.6 6.004 153.82150356992116 3.069219865602688 15.0 0.008309833803323934
16 0.6 7.003 152.4757424851756 2.648669526609468 15.0 0.002579948401031979
16 0.6 8.002 151.5650446990965 2.3640764684706306 15.0 8.099838003239935E-4
16 0.6 9.001 151.1973600528474 2.24917501649967 15.0 3.599928001439971E-4
16 0.78 0.01 201.21418371632407 7.504957400851983 10.772964540709186 0.996760064798704
16 0.78 10.0 192.64680506389237 3.0947756044879102 15.0 0.010169796604067919
16 0.9 0.5095 222.48738825223333 7.531480620387592 10.778994420111598 0.885762284754305
16 0.9 1.5085 222.11020579588444 7.395504589908202 10.617327653446932 0.7180356392872143
16 0.9 2.5075 221.86924161516728 7.221568068638628 10.455840883182336 0.5907481850362992
16 0.9 3.5065 221.67627347453057 7.033614327713446 10.275754484910301 0.4876702465950681
16 0.9 4.5055 221.5274104517915 6.880036149277014 10.146037079258415 0.40163196736065276
16 0.9 5.5045 221.37617147656928 6.704757154856903 9.931391372172557 0.32855342893142137
16 0.9 6.5035 221.24074518509434 6.542865392692146 9.793544129117418 0.2625247495050099
16 0.9 7.5025 221.15297594048025 6.437372502549949 9.66157676846463 0.21893562128757424
16 0.9 8.5015 221.05326393472177 6.315398692026159 9.616277674446511 0.17756644867102658
16 0.9 9.5005 220.95973480530355 6.198352282954341 9.534409311813764 0.15149697006059878
16 0.96 0.01 233.78900341988825 7.520257094858103 10.77707445851083 0.997210055798884
16 0.96 10.0 232.63103977913298 6.971909311813763 10.206095878082438 0.43175136497270056
16 1.02 1.009 243.721397372038 7.816643667126657 11.043739125217495 0.8655426891462171
16 1.02 2.008 243.58487490249206 7.922901541969161 11.15089698206036 0.8278634427311454
16 1.02 3.007 243.53592968140006 7.996062578748425 11.216055678886422 0.8097738045239096
16 1.02 4.006 243.5147273054488 8.062597498050039 11.261894762104758 0.7997240055198896
16 1.02 5.005 243.5058600827943 8.09717180656387 11.300533989320213 0.7939041219175617
16 1.02 6.004 243.4894972100567 8.195232345353093 11.399322013559729 0.7827143457130857
16 1.02 7.003 243.4837001259986 8.228212935741285 11.431871362572748 0.7756944861102778
16 1.02 8.002 243.47474110518104 8.283059338813224 11.478070438591228 0.7663646727065458
16 1.02 9.001 243.4651526969533 8.342795644087118 11.528499430011399 0.751064978700426
16 1.14 0.5095 265.00963880722384 7.928170186596268 11.1642467150657 0.8652126957460851
16 1.14 1.5085 264.2103125937479 8.418154136917261 11.614387712245755 0.745665086698266
16 1.14 2.5075 263.67295494089996 8.86847138057239 11.985180296394072 0.6539869202615948
16 1.14 3.5065 263.1575460490786 9.32419976600468 12.379462410751785 0.5634487310253795
16 1.14 4.5055 262.61168656626717 9.811116277674447 12.786764264714705 0.4649007019859603
16 1.14 5.5045 262.109323813527 10.259532309353814 13.130317393652128 0.37235255294894104
16 1.14 6.5035 261.57308273834707 10.738318983620328 13.470810583788325 0.29768404631907364
16 1.14 7.5025 261.1713187736235 11.097036809263814 13.734265314693706 0.2373852522949541
16 1.14 8.5015 260.7397018059663 11.482409101817964 14.01379972400552 0.18215635687286255
16 1.14 9.5005 260.30158756824494 11.873582528349433 14.26432471350573 0.13940721185576288
16 1.2 0.01 277.23551328973224 7.511688516229675 10.780284394312114 0.995110097798044
16 1.2 10.0 266.8833383332402 13.197913541729166 14.874902501949961 0.03218935621287574
16 1.32 0.5095 295.92760784784207 8.227279204415911 11.425061498770024 0.8027839443211136
16 1.32 1.5085 292.98268434632234 9.306361372772544 12.365542689146217 0.5663286734265315
16 1.32 2.5075 290.2651118977499 10.36529894402112 13.220255594888103 0.3596328073438531
16 1.32 3.5065 287.74250434991393 11.350584238315234 13.93220135597288 0.20603587928241435
16 1.32 4.5055 285.7762716745796 12.118643877122457 14.396832063358733 0.10916781664366712
16 1.32 5.5045 284.00281274375044 12.81140127197456 14.76402471950561 0.053608927821443574
16 1.32 6.5035 282.66467630644865 13.334110817783644 14.920981580368393 0.027059458810823785
16 1.32 7.5025 281.65184856301767 13.729746655066899 14.979030419391613 0.012989740205195896
16 1.32 8.5015 280.556702465956 14.157538099238016 15.0 0.004499910001799964
16 1.32 9.5005 279.847046258998 14.434747555048899 15.0 0.002249955000899982
16 1.5 1.009 322.49368512629746 9.379694906101879 12.444741105177897 0.5520189596208076
16 1.5 2.008 316.2265104697906 10.943372382552349 13.647807043859123 0.2618647627047459
16 1.5 3.007 311.21797564048717 12.195506089878203 14.42437151256975 0.10106797864042719
16 1.5 4.006 307.397582048359 13.150604487910242 14.897012059758804 0.03482930341393172
16 1.5 5.005 304.6289374212516 13.842765644687105 14.991570168596628 0.010169796604067919
16 1.5 6.004 301.9060268794624 14.523493280134398 15.0 0.0018599628007439852
16 1.5 7.003 301.085003299934 14.7287491750165 15.0 3.2999340013199736E-4
16 1.5 8.002 301.3579678406432 14.660508039839204 15.0 2.3999520009599807E-4
16 1.5 9.001 300.54591408171837 14.863521479570409 15.0 2.999940001199976E-5
16 1.68 0.01 363.87614927700963 7.537120507589848 10.792314153716926 0.989890202195956
16 1.68 10.0 321.59999999979897 15.0 15.0 0.0
16 1.8 0.5095 374.0039959200831 9.069182366352672 12.16457670846583 0.6220075598488031
16 1.8 1.5085 358.50627587448037 11.48340283194336 13.99880002399952 0.18224635507289855
16 1.8 2.5075 347.9518089638077 13.132529849403012 14.84862302753945 0.03542929141417172
16 1.8 3.5065 341.6678706425905 14.114395212095758 14.999310013799724 0.005069898602027959
16 1.8 4.5055 339.1695206095995 14.504762404751904 15.0 0.001109977800443991
16 1.8 5.5045 337.08225835487264 14.830897132057359 15.0 2.999940001199976E-5
16 1.8 6.5035 336.38516829675416 14.939817453650926 15.0 5.999880002399952E-5
16 1.8 7.5025 337.0554748906147 14.835082048359032 15.0 0.0
16 1.8 8.5015 336.0 15.0 15.0 0.0
16 1.8 9.5005 336.0 15.0 15.0 0.0
16 1.86 0.01 396.21155516891446 7.552828943421131 10.803083938321233 0.9873102537949241
16 1.86 10.0 343.19999999989767 15.0 15.0 0.0
16 1.98 1.009 389.5414633707604 10.925856482870342 13.625817483650327 0.26309473810523787
16 1.98 2.008 372.1526795464399 13.143790874182516 14.868812623747525 0.03437931241375172
16 1.98 3.007 363.5284502310576 14.243820123597528 14.999280014399712 0.0037799244015119695
16 1.98 4.006 360.9547081057568 14.572103557928841 15.0 5.099898002039959E-4
16 1.98 5.005 359.01346493059305 14.819711105777884 15.0 2.999940001199976E-5
16 1.98 6.004 358.71029819405294 14.858380332393352 15.0 5.999880002399952E-5
16 1.98 7.003 357.5999999997817 15.0 15.0 0.0
16 1.98 8.002 357.5999999997817 15.0 15.0 0.0
16 1.98 9.001 357.5999999997817 15.0 15.0 0.0
18 0.04 0.5095 68.96354352912948 6.5326460137464055 10.128007439851203 0.5834283314333714
18 0.04 1.5085 48.879485210296274 4.012506416538347 7.290304193916121 0.17204655906881863
18 0.04 2.5075 42.28765824683416 3.076091811496762 6.434781304373913 0.062338753224935504
18 0.04 3.5065 38.997554448911785 2.606794530776984 6.855432891342173 0.02126957460850783
18 0.04 4.5055 33.68651946961856 2.020086264941276 9.166916661666766 3.2999340013199736E-4
18 0.04 5.5045 32.9143289134065 1.995590088198387 10.045359092818144 2.699946001079978E-4
18 0.04 6.5035 31.737572448556254 2.0361526102806016 13.75697486050279 8.999820003599928E-5
18 0.04 7.5025 28.560000000023923 1.8888888888904165 17.0 0.0
18 0.04 8.5015 28.560000000023923 1.8888888888904165 17.0 0.0
18 0.04 9.5005 28.560000000023923 1.8888888888904165 17.0 0.0
18 0.1 0.01 99.10208495830113 8.447011059778665 12.035789284214315 0.9925901481970361
18 0.1 10.0 45.89999999998195 1.8888888888904165 17.0 0.0
18 0.22 0.5095 117.68249655007037 7.060972113891042 10.655246895062099 0.6843763124737505
18 0.22 1.5085 108.75989860202921 5.539275881149089 9.057868842623147 0.35474290514189716
18 0.22 2.5075 105.21258774824486 4.8814457044193595 8.70804583908322 0.17945641087178257
18 0.22 3.5065 86.69118257634072 2.7571948561028643 16.992050158996822 0.002609947801043979
18 0.22 4.5055 81.66887382255372 2.0439991200169594 17.0 0.0
18 0.22 5.5045 80.69748905022642 1.905625220830201 17.0 0.0
18 0.22 6.5035 80.86308753828955 1.9292147490393827 17.0 0.0
18 0.22 7.5025 81.51867222661386 2.022602881275379 17.0 0.0
18 0.22 8.5015 80.58000000003828 1.8888888888904165 17.0 0.0
18 0.22 9.5005 80.58000000003828 1.8888888888904165 17.0 0.0
18 0.4 1.009 160.26698266034757 6.776157810177138 10.331433371332574 0.5692686146277074
18 0.4 2.008 156.7614927701444 6.038899222015614 9.616097678046438 0.29699406011879764
18 0.4 3.007 154.38013439731216 5.597864709372661 9.554268914621707 0.13346733065338692
18 0.4 4.006 139.50561588768903 3.1676866462665876 16.999970000599987 0.007229855402891942
18 0.4 5.005 136.7383512329689 2.6552502283312456 17.0 0.0015299694006119878
18 0.4 6.004 135.73006539872736 2.468530629386898 17.0 7.49985000299994E-4
18 0.4 8.002 132.77475850491592 1.9212515749695573 17.0 2.999940001199976E-5
18 0.4 9.001 132.60000000004334 1.8888888888904165 17.0 0.0
18 0.58 0.01 210.02562728745923 8.490610187796095 12.076078478430432 0.996580068398632
18 0.7 0.5095 236.50555888882147 8.057412185089573 11.623417531649366 0.8470030599388012
18 0.7 1.5085 234.76866562668937 7.429168083304996 11.000479990400192 0.5677686446271074
18 0.7 2.5075 233.4117837643253 6.962847409718485 10.527509449811003 0.3333233335333293
18 0.7 3.5065 232.4046679066445 6.634080651720281 10.1537469250615 0.1881562368752625
18 0.7 4.5055 231.4976930461432 6.330410058465429 9.978070438591228 0.09719805603887922
18 0.7 5.5045 228.02495350092875 5.099408011840017 14.036119277614448 0.03929921401571969
18 0.7 6.5035 224.51035579288214 3.818650293660944 16.997510049799004 0.02114957700845983
18 0.7 7.5025 223.26890262194732 3.3588528229431627 17.0 0.009629807403851923
18 0.7 8.5015 222.466784664307 3.0617720978909593 17.0 0.006359872802543949
18 0.7 9.5005 221.30228895426367 2.630477390451784 17.0 0.0017099658006839863
18 0.76 0.01 251.47796364071723 8.492290154196802 12.074518509629808 0.997240055198896
18 0.88 1.009 278.50898542027596 8.291970827250088 11.846973060538788 0.8072538549229016
18 0.88 2.008 278.0975724485404 8.03149270347923 11.594678106437872 0.6483170336593268
18 0.88 3.007 277.74456230874785 7.762954740905212 11.365602687946241 0.5127797444051119
18 0.88 4.006 277.4470750584996 7.524169516609674 11.073888522229556 0.40529189416211675
18 0.88 5.005 277.21363172737836 7.3208269167949025 10.886572268554628 0.31889362212755745
18 0.88 6.004 276.98349673008914 7.121060912115068 10.629957400851984 0.24710505789884202
18 0.88 8.002 276.5952144957364 6.770217928974648 10.32387352252955 0.14603707925841483
18 0.88 9.001 276.46872142560443 6.654463577395212 10.195956080878382 0.1127977440451191
18 0.94 0.01 292.9210445791031 8.527082791677337 12.114597708045839 0.997690046199076
18 1.0 0.01 306.73516529669405 8.523076205142353 12.104427911441771 0.998140037199256
18 1.12 0.5095 333.3606647867131 8.878349099684177 12.437511249775005 0.8934721305573888
18 1.12 1.5085 332.63671686565016 9.36586601601121 12.886542269154617 0.7905441891162177
18 1.12 2.5075 332.10869862601527 9.829603407928719 13.315563688726225 0.7025559488810224
18 1.12 3.5065 331.5894246115077 10.306710532453456 13.73462530749385 0.6087478250434991
18 1.12 4.5055 331.057162056771 10.799017352984743 14.125667486650267 0.5312293754124917
18 1.12 5.5045 330.5891750165148 11.232245355092585 14.484220315593689 0.44312113757724847
18 1.12 6.5035 330.1450554988979 11.643467130657486 14.819583608327834 0.372712545749085
18 1.12 7.5025 329.66974260513706 12.08357166190022 15.139947201055978 0.30341393172136555
18 1.12 8.5015 329.25428931419344 12.468250634987609 15.425091498170037 0.25112497750045
18 1.12 9.5005 328.82023159535265 12.870155930214986 15.702195956080878 0.20312593748125038
18 1.3 1.009 371.25472490550766 9.840726518800011 13.30647387052259 0.7097858042839144
18 1.3 2.008 368.1344903101942 10.987543582461333 14.304403911921762 0.4887202255954881
18 1.3 3.007 365.31338873222717 12.032092691479354 15.102357952840944 0.3062338753224936
18 1.3 4.006 362.53535729285386 13.060978780424785 15.821113577728445 0.17225655486890262
18 1.3 5.005 360.36790364192467 13.863739391879449 16.328133437331253 0.0999580008399832
18 1.3 6.004 358.26097378053345 14.644083784990432 16.730065398692027 0.04640907181856363
18 1.3 8.002 355.496472070557 15.667973307199773 16.988840223195535 0.010409791804163918
18 1.3 9.001 354.8907301853816 15.892322153554103 16.992500149997 0.00626987460250795
18 1.48 0.01 417.1772832543587 8.515136363939172 12.110397792044159 0.9935201295974081
18 1.6 0.5095 436.49182216355985 9.845096431401815 13.31580368392632 0.7062158756824863
18 1.6 1.5085 424.196082078354 12.111854429577251 15.161036779264414 0.3009239815203696
18 1.6 2.5075 414.4653626927474 13.913821723565245 16.370342593148138 0.09542809143817124
18 1.6 3.5065 407.97323453531754 15.116067678644283 16.898512029759406 0.0249295014099718
18 1.6 4.5055 403.81888162237664 15.885392292153035 16.99913001739965 0.006569868602627947
18 1.6 5.5045 400.70323393526957 16.462364086060564 17.0 0.0010199796004079918
18 1.6 6.5035 398.859656806951 16.803767258004104 17.0 5.999880002399952E-5
18 1.6 7.5025 397.9812203757458 16.966440671188295 17.0 0.0
18 1.6 8.5015 398.61106377878843 16.849803003956072 17.0 2.999940001199976E-5
18 1.6 9.5005 397.80000000019055 17.0 17.0 0.0
18 1.66 0.01 458.4902693946272 8.52842276487783 12.11957760844783 0.9918701625967481
18 1.78 1.009 462.5056266874671 11.705789217549153 14.873732525349492 0.36440271194576107
18 1.78 2.008 446.07086218276874 14.046885728952114 16.43388132237355 0.08315833683326333
18 1.78 3.007 435.5064180716289 15.551792297486998 16.972610547789046 0.012989740205195896
18 1.78 4.006 430.1321305574324 16.31736031945544 17.0 0.0018299634007319853
18 1.78 5.005 429.16617447653226 16.454960900785323 17.0 7.49985000299994E-4
18 1.78 6.004 428.05291834173914 16.61354439580567 17.0 1.499970000599988E-4
18 1.78 8.002 426.8326561470175 16.78737091927395 17.0 0.0
18 1.78 9.001 425.3399999998785 17.0 17.0 0.0
18 1.84 0.01 499.8885366292609 8.527529449410844 12.128277434451311 0.9880002399952001
18 1.96 1.009 493.06720825581044 12.348716359006202 15.329333413331733 0.26486470270594586
18 1.96 2.008 471.45214375711066 14.850446324405072 16.83272334553309 0.0368992620147597
18 1.96 3.007 459.94628427428216 16.18214302380007 16.99988000239995 0.0034199316013679725
18 1.96 4.006 455.5879810404834 16.686576268496378 17.0 2.699946001079978E-4
18 1.96 5.005 453.4324305516964 16.936061278780517 17.0 0.0
18 1.96 6.004 452.88000000031013 17.0 17.0 0.0
18 1.96 8.002 452.88000000031013 17.0 17.0 0.0
18 1.96 9.001 452.88000000031013 17.0 17.0 0.0
20 0.08 1.009 86.34723825523562 5.917780644387192 9.65902681946361 0.35573288534229314
20 0.08 2.008 74.2266334673314 4.302486950260969 7.965620687586248 0.1496970060598788
20 0.08 3.007 69.46293874122358 3.606491870162699 8.055168896622067 0.06302873942521149
20 0.08 4.006 55.198542029154225 2.3981970360590474 16.706305873882524 0.0014399712005759885
20 0.08 5.005 48.80000000002891 2.0 19.0 0.0
20 0.08 6.004 47.87999999996449 1.9000000000010122 19.0 0.0
20 0.08 8.002 47.87999999996449 1.9000000000010122 19.0 0.0
20 0.08 9.001 47.87999999996449 1.9000000000010122 19.0 0.0
20 0.14 0.01 134.7445323093529 9.473060538789172 13.371002579948401 0.9919901601967961
20 0.26 1.009 151.59658126837624 6.910274794504114 10.730635387292255 0.49511009779804405
20 0.26 2.008 145.29103917921455 5.8536299274014185 9.68809623807524 0.251364972700546
20 0.26 3.007 125.58837043260846 3.5899142017161414 18.81052378952421 0.013529729405411892
20 0.26 4.006 118.91721545568834 2.7185426291472186 19.0 0.001979960400791984
20 0.26 5.005 114.86490850185224 2.1709335813272976 19.0 1.1999760004799904E-4
20 0.26 6.004 115.37161336773721 2.239407211855429 19.0 1.499970000599988E-4
20 0.26 8.002 113.68216055682477 2.0111027779444357 19.0 0.0
20 0.26 9.001 112.85999999996746 1.9000000000010122 19.0 0.0
20 0.32 0.01 186.26793304133597 9.484892302153927 13.414501709965801 0.994180116397672
20 0.38 0.5095 196.06467870642794 8.218437631247342 12.11144777104458 0.7401151976960461
20 0.38 1.5085 188.52130917382215 6.826552468950625 10.650446991060178 0.3969220615587688
20 0.38 2.5075 184.95651046979532 6.1891822163556665 10.088138237235256 0.19622607547849044
20 0.38 3.5065 167.53439311217056 3.7288954220913766 18.98767024659507 0.01502969940601188
20 0.38 4.5055 162.4938483229755 2.9183626327477015 19.0 0.0033599328013439733
20 0.38 5.5045 160.56212815742145 2.6067948641030227 19.0 6.899862002759944E-4
20 0.38 6.5035 158.79363832725363 2.321554568907888 19.0 2.699946001079978E-4
20 0.38 7.5025 156.18000000000103 1.9000000000010122 19.0 0.0
20 0.38 8.5015 156.18000000000103 1.9000000000010122 19.0 0.0
20 0.38 9.5005 156.5144585107304 1.9539449211018052 19.0 0.0
20 0.44 1.009 210.84244795103425 7.589080218395586 11.4527509449811 0.5737685246295074
20 0.44 2.008 206.54976900462907 6.739650206995839 10.53359932801344 0.3030239395212096
20 0.44 3.007 203.88118437632306 6.253860922781692 10.414591708165837 0.1475970480590388
20 0.44 4.006 187.24366232678605 3.57922541549172 19.0 0.009719805603887922
20 0.44 5.005 182.87791684164992 2.7996280074396283 19.0 0.0023999520009599807
20 0.44 6.004 180.515648886949 2.3777944441104415 19.0 4.499910001799964E-4
20 0.44 8.002 178.81901721967026 2.074824503509011 19.0 2.999940001199976E-5
20 0.44 9.001 178.67818563624635 2.0496760064792015 19.0 0.0
20 0.56 0.5095 251.41377932440656 8.643886122277536 12.550038999220016 0.8072238555228896
20 0.56 1.5085 246.98323393533437 7.557076858462884 11.397942041159176 0.4793004139917202
20 0.56 2.5075 244.2747009059846 6.937553248934999 10.773564528709425 0.24179516409671806
20 0.56 3.5065 242.39504049917687 6.541834163316696 10.587418251634967 0.11801763964720706
20 0.56 4.5055 230.25899922000573 3.967927641446983 18.99940001199976 0.01985960280794384
20 0.56 5.5045 227.87362332751235 3.425823483530321 19.0 0.008219835603287933
20 0.56 6.5035 224.54179876406536 2.668590628187558 19.0 0.0011999760004799903
20 0.56 7.5025 224.52364912703803 2.6644657106856684 19.0 0.0011999760004799903
20 0.56 8.5015 223.01804763916246 2.3222835543289095 19.0 2.3999520009599807E-4
20 0.56 9.5005 221.59999999987633 2.0 19.0 0.0
20 0.62 1.009 267.52234415311284 8.227542449151013 12.130437391252174 0.6640967180656386
20 0.62 2.008 264.7853320933699 7.492827143457122 11.29357412851743 0.3903521929561409
20 0.62 3.007 262.7779636407337 6.98891822163567 10.813913721725566 0.19598608027839443
20 0.62 4.006 261.25545149095893 6.6202435951280565 10.444981100377992 0.09140817183656327
20 0.62 5.005 251.490050398988 4.179864402712085 18.97015059698806 0.02384952300953981
20 0.62 6.004 248.4009749804463 3.368677626447438 19.0 0.008219835603287933
20 0.62 8.002 245.78122757555755 2.6792704145917354 19.0 0.0012299754004919902
20 0.62 9.001 244.41472550535974 2.319664606707455 19.0 2.3999520009599807E-4
20 0.74 0.5095 305.10847723044736 9.036158276834565 12.953380932381352 0.8653626927461451
20 0.74 1.5085 303.24562968738775 8.327482450350987 12.215485690286194 0.6096778064438712
20 0.74 2.5075 301.7391696166255 7.778667426651458 11.593658126837463 0.3846223075538489
20 0.74 3.5065 300.6375406492143 7.385693286134229 11.167666646667067 0.2261654766904662
20 0.74 4.5055 299.7177014459837 7.060520789584133 11.0247495050099 0.13082738345233094
20 0.74 5.5045 298.9392746145172 6.7804223915520785 10.666766664666707 0.07028859422811544
20 0.74 6.5035 298.16497390051546 6.501022979540279 10.760964780704386 0.0376792464150717
20 0.74 7.5025 291.6405801884011 4.015590688186197 18.98263034739305 0.020549589008219835
20 0.74 8.5015 290.39010379790875 3.5346553068939683 19.0 0.010919781604367913
20 0.74 9.5005 289.5898476030411 3.2268644627107257 19.0 0.005939881202375952
20 0.8 0.01 323.40242995140295 9.493451130977363 13.420861582768344 0.99730005399892
20 0.92 0.5095 357.4365224695338 9.444381112377759 13.355102897942041 0.9231715365692686
20 0.92 1.5085 357.09778844424056 9.215608687826249 13.103287934241315 0.8047339053218936
20 0.92 2.5075 356.8611963761231 8.996112077758465 12.90580188396232 0.7001259974800504
20 0.92 3.5065 356.65470210603246 8.777047459050785 12.657286854262916 0.6060778784424311
20 0.92 4.5055 356.4495746085878 8.540199196016085 12.444921101577968 0.5178796424071519
20 0.92 5.5045 356.2540469191208 8.305966880662387 12.176666466670667 0.44171116577668446
20 0.92 6.5035 356.1150932981636 8.13900221995567 12.009269814603709 0.37418251634967303
20 0.92 7.5025 355.9990376192413 7.995899082018403 11.847783044339113 0.32690346193076136
20 0.92 8.5015 355.8645503089356 7.828928421431549 11.722115557688847 0.27332453350932984
20 0.92 9.5005 355.7394984099463 7.673441531169358 11.500029999400011 0.23159536809263814
20 1.04 0.01 391.9481622367562 9.48988720225594 13.388642227155456 0.9982900341993161
20 1.16 1.009 424.31410451791925 10.330806383872282 14.179156416871663 0.8274134517309654
20 1.16 2.008 423.10252354952036 11.063880722385559 14.818653626927462 0.6973960520789584
20 1.16 3.007 422.0143541129203 11.741159176816462 15.414771704565908 0.5794984100317994
20 1.16 4.006 420.8131613367811 12.491774164516709 16.04919901601968 0.45650086998260037
20 1.16 5.005 419.81915401691924 13.113028739425268 16.536569268614628 0.35624287514249714
20 1.16 6.004 418.80019199615134 13.749880002400038 17.043259134817305 0.27173456530869383
20 1.16 8.002 416.9601679966537 14.899895002100063 17.772844543109137 0.1490070198596028
20 1.16 9.001 416.1900089998234 15.381244375112527 18.13481730365393 0.10829783404331914
20 1.22 0.01 443.2479594408084 9.525904481910413 13.4137517249655 0.9966700665986681
20 1.28 0.5095 457.89764204716346 10.21786764264715 14.087958240835183 0.8493730125397492
20 1.28 1.5085 454.2442671146523 11.48524629507415 15.215395692086158 0.6149577008459831
20 1.28 2.5075 450.7995452090971 12.71451670966577 16.236065278694426 0.42044159116817664
20 1.28 3.5065 447.715833683317 13.815773684526304 17.04619907601848 0.26423471530569387
20 1.28 4.5055 444.77878202436324 14.86472070558608 17.808093838123238 0.15341693166136677
20 1.28 5.5045 442.5922637547248 15.645620087598042 18.2622547549049 0.0876582468350633
20 1.28 6.5035 440.7279294413852 16.311453770924473 18.631217375652486 0.04742905141897162
20 1.28 7.5025 438.9572700545984 16.943832123358085 18.858312833743327 0.024809503809923802
20 1.28 8.5015 437.80040319192653 17.35699886002251 18.957670846583067 0.011879762404751904
20 1.28 9.5005 436.829559008829 17.703728925420297 18.994540109197818 0.006419871602567948
20 1.34 1.009 471.3877086458357 11.124584508309908 14.889962200755985 0.6811963760724785
20 1.34 2.008 466.21292614146296 12.643316133677313 16.201265974680506 0.4291114177716446
20 1.34 3.007 461.71372772544834 13.96655066898671 17.165596688066238 0.23963520729585408
20 1.34 4.006 457.90974440510075 15.085369292614251 17.92605147897042 0.12881742365152696
20 1.34 5.005 454.4467708645752 16.10389092218135 18.539959200815982 0.06047879042419151
20 1.34 6.004 452.1802129957315 16.770525589488276 18.818383632327354 0.02885942281154377
20 1.34 8.002 448.7840481189124 17.76939761204797 18.99268014639707 0.005699886002279954
20 1.34 9.001 447.78191816174706 18.064141717165384 19.0 0.0028199436011279774
20 1.46 0.5095 505.8890112197727 10.645173096538 14.473780524389513 0.7716445671086578
20 1.46 1.5085 496.52443091139145 12.668668626627586 16.213085738285233 0.4279114417711646
20 1.46 2.5075 488.4484430311443 14.424251514969862 17.540979180416393 0.19550608987820245
20 1.46 3.5065 481.6087064258497 15.91115077698449 18.45095098098038 0.07064858702825944
20 1.46 4.5055 476.98978700426 16.91526369472556 18.857502849943 0.024449511009779806
20 1.46 5.5045 473.39890562192596 17.695890082197185 18.993190136197278 0.007259854802903942
20 1.46 6.5035 472.0246049079621 17.994651106977482 19.0 0.003209935801283974
20 1.46 7.5025 470.3226573467814 18.36463970720573 19.0 8.999820003599928E-4
20 1.46 8.5015 468.80104457884573 18.69542509149669 19.0 1.1999760004799904E-4
20 1.46 9.5005 468.93996640060294 18.66522469550281 19.0 2.3999520009599807E-4
20 1.52 1.009 515.4838063238641 11.945869082618207 15.596508069838602 0.5409491810163797
20 1.52 2.008 504.4740757185034 14.062677746445145 17.250464990700188 0.23426531469370612
20 1.52 3.007 495.9645863083042 15.699118017639714 18.326843463130736 0.08453830923381532
20 1.52 4.006 489.56222475548805 16.930341393172526 18.871602567948642 0.023159536809263814
20 1.52 5.005 485.048533029253 17.798359032820205 18.997630047399053 0.005279894402111958
20 1.52 6.004 482.32342353170225 18.322418551628527 19.0 0.001499970000599988
20 1.52 8.002 481.02652786959084 18.571821563570122 19.0 2.999940001199976E-4
20 1.52 9.001 479.19632567368654 18.923783524342106 19.0 0.0
20 1.64 0.5095 552.4507025859639 11.058828823423548 14.825763484730306 0.6942461150776984
20 1.64 1.5085 535.1154640907389 13.763208735825295 17.052138957220855 0.27029459410811785
20 1.64 2.5075 521.8528109438062 15.83549829003449 18.377332453350935 0.07280854382912341
20 1.64 3.5065 513.4216067678339 17.1528739425213 18.945761084778304 0.018149637007259856
20 1.64 4.5055 508.52756704862736 17.917567648646248 19.0 0.003929921401571969
20 1.64 5.5045 506.3793604128385 18.253224935500345 19.0 0.001109977800443991
20 1.64 6.5035 504.82494030138 18.4961030779347 19.0 4.1999160016799666E-4
20 1.64 7.5025 503.23146817065606 18.745083098348335 19.0 5.999880002399952E-5
20 1.64 8.5015 501.59999999973746 19.0 19.0 0.0
20 1.64 9.5005 501.59999999973746 19.0 19.0 0.0
20 1.7 0.01 580.0339683206373 9.538816223675527 13.457430851382972 0.99205015899682
20 1.82 0.5095 597.5325841483166 11.47342053158945 15.215785684286315 0.622187556248875
20 1.82 1.5085 571.2255792884035 14.679807403851894 17.697156056878864 0.16586668266634666
20 1.82 2.5075 553.5507097858126 16.8352792944136 18.8695026099478 0.027179456410871782
20 1.82 3.5065 543.7259614807848 18.03341933161426 19.0 0.0029399412011759767
20 1.82 4.5055 538.7869214613067 18.63574128518039 19.0 2.0999580008399833E-4
20 1.82 5.5045 538.0189248214955 18.729399412013535 19.0 5.999880002399952E-5
20 1.82 6.5035 536.619999999726 18.900000000011882 19.0 0.0
20 1.82 7.5025 535.8000000003334 19.0 19.0 0.0
20 1.82 8.5015 536.619999999726 18.900000000011882 19.0 0.0
20 1.82 9.5005 535.8000000003334 19.0 19.0 0.0
