10 0.0 0.01 22.49547009059819 4.49909401811964 6.628127437451251 0.9899502009959801
10 0.0 10.0 9.0 1.8000000000010403 3.522289554208916 0.005789884202315953
10 0.12 0.5095 27.924076318474526 3.745599088018256 5.898662026759465 0.6789764204715906
10 0.12 1.5085 25.097604847900374 2.944837103258012 5.148377032459351 0.31688366232675347
10 0.12 2.5075 23.915572088560115 2.594150116997664 4.979690406191876 0.15848683026339475
10 0.12 3.5065 22.384081118382525 2.240625187496239 5.743565128697426 0.047099058018839624
10 0.12 4.5055 21.28967300654406 2.056230875382506 6.676576468470631 0.013259734805303893
10 0.12 5.5045 20.139090418191316 1.9202315953680655 7.7963640727185455 0.0019499610007799844
10 0.12 6.5035 18.71999999998425 1.8000000000010403 9.0 2.999940001199976E-5
10 0.12 7.5025 19.07011939760139 1.8302273954530954 8.73762524749505 4.1999160016799666E-4
10 0.12 8.5015 18.992306953844118 1.8142437151267932 8.750434991300175 8.999820003599928E-5
10 0.12 9.5005 18.71999999998425 1.8000000000010403 9.0 5.999880002399952E-5
10 0.3 1.009 41.343769124617296 3.7655606887862754 5.971890562188756 0.5905381892362153
10 0.3 2.008 40.27425751485052 3.405711885762151 5.799424011519769 0.32936341273174535
10 0.3 3.007 38.807748845022964 3.0417471650564853 6.481220375592488 0.14219715605687885
10 0.3 4.006 34.74199016019899 2.1766124677507745 8.809053818923621 0.008429831403371932
10 0.3 5.005 33.823762524763886 1.949235015300477 8.998860022799544 7.199856002879943E-4
10 0.3 6.004 33.72190256195305 1.9204175916484694 8.999790004199916 4.1999160016799666E-4
10 0.3 7.003 33.39748005042032 1.8278514429722603 9.0 5.999880002399952E-5
10 0.3 8.002 33.43782024361657 1.8393772124568821 9.0 8.999820003599928E-5
10 0.3 9.001 33.30000000002069 1.8000000000010403 9.0 2.999940001199976E-5
10 0.48 0.01 55.96668506629791 4.506395872082586 6.646457070858583 0.99610007799844
10 0.48 10.0 47.93271134573882 1.8202735945290338 9.0 8.999820003599928E-5
10 0.6 0.5095 63.81166376672454 4.438885222295555 6.5990580188396235 0.8049139017219655
10 0.6 1.5085 63.118503629927226 4.241459170816575 6.4587808243835125 0.500359992800144
10 0.6 2.5075 62.5441831163373 4.055960880782368 6.401241975160497 0.28037439251214974
10 0.6 3.5065 61.853446931061754 3.7870462590749794 6.582918341633167 0.13820723585528288
10 0.6 4.5055 60.6461150776999 3.273396532069525 7.716895662086758 0.04793904121917562
10 0.6 5.5045 59.519403611929164 2.7481190376190705 8.430341393172137 0.015179696406071879
10 0.6 6.5035 59.0060538789146 2.49887802243915 8.558408831823364 0.006659866802663947
10 0.6 7.5025 58.17596448072644 2.0879822403555353 9.0 0.0018899622007559848
10 0.6 8.5015 57.895446091095636 1.9477230455397923 9.0 7.199856002879943E-4
10 0.6 9.5005 57.72336953263627 1.8616847663055875 9.0 3.2999340013199736E-4
10 0.66 0.01 68.48312053758863 4.522679546409054 6.652846943061139 0.9954100917981641
10 0.66 10.0 62.881863562723716 2.048155036899551 9.0 9.89980200395992E-4
10 0.78 1.009 75.795120297587 4.619907601847952 6.784994300113998 0.6597768044639107
10 0.78 2.008 75.4334967300607 4.517687646246976 6.706605867882643 0.4486110277794444
10 0.78 3.007 75.16231055378529 4.384940301193866 6.65527689446211 0.30197396052078956
10 0.78 4.006 74.93740865182608 4.237217255654723 6.655486890262194 0.2017459650806984
10 0.78 5.005 74.73442251154718 4.084082318353583 6.590268194636107 0.12815743685126296
10 0.78 6.004 74.4819235615208 3.8759164816704192 6.777794444111118 0.07883842323153537
10 0.78 7.003 74.26606947860319 3.6877902441953343 7.003569928601428 0.053608927821443574
10 0.78 8.002 73.92903701925651 3.3865662686747937 7.526939461210776 0.034589308213835726
10 0.78 9.001 73.465272094553 2.9674506509870753 8.190586188276235 0.020369592608147837
10 0.84 0.01 80.9816895662049 4.5307553848923146 6.6622967540649185 0.99445011099778
10 0.84 10.0 78.41732405351623 3.52124557508883 7.265764684706306 0.042329153416931664
10 0.96 1.009 87.70270594587004 4.893418131637385 7.0157496850063 0.7033059338813223
10 0.96 2.008 87.49305933879691 4.936971260574814 7.070618587628247 0.6180776384472311
10 0.96 3.007 87.42215995678445 4.909059818803645 7.0555888882222355 0.5636887262254755
10 0.96 4.006 87.39194096116114 4.877626447471027 7.024809503809924 0.5229795404091918
10 0.96 5.005 87.37392332151653 4.836929261414795 6.99790004199916 0.49043019139617205
10 0.96 6.004 87.36311753763133 4.801331973360543 6.975610487790244 0.45674086518269635
10 0.96 7.003 87.3531097377882 4.758924821503613 6.945671086578268 0.43214135717285657
10 0.96 8.002 87.34257514848109 4.711579768404692 6.918581628367432 0.40334193316133676
10 0.96 9.001 87.33657046857672 4.682420351592966 6.871812563748725 0.379882402351953
10 1.02 0.5095 91.9354574908219 4.864138717225646 6.9834103317933645 0.7947441051178976
10 1.02 1.5085 91.44047339050886 5.031601367972637 7.146697066058679 0.6756164876702466
10 1.02 2.5075 91.33160856780752 5.106797864042703 7.219385612287755 0.6511369772604548
10 1.02 3.5065 91.2997222055369 5.147819043619176 7.252564948701026 0.6329573408531829
10 1.02 4.5055 91.28721185574301 5.171944561108763 7.269214615707686 0.628667426651467
10 1.02 5.5045 91.28147417049989 5.208207835843293 7.298734025319494 0.623657526849463
10 1.02 6.5035 91.27897642045534 5.215743685126288 7.301373972520549 0.6158576828463431
10 1.02 7.5025 91.27509989798601 5.2511429771404785 7.3417831643367135 0.6098878022439551
10 1.02 8.5015 91.27199256013402 5.280074398511988 7.365722685546289 0.6086278274434511
10 1.02 9.5005 91.26911201774722 5.3088798224035365 7.394822103557929 0.6052678946421072
10 1.2 1.009 102.89227215455747 5.265764684706302 7.343883122337553 0.6468170636587268
10 1.2 2.008 102.43166136677303 5.591882162356739 7.6149577008459834 0.5365992680146398
10 1.2 3.007 102.05428091438185 5.949175016499673 7.889332213355733 0.4378412431751365
10 1.2 4.006 101.74297714045697 6.25763484730307 8.106677866442672 0.3483230335393292
10 1.2 5.005 101.39135417291794 6.608681826363346 8.344993100137998 0.26840463190736186
10 1.2 6.004 101.0984280314406 6.90160796784053 8.551568968620627 0.19052618947621047
10 1.2 7.003 100.81025379492526 7.1897462050759 8.688306233875322 0.13406731865362692
10 1.2 8.002 100.52600347993044 7.473996520069644 8.808993820123597 0.09038819223615528
10 1.2 9.001 100.27217255654891 7.7278274434511 8.912791744165117 0.05771884562308754
10 1.38 0.01 118.38642827144298 4.5406011879762405 6.674656506869862 0.9868002639947201
10 1.38 10.0 107.5865992680273 8.74389512209583 9.0 0.0014699706005879883
10 1.5 0.5095 122.0712635747285 5.293658126837444 7.362812743745125 0.6533269334613307
10 1.5 1.5085 119.54877902441952 6.1843943121137315 8.063268734625307 0.37154256914861705
10 1.5 2.5075 117.53634427311454 6.985516289674127 8.585138297234055 0.17927641447171055
10 1.5 3.5065 115.91942161156777 7.632231355372973 8.878112437751245 0.06872862542749145
10 1.5 4.5055 114.75137997240056 8.099448011040062 8.984040319193616 0.025499490010199796
10 1.5 5.5045 113.9165266694666 8.43338933221239 8.998260034799303 0.008159836803263935
10 1.5 6.5035 113.29555408891822 8.681778364431327 9.0 0.00254994900101998
10 1.5 7.5025 112.98704025919481 8.805183896320692 9.0 8.69982600347993E-4
10 1.5 8.5015 112.85211795764084 8.859152816943462 9.0 5.099898002039959E-4
10 1.5 9.5005 112.62890742185157 8.948437031258443 9.0 1.7999640007199856E-4
10 1.56 0.01 130.73036779263478 4.555858882822342 6.691156176876462 0.9848803023939521
10 1.56 10.0 115.26950021001612 8.975178496428757 9.0 5.999880002399952E-5
10 1.68 1.009 130.6167204655849 6.061198776024525 7.963460730785385 0.40736185276294473
10 1.68 2.008 126.83720045599475 7.165662686746242 8.684046319073618 0.13997720045599088
10 1.68 3.007 124.0449403011899 7.986782264354897 8.960820783584328 0.03632927341453171
10 1.68 4.006 122.57347693043745 8.419565608687702 8.996280074398513 0.008849823003539928
10 1.68 5.005 121.44915341691352 8.750248995019014 9.0 0.0016499670006599868
10 1.68 6.004 120.96915101696439 8.891426171473357 9.0 3.599928001439971E-4
10 1.68 7.003 120.81170696589251 8.937733245333868 9.0 1.1999760004799904E-4
10 1.68 8.002 120.71374812507842 8.966544669106078 9.0 2.999940001199976E-5
10 1.68 9.001 120.70458870824815 8.96923861522613 9.0 0.0
10 1.74 0.01 143.15696826062498 4.561546769064612 6.6929561408771825 0.9822403551928961
10 1.74 10.0 123.29999999992555 9.0 9.0 0.0
10 1.86 1.009 140.01902261954802 6.370186596268048 8.188036239275215 0.3200035999280014
10 1.86 2.008 134.45005999880664 7.6627767444650265 8.888882222355553 0.06728865422691546
10 1.86 3.007 131.53758204834938 8.340097198055558 8.995230095398092 0.011519769604607908
10 1.86 4.006 129.8585774284544 8.730563388731287 9.0 0.0018299634007319853
10 1.86 5.005 129.38479570414435 8.840745185095223 9.0 3.599928001439971E-4
10 1.86 6.004 128.90657646855948 8.951958960821091 9.0 2.0999580008399833E-4
10 1.86 7.003 128.99359812809368 8.931721365570109 9.0 8.999820003599928E-5
10 1.86 8.002 128.71555708893712 8.996382072358342 9.0 5.999880002399952E-5
10 1.86 9.001 128.70000000007914 9.0 9.0 0.0
10 1.92 0.01 155.6451550968974 4.558336833263303 6.691276174476511 0.9789104217915642
10 1.92 10.0 131.39999999995285 9.0 9.0 0.0
10 1.98 0.5095 150.28256374871057 5.724371512569721 7.709815803683926 0.5140097198056038
10 1.98 1.5085 142.3887238255019 7.308435831283338 8.753704925901483 0.11864762704745906
10 1.98 2.5075 137.74737925243684 8.25563688726152 8.993010139797205 0.015509689806203876
10 1.98 3.5065 135.74304493913522 8.66468470630412 9.0 0.002279954400911982
10 1.98 4.5055 134.41292734148576 8.936137277253364 9.0 2.3999520009599807E-4
10 1.98 5.5045 134.11490550192832 8.996958060838606 9.0 0.0
10 1.98 6.5035 134.1000000000387 9.0 9.0 0.0
10 1.98 7.5025 134.13301553972715 8.993262134756913 9.0 5.999880002399952E-5
10 1.98 8.5015 134.1000000000387 9.0 9.0 0.0
10 1.98 9.5005 134.1000000000387 9.0 9.0 0.0
12 0.1 1.009 34.63237835243307 3.7485300293994017 6.25397492050159 0.4211015779684406
12 0.1 2.008 31.582804343912805 3.0272344553109303 5.654106917861643 0.19001619967600647
12 0.1 3.007 29.941138177236574 2.6388822223555595 5.751754964900702 0.08108837823243535
12 0.1 4.006 26.45064498709319 2.1578418431620143 8.351772964540709 0.012989740205195896
12 0.1 5.005 24.531982360358825 1.9303863922701512 9.972220555588889 6.899862002759944E-4
12 0.1 6.004 23.099999999986043 1.833333333328946 11.0 0.0
12 0.1 7.003 23.587853242933804 1.8836973260505572 10.76012479750405 1.1999760004799904E-4
12 0.1 8.002 23.429690406177123 1.8665126697430192 10.832753344933101 2.999940001199976E-5
12 0.1 9.001 23.099999999986043 1.833333333328946 11.0 2.999940001199976E-5
12 0.28 0.01 61.15269934601232 5.477765444691144 8.008489830203397 0.9942401151976961
12 0.28 10.0 44.87999999996958 1.833333333328946 11.0 0.0
12 0.4 0.5095 71.89299214015712 5.026744465110691 7.580908381832363 0.7805543889122217
12 0.4 1.5085 70.19131217375657 4.485070298594049 7.099778004439911 0.45131097378052437
12 0.4 2.5075 68.97152456950899 4.15643687126257 7.075718485630287 0.22682546349073018
12 0.4 3.5065 64.51309173816223 3.1598618027639858 10.009719805603888 0.038489230215395694
12 0.4 4.5055 61.36138477230315 2.3781624367513157 11.0 0.0032999340013199737
12 0.4 5.5045 60.49113817723542 2.136427271453924 11.0 0.0010499790004199917
12 0.4 6.5035 60.39019619604568 2.1083878322419585 11.0 7.199856002879943E-4
12 0.4 7.5025 59.7295734085277 1.9248815023682295 11.0 8.999820003599928E-5
12 0.4 8.5015 59.58894222113159 1.8858172836511229 11.0 2.999940001199976E-5
12 0.4 9.5005 59.39999999996489 1.833333333328946 11.0 0.0
12 0.46 0.01 79.35399112017961 5.488070238595296 8.025979480410392 0.996130077398452
12 0.46 10.0 66.65999999997385 1.833333333328946 11.0 5.999880002399952E-5
12 0.58 1.009 90.19784484310425 5.080193396132083 7.638177236455271 0.633287334253315
12 0.58 2.008 89.25873042539361 4.787139257214899 7.408141837163257 0.36206275874482513
12 0.58 3.007 88.51773744524635 4.554013919721528 7.374842503149937 0.19205615887682245
12 0.58 4.006 86.78460670786775 3.9597108057839034 8.6364972700546 0.07574848503029939
12 0.58 5.005 84.2174866502673 3.027589448210755 10.635957280854383 0.01592968140637187
12 0.58 6.004 82.73497270053707 2.4503859922803275 11.0 0.004409911801763965
12 0.58 7.003 82.26094498111149 2.2622797544046387 11.0 0.0023099538009239817
12 0.58 8.002 82.11827803445189 2.2056658866819974 11.0 0.0011999760004799903
12 0.58 9.001 81.51653926922872 1.9668806623843509 11.0 2.0999580008399833E-4
12 0.64 0.01 97.5104037919251 5.506364872702563 8.036719265614687 0.995620087598248
12 0.64 10.0 88.93966280672612 2.0646587068255062 11.0 5.399892002159956E-4
12 0.76 1.009 108.66959860802811 5.42521149577007 7.956590868182636 0.6764564708705826
12 0.76 2.008 108.17734925300849 5.246610067798641 7.813283734325314 0.4580308393832123
12 0.76 3.007 107.76711585767015 5.044469110617785 7.679486410271794 0.2901541969160617
12 0.76 4.006 107.45245815082012 4.8775724485509535 7.5643187136257275 0.1860262794744105
12 0.76 5.005 107.09576288472827 4.6636867262654205 7.666316673666526 0.11189776204475911
12 0.76 6.004 106.69948161035887 4.410261794764001 7.982780344393112 0.06587868242635148
12 0.76 7.003 106.06988660225853 3.985060298794058 8.68077638447231 0.03464930701385972
12 0.76 8.002 104.71798524029639 3.0535389292213173 10.885192296154077 0.01865962680746385
12 0.76 9.001 104.35196976059521 2.799979000420132 10.99670006599868 0.011909761804763904
12 0.82 0.01 115.64666046679238 5.509054818903623 8.040919181616367 0.995320093598128
12 0.82 10.0 112.0087556248891 3.489110217795877 10.135987280254396 0.026429471410571788
12 0.88 0.5095 120.88927701446724 5.668401631967345 8.19802603947921 0.8249835003299933
12 0.88 1.5085 120.4688366232773 5.636902261954792 8.172016559668807 0.635957280854383
12 0.88 2.5075 120.24980740385807 5.520314593708124 8.06854862902742 0.49688006239875204
12 0.88 3.5065 120.10476270474719 5.406091878162439 7.986740265194696 0.39317213655726885
12 0.88 4.5055 119.98806623866977 5.2806793864122765 7.857922841543169 0.30986380272394554
12 0.88 5.5045 119.88676666465284 5.158061838763265 7.752354952900942 0.248605027899442
12 0.88 6.5035 119.79917201654212 5.044909101818005 7.74827503449931 0.1998860022799544
12 0.88 7.5025 119.72777224453448 4.949776004479909 7.690556188876222 0.1610367792644147
12 0.88 8.5015 119.63976240472842 4.831133377332377 7.525289494210115 0.12179756404871903
12 0.88 9.5005 119.57144057116473 4.737195256094728 7.628337433251335 0.09911801763964721
12 0.94 1.009 126.48097258055988 5.785159296814072 8.29807403851923 0.745365092698146
12 0.94 2.008 126.27544189117816 5.761309773804531 8.284184316313674 0.6393472130557389
12 0.94 3.007 126.18375412493398 5.701745965080694 8.236185276294474 0.5631787364252715
12 0.94 4.006 126.12989500211523 5.631487370252609 8.182276354472911 0.4992500149997
12 0.94 5.005 126.08638087239454 5.547744045119052 8.115317693646126 0.44903101937961243
12 0.94 6.004 126.05825583489127 5.483875322493561 8.047489050218996 0.40655186896262074
12 0.94 7.003 126.02995140097364 5.41183176336477 8.006869862602748 0.36860262794744103
12 0.94 8.002 126.00946361072558 5.357662846743098 7.930461390772185 0.3374332513349733
12 0.94 9.001 125.9828205435801 5.284594308113914 7.879522409551809 0.2967540649187016
12 1.0 1.009 132.26573468530628 5.895757084858281 8.41615167696646 0.7890142197156057
12 1.0 2.008 132.08282834343314 5.959890802184035 8.462860742785145 0.7379252414951701
12 1.0 3.007 132.02900941981162 5.979075418491649 8.485390292194156 0.7247255054898902
12 1.0 4.006 132.00944981100378 5.994795104097911 8.489860202795944 0.7234355312893742
12 1.0 5.005 132.0040199196016 5.987940241195141 8.484610307793844 0.7104457910841783
12 1.0 6.004 132.00164996700067 5.988680226395439 8.49010019799604 0.7119757604847903
12 1.0 7.003 132.00068998620029 6.00593988120236 8.499820003599927 0.7203455930881383
12 1.0 8.002 132.00014999700005 5.991955160896785 8.50209995800084 0.7132957340853183
12 1.0 9.001 132.0000299994 5.997275054498878 8.506839863202735 0.7161456770864583
12 1.18 0.01 151.82691786164082 5.5290494190115576 8.059728805423891 0.9917501649967001
12 1.18 10.0 145.53527749445155 9.467335653287847 10.879972400551988 0.05456890862182756
12 1.3 0.5095 160.88877422451569 6.14086718265634 8.622457550848983 0.752444951100978
12 1.3 1.5085 159.31972160556847 6.835853282934361 9.220855582888342 0.5501889962200756
12 1.3 2.5075 158.13015839683217 7.484220315593741 9.723765524689506 0.3859122817543649
12 1.3 3.5065 156.88881322373493 8.172881542369154 10.212605747885043 0.23981520369592607
12 1.3 4.5055 155.92274554508734 8.709585808283906 10.531739365212696 0.14381712365752686
12 1.3 5.5045 154.96711765764888 9.24049019019637 10.805663886722266 0.0752684946301074
12 1.3 6.5035 154.23639527210136 9.64644707105911 10.925061498770024 0.03902921941561169
12 1.3 7.5025 153.6569328613325 9.968370632589936 10.976840463190737 0.020759584808303835
12 1.3 8.5015 153.29202615948634 10.171096578068868 10.993970120597588 0.011879762404751904
12 1.3 9.5005 152.90326993462216 10.387072258556447 10.99955000899982 0.005669886602267955
12 1.36 0.01 169.94959740805132 5.5288444231115506 8.057688846223076 0.9896802063958721
12 1.36 10.0 156.52384712310976 10.646367072654728 11.0 0.0013199736005279894
12 1.48 1.009 175.5041051179091 6.907141857162861 9.26732465350693 0.5416391672166556
12 1.48 2.008 172.47533569327248 7.946326073478539 10.04754904901902 0.2774044519109618
12 1.48 3.007 169.80870462590158 8.871977560449052 10.623717525649488 0.12077758444831103
12 1.48 4.006 167.67501289975365 9.612842743147143 10.907631847363053 0.04223915521689566
12 1.48 5.005 166.50790184195472 10.01808963820904 10.983860322793545 0.01613967720645587
12 1.48 6.004 165.11867522651866 10.500459990802362 10.994540109197816 0.003989920201595968
12 1.48 7.003 165.2351544969313 10.460015799683342 10.999820003599927 0.0027299454010919783
12 1.48 8.002 164.69083098338362 10.649017019663239 11.0 0.0012299754004919902
12 1.48 9.001 164.09668446638202 10.855317893632595 11.0 1.1999760004799904E-4
12 1.54 0.01 188.000881982352 5.530064398712035 8.05594888102238 0.9881202375952481
12 1.54 10.0 168.1578388431998 10.840173196521457 11.0 1.1999760004799904E-4
12 1.66 1.009 190.21812143756847 7.302163956720955 9.592578148437031 0.4336713265734685
12 1.66 2.008 184.59749025019602 8.717830643387213 10.547309053818923 0.14573708525829485
12 1.66 3.007 180.8189926201492 9.67197156056933 10.934631307373852 0.0368992620147597
12 1.66 4.006 178.30725445492286 10.306248875023092 10.997780044399112 0.007919841603167936
12 1.66 5.005 176.75870762583955 10.69729605407805 11.0 0.0011699766004679907
12 1.66 6.004 176.4447057058313 10.776589468214047 11.0 5.099898002039959E-4
12 1.66 7.003 175.57481010371737 10.99626007479781 11.0 2.999940001199976E-5
12 1.66 8.002 175.62415071690268 10.983800323990321 11.0 2.999940001199976E-5
12 1.66 9.001 175.73928541420838 10.954725905473595 11.0 2.999940001199976E-5
12 1.72 0.01 205.9734469310622 5.543314133717221 8.07052858942821 0.9858102837943241
12 1.72 10.0 179.6942437151627 10.959665806679395 11.0 5.999880002399952E-5
12 1.78 0.5095 203.71484850303713 6.703070938581219 9.105147897042059 0.6032279354412912
12 1.78 1.5085 195.71701565968058 8.385287294254166 10.351112977740446 0.19469610607787843
12 1.78 2.5075 189.74995140098196 9.660266794665137 10.945371092578148 0.038159236815263696
12 1.78 3.5065 186.77601127975763 10.295724085518254 10.997570048599028 0.006719865602687947
12 1.78 4.5055 185.23077638444212 10.625902481946445 11.0 0.0015899682006359872
12 1.78 5.5045 184.02642587147406 10.883242335144493 11.0 2.3999520009599807E-4
12 1.78 6.5035 183.70248275028243 10.95246095077545 11.0 0.0
12 1.78 7.5025 183.74221515578577 10.943971120573401 11.0 8.999820003599928E-5
12 1.78 8.5015 183.48000000012868 11.0 11.0 0.0
12 1.78 9.5005 183.48000000012868 11.0 11.0 0.0
12 1.84 1.009 204.03324413512033 7.709025819483668 9.897762044759105 0.33410331793364134
12 1.84 2.008 195.9633011339642 9.308868822623921 10.832093358132838 0.06761864762704746
12 1.84 3.007 192.0249223015484 10.090293194137075 10.991570168596628 0.01355972880542389
12 1.84 4.006 188.689895002166 10.75200495989733 11.0 0.0013499730005399892
12 1.84 5.005 188.12897942045635 10.863297734033447 11.0 3.899922001559969E-4
12 1.84 6.004 187.48840823192884 10.99039519209504 11.0 0.0
12 1.84 7.003 187.55634607316009 10.976915461688078 11.0 2.999940001199976E-5
12 1.84 8.002 187.51622847553426 10.984875302490885 11.0 2.999940001199976E-5
12 1.84 9.001 187.44000000010206 11.0 11.0 0.0
12 1.96 0.5095 219.07216295680564 6.8986070278594624 9.277194456110879 0.5472490550188996
12 1.96 1.5085 207.60122397545044 8.87478750424998 10.636737265254695 0.11741765164696706
12 1.96 2.5075 200.3619703606794 10.131602367952615 10.994420111597767 0.0124497510049799
12 1.96 3.5065 197.26488030250846 10.669291614163473 11.0 0.0017099658006839863
12 1.96 4.5055 195.70340433199732 10.940381192374065 11.0 8.999820003599928E-5
12 1.96 5.5045 195.94955300901404 10.897647047049785 11.0 1.1999760004799904E-4
12 1.96 6.5035 195.36000000009187 11.0 11.0 0.0
12 1.96 7.5025 195.37920921590765 10.996665066698 11.0 2.999940001199976E-5
12 1.96 8.5015 195.36000000009187 11.0 11.0 0.0
12 1.96 9.5005 195.36000000009187 11.0 11.0 0.0
14 0.08 0.01 56.33212695746062 6.467553506072743 9.381562368752626 0.9912701745965081
14 0.08 10.0 26.520000000011745 1.8571428571391961 13.0 0.0
14 0.2 0.5095 67.84080518389656 5.457649418440239 8.365782684346312 0.6968860622787544
14 0.2 1.5085 62.88470630587364 4.34466739236639 7.233725325493491 0.3578028439431211
14 0.2 2.5075 60.474014519709996 3.803953920921798 7.307763844723105 0.17816643667126658
14 0.2 3.5065 52.15183896321939 2.6869991171601595 12.03929921401572 0.015629687406251876
14 0.2 4.5055 48.448095038103595 2.151445542518615 13.0 2.999940001199976E-4
14 0.2 5.5045 46.90504589911087 1.8759010534042333 13.0 0.0
14 0.2 6.5035 47.560808783844905 1.993001568539892 13.0 8.999820003599928E-5
14 0.2 7.5025 47.08852222958131 1.9086646838463701 13.0 2.999940001199976E-5
14 0.2 8.5015 47.72076558469803 2.021565282980758 13.0 2.999940001199976E-5
14 0.2 9.5005 46.800000000028156 1.8571428571391961 13.0 0.0
14 0.26 0.01 81.2675412491767 6.48025182353497 9.38567228655427 0.99355012899742
14 0.26 10.0 56.93999999996015 1.8571428571391961 13.0 0.0
14 0.38 1.009 93.70890922182113 5.359298528315151 8.279564408711826 0.5848083038339233
14 0.38 2.008 91.69950560988424 4.842400294851322 7.822253554928902 0.30542389152216953
14 0.38 3.007 88.78638567227672 4.25721914133147 9.19127617447651 0.12020759584808303
14 0.38 4.006 80.87461090779026 2.698814595136843 12.99910001799964 0.004859902801943961
14 0.38 5.005 79.29532789344448 2.3353290077049813 13.0 0.0015599688006239876
14 0.38 6.004 78.49935681284701 2.1519255329191624 13.0 3.2999340013199736E-4
14 0.38 7.003 77.36005519891836 1.8894136402959538 13.0 2.999940001199976E-5
14 0.38 8.002 77.22000000001815 1.8571428571391961 13.0 0.0
14 0.38 9.001 77.58844003117122 1.9420368735469966 13.0 5.999880002399952E-5
14 0.44 0.01 106.1679942401144 6.4947372481121635 9.405171896562068 0.995680086398272
14 0.44 10.0 87.35999999999602 1.8571428571391961 13.0 0.0
14 0.56 1.009 120.71163496729372 5.820162168185202 8.740955180896382 0.6367672646547069
14 0.56 2.008 119.32735585287399 5.393814980843218 8.381262374752504 0.35564288714225717
14 0.56 3.007 118.13090418190035 5.062377323881987 8.28352432951341 0.1754364912701746
14 0.56 4.006 115.94063118736815 4.441629738833756 9.67507649847003 0.06626867462650747
14 0.56 5.005 110.88727665446304 2.910858925678709 12.997630047399053 0.010469790604187916
14 0.56 6.004 110.08056518870015 2.6495341521746845 13.0 0.004649907001859963
14 0.56 7.003 109.2838555228655 2.3908621827561385 13.0 0.0013199736005279894
14 0.56 8.002 109.03251934960153 2.3092595290948053 13.0 9.299814003719926E-4
14 0.56 9.001 107.93560808788057 1.9531195090359539 13.0 2.3999520009599807E-4
14 0.62 0.01 131.00874542509257 6.503162793886946 9.425331493370132 0.9962500749985
14 0.62 10.0 118.42245695091624 2.0986680266393907 13.0 1.499970000599988E-4
14 0.68 0.5095 138.60657466850597 6.292498435745554 9.193106137877242 0.8254034919301614
14 0.68 1.5085 137.54737025259652 5.906556154591246 8.83452330953381 0.5268794624107518
14 0.68 2.5075 136.70373192536192 5.604007919841532 8.58864822703546 0.30596388072238556
14 0.68 3.5065 135.98605267894268 5.338093238135344 8.39002219955601 0.16490670186596268
14 0.68 4.5055 135.3959488810171 5.111473484815901 8.275364492710146 0.08252834943301134
14 0.68 5.5045 133.14891342171896 4.162455322322234 10.96505069898602 0.035369292614147715
14 0.68 6.5035 130.81529369411658 3.149311299488297 12.97180056398872 0.01502969940601188
14 0.68 7.5025 129.7698350033007 2.6829620550445163 13.0 0.006179876402471951
14 0.68 8.5015 129.32670786584077 2.4851374401077626 13.0 0.0021899562008759824
14 0.68 9.5005 128.39664006721 2.069928601427476 13.0 7.49985000299994E-4
14 0.74 1.009 146.54994780104067 6.215644258543405 9.106797864042719 0.6967660646787064
14 0.74 2.008 145.83720045598258 5.936632695917433 8.84592308153837 0.45851082978340435
14 0.74 3.007 145.2291912161615 5.66611096349505 8.613937721245575 0.28139437211255774
14 0.74 4.006 144.73077278452408 5.443228278291477 8.479330413391732 0.16808663826723466
14 0.74 5.005 144.29193916118996 5.233361047064387 8.487160256794864 0.09602807943841123
14 0.74 6.004 143.64703065935868 4.904606193590323 8.691486170276594 0.04898902021959561
14 0.74 7.003 140.81397672047348 3.3701583111195617 12.979210415791684 0.023249535009299813
14 0.74 8.002 140.2824251514989 3.0782555777457334 13.0 0.012269754604907902
14 0.74 9.001 139.86471230574364 2.848743025139746 13.0 0.00752984940301194
14 0.86 0.5095 163.5305429891378 6.540272051701824 9.444291114177716 0.8482330353392932
14 0.86 1.5085 163.06095338093292 6.417184513452531 9.309653806923862 0.6498170036599268
14 0.86 2.5075 162.7644753104935 6.232491064464401 9.149037019259614 0.494510109797804
14 0.86 3.5065 162.5175562488794 6.04621621853282 8.92677146457071 0.372802543949121
14 0.86 4.5055 162.3306107877893 5.891890733613853 8.817633647327053 0.2771944561108778
14 0.86 5.5045 162.16468050639614 5.741370886868041 8.679216415671686 0.21041579168416633
14 0.86 6.5035 162.00887742245953 5.590996751493599 8.606617867642647 0.15899682006359872
14 0.86 7.5025 161.8658132837423 5.449909573237052 8.497570048599028 0.11636767264654707
14 0.86 8.5015 161.75330533389766 5.338080381249272 8.455810883782325 0.0881382372352553
14 0.86 9.5005 161.57820603587732 5.159986800263936 8.764804703905922 0.06716865662686747
14 0.92 1.009 171.4628295434138 6.628037439251202 9.51019979600408 0.7735345293094138
14 0.92 2.008 171.24176276474802 6.564370141168594 9.440031199376012 0.6516769664606707
14 0.92 3.007 171.1006491870174 6.434459882230892 9.326933461330773 0.5527389452210956
14 0.92 4.006 171.01197936040748 6.329693406131909 9.258294834103317 0.4764504709905802
14 0.92 5.005 170.9312749744866 6.212832886199347 9.126627467450652 0.40673186536269273
14 0.92 6.004 170.85939401210297 6.094626678895039 9.001979960400792 0.3528229435411292
14 0.92 7.003 170.80056998857907 5.9959415097412165 8.915311693766125 0.30380392392152156
14 0.92 8.002 170.73163976718942 5.875661058207333 8.818743625127498 0.2587148257034859
14 0.92 9.001 170.6951388972045 5.811959475096188 8.74917501649967 0.22382552348953022
14 1.1 0.5095 195.79464210715673 6.876702465950671 9.738615227695446 0.8483530329393412
14 1.1 1.5085 195.22551148976916 7.210124368941114 10.049979000419992 0.7435651286974261
14 1.1 2.5075 194.95876882462298 7.505669886602302 10.301823963520729 0.6888762224755505
14 1.1 3.5065 194.77197756044947 7.7591733879608125 10.53944921101578 0.624677506449871
14 1.1 4.5055 194.59242815143878 8.011618339061721 10.734985300293994 0.5708885822283555
14 1.1 5.5045 194.39223315533647 8.296998345747385 10.997660046799064 0.503059938801224
14 1.1 6.5035 194.19575808483836 8.577488450231156 11.210865782684346 0.44765104697906044
14 1.1 7.5025 194.00975880482258 8.843201707394787 11.399472010559789 0.3876222475550489
14 1.1 8.5015 193.836731265375 9.090383906608396 11.582618347633048 0.34061318773624527
14 1.1 9.5005 193.61812563748612 9.4026776607339 11.833503329933402 0.2787244255114898
14 1.16 0.01 205.41331013379403 6.508669826603482 9.407181856362874 0.9938801223975521
14 1.16 10.0 198.94309473811097 10.872236840978278 12.706815863682726 0.07751844963100737
14 1.28 1.009 218.2692698146008 7.529575122783316 10.34910301793964 0.6847063058738825
14 1.28 2.008 216.62570588588414 8.336507555563276 11.024569508609828 0.5059698806023879
14 1.28 3.007 215.1562632747397 9.083578328434212 11.590628187436252 0.34250314993700126
14 1.28 4.006 213.72876102478045 9.811856620013602 12.101937961240775 0.2114057718845623
14 1.28 5.005 212.49115497688996 10.443288277093481 12.49655006899862 0.12263754724905501
14 1.28 6.004 211.44673666526472 10.976154762619265 12.770834583308334 0.06668866622667546
14 1.28 7.003 210.55978160436172 11.428682854915236 12.896022079558408 0.036839263214735705
14 1.28 8.002 210.01173456530626 11.70829869116692 12.97240055198896 0.019739605207895843
14 1.28 9.001 209.33648887024543 12.052811800906067 12.991660166796665 0.00995980080398392
14 1.34 0.01 230.1258048839027 6.535240723756924 9.433011339773204 0.99205015899682
14 1.34 10.0 213.97562608746557 12.5648629884518 13.0 0.0014099718005639887
14 1.46 1.009 239.86473450529593 8.038467802072564 10.778964420711585 0.5726285474290514
14 1.46 2.008 235.78627887449824 9.296295502662508 11.73612527749445 0.2984340313193736
14 1.46 3.007 232.17374032511802 10.418093066712572 12.46595068098638 0.12095758084838303
14 1.46 4.006 229.63838603220492 11.205470176310566 12.842953140937182 0.048089038219235616
14 1.46 5.005 227.59528169439136 11.839974629078412 12.982960340793184 0.017099658006839862
14 1.46 6.004 226.43745725094323 12.199547437627903 12.998290034199316 0.005849883002339953
14 1.46 7.003 225.75642707155782 12.411047493339158 13.0 0.002849943001139977
14 1.46 8.002 225.15996160084524 12.596285217145304 13.0 8.69982600347993E-4
14 1.46 9.001 224.7449487011483 12.725171210860244 13.0 5.699886002279955E-4
14 1.52 0.01 254.85281454370937 6.534533595042415 9.432951340973181 0.9891702165956681
14 1.52 10.0 229.90110397790409 12.840356049997721 13.0 8.999820003599928E-5
14 1.58 0.5095 257.01194996102663 7.558987391680777 10.371692566148678 0.6911561768764625
14 1.58 1.5085 250.26023699524671 9.187320539304695 11.660766784664307 0.31631367372652547
14 1.58 2.5075 244.66789164216428 10.564558708827597 12.559218815623687 0.10649787004259915
14 1.58 3.5065 241.017566448715 11.463653584071999 12.944861102777944 0.032699346013079736
14 1.58 4.5055 238.51453950912395 12.080162682462776 12.99655006899862 0.007739845203095938
14 1.58 5.5045 236.61096538071288 12.549023305237966 13.0 0.0014099718005639887
14 1.58 6.5035 236.51135237297083 12.573558528830848 13.0 9.599808003839923E-4
14 1.58 7.5025 235.63218275642657 12.790102769350717 13.0 1.7999640007199856E-4
14 1.58 8.5015 235.0732189357129 12.927778587288566 13.0 8.999820003599928E-5
14 1.58 9.5005 234.78000000007262 13.0 13.0 0.0
14 1.64 1.009 260.32863742725254 8.517708217264287 11.173366532669347 0.4579708405831883
14 1.64 2.008 252.71082258355986 10.216334244746772 12.373732525349492 0.1505069898602028
14 1.64 3.007 247.71135777283308 11.332286211419241 12.896712065758685 0.04079918401631968
14 1.64 4.006 244.77032219357528 11.988767367510947 12.993070138597227 0.010949781004379912
14 1.64 5.005 242.52250794978679 12.490511618340678 13.0 0.00248995020099598
14 1.64 6.004 242.3257310853109 12.534435025590694 13.0 0.001139977200455991
14 1.64 7.003 241.32938621224787 12.75683343475865 13.0 2.0999580008399833E-4
14 1.64 8.002 240.47448491039194 12.947659618232663 13.0 5.999880002399952E-5
14 1.64 9.001 240.3604775905478 12.973107680695701 13.0 2.999940001199976E-5
14 1.76 0.5095 278.8900389992019 7.804686763407619 10.588198236035279 0.629747405051899
14 1.76 1.5085 267.8436191276214 9.86399129160548 12.144717105657886 0.19826603467930642
14 1.76 2.5075 260.0602351952621 11.327023459531082 12.891882162356753 0.04358912821743565
14 1.76 3.5065 256.1339485210888 12.06504727048585 12.991240175196497 0.008879822403551929
14 1.76 4.5055 253.7686098278519 12.50965980680536 13.0 0.001109977800443991
14 1.76 5.5045 252.22606107881876 12.799612579177357 13.0 2.0999580008399833E-4
14 1.76 6.5035 251.97918761625473 12.84601736536707 13.0 5.999880002399952E-5
14 1.76 7.5025 251.28101997970427 12.977251883527082 13.0 0.0
14 1.76 8.5015 251.1600000001025 13.0 13.0 0.0
14 1.76 9.5005 251.1600000001025 13.0 13.0 0.0
14 1.82 1.009 279.43611447772514 9.025495204382384 11.565728685426292 0.35309293814123716
14 1.82 2.008 268.54812923739047 10.921928704282676 12.742605147897041 0.07217855642887143
14 1.82 3.007 262.7270246595153 11.936058421691438 12.993160136797265 0.012869742605147897
14 1.82 4.006 259.68519709610774 12.465993537267929 13.0 0.0023099538009239817
14 1.82 5.005 258.3847933041488 12.692544720529842 13.0 4.7999040019199615E-4
14 1.82 6.004 257.6274728506212 12.824482081760442 13.0 2.999940001199976E-5
14 1.82 7.003 257.44349313024435 12.856534297851034 13.0 5.999880002399952E-5
14 1.82 8.002 256.6200000000795 13.0 13.0 0.0
14 1.82 9.001 256.6200000000795 13.0 13.0 0.0
14 1.94 0.5095 299.9904253914887 8.077098458030836 10.817033659326814 0.5636287274254514
14 1.94 1.5085 284.30490310192505 10.45214238572575 12.50314993700126 0.11714765704685906
14 1.94 2.5075 274.5304427911584 11.937622676117847 12.9947501049979 0.013079738405231895
14 1.94 3.5065 270.8183818323713 12.501765678971314 13.0 0.0018599628007439852
14 1.94 4.5055 269.55262194752265 12.694130403103788 13.0 5.999880002399952E-4
14 1.94 5.5045 268.65212935762054 12.830983380296669 13.0 8.999820003599928E-5
14 1.94 6.5035 267.81720045595534 12.957872271113704 13.0 0.0
14 1.94 7.5025 267.5399999999792 13.0 13.0 0.0
14 1.94 8.5015 267.5399999999792 13.0 13.0 0.0
14 1.94 9.5005 267.5399999999792 13.0 13.0 0.0
14 2.0 0.5095 306.8317633647327 8.173627956012277 10.875142497150057 0.5458390832183356
14 2.0 1.5085 289.64114717705644 10.62269326042156 12.575988480230395 0.09773804523909521
14 2.0 2.5075 279.4517009659807 12.078328433433638 12.99640007199856 0.00881982360352793
14 2.0 3.5065 275.4622307553849 12.648252749222081 13.0 8.69982600347993E-4
14 2.0 4.5055 273.7687046259075 12.890185053425098 13.0 1.1999760004799904E-4
14 2.0 5.5045 273.0 13.0 13.0 0.0
14 2.0 6.5035 273.0 13.0 13.0 0.0
14 2.0 7.5025 273.0 13.0 13.0 0.0
14 2.0 8.5015 273.0 13.0 13.0 0.0
14 2.0 9.5005 273.0 13.0 13.0 0.0
16 0.0 0.5095 45.03779924401512 5.62972490550189 8.872832543349134 0.5582288354232915
16 0.0 1.5085 24.057808843823125 3.0072261054778906 5.69892602147957 0.09425811483770324
16 0.0 2.5075 17.70852582948341 2.2135657286854262 4.459980800383993 0.01613967720645587
16 0.0 3.5065 15.78067438651227 1.9725842983140338 4.073168536629267 0.0034499310013799724
16 0.0 4.5055 15.226795464090719 1.9033494330113399 3.98110037799244 0.00125997480050399
16 0.0 5.5045 15.067408651826964 1.8834260814783705 3.6964360712785744 6.599868002639947E-4
16 0.0 6.5035 15.0 1.875 3.8070738585228296 6.29987400251995E-4
16 0.0 7.5025 15.031769364612709 1.8789711705765886 3.73147537049259 4.7999040019199615E-4
16 0.0 8.5015 15.0 1.875 3.624737505249895 7.49985000299994E-4
16 0.0 9.5005 15.0 1.875 4.247045059098818 4.499910001799964E-4
16 0.06 0.01 70.70338513230172 7.478479180416391 10.727815443691126 0.991570168596628
16 0.06 10.0 28.5 1.875 15.0 0.0
16 0.18 1.009 79.83384172316552 5.329790904181916 8.552558948821023 0.46988060238795226
16 0.18 2.008 75.33248815023764 4.431608867822644 7.681406371872563 0.24629507409851803
16 0.18 3.007 72.01025799484322 3.8495267594648106 8.727095458090838 0.10256794864102718
16 0.18 4.006 59.365012299733344 2.4387712245755084 14.905711885762285 0.001499970000599988
16 0.18 5.005 56.656078478419076 2.0512314753704928 15.0 5.999880002399952E-5
16 0.18 6.004 55.5 1.875 15.0 0.0
16 0.18 7.003 55.5 1.875 15.0 0.0
16 0.18 8.002 55.5 1.875 15.0 0.0
16 0.18 9.001 55.5 1.875 15.0 0.0
16 0.24 0.01 103.33434331313634 7.479506659866803 10.730515389692206 0.993790124197516
16 0.24 10.0 69.0 1.875 15.0 0.0
16 0.36 1.009 118.44381832363115 5.993212635747285 9.226105477890442 0.5641687166256675
16 0.36 2.008 115.55796724065775 5.340598188036239 8.643397132057359 0.2992740145197096
16 0.36 3.007 112.59518089638557 4.792805393892122 9.579888402231955 0.12104757904841904
16 0.36 4.006 100.95023699526583 2.8418431631367373 15.0 0.004859902801943961
16 0.36 5.005 98.88608627829828 2.4386887262254753 15.0 0.0014099718005639887
16 0.36 6.004 98.03358492825981 2.272184556308874 15.0 4.1999160016799666E-4
16 0.36 7.003 96.03822643547153 1.8824661006779864 15.0 0.0
16 0.36 8.002 96.0 1.875 15.0 0.0
16 0.36 9.001 96.0 1.875 15.0 0.0
16 0.42 0.01 135.9583278334396 7.479390412191756 10.724635507289854 0.9947501049979001
16 0.42 10.0 109.97334013324617 1.9770129597408053 15.0 0.0
16 0.48 0.5095 144.3697582048293 6.814221215575689 10.079888402231955 0.7884442311153776
16 0.48 1.5085 141.3609227815686 6.011253524929502 9.25727485450291 0.45908081838363235
16 0.48 2.5075 139.49496490071587 5.563197486050279 8.892242155156897 0.2392452150956981
16 0.48 3.5065 136.2814819703536 4.885061048779025 10.414981700365992 0.0877782444351113
16 0.48 4.5055 127.94682186360873 3.0634787304253916 14.995920081598369 0.008249835003299934
16 0.48 5.5045 126.01752564956055 2.600366742665147 15.0 0.0023099538009239817
16 0.48 6.5035 124.82901661970827 2.314667456650867 15.0 0.0010199796004079918
16 0.48 7.5025 123.88801223978133 2.088464480710386 15.0 5.999880002399952E-5
16 0.48 8.5015 123.27388372233388 1.940837433251335 15.0 2.999940001199976E-5
16 0.48 9.5005 123.0873582528366 1.8959995800083997 15.0 0.0
16 0.54 1.009 154.4219451610859 6.49542509149817 9.748995020099597 0.633047339053219
16 0.54 2.008 152.48812803740498 5.967893142137157 9.229555408891823 0.35750284994300113
16 0.54 3.007 150.95356392868194 5.588265734685306 9.082738345233095 0.16955660886782264
16 0.54 4.006 145.9951064978574 4.3781686866262675 12.486470270594587 0.047069058618827625
16 0.54 5.005 141.5244933101575 3.2403514429711406 15.0 0.009629807403851923
16 0.54 6.004 139.2861642766813 2.632109857802844 15.0 0.0024599508009839803
16 0.54 7.003 138.72233515324166 2.478895422091558 15.0 0.001109977800443991
16 0.54 8.002 137.93016199668608 2.2636309773804526 15.0 6.899862002759944E-4
16 0.54 9.001 137.08092698142363 2.0328605927881442 15.0 5.999880002399952E-5
16 0.66 0.5095 178.46177956440917 7.120545089098218 10.368482630347392 0.8298134037319254
16 0.66 1.5085 176.88076078478392 6.571346073078538 9.83407331853363 0.5239095218095638
16 0.66 2.5075 175.65665386692322 6.166984160316794 9.422061558768824 0.29489410211795763
16 0.66 3.5065 174.73903581928792 5.875738735225296 9.139317213655726 0.15638687226255474
16 0.66 4.5055 173.72899862002495 5.547560298794024 9.368992620147598 0.07157856842863143
16 0.66 5.5045 171.67122517547887 4.8434293814123714 11.098938021239576 0.029249415011699767
16 0.66 6.5035 167.1555150897047 3.2189393712125756 15.0 0.010439791204175916
16 0.66 7.5025 166.2688876222356 2.8929733905321893 15.0 0.005849883002339953
16 0.66 8.5015 165.04370852582772 2.442539899202016 15.0 0.0015299694006119878
16 0.66 9.5005 164.83471470568202 2.3657039359212817 15.0 9.599808003839923E-4
16 0.72 1.009 188.98059038819656 6.9774742005159895 10.230005399892002 0.6996160076798464
16 0.72 2.008 187.91101097977972 6.563692476150477 9.815653686926261 0.44447111057778843
16 0.72 3.007 187.08366472670173 6.253209935801284 9.499580008399832 0.2643247135057299
16 0.72 4.006 186.29500569988355 5.939989950200996 9.293784124317513 0.14477710445791084
16 0.72 5.005 185.6915701685858 5.702593448131037 9.264264714705705 0.07721845563088738
16 0.72 6.004 184.0823915521681 5.013938471230575 11.545599088018239 0.039809203815923684
16 0.72 7.003 180.55146937061335 3.460352042959141 14.977530449391011 0.018299634007319855
16 0.72 8.002 179.80834103316852 3.1287236755264893 15.0 0.010319793604127917
16 0.72 9.001 179.18344393113642 2.8497517549649007 15.0 0.00509989800203996
16 0.84 0.5095 211.61947441050845 7.430802633947321 10.663886722265556 0.869742605147897
16 0.84 1.5085 211.04929381412043 7.175368992620148 10.400431991360172 0.6591468170636587
16 0.84 2.5075 210.61463730725447 6.918971620567588 10.168086638267235 0.4906101877962441
16 0.84 3.5065 210.2332369352613 6.676677716445671 9.897102057958842 0.3495230095398092
16 0.84 4.5055 209.88648707025854 6.435388792224155 9.678196436071278 0.24530509389812205
16 0.84 5.5045 209.60821263574266 6.2335003299934 9.551028979420412 0.17036659266814663
16 0.84 6.5035 209.42217795644015 6.098555528889422 9.332963340733185 0.125637487250255
16 0.84 7.5025 209.16296394072873 5.90297444051119 9.406341873162537 0.0877782444351113
16 0.84 8.5015 209.00495470090866 5.780888132237355 9.302633947321054 0.06419871602567949
16 0.84 9.5005 208.51517729647404 5.401556968860623 10.169946601067979 0.04283914321713566
16 0.9 0.01 222.93708525829484 7.507713595728085 10.769514609707805 0.997630047399052
16 0.9 10.0 220.90592788144042 6.13159986800264 9.443511129777404 0.13184736305273895
16 1.08 1.009 254.1991708165914 8.01694966100678 11.230245395092098 0.8341633167336653
16 1.08 2.008 253.93579888401857 8.272293304133918 11.455840883182336 0.7696646067078659
16 1.08 3.007 253.74811063776846 8.528296934061318 11.691606167876643 0.7201955960880783
16 1.08 4.006 253.59909641805663 8.754196166076678 11.890622187556248 0.6693466130677387
16 1.08 5.005 253.41517609646797 9.039242965140698 12.147777044459112 0.617387652246955
16 1.08 6.004 253.2465350692957 9.302390202195957 12.366082678346434 0.5633887322253555
16 1.08 7.003 253.07327053458775 9.573014789704207 12.594288114237715 0.5116397672046559
16 1.08 8.002 252.90486110277573 9.836154526909462 12.801613967720646 0.45497090058198836
16 1.08 9.001 252.73361252775024 10.103730425391491 12.998290034199316 0.40586188276234475
16 1.14 0.01 266.38108717825463 7.508598578028439 10.769814603707927 0.9955000899982
16 1.14 10.0 260.10338933220584 12.050545239095218 14.354142917141656 0.11930761384772305
16 1.26 1.009 284.56809863804756 8.597708045839083 11.765014699706006 0.7212455750884982
16 1.26 2.008 282.72252714946507 9.461668266634668 12.5262494750105 0.5354892902141957
16 1.26 3.007 281.01847903039953 10.279631907361853 13.15389692206156 0.37028259434811306
16 1.26 4.006 279.25469610607803 11.12754994900102 13.763004739905202 0.2363352732945341
16 1.26 5.005 277.95737145259477 11.751263724725506 14.170936581268375 0.1506269874602508
16 1.26 6.004 276.6130761384866 12.397559548809024 14.544819103617927 0.08582828343433131
16 1.26 7.003 275.36725385491536 12.996512569748605 14.802393952120958 0.04445911081778364
16 1.26 8.002 274.670914981678 13.331290874182516 14.922301553968921 0.027179456410871782
16 1.26 9.001 273.92727785439865 13.688808723825524 14.98065038699226 0.015419691606167877
16 1.32 0.01 298.8994420111536 7.518115887682247 10.778304433911321 0.993160136797264
16 1.32 10.0 280.10057718841824 14.335712035759284 15.0 0.001979960400791984
16 1.38 0.5095 306.00455330894 8.338989470210596 11.516409671806564 0.7814243715125697
16 1.38 1.5085 302.0264828703461 9.598090538189236 12.616337673246536 0.508429831403372
16 1.38 2.5075 298.3167648646927 10.816853662926741 13.542719145617088 0.2835843283134337
16 1.38 3.5065 295.0633725325709 11.88704850902982 14.267894642107159 0.13520729585408292
16 1.38 4.5055 292.4920627587439 12.73287409251815 14.744735105297893 0.060688786224275516
16 1.38 5.5045 290.7449109017707 13.307595098098037 14.924611507769844 0.028289434211315773
16 1.38 6.5035 289.16404751901655 13.827615947681046 14.987220255594888 0.010559788804223915
16 1.38 7.5025 288.0213457730842 14.203504679906402 14.999970000599989 0.003629927401451971
16 1.38 8.5015 286.98063778728635 14.545842833143338 15.0 0.001139977200455991
16 1.38 9.5005 286.445224695424 14.721965560688787 15.0 3.599928001439971E-4
16 1.44 1.009 313.3105561888784 9.178586428271435 12.260844783104337 0.5936281274374513
16 1.44 2.008 308.1900377992406 10.627842443151136 13.389422211555768 0.3182936341273174
16 1.44 3.007 304.00951940962136 11.815477440451192 14.202195956080878 0.14267714645707086
16 1.44 4.006 300.50929261414865 12.809860052798944 14.720945581088378 0.05645887082258355
16 1.44 5.005 297.96368392632445 13.533044339113218 14.953050938981221 0.01859962800743985
16 1.44 6.004 296.1659458810608 14.043765374692507 14.99655006899862 0.006929861402771945
16 1.44 7.003 294.961918761596 14.385818533629328 15.0 0.0018899622007559848
16 1.44 8.002 294.3640763184637 14.555660136797265 15.0 0.0011699766004679907
16 1.44 9.001 293.78561108776455 14.719996850063 15.0 2.3999520009599807E-4
16 1.56 0.5095 335.79090898182 8.641458420831583 11.794714105717885 0.7110157796844063
16 1.56 1.5085 327.20409431811515 10.534863052738945 13.346883062338753 0.3305333893322134
16 1.56 2.5075 320.4776144477016 12.036246775064498 14.332093358132838 0.11771764564708706
16 1.56 3.5065 315.9153464930801 13.054610157796844 14.856392872142557 0.03932921341573169
16 1.56 4.5055 312.05829483408843 13.915559188816223 14.996340073198535 0.008999820003599928
16 1.56 5.5045 310.31329693401995 14.305067648647027 15.0 0.0026999460010799785
16 1.56 6.5035 308.74484670308306 14.655168146637067 15.0 2.699946001079978E-4
16 1.56 7.5025 307.9647711046229 14.829292164156717 15.0 8.999820003599928E-5
16 1.56 8.5015 307.20033599325285 14.99992500149997 15.0 2.999940001199976E-5
16 1.56 9.5005 307.199999999973 15.0 15.0 0.0
16 1.62 1.009 340.2988780224423 9.77954940901182 12.753614927701445 0.47030059398812024
16 1.62 2.008 331.14053938919983 11.624891252174956 14.095008099838003 0.16775664486710265
16 1.62 3.007 324.57866502669594 12.94784979300414 14.815563688726225 0.046769064618707626
16 1.62 4.006 319.891037979266 13.892935891282175 14.9940001199976 0.010259794804103918
16 1.62 5.005 318.07642107160456 14.258786074278515 14.998320033599327 0.0021899562008759824
16 1.62 6.004 316.27858102830123 14.621253824923501 15.0 5.399892002159956E-4
16 1.62 7.003 314.4827869444582 14.983309083818323 15.0 2.999940001199976E-5
16 1.62 8.002 315.4676372472278 14.7847505549889 15.0 8.999820003599928E-5
16 1.62 9.001 314.4000000001971 15.0 15.0 0.0
16 1.74 0.5095 364.65950620985126 8.95360217795644 12.089458210835783 0.6470270594588108
16 1.74 1.5085 350.6547081058357 11.30832633347333 13.891192176156476 0.20471590568188636
16 1.74 2.5075 340.3439245215303 13.050012749745004 14.830743385132298 0.042779144417111656
16 1.74 3.5065 335.09332993344816 13.936937511249775 14.993910121797564 0.00863982720345593
16 1.74 4.5055 332.11903341919793 14.43935246295074 15.0 0.0014399712005759885
16 1.74 5.5045 330.59445671067505 14.696882312353752 15.0 2.699946001079978E-4
16 1.74 6.5035 328.8000000000742 15.0 15.0 0.0
16 1.74 7.5025 329.9064702704217 14.81309623807524 15.0 5.999880002399952E-5
16 1.74 8.5015 328.8000000000742 15.0 15.0 0.0
16 1.74 9.5005 328.8000000000742 15.0 15.0 0.0
16 1.8 0.01 385.53119337613316 7.535268044639107 10.79672406551869 0.98890022199556
16 1.8 10.0 336.0 15.0 15.0 0.0
16 1.92 0.5095 392.6732597348695 9.260803533929321 12.336683266334674 0.5795884082318353
16 1.92 1.5085 372.50075478501884 11.997180056398872 14.330053398932021 0.12038759224815504
16 1.92 2.5075 360.24820063585406 13.661929261414771 14.975880482390352 0.01382972340553189
16 1.92 3.5065 354.51259374816885 14.441223675526489 15.0 0.0014399712005759885
16 1.92 4.5055 352.041946361245 14.776909461810764 15.0 1.499970000599988E-4
16 1.92 5.5045 350.44860262815865 14.993396382072358 15.0 0.0
16 1.92 6.5035 350.40000000021513 15.0 15.0 0.0
16 1.92 7.5025 350.70938981241824 14.957963340733185 15.0 2.999940001199976E-5
16 1.92 8.5015 350.40000000021513 15.0 15.0 0.0
16 1.92 9.5005 350.40000000021513 15.0 15.0 0.0
18 0.04 0.01 85.4135405291912 8.46549402345265 12.050188996220076 0.9917201655966881
18 0.04 10.0 28.560000000023923 1.8888888888904165 17.0 0.0
18 0.16 1.009 94.79374812503718 5.833756658200195 9.338183236335274 0.4384712305753885
18 0.16 2.008 88.3013487730242 4.710629120751064 8.208435831283374 0.21767564648707025
18 0.16 3.007 80.18006599868079 3.7118790957511685 11.867792644147118 0.06569868602627947
18 0.16 4.006 66.97841363173946 2.375369159281467 16.973090538189236 6.599868002639947E-4
18 0.16 5.005 63.8049475010374 1.9636173943193893 17.0 5.999880002399952E-5
18 0.16 6.004 63.23999999999261 1.8888888888904165 17.0 0.0
18 0.16 7.003 64.34905501891906 2.0355892882138216 17.0 5.999880002399952E-5
18 0.16 8.002 63.65851322972504 1.9442477817118438 17.0 0.0
18 0.16 9.001 63.23999999999261 1.8888888888904165 17.0 0.0
18 0.22 0.01 126.88235255294597 8.459334146650235 12.037409251814964 0.992680146397072
18 0.22 10.0 80.58000000003828 1.8888888888904165 17.0 0.0
18 0.28 0.5095 133.18812623747266 7.204999233348695 10.790364192716146 0.7082858342833144
18 0.28 1.5085 125.75548809023884 5.843523129537516 9.368932621347573 0.371872562548749
18 0.28 2.5075 122.48026519469106 5.227662113424234 9.083218335633287 0.18683626327473452
18 0.28 3.5065 104.22664906702175 2.862059425477976 16.99985000299994 0.003119937601247975
18 0.28 4.5055 102.71395932081985 2.628697426052887 17.0 0.0014699706005879883
18 0.28 5.5045 100.09801403968666 2.2250021666207593 17.0 1.7999640007199856E-4
18 0.28 6.5035 99.63023219534226 2.1528136103925095 17.0 0.0
18 0.28 7.5025 98.87182816347844 2.035775951147123 17.0 0.0
18 0.28 8.5015 98.74834343311053 2.0167196656064448 17.0 2.999940001199976E-5
18 0.28 9.5005 97.91999999995531 1.8888888888904165 17.0 0.0
18 0.34 1.009 144.59268614627695 6.580905048565646 10.143637127257454 0.5475790484190316
18 0.34 2.008 140.51591228175772 5.771477903775304 9.33692326153477 0.28505429891402173
18 0.34 3.007 135.90898242034928 5.050058998819949 11.32477350452991 0.10607787844243115
18 0.34 4.006 122.43875982481578 3.097334719972267 16.999670006599867 0.00620987580248395
18 0.34 5.005 117.54230035402516 2.2731145377063173 17.0 5.099898002039959E-4
18 0.34 6.004 116.00509869797237 2.0143263801389577 17.0 1.1999760004799904E-4
18 0.34 8.002 115.25999999990317 1.8888888888904165 17.0 0.0
18 0.34 9.001 115.73590328188284 1.9690072865212982 17.0 2.999940001199976E-5
18 0.46 0.5095 178.4619859602837 7.601397972040609 11.188696226075479 0.7834343313133737
18 0.46 1.5085 174.02143997120805 6.578011773097919 10.130617387652247 0.44444111117777646
18 0.46 2.5075 171.43895842078788 6.026596134743892 9.641207175856483 0.21680566388672226
18 0.46 3.5065 161.5440997180496 4.2269954600909925 15.736665266694667 0.03638927221455571
18 0.46 4.5055 155.91717825642138 3.1187609581143785 17.0 0.006509869802603948
18 0.46 5.5045 152.46151196972548 2.407718512295073 17.0 8.399832003359933E-4
18 0.46 6.5035 152.4840295194078 2.4123517529646934 17.0 6.599868002639947E-4
18 0.46 7.5025 150.98583488324 2.1040812517069862 17.0 2.999940001199976E-5
18 0.46 8.5015 151.16710925777647 2.1413805057212416 17.0 5.999880002399952E-5
18 0.46 9.5005 149.9400000000251 1.8888888888904165 17.0 0.0
18 0.52 1.009 190.97568128637354 7.1595768084638145 10.720735585288294 0.621947561048779
18 0.52 2.008 188.2832171356545 6.49855336226608 10.038339233215336 0.34184316313673724
18 0.52 3.007 186.25569808603763 6.0525656153542196 9.799604007919841 0.1652966940661187
18 0.52 4.006 177.03840043196269 4.1176509803136465 15.923561528769424 0.02867942641147177
18 0.52 5.005 171.90612347754396 2.9597508049840906 17.0 0.00500989980200396
18 0.52 6.004 170.82578508432735 2.7096724732179895 17.0 0.0018599628007439852
18 0.52 8.002 168.5722589548244 2.1880229062061765 17.0 2.3999520009599807E-4
18 0.52 9.001 168.21361972757427 2.105004566573807 17.0 2.999940001199976E-5
18 0.64 0.5095 222.2333917321692 7.958337499916599 11.566328673426531 0.8273834523309533
18 0.64 1.5085 219.86813583727795 7.212812410418481 10.753044939101217 0.5191996160076798
18 0.64 2.5075 218.13671326573484 6.700045999080032 10.269244615107699 0.2864642707145857
18 0.64 3.5065 216.85044459111003 6.347226388805397 9.941111177776444 0.14492710145797083
18 0.64 4.5055 215.4809215815591 5.96911395105428 10.31832363352733 0.06332873342533149
18 0.64 5.5045 207.74080398392633 3.6720565588687393 16.966610667786643 0.018329633407331854
18 0.64 6.5035 205.97242215156237 3.1272907875173104 17.0 0.007169856602867943
18 0.64 7.5025 204.859666406675 2.7838476563818855 17.0 0.0028199436011279774
18 0.64 8.5015 204.56246715066212 2.6921194909443535 17.0 0.002129957400851983
18 0.64 9.5005 203.9763520729718 2.5112197756046024 17.0 7.199856002879943E-4
18 0.7 0.01 237.63550128997377 8.482287020926046 12.07694846103078 0.996610067798644
18 0.82 0.5095 264.81113577727274 8.299260681452964 11.879132417351652 0.881352372952541
18 0.82 1.5085 263.9669898601933 7.885858949487694 11.45365092698146 0.6576468470630588
18 0.82 2.5075 263.2906179876493 7.5279461077444125 11.086728265434692 0.47105057898842023
18 0.82 3.5065 262.7280386392495 7.22357219522274 10.78637427251455 0.3235435291294174
18 0.82 4.5055 262.23748065041605 6.946011079778487 10.487580248395032 0.21686566268674626
18 0.82 5.5045 261.863902921967 6.7293320800250305 10.4340013199736 0.1501469970600588
18 0.82 6.5035 261.5090088198394 6.524049519009722 10.177116457670847 0.1011879762404752
18 0.82 7.5025 261.1940739185315 6.334686639600547 10.00059998800024 0.06200875982480351
18 0.82 8.5015 260.93791324174543 6.18014639707212 9.736995260094798 0.04382912341753165
18 0.82 9.5005 260.7457682846137 6.063482063691542 9.706185876282474 0.030209395812083758
18 1.06 1.009 319.6696220075633 8.908951820963042 12.470780584388311 0.872232555348893
18 1.06 2.008 319.4453212935747 9.156316873661417 12.68602627947441 0.8228235435291295
18 1.06 3.007 319.29473990520245 9.3924188182887 12.929861402771945 0.7849043019139618
18 1.06 4.006 319.17415671686194 9.606887862240177 13.114387712245755 0.743595128097438
18 1.06 5.005 319.03955660886515 9.85320293593846 13.32747345053099 0.7016559668806623
18 1.06 6.004 318.92769844603225 10.060112131087662 13.495140097198057 0.6601067978640427
18 1.06 8.002 318.6695668086647 10.537839243213304 13.922601547969041 0.5724185516289674
18 1.06 9.001 318.54782084358277 10.763294734104047 14.12479750404992 0.5310493790124198
18 1.12 0.01 334.30187436251987 8.530292727478585 12.111897762044759 0.996760064798704
18 1.18 0.5095 346.7361504769908 8.980070398591348 12.528979420411591 0.872352552948941
18 1.18 1.5085 345.3881232375345 9.696876062476177 13.195446091078178 0.7300653986920261
18 1.18 2.5075 344.2573990520172 10.385195629418599 13.794384112317754 0.6006179876402472
18 1.18 3.5065 343.16157616847767 11.060755451557041 14.355822883542329 0.4752804943901122
18 1.18 4.5055 342.03728085438775 11.754764904701418 14.888612227755445 0.35384292314153715
18 1.18 5.5045 340.9977584448289 12.396445404425533 15.370852582948341 0.25919481610367795
18 1.18 6.5035 340.0546295074057 12.978623760858754 15.766664666706665 0.18803623927521448
18 1.18 7.5025 339.2427125457492 13.479807070525398 16.079258414831703 0.13208735825283494
18 1.18 8.5015 338.39960580788096 14.000243328466631 16.42407151856963 0.08912821743565129
18 1.18 9.5005 337.81164936702237 14.36317940307845 16.59269814603708 0.05984880302393952
18 1.24 1.009 358.78457070856405 9.580885048963326 13.058558828823424 0.753944921101578
18 1.24 2.008 356.65349973001395 10.55023566195154 13.93130137397252 0.5702285954280915
18 1.24 3.007 354.65932081359307 11.472553882255545 14.709455810883782 0.40283194336113276
18 1.24 4.006 352.81025979477783 12.32858342833106 15.325703485930282 0.27086458270834585
18 1.24 5.005 351.22711225775413 13.061522102891354 15.84712305753885 0.17774644507109857
18 1.24 6.004 349.73913961722576 13.750398325366126 16.26255474890502 0.10799784004319914
18 1.24 8.002 347.3748077038337 14.844996433403544 16.82663346733065 0.038489230215395694
18 1.24 9.001 346.39546889058954 15.298394032120113 16.92872142557149 0.019979600407991842
18 1.36 0.5095 385.91628007438294 9.370319260279716 12.886632267354653 0.8052438951220976
18 1.36 1.5085 381.2345401092103 10.780004399910407 14.113877722445551 0.5295494090118198
18 1.36 2.5075 376.9055066898478 12.115584354979738 15.185846283074339 0.30356392872142557
18 1.36 3.5065 373.42121557569044 13.190982847010202 15.902231955360893 0.1610067798644027
18 1.36 4.5055 370.1408675826603 14.203435931280843 16.508069838603227 0.07199856002879942
18 1.36 5.5045 367.8012239754906 14.925548155701943 16.847633047339052 0.03377932441351173
18 1.36 6.5035 365.8985720285154 15.512786410940636 16.96580068398632 0.01355972880542389
18 1.36 7.5025 364.79367852639183 15.853802923944635 16.997690046199075 0.006929861402771945
18 1.36 8.5015 363.1427695446485 16.36334273314579 17.0 0.0015899682006359872
18 1.36 9.5005 362.80169076621667 16.468613961060086 17.0 6.599868002639947E-4
18 1.42 1.009 395.52366832664273 10.320073598525754 13.746955060898783 0.6129477410451791
18 1.42 2.008 389.56965920683945 11.891692166156526 14.989170216595667 0.3344333113337733
18 1.42 3.007 384.59708945819926 13.207119190949687 15.948191036179276 0.15641687166256674
18 1.42 4.006 380.3067996639605 14.342116491002844 16.57787844243115 0.06386872262554749
18 1.42 5.005 377.35519529625714 15.122964207380155 16.916511669766603 0.025829483410331793
18 1.42 6.004 375.90037799251985 15.507836509937531 16.970870582588347 0.012749745005099898
18 1.42 8.002 372.8954262913419 16.302797277382485 17.0 0.0010799784004319913
18 1.42 9.001 372.159424611426 16.49750671654161 17.0 5.999880002399952E-4
18 1.54 0.5095 424.0184286314378 9.730175396489333 13.215455690886182 0.7313853722925542
18 1.54 1.5085 413.7790916181698 11.823270201262421 14.989320213595729 0.34358312833743326
18 1.54 2.5075 405.4669178616768 13.533555995546543 16.131757364852703 0.12734745305093897
18 1.54 3.5065 399.3547315053772 14.791207509182946 16.799934001319972 0.03974920501589968
18 1.54 4.5055 395.0540253194296 15.676126477473622 16.988870222595548 0.010289794204115918
18 1.54 5.5045 392.9325967480965 16.112634413976473 17.0 0.003239935201295974
18 1.54 6.5035 390.27335513299437 16.659803470608626 17.0 4.499910001799964E-4
18 1.54 7.5025 390.2347351053047 16.667749978355324 17.0 3.599928001439971E-4
18 1.54 8.5015 390.50066898670394 16.613031072718524 17.0 2.0999580008399833E-4
18 1.54 9.5005 389.160000000119 16.88888888888882 17.0 0.0
18 1.6 0.01 444.6860142797105 8.529009419811363 12.117177656446872 0.991930161396772
18 1.72 0.5095 461.09709245815935 10.071171909892104 13.511189776204477 0.6633167336653267
18 1.72 1.5085 443.98646427072464 12.70579255081545 15.567138657226856 0.21923561528769425
18 1.72 2.5075 431.9149841003058 14.568675293162052 16.68440631187376 0.0503989920201596
18 1.72 3.5065 423.4916061678644 15.868579295078607 16.99037019259615 0.007949841003179936
18 1.72 4.5055 420.52421431564665 16.32651013644893 17.0 0.0011999760004799903
18 1.72 5.5045 417.81798284018856 16.744138450590896 17.0 1.7999640007199856E-4
18 1.72 6.5035 417.48163436733563 16.796044079136667 17.0 5.999880002399952E-5
18 1.72 7.5025 416.16000000012093 17.0 17.0 0.0
18 1.72 8.5015 416.16000000012093 17.0 17.0 0.0
18 1.72 9.5005 416.16000000012093 17.0 17.0 0.0
18 1.9 1.009 483.3841063178805 12.100734651973866 15.156386872262555 0.30260394792104156
18 1.9 2.008 463.285570288596 14.582028359435565 16.736125277494452 0.04889902201955961
18 1.9 3.007 452.20150896975844 15.95043099138271 17.0 0.00500989980200396
18 1.9 4.006 447.0302213956884 16.588861556117624 17.0 5.099898002039959E-4
18 1.9 5.005 444.51705765871 16.899128684098535 17.0 2.999940001199976E-5
18 1.9 6.004 443.6999999997521 17.0 17.0 0.0
18 1.9 8.002 443.6999999997521 17.0 17.0 0.0
18 1.9 9.001 443.6999999997521 17.0 17.0 0.0
20 0.02 0.5095 78.27871422571619 7.197603047939067 11.091558168836624 0.5679186416271674
20 0.02 1.5085 48.753445731085364 4.050698986020306 7.429291414171717 0.13274734505309893
20 0.02 2.5075 39.04868002640066 2.907262854742785 6.141567168656627 0.038009239815203696
20 0.02 3.5065 35.36563868722616 2.4598308033838148 6.271014579708406 0.011759764804703907
20 0.02 4.5055 31.599278214437334 2.0394042119159685 7.069988600227996 4.1999160016799666E-4
20 0.02 5.5045 30.282162956751144 1.9817723645525858 8.505519889602208 1.1999760004799904E-4
20 0.02 6.5035 27.239999999992364 1.9000000000010122 16.0 0.0
20 0.02 7.5025 28.219999999980146 1.9000000000010122 13.849253014939702 0.0
20 0.02 8.5015 26.560000000021518 1.9000000000010122 18.0 0.0
20 0.02 9.5005 26.219999999980764 1.9000000000010122 19.0 0.0
20 0.2 1.009 130.76187076258387 6.62073558528837 10.45185096298074 0.45413091738165234
20 0.2 2.008 123.6411471770558 5.486893262134704 9.365572688546228 0.2374752504949901
20 0.2 3.007 105.24208915822267 3.5567858642827983 17.998560028799425 0.019349613007739845
20 0.2 4.006 96.127797444045 2.5159326813468303 18.99988000239995 8.999820003599928E-4
20 0.2 5.005 92.83921521565902 2.104901901961316 19.0 8.999820003599928E-5
20 0.2 6.004 92.57841243172152 2.07230155396822 19.0 0.0
20 0.2 8.002 91.2000000000351 1.9000000000010122 19.0 0.0
20 0.2 9.001 91.2000000000351 1.9000000000010122 19.0 0.0
20 0.38 0.01 203.53318533628894 9.504907901841971 13.424161516769665 0.99460010799784
20 0.5 0.5095 233.12194756104878 8.496496070078615 12.414531709365813 0.7900941981160376
20 0.5 1.5085 227.8620027599448 7.339719205615828 11.158096838063239 0.4594708105837883
20 0.5 2.5075 224.86411771764566 6.719355612887803 10.579138417231656 0.24443511129777404
20 0.5 3.5065 219.51819463610727 5.748701025979264 13.151106977860442 0.08498830023399533
20 0.5 4.5055 207.80782384352312 3.5599508009838496 18.98998020039599 0.009809803803923921
20 0.5 5.5045 204.69754604907902 2.9395092098158426 19.0 0.0027599448011039777
20 0.5 6.5035 203.33192836143277 2.666385672286416 19.0 0.0010499790004199917
20 0.5 7.5025 201.66481670366593 2.3329633407332597 19.0 2.3999520009599807E-4
20 0.5 8.5015 199.5 1.9000000000010122 19.0 0.0
20 0.5 9.5005 200.5134847303054 2.102696946060481 19.0 2.999940001199976E-5
20 0.56 0.01 254.82644627107646 9.48181136377278 13.404481910361794 0.995320093598128
20 0.68 1.009 285.9926993460092 8.461561768764652 12.329423411531769 0.6961060778784425
20 0.68 2.008 283.668797024068 7.732741345173148 11.600707985840284 0.42896142077158456
20 0.68 3.007 282.0391384172465 7.255576888462303 11.16559668806624 0.23480530389392212
20 0.68 4.006 280.78538669227163 6.902219955600969 10.558918821623568 0.11807763844723106
20 0.68 5.005 279.4525445491009 6.510823783524082 11.013439731205375 0.05474890502189956
20 0.68 6.004 271.5960292794101 4.123357532849321 18.99817003659927 0.023159536809263814
20 0.68 8.002 268.78887382249974 3.2465230695388683 19.0 0.005489890202195956
20 0.68 9.001 267.6996412072073 2.9061378772424997 19.0 0.0024299514009719805
20 0.74 0.01 306.2337403251981 9.476576468470654 13.401271974560508 0.997570048599028
20 0.86 1.009 339.7760262794656 9.092011159776895 12.98695026099478 0.8075838483230335
20 0.86 2.008 339.13091438169647 8.695992080158382 12.537829243415132 0.6366772664546709
20 0.86 3.007 338.5893718125519 8.353716925661498 12.247165056698867 0.4897702045959081
20 0.86 4.006 338.1468764624684 8.061789764204649 11.92185156296874 0.36950260994780104
20 0.86 5.005 337.70245635089026 7.762848743025131 11.552588948221036 0.27206455870882584
20 0.86 6.004 337.35373612530134 7.5256674866502005 11.374692506149877 0.20408591828163436
20 0.86 8.002 336.8218905622056 7.155249895002065 11.000959980800385 0.10511789764204715
20 0.86 9.001 336.55544669109224 6.966904661906698 10.856272874542508 0.07718845623087538
20 0.92 0.01 357.6724905501642 9.51399172016569 13.396922061558769 0.998620027599448
20 0.98 0.5095 374.55709485811263 9.565986680266478 13.45380092398152 0.9473210535789284
20 0.98 1.5085 374.39114957702037 9.53607127857447 13.439161216775664 0.8932621347573049
20 0.98 2.5075 374.33536689267316 9.516901661966697 13.412611747765045 0.8585228295434091
20 0.98 3.5065 374.3054208915925 9.461984760304707 13.353152936941262 0.8326933461330773
20 0.98 4.5055 374.2755654886962 9.35460190796181 13.252894942101157 0.8029039419211615
20 0.98 5.5045 374.26853122937916 9.332513349732936 13.220495590088198 0.7877842443151137
20 0.98 6.5035 374.24650626987045 9.228562428751484 13.109827803443931 0.75532489350213
20 0.98 7.5025 374.2380614387684 9.188837223255435 13.058708825823484 0.7369652606947861
20 0.98 8.5015 374.22178796423304 9.108939821203633 13.001769964600708 0.7136857262854743
20 0.98 9.5005 374.2086398271919 9.042905141897245 12.92860142797144 0.6909761804763904
20 1.1 1.009 408.01063178736325 10.058666826663423 13.935021299574009 0.8661126777464451
20 1.1 2.008 407.5078418431629 10.504202915941702 14.329423411531769 0.7878442431151377
20 1.1 3.007 407.0682066358685 10.934301313973739 14.721605567888643 0.7138657226855463
20 1.1 4.006 406.5685666286674 11.431664366712653 15.172496550068999 0.6367972640547189
20 1.1 5.005 406.1386182276373 11.86141477170453 15.499040019199615 0.5554388912221756
20 1.1 6.004 405.74201415971993 12.257985840283073 15.860442791144177 0.4909701805963881
20 1.1 8.002 404.8396502069966 13.160349793004182 16.595788084238315 0.35411291774164516
20 1.1 9.001 404.4791414171682 13.520858582828378 16.848983020339592 0.30884382312353753
20 1.28 0.01 460.38419871603264 9.52153356932866 13.427041459170816 0.995710085798284
20 1.4 0.5095 490.08816823663443 10.496910061798783 14.331313373732526 0.8021839563208736
20 1.4 1.5085 482.74848503029756 12.312983740325175 15.927071458570829 0.48401031979360415
20 1.4 2.5075 476.1714765704684 13.957130857382925 17.152006959860802 0.250134997300054
20 1.4 3.5065 471.1032099358017 15.224197516049701 18.022439551208976 0.12137757244855103
20 1.4 4.5055 466.5924401511768 16.35188996220096 18.655756884862303 0.04763904721905562
20 1.4 5.5045 463.11382972339504 17.221542569147534 18.95008099838003 0.01733965320693586
20 1.4 6.5035 461.1073138536923 17.723171536568206 18.999490010199796 0.006749865002699946
20 1.4 7.5025 459.22752744942255 18.193118137636468 19.0 0.0018899622007559848
20 1.4 8.5015 458.9555168897707 18.261120777588197 19.0 0.0013799724005519889
20 1.4 9.5005 458.3641327173711 18.40896682066492 19.0 6.29987400251995E-4
20 1.46 0.01 511.74025859483766 9.520870582588413 13.443661126777464 0.993970120597588
20 1.58 1.009 529.7465890682787 12.181802363952773 15.805723885522289 0.5049799004019919
20 1.58 2.008 516.5490934181673 14.457052858942882 17.530689386212277 0.1896562068758625
20 1.58 3.007 506.448508429662 16.19853302933949 18.579348413031738 0.05258894822103558
20 1.58 4.006 499.86164396735325 17.33419931601413 18.95857082858343 0.012029759404811904
20 1.58 5.005 495.7543169136231 18.042359152816392 19.0 0.002999940001199976
20 1.58 6.004 493.04560868756096 18.509377812442743 19.0 6.599868002639947E-4
20 1.58 8.002 491.89599627992754 18.707586848259446 19.0 8.999820003599928E-5
20 1.58 9.001 490.1999999997049 19.0 19.0 0.0
20 1.64 0.01 562.9584916301598 9.539200215995699 13.442671146577068 0.992710145797084
20 1.76 1.009 570.2753848922977 12.963820723585506 16.444231115377693 0.38189236215275696
20 1.76 2.008 550.312776144478 15.590424191515972 18.267084658306835 0.09038819223615528
20 1.76 3.007 536.530725385475 17.40385192296187 18.965410691786165 0.013379732405351893
20 1.76 4.006 531.6702501949669 18.04338813223751 18.99913001739965 0.002609947801043979
20 1.76 5.005 528.2072046558237 18.499052018958242 19.0 3.599928001439971E-4
20 1.76 6.004 525.1600000001267 18.900000000011882 19.0 0.0
20 1.76 8.002 524.4000000001924 19.0 19.0 0.0
20 1.76 9.001 524.4000000001924 19.0 19.0 0.0
20 1.82 0.01 614.0606845863173 9.560457790844222 13.470360592788143 0.9905801883962321
20 1.88 0.5095 612.0913121737647 11.626993460130752 15.328703425931481 0.6028679426411472
20 1.88 1.5085 581.7985672286561 15.068344633107465 17.91435171296574 0.13493730125397493
20 1.88 2.5075 563.6933869322405 17.125751484970138 18.91945161096778 0.01877962440751185
20 1.88 3.5065 555.0543973119846 18.10745485090335 19.0 0.002279954400911982
20 1.88 4.5055 550.7844147118086 18.592680146390332 19.0 2.0999580008399833E-4
20 1.88 5.5045 547.5834787302902 18.956422871552714 19.0 0.0
20 1.88 6.5035 547.1999999996581 19.0 19.0 0.0
20 1.88 7.5025 547.1999999996581 19.0 19.0 0.0
20 1.88 8.5015 547.1999999996581 19.0 19.0 0.0
20 1.88 9.5005 547.1999999996581 19.0 19.0 0.0
20 1.94 1.009 608.0206395872189 13.742485150296957 17.027239455210896 0.2754844903101938
20 1.94 2.008 582.8851850963146 16.416469670607132 18.688936221275576 0.043349133017339656
20 1.94 3.007 567.8857076859027 18.012158756822323 19.0 0.003209935801283974
20 1.94 4.006 564.5877272454132 18.363007739843443 19.0 5.999880002399952E-4
20 1.94 5.005 559.5399999995235 18.900000000011882 19.0 0.0
20 1.94 6.004 558.5999999999106 19.0 19.0 0.0
20 1.94 7.003 559.5399999995235 18.900000000011882 19.0 0.0
20 1.94 8.002 558.5999999999106 19.0 19.0 0.0
20 1.94 9.001 558.5999999999106 19.0 19.0 0.0
20 2.0 1.009 620.0228295434091 13.997735045298993 17.21284574308514 0.24275514489710207
20 2.0 2.008 592.7604847903042 16.72395152096865 18.771434571308575 0.03146937061258775
20 2.0 3.007 580.1431871362573 17.98568128637342 19.0 0.003209935801283974
20 2.0 4.006 572.8022139557208 18.719778604428946 19.0 1.1999760004799904E-4
20 2.0 5.005 571.9712305753885 18.802876942461896 19.0 0.0
20 2.0 6.004 570.0 19.0 19.0 0.0
20 2.0 7.003 570.0 19.0 19.0 0.0
20 2.0 8.002 570.8007439851203 18.919925601495216 19.0 0.0
20 2.0 9.001 570.0 19.0 19.0 0.0
